0.7422857
0.16633885
0.12837492
0.12862466
0.11838785
0.12546627
0.101746224
0.10370046
0.085164964
0.06303981
0.05215676
0.058086183
0.07451245
0.09983821
0.09892593
0.9080904
0.056657035
0.0332853
0.043945923
0.038836524
0.13550529
0.8865869
0.8709621
0.8616931
0.09457464
0.069248386
0.029028237
0.031889755
0.88926363
0.87264925
0.9121329
0.9190378
0.9119395
0.9345968
0.041751098
0.022506012
0.019477248
0.019473558
0.020958584
0.022656124
0.024066461
0.0244274
0.024656137
0.029327938
0.043086197
0.06257092
0.07052252
0.08209428
0.090902686
0.10505613
0.11906806
0.43619004
0.5400558
0.751471
0.771286
0.4700907
0.40708175
0.40860835
0.5885661
0.42987275
0.35166058
0.27667257
0.34722808
0.38445035
0.45461795
0.49245867
0.45017377
0.28849113
0.2864811
0.32007825
0.39676845
0.5099728
0.74378407
0.81828576
0.78586787
0.81467503
0.78440726
0.7104495
0.4044562
0.2351129
0.26491544
0.25887895
0.19914733
0.20963456
0.26123756
0.48476642
0.43903697
0.41613227
0.65481347
0.33249307
0.28074914
0.23141183
0.25365975
0.34905076
0.56128305
0.76617545
0.8144113
0.6405543
0.4813078
0.4346546
0.4894228
0.3355619
0.419947
0.38158047
0.39771423
0.40718627
0.42810163
0.21844038
0.18709719
0.21459654
0.50000244
0.28471735
0.25753433
0.2782864
0.32328972
0.51426005
0.54516405
0.26613173
0.20163266
0.158813
0.16545874
0.1917652
0.67280024
0.7790881
0.14758404
0.09627289
0.08143954
0.062948555
0.05651079
0.072285675
0.14682128
0.8971906
0.91087466
0.108761735
0.083307
0.08505654
0.061127294
0.07660667
0.066521116
0.119164586
0.14462166
0.8355403
0.108487226
0.117855206
0.7256688
0.14531587
0.10938576
0.06875572
0.09293295
0.10985368
0.8190706
0.82301956
0.8522425
0.86387587
0.8586223
0.84282166
0.8354504
0.127669
0.10884829
0.11398997
0.74073035
0.61990374
0.13265422
0.1498493
0.5426563
0.16812098
0.2558073
0.8782011
0.9030622
0.9144717
0.26312092
0.123256646
0.07883694
0.081090264
0.09383692
0.12488394
0.16630049
0.13888064
0.6872124
0.70931095
0.59816617
0.5683354
0.5273326
0.4791539
0.4674038
0.6025142
0.10480277
0.08252162
0.08977825
0.7381316
0.85118
0.8733328
0.74906725
0.7924034
0.16607526
0.12727393
0.14616829
0.23422419
0.16605923
0.21953161
0.26318437
0.7427494
0.8450912
0.8749831
0.81861115
0.5808252
0.50377226
0.6014163
0.75325197
0.5061441
0.45592096
0.35149866
0.34156278
0.8307494
0.7994776
0.74740285
0.23801036
0.13396272
0.1839967
0.3581684
0.35932726
0.4018239
0.2833874
0.29965338
0.47731474
0.43220872
0.71563476
0.5440602
0.4552099
0.4177656
0.293622
0.30277288
0.2838326
0.5330161
0.46903354
0.26322144
0.26936588
0.23006092
0.44600055
0.356457
0.37924653
0.46861088
0.31763867
0.4442812
0.397089
0.2724466
0.22088781
0.19152325
0.27189863
0.29002917
0.26910758
0.21077293
0.3235276
0.63172716
0.7388919
0.62758124
0.32725364
0.17527989
0.2160152
0.18362255
0.44722986
0.319049
0.5269814
0.45297015
0.3195051
0.27852827
0.27865776
0.57638747
0.5983672
0.52193385
0.63933176
0.45162308
0.3848175
0.3345298
0.5653184
0.69519824
0.4294218
0.3174466
0.276181
0.273196
0.18412133
0.13706173
0.13238923
0.10996485
0.3031109
0.39779067
0.15902337
0.1654481
0.70464283
0.67133
0.5856237
0.7215546
0.33942905
0.2744749
0.22842866
0.81477886
0.13667278
0.101382926
0.0856792
0.14796014
0.78512895
0.8945633
0.92095286
0.9108175
0.86981213
0.73636645
0.28328338
0.24615169
0.2587349
0.7099358
0.82206357
0.13345648
0.14693157
0.20274816
0.10751451
0.07774023
0.8054591
0.82002634
0.88109875
0.81575304
0.071432084
0.043202255
0.09059318
0.1911507
0.24855453
0.8796572
0.8291215
0.25742337
0.22998126
0.31145662
0.7086951
0.8137328
0.73802197
0.84563416
0.7446849
0.51438665
0.3206672
0.7465391
0.1132991
0.080620065
0.04444596
0.059712477
0.058045447
0.90769994
0.9290324
0.91532147
0.92008334
0.09598055
0.034681257
0.06628984
0.051009823
0.05609567
0.6458244
0.2513442
0.25196818
0.797465
0.4236979
0.4340522
0.56390923
0.5369979
0.2557377
0.12539749
0.22669274
0.21183643
0.21077731
0.24254419
0.356938
0.73007786
0.69773364
0.825938
0.82182246
0.69157845
0.6656116
0.72668326
0.6468566
0.7419818
0.6727662
0.83788365
0.5628744
0.51203656
0.36662126
0.5816408
0.25119373
0.27994916
0.35075393
0.89619756
0.93193513
0.9373857
0.9062328
0.83230716
0.24536695
0.16744028
0.1291183
0.4611699
0.18967833
0.24289177
0.41874015
0.40858287
0.35368493
0.17211492
0.09806188
0.0637136
0.07590984
0.16770416
0.12123093
0.10061127
0.113401175
0.7631781
0.80788046
0.9076752
0.92566246
0.9071905
0.43672344
0.5406984
0.6239318
0.8876487
0.38273245
0.8803488
0.874306
0.85123986
0.8772877
0.8492593
0.88007075
0.8925844
0.2933549
0.20534621
0.24563555
0.3191343
0.912134
0.90073556
0.88202685
0.81464565
0.8350787
0.7986776
0.8262597
0.33720767
0.3143711
0.24825573
0.28419015
0.7603782
0.57853395
0.2844728
0.5183887
0.47751793
0.25099182
0.77376544
0.50353205
0.33096632
0.23488389
0.7516193
0.6110686
0.5853807
0.60139495
0.708022
0.2803659
0.20076023
0.31159082
0.7553309
0.49966672
0.7769504
0.70182115
0.32575452
0.39865828
0.6336795
0.43194196
0.37735105
0.26407787
0.35283068
0.35778868
0.5227923
0.4624291
0.5287404
0.6171379
0.760779
0.7487363
0.4292782
0.2600729
0.2150256
0.22465722
0.23966773
0.18474643
0.16367435
0.23637484
0.37088177
0.45390126
0.59173626
0.5947502
0.52023804
0.42135954
0.43422237
0.38597333
0.46116486
0.39314142
0.7166796
0.61859494
0.62150514
0.74629617
0.69733936
0.8722841
0.9362129
