0.8347857
0.70756274
0.7887648
0.7414267
0.66768336
0.6382413
0.74950546
0.76392996
0.75941616
0.77150106
0.7312391
0.6618728
0.763442
0.7741955
0.64065903
0.66908896
0.72377676
0.6794098
0.35393396
0.19720812
0.18521392
0.18964559
0.27780446
0.39475963
0.51217514
0.6985681
0.7581812
0.6706727
0.63330543
0.63543993
0.17686246
0.11974239
0.100326024
0.083339065
0.06401002
0.061305497
0.05615023
0.050739307
0.07304441
0.77737385
0.78973407
0.074047014
0.06414335
0.057534177
0.030731365
0.025500359
0.0335417
0.868815
0.9178095
0.93608344
0.92045
0.8897184
0.039248258
0.020110462
0.02203654
0.029455898
0.047831807
0.0679635
0.80204415
0.6629906
0.66704696
0.7690625
0.820385
0.8229424
0.8184776
0.07008639
0.04611428
0.058529824
0.049336985
0.046637394
0.06240433
0.08214668
0.08656768
0.11092652
0.6954451
0.74013793
0.49348068
0.4345826
0.42476386
0.46165925
0.2565601
0.19440816
0.15809765
0.19598967
0.2945327
0.26760945
0.7805221
0.6673993
0.67815685
0.67240363
0.07060468
0.05176487
0.044600766
0.034215182
0.027707769
0.026993634
0.04358715
0.8830733
0.93778837
0.9061525
0.84827614
0.04431119
0.04149776
0.045515127
0.052086346
0.03879143
0.03789417
0.05650499
0.7195856
0.816679
0.82897115
0.8039822
0.81274927
0.096553236
0.058821775
0.04605046
0.029022079
0.028137755
0.044265572
0.8534153
0.19789772
0.23434985
0.9562727
0.96449685
0.9006243
0.8837324
0.078312
0.038003825
0.050728053
0.035828214
0.03639134
0.054249767
0.08989768
0.10131848
0.83208895
0.08525508
0.06787764
0.09168104
0.10865781
0.1462683
0.2020593
0.8583051
0.83014226
0.80121714
0.80001885
0.6798386
0.7662147
0.80513227
0.8194477
0.83518726
0.8150758
0.74840516
0.6932918
0.6544149
0.6554957
0.6880749
0.66760767
0.6242706
0.5161488
0.29446542
0.72458214
0.23638274
0.22398712
0.25732762
0.27291188
0.38335475
0.7796737
0.19005974
0.09838129
0.06631998
0.07665268
0.10877958
0.06259997
0.07617879
0.09875778
0.7806823
0.32690877
0.24300845
0.14793451
0.7684493
0.86522406
0.10194237
0.07408377
0.1107792
0.7672381
0.7690722
0.085032076
0.056855805
0.07194134
0.8121698
0.09304932
0.09237369
0.056111883
0.060057417
0.1460849
0.92144674
0.064426444
0.027962616
0.020538935
0.018716946
0.018031431
0.017850503
0.018028699
0.018829333
0.019225549
0.031679887
0.9432918
0.91470265
0.98082316
0.9769151
0.9608364
0.9773596
0.96352845
0.9485107
0.9458043
0.034310903
0.019600065
0.0167316
0.01548236
0.0154118985
0.01729523
0.021585356
0.037527498
0.8778072
0.7544616
0.10318259
0.15886253
0.91648936
0.07186921
0.030565642
0.022864435
0.027410924
0.059456237
0.91729474
0.9371732
0.87873524
0.05516811
0.025549063
0.02088951
0.021384438
0.028373787
0.0517651
0.7884623
0.79117996
0.079600185
0.09096459
0.12929563
0.83316237
0.75572705
0.10166877
0.05468884
0.06718208
0.73185974
0.792223
0.11963869
0.09213494
0.09162749
0.099874124
0.123804756
0.12726778
0.10232737
0.09139037
0.08544951
0.09558109
0.56247115
0.2507048
0.6836802
0.6374872
0.53766066
0.56679976
0.54951364
0.4614666
0.51740015
0.5042541
0.4950103
0.25930887
0.27811027
0.20832495
0.23957944
0.21126148
0.15596268
0.13402484
0.16105914
0.41800746
0.5619931
0.6297043
0.68237114
0.6982234
0.6813628
0.5452782
0.18845817
0.17670873
0.16534726
0.16249298
0.16628087
0.17742561
0.7280911
0.13345855
0.12520263
0.1394614
0.6757801
0.13830657
0.12298791
0.64031225
0.09200615
0.058428865
0.06851085
0.14051615
0.8374847
0.87201107
0.8771669
0.83128655
0.90705395
0.85707587
0.8203
0.14773218
0.049546286
0.04334414
0.057030726
0.77879196
0.654705
0.1359611
0.1754438
0.86279446
0.8802496
0.1552715
0.15919738
0.17270939
0.77776533
0.10975684
0.10191003
0.10641343
0.12615411
0.27292785
0.46260267
0.87643605
0.65928036
0.6040043
0.60260934
0.116667494
0.08717471
0.06913846
0.061606176
0.03903321
0.03722965
0.08055645
0.74318284
0.9158726
0.9297025
0.82235646
0.8768993
0.7892931
0.05732369
0.0332246
0.023011314
0.019418731
0.02217674
0.049087502
0.06027232
0.8661762
0.05407906
0.02158038
0.014855258
0.013230669
0.01524603
0.03355366
0.041674986
0.03986013
0.96049887
0.9295863
0.978685
0.974534
0.9388141
0.92145365
0.040483512
0.034022428
0.06124683
0.86121637
0.03454602
0.019005278
0.01727862
0.018514866
0.01981351
0.022154246
0.026873302
0.034813754
0.03697539
0.036065985
0.038162448
0.037532955
0.03964823
0.04792635
0.04486874
0.04502337
0.066678174
0.09212112
0.13961342
0.8309704
0.7987803
0.6868786
0.58336484
0.19284494
0.14153504
0.12959576
0.14599039
0.17345716
0.24730852
0.16944373
0.5551867
0.22407036
0.5969635
0.5811636
0.11205836
0.08661656
0.091794685
0.1361383
0.28244624
0.90192366
0.105805345
0.072267786
0.10149437
0.6873854
0.73219675
0.7475021
0.70808816
0.7089507
0.84510535
0.1352111
0.07886803
0.08404665
0.66169566
0.6663709
0.18460193
0.24379548
0.1143156
0.09098964
0.108792216
0.70440435
0.66616327
0.38617378
0.8117229
0.2968128
0.13095452
0.1073369
0.118906885
0.6743211
0.14901055
0.15948455
0.17843038
0.78798354
0.90099114
0.92476416
0.8571104
0.31175575
0.20474616
0.16561124
0.6750574
0.08712958
0.055262122
0.070116624
0.10657703
0.64403445
0.64165574
0.62100244
0.6965498
0.78877455
0.26234695
0.23349491
0.25513163
0.21335368
0.21253504
0.16015287
0.14170237
0.11382163
0.13188194
0.21787453
0.38302454
0.3996812
0.7174897
0.64962465
0.233443
0.18838884
0.6513468
0.1698602
0.13489541
0.15143739
0.77333456
0.672623
0.66758174
0.110568255
0.051559467
0.055851232
0.12367696
0.21053946
0.92920506
0.23053034
0.05187754
0.033284273
0.03100514
0.035748318
0.072536774
0.107876174
0.89209163
0.7773743
0.06543337
0.042997327
0.0700423
0.91015756
0.88944495
0.91883755
0.8986676
0.066118345
0.043141842
0.059568133
0.8631857
0.07156198
0.030349659
0.029123684
0.07094124
0.7814086
0.084596656
0.04604913
0.042107277
0.11048152
0.14376931
0.07674535
0.059251968
0.16556819
0.79417473
0.88325703
0.73049134
0.10964869
0.09801878
0.1424568
0.7220632
0.18877758
0.26559114
0.7647733
0.75120294
0.79011816
0.33198282
0.26068595
0.21501373
0.20048702
0.22566716
0.68684644
0.7009528
0.17641924
0.098644294
0.07194419
0.07406879
0.090665966
0.17302458
0.3451647
0.8821964
0.7698068
0.7476432
0.7608086
0.8133481
0.73168147
0.6570733
0.6171075
0.5931127
0.7035355
0.85208005
0.8742438
0.82303303
0.29128978
0.14012365
0.101247385
0.13396129
0.20533523
0.7398071
0.27944964
0.24130256
0.4582732
0.43034723
0.1541498
0.10625106
0.08622045
0.08953193
0.37230563
0.87497675
0.893542
0.70362556
0.20281361
0.1430158
0.1426172
0.70862705
0.22663397
0.19686544
0.13478188
0.1090276
0.10355496
0.16782442
0.68541884
0.8420707
0.221862
0.16105515
0.6267765
0.111503094
0.065174535
0.06635046
0.09667114
0.38603985
0.91973454
0.1282424
0.05115666
0.042686604
0.05599838
0.73693156
0.13861065
0.17231913
0.125634
0.7675073
0.74410367
0.8125893
0.7453931
0.06022402
0.08205173
0.10736109
0.7331921
0.08497204
0.045983054
0.069077834
0.121145405
0.66874427
0.1799775
0.24292478
0.82290274
0.18902563
0.2039903
0.17821941
0.5617345
0.15162721
0.1448429
0.55484754
0.5231199
0.5426403
0.5119719
0.58893365
0.6112325
0.5816578
0.21166815
0.1554029
0.16795321
0.33018646
0.5301987
0.5304222
0.29095703
0.20944908
0.18423882
0.22396739
0.25146276
0.3506297
0.3402435
0.46289575
0.5389738
0.68906206
0.58637416
0.26712832
0.20335354
0.19760801
0.2032454
0.27282473
0.3629102
0.31243733
0.29275608
0.2981981
0.37487486
0.40313113
0.24433164
0.27983364
0.39704758
0.7660146
0.6755612
0.6354745
0.18412243
0.17068551
0.12612124
0.09076712
0.077604935
0.09859371
0.16087274
0.87432766
0.19162533
0.06746079
0.032080933
0.025254915
0.03954483
0.77462864
0.7762486
0.96892637
0.9725812
0.950822
0.8566023
0.03030759
0.021231556
0.02330003
0.030186146
0.12489229
0.9009936
0.80613774
0.7530294
0.058546264
0.057653263
0.040264305
0.060138755
0.10221962
0.16755715
0.2420092
0.821178
0.19607507
0.10232914
0.1250314
0.12617628
0.08034545
0.09638474
0.70442784
0.24009956
0.29285556
0.76688004
0.89390266
0.9030581
0.8275238
0.07946632
0.0492034
0.047770973
0.040189907
0.0650685
0.7667557
0.8964252
0.933191
0.87722856
0.9300512
0.93155944
0.9014192
0.8174315
0.8790249
0.19179255
0.124478996
0.08736504
0.08934604
0.09780334
0.6873698
0.6341062
0.58664864
0.5801601
0.55824435
0.30227688
0.38968554
0.84237736
0.151621
0.0930035
0.12592453
0.5695266
0.10622292
0.07696378
0.13569409
0.62917495
0.7727375
0.70841545
0.14705256
0.08373298
0.072763905
0.06256827
0.065680444
0.09232291
0.16255061
0.2376811
0.8833143
0.8817663
0.84162885
0.8095011
0.7943511
0.8018869
0.3938716
0.38452676
0.36487928
0.8475733
0.8129294
0.34777084
0.37698513
0.65477246
0.1450846
0.14556831
0.21531561
0.76229733
0.8081462
0.7378964
0.66371375
0.58706015
0.5690122
0.52491665
0.5687309
0.62061524
0.068860084
0.060924962
0.09655391
0.2028858
0.8839534
0.8152434
0.1571512
0.076441005
0.0512949
0.040521417
0.04005182
0.054792706
0.1929878
0.8509366
0.8083567
0.09510919
0.05723578
0.07206329
0.8019715
0.07097479
0.043148585
0.035183616
0.048850834
0.09700831
0.14110693
0.91332936
0.8467172
0.1281743
0.10361974
0.8915388
0.8307724
0.9008616
0.8803625
0.100711346
0.09488162
0.83882606
0.05907745
0.03960093
0.028411807
0.03340981
0.06206303
0.05924343
0.049519077
0.061853975
0.115041204
0.8192965
0.89245886
0.78129834
0.16944438
0.10922961
0.114995375
0.73839813
0.22085066
0.6463917
0.6910305
0.8008256
0.6945835
0.1642945
0.15051344
0.23308788
0.82267195
0.9001337
0.8988939
0.32198143
0.13843368
0.08443565
0.10505776
0.119301006
0.12253723
0.20532027
0.67764777
0.20089951
0.14533572
0.14598271
0.65427727
0.3580725
0.6955433
0.70431435
0.70015144
0.6303026
0.61326015
0.57872057
0.64628655
0.67921805
0.6970062
0.6843247
0.6785606
0.35956362
0.6700818
0.21349068
0.17150736
0.19003056
0.6378465
0.6673545
0.7515505
0.21390767
0.1606791
0.1670538
0.619779
0.63251865
0.16908239
0.10746854
0.13865168
0.17002293
0.22246476
0.23185438
0.45107037
0.33939028
0.34131894
0.4292102
0.29703197
0.23084779
0.23751684
0.48271492
0.5376811
0.64467156
0.37451294
0.49611357
0.2744849
0.16921422
0.18276894
0.15417886
0.19568542
0.23587176
0.43919542
0.23316622
0.13363919
0.109886535
0.12362249
0.44151643
0.47985095
0.8186377
0.717791
0.7161344
0.7125661
0.68684566
0.65231836
0.63881063
0.5979823
0.6696276
0.22351693
0.17810734
0.13342221
0.122299075
0.20045069
0.29767603
0.22404544
0.16358276
0.115836
0.13498436
0.24649297
0.59764665
0.26360518
0.280913
0.3944156
0.25276452
0.2360717
0.373262
0.2965932
0.54233605
0.64349115
0.57920504
0.39936417
0.4279014
0.37507153
0.39079124
0.47220886
0.44228444
0.2598951
0.22830245
0.25078568
0.4583199
0.494817
0.33733356
0.28544924
0.40165362
0.38253057
0.48513174
0.363159
0.37416473
0.54280055
0.8113039
0.6130024
0.2445481
0.5135642
0.09631995
0.09890423
0.13604903
0.7684378
0.6878265
0.07803588
0.06334636
0.14879219
0.17806104
0.14492477
0.80472356
0.76051915
0.079030804
0.0648392
0.08979793
0.07256852
0.7858157
0.12700942
0.2635909
0.75688213
0.88316923
0.09208149
0.034329932
0.030771706
0.020812742
0.025408536
0.9506413
0.96016836
0.9791414
0.9786441
0.9653127
0.037534438
0.018840827
0.01645904
0.018870782
0.037860602
0.053575344
0.0838741
0.90634656
0.7660411
0.067071296
0.04820431
0.054764066
0.053635098
0.058749907
0.06244977
0.10262062
0.13535789
0.09607881
0.11217969
0.1344661
0.11103616
0.10832576
0.108514994
0.13335118
0.72552484
0.73400164
0.7382854
0.6997307
0.19784662
0.6846266
0.19793193
0.06676243
0.056662098
0.089155175
0.16126269
0.8284286
0.17721637
0.19634202
0.22420344
0.26390368
0.8173886
0.44290745
0.6285432
0.21641345
0.76680976
0.8005854
0.8535114
0.21064496
0.115990035
0.11360148
0.07247412
0.07660369
0.8603464
0.8716318
0.8958256
0.8975918
0.091625646
0.05550111
0.05521417
0.094872676
0.16891137
0.86999404
0.8805753
0.8300937
0.74258745
0.3560728
0.77818984
0.49740535
0.90171075
0.38338423
0.32794273
0.20469953
0.16651678
0.7768554
0.12528895
0.06992802
0.06991449
0.08046549
0.084865734
0.100864135
0.79616064
0.8221511
0.29033858
0.17675112
0.16436441
0.16866562
0.16092078
0.21576956
0.8468785
0.86955124
0.85081434
0.7555377
0.8395624
0.8156583
0.7145044
0.81633216
0.7987864
0.8277665
0.7860449
0.7597978
0.7114359
0.8359336
0.82004607
0.71621174
0.6715458
0.77873427
0.874974
0.87810206
0.8042945
0.79617494
0.34628057
0.31445298
0.34189048
0.72197276
0.68335325
0.6619749
0.4213866
0.64368874
0.6437764
0.30770475
0.24450491
0.25976214
0.3077216
0.31624746
0.39069808
0.9057074
0.91006845
0.8810928
