0.8328767
0.72306347
0.8180357
0.83657706
0.75986487
0.7548779
0.7138621
0.57964915
0.6382448
0.6742314
0.69954133
0.7101796
0.70639503
0.69049966
0.67163414
0.44644994
0.22431307
0.28113115
0.4053536
0.519256
0.7329953
0.56752384
0.46996412
0.1447123
0.13512872
0.19158569
0.6359658
0.70459926
0.83742845
0.689682
0.10199022
0.08274407
0.053061068
0.03288542
0.02951113
0.038457878
0.03408226
0.024985105
0.030018048
0.052878633
0.8878587
0.8446169
0.9178617
0.9712521
0.96865225
0.91315955
0.087982
0.02486771
0.019962745
0.027479265
0.023373736
0.021462051
0.024076292
0.04267331
0.081371196
0.114791386
0.89032835
0.77668124
0.7189935
0.6757993
0.6473183
0.15486252
0.11891093
0.13004078
0.55382097
0.55799073
0.6291789
0.698129
0.64662606
0.77314836
0.7839407
0.66143835
0.7726037
0.728941
0.77717
0.6880511
0.6591153
0.73236185
0.23022568
0.13138014
0.10790596
0.100418255
0.08445757
0.06866533
0.06878157
0.084341854
0.11744133
0.8582836
0.8296681
0.8542437
0.9121403
0.9254402
0.9217975
0.16930425
0.09819141
0.050686795
0.050847236
0.76395917
0.7428872
0.8000539
0.9060863
0.88621235
0.8842778
0.9326321
0.90869474
0.893197
0.08478323
0.07112919
0.11206097
0.1756168
0.84798366
0.88349915
0.80745965
0.86742693
0.7232617
0.70912164
0.08837469
0.15990472
0.08749818
0.07082062
0.12869984
0.11725347
0.10295218
0.08267667
0.21983987
0.6955951
0.16166821
0.16779354
0.24084824
0.32283434
0.8702068
0.87428975
0.17825891
0.08863806
0.09566862
0.128389
0.07280564
0.039946437
0.034977425
0.0385186
0.104628496
0.69343823
0.96256405
0.9563666
0.8662075
0.76729655
0.7282481
0.049986742
0.029239623
0.026377056
0.034758586
0.080453254
0.771147
0.21791534
0.16856684
0.14811747
0.19095396
0.6758884
0.6350761
0.5129277
0.65182275
0.6895392
0.7042439
0.70256555
0.7352265
0.7386004
0.7883569
0.77976114
0.7474194
0.6745136
0.59667695
0.16092664
0.1897971
0.2694299
0.66441756
0.31888276
0.6512768
0.27203414
0.21702825
0.20967536
0.7864313
0.7035053
0.6818194
0.623891
0.21348625
0.16765712
0.2431162
0.6712173
0.39311123
0.68656135
0.20652272
0.16300316
0.22435243
0.6717305
0.69589573
0.67445886
0.6173898
0.5561232
0.4689558
0.18008299
0.15875639
0.4950263
0.3483432
0.48811817
0.58619446
0.6310825
0.8209477
0.72887987
0.619661
0.3280338
0.29589194
0.278633
0.25730294
0.65500057
0.29779992
0.24958682
0.17215043
0.22507145
0.27689597
0.34137708
0.22528718
0.1764308
0.14423954
0.13110816
0.2024262
0.21942525
0.16597608
0.14286765
0.7148108
0.5803419
0.6657688
0.68305075
0.71521485
0.16123733
0.18428129
0.2701817
0.34026673
0.78497493
0.2929023
0.24897727
0.19938192
0.5146474
0.5486008
0.7083749
0.6599946
0.7740396
0.71782184
0.522535
0.3909569
0.3914628
0.1880669
0.18958858
0.21072055
0.18466769
0.1748241
0.17885037
0.18262455
0.20160086
0.27905267
0.80505186
0.8031597
0.21363889
0.12432445
0.21066874
0.29256272
0.53839004
0.48263
0.49049583
0.56091046
0.6436339
0.8346191
0.84976053
0.68770665
0.7589127
0.5847339
0.5171713
0.13749027
0.089576796
0.08080097
0.07571651
0.6796264
0.84206533
0.9153554
0.9081671
0.8843616
0.33737183
0.21560062
0.27871162
0.33281082
0.33422226
0.25660604
0.08444799
0.055961557
0.07598208
0.11274274
0.094186135
0.109660156
0.15294336
0.89506525
0.651236
0.08549921
0.075396426
0.8252559
0.91482824
0.11294784
0.07086788
0.110935844
0.119854994
0.09570784
0.88993627
0.8148919
0.85429484
0.053362727
0.030560113
0.029068593
0.036564734
0.09176322
0.8215385
0.09151016
0.09656866
0.88306075
0.23383324
0.13891228
0.05448167
0.039701965
0.04610705
0.08306009
0.8628616
0.8341263
0.08898351
0.07655567
0.09661651
0.113714
0.1206819
0.13583499
0.15000436
0.26236477
0.26105314
0.19400434
0.7570107
0.6655636
0.22527584
0.19386952
0.23336226
0.71342444
0.80328
0.80362207
0.8733343
0.86719674
0.7367505
0.68373
0.1290478
0.062935695
0.028393619
0.023502009
0.035058934
0.079605676
0.95270765
0.9759664
0.9678602
0.9281644
0.09236261
0.026401613
0.023515573
0.020925967
0.030579625
0.06902862
0.7372714
0.77108836
0.75567764
0.71575236
0.22081125
0.17953727
0.10242106
0.080230914
0.117215715
0.23532431
0.69964874
0.76356965
0.27078888
0.226697
0.27778363
0.20575075
0.22205672
0.28634793
0.16420612
0.4931845
0.5251113
0.5845092
0.6208966
0.6165041
0.5552097
0.5590616
0.59468377
0.60333467
0.1455291
0.14107412
0.18468654
0.13884565
0.12080483
0.13385013
0.22958057
0.8035347
0.8405872
0.8169339
0.7246694
0.26409736
0.19528817
0.19006775
0.22137676
0.36825934
0.336588
0.27498177
0.30979994
0.6228572
0.61805004
0.51493084
0.46441877
0.40298477
0.3707026
0.29754326
0.2474984
0.1840218
0.19401109
0.3073862
0.43495804
0.48447424
0.4265057
0.48737612
0.47251335
0.47922027
0.55346566
0.65025234
0.5944207
0.62007457
0.67069924
0.6840487
0.8028089
0.7603071
0.5779875
0.5280897
0.5536634
0.5809261
0.5866275
0.74424964
0.17953919
0.12677547
0.1060074
0.10600121
0.13920398
0.1334757
0.19411282
0.8998584
0.91682506
0.9218146
0.12780899
0.058457267
0.08742459
0.66844684
0.72312415
0.10325778
0.07517107
0.044439327
0.031831685
0.03152994
0.048906185
0.7906245
0.9198975
0.95628136
0.95188504
0.947952
0.9145352
0.78131056
0.81900364
0.85929
0.07156488
0.035375524
0.03108909
0.07260005
0.7603665
0.21197934
0.15013108
0.72507566
0.76111966
0.81341004
0.893074
0.8955238
0.10238446
0.06518836
0.040942255
0.058779854
0.05875928
0.0857987
0.13457581
0.12386178
0.1574067
0.18270916
0.39903644
0.5065448
0.3684305
0.5316464
0.5154382
0.5614225
0.7488801
0.77349514
0.735967
0.46928948
0.43327263
0.44123456
0.6222388
0.7624973
0.74515873
0.57761526
0.34805483
0.2657788
0.31971228
0.35461965
0.27046862
0.37715384
0.5911799
0.51553285
0.5611161
0.633147
0.77991307
0.7325974
0.4140083
0.2949256
0.1928711
0.2879646
0.41352248
0.56140053
0.52260166
0.26080233
0.1879123
0.2624859
0.5759844
0.7123034
0.29108182
0.3663914
0.33328083
0.4259596
0.84616905
0.9075489
0.8994906
0.88218063
0.25843778
0.06600734
0.072564386
0.0904259
0.16075099
0.22419739
0.9211504
0.93061733
0.9124628
0.82572454
0.87822336
0.8895536
0.17768995
0.09371934
0.059936866
0.03903043
0.047063224
0.0915298
0.7773401
0.8979642
0.91597307
0.88724935
0.7286076
0.14172816
0.14105502
0.15094487
0.1680636
0.46646976
0.4229995
0.35597223
0.31899375
0.35921103
0.46115604
0.27345312
0.23472191
0.35532466
0.4535414
0.72387123
0.7221159
0.7919891
0.81233984
0.79332715
0.6972689
0.6334764
0.583417
0.14772911
0.1346653
0.1641922
0.23823988
0.67426145
0.7040356
0.23309438
0.112430036
0.09355228
0.09838895
0.07020505
0.07719599
0.09800404
0.074990235
0.060225867
0.065163046
0.69995373
0.6769928
0.8070165
0.8923041
0.9096523
0.89236104
0.16516602
0.19562732
0.3959843
0.86971456
0.1273285
0.11353223
0.047242608
0.04241351
0.1028905
0.88030815
0.26606995
0.11973859
0.1769398
0.84660673
0.7799107
0.8576786
0.8616224
0.85534346
0.10366823
0.051539756
0.03758353
0.035410725
0.031827588
0.028878426
0.030693727
0.043325916
0.7849269
0.8276824
0.92636466
0.92440486
0.83174074
0.1205416
0.09644671
0.056701683
0.045673244
0.041516297
0.054881543
0.09072875
0.7566437
0.7091631
0.2327488
0.15944003
0.5892897
0.12572208
0.13954505
0.45087448
0.586918
0.61374795
0.78441405
0.8415215
0.83033687
0.73983353
0.65367585
0.26284933
0.31984892
0.291383
0.27740473
0.5360278
0.47083792
0.6350065
0.6970868
0.7709834
0.50000364
0.47758007
0.455615
0.7515575
0.789306
0.751212
0.7267714
0.7272539
0.71889204
0.67319053
0.6660435
0.6825334
0.679772
0.66702515
0.64252454
0.66315687
0.7384806
0.08570143
0.0670843
0.07134359
0.103467606
0.16674331
0.18705732
0.16920805
0.14766401
0.08175928
0.088427335
0.8506337
0.9260832
0.947141
0.11419359
0.10934401
0.07061581
0.10361078
0.7849015
0.1343297
0.15902579
0.14470403
0.12126414
0.8070326
0.23542307
0.71267337
0.719041
0.8986539
0.9138804
0.8713454
0.6951385
0.30337557
0.786222
0.12339879
0.14515631
0.2199795
0.65735406
0.23351099
0.64280194
0.635121
0.09482521
0.04282748
0.059116226
0.10681443
0.8313274
0.90140545
0.909479
0.11550092
0.07628075
0.08115538
0.20196724
0.15562351
0.14022565
0.15793741
0.6007038
0.091808245
0.20644423
0.18358095
0.76320827
0.68487245
0.1670041
0.12195002
0.06131918
0.0636052
0.09051857
0.096788526
0.91874486
0.9410165
0.9502814
0.15987758
0.057044383
0.043038093
0.06702071
0.05505445
0.06501641
0.09675524
0.073945746
0.06537873
0.10528789
0.10812863
0.92043215
0.93964684
0.9301372
0.9271233
0.86322534
0.82602835
0.08251048
0.083914004
0.11411489
0.13457917
0.12076752
0.12439552
0.16157606
0.8511423
0.27551743
0.2151894
0.15980357
0.20614484
0.7172944
0.6259951
0.56404126
0.22451958
0.15731569
0.23794043
0.20648406
0.18684848
0.4549796
0.35687205
0.33287752
0.24870272
0.35176048
0.33629292
0.27826962
0.26473293
0.38719144
0.41342634
0.41512448
0.42049384
0.5320362
0.3697265
0.24836555
0.46840402
0.7228012
0.7097188
0.46360362
0.4682178
0.41281715
0.4582379
0.782223
0.7417344
0.5289349
0.26849395
0.21772917
0.34911913
0.62049395
0.40055513
0.3585805
0.45024806
0.2844184
0.19332054
0.29003116
0.26626858
0.29453403
0.30342013
0.26470682
0.23999147
0.3481367
0.45888567
0.43105876
0.7743932
0.812362
0.7667153
0.5835259
0.3744311
0.29805562
0.26739952
0.23975681
0.24825938
0.16597843
0.16302636
0.16242768
0.19387345
0.14756785
0.13253392
0.12755562
0.10756166
0.08257545
0.08752885
0.36479014
0.4682253
0.8931459
0.19041619
0.31151134
0.6157862
0.19354515
0.70679647
0.8507231
0.30808342
0.071932994
0.045140278
0.07365115
0.8575066
0.8989354
0.84712654
0.11047124
0.08373533
0.093459025
0.13605061
0.80966055
0.7393275
0.19713423
0.66250396
0.20692652
0.35023695
0.7860043
0.26530275
0.198381
0.15579996
0.11546205
0.09742881
0.14315547
0.23803198
0.17469174
0.12122491
0.23083743
0.21447124
0.23802993
0.54580694
0.5526463
0.5545594
0.47350073
0.36706826
0.38199034
0.43045384
0.3307555
0.30919737
0.2784052
0.47226375
0.28259945
0.2649465
0.26924357
0.22154723
0.19300552
0.24526118
0.54050833
0.6196854
0.74805
0.76646847
0.7129287
0.726298
0.83433795
0.8414407
0.79148716
0.21091801
0.1277931
0.12100824
0.41914096
0.16406275
0.3890251
0.54226273
0.8426495
0.70270354
0.6613924
0.10741622
0.06725741
0.27178732
0.2384704
0.2428897
0.36693034
0.9133449
0.8762839
0.7008634
0.675805
0.6800303
0.71964943
0.07686168
0.053492732
0.041850165
0.053321384
0.06616805
0.10622921
0.92824507
0.92723304
0.942412
0.2289863
0.15892953
0.13759084
0.13468723
0.10774838
0.06430337
0.081709825
0.8774621
0.83478075
0.870657
0.8694578
0.07989069
0.061710387
0.085267186
0.24354959
0.26311013
0.17732261
0.11430102
0.748503
0.7130191
0.8021294
0.1655308
0.21437591
0.8414002
0.34076437
0.23542175
0.23447713
0.16599065
0.62207633
0.6143314
0.6552571
0.22898856
0.23696493
0.16329701
0.1590613
0.20220016
0.29387838
0.84717137
0.7757404
0.57291144
0.4706189
0.23344912
0.26073655
0.33739075
0.6986644
0.2406618
0.18145853
0.18424715
0.4531441
0.51034653
0.6049935
0.79005617
0.800278
0.3017031
0.31366232
0.36514777
0.7954619
0.7181714
0.34098706
0.21166095
0.555492
0.52662957
0.55617094
0.54608923
0.5842557
0.66560245
0.84318584
0.8406891
0.3659586
0.4512391
0.56781846
0.50081646
0.19569133
0.14891945
0.18726915
0.33957604
0.36250183
0.41103715
0.52265793
0.6254429
0.8628836
0.9121568
0.9021067
0.82217777
0.58814687
0.39958522
0.33838677
0.30401608
0.19266488
0.20021915
0.20111668
0.42955056
0.6033026
0.6440616
0.6657682
0.71744674
0.2594
0.19988811
0.2626007
0.20230585
0.19294414
0.27927768
0.3412301
0.40360013
0.79988265
0.8562589
0.82802576
0.6981176
0.754727
0.694841
0.82398766
0.8460059
0.7679352
0.4919247
0.36372423
0.29811743
0.34088692
0.32731482
0.30478507
0.19935644
0.18891317
0.5272645
0.18403602
0.50021017
0.2630494
0.35041606
0.79253644
0.7715435
0.8545328
0.722457
0.63837165
0.13087732
0.096046105
0.12280154
0.4245645
0.14320754
0.15988755
0.51754063
0.523905
0.53359836
0.59107673
0.7034099
0.5762879
0.49609256
0.47818822
0.51215184
0.17696398
0.65987706
0.13709964
0.13294658
0.1090867
0.10512023
0.11612582
0.06903378
0.24133809
0.87197226
0.9214098
0.7877439
0.8154137
0.8650485
0.10195279
0.06844244
0.051430516
0.08425224
0.19748804
0.28796545
0.30662626
0.6115804
0.2712458
0.57822615
0.5824599
0.8056905
0.8147754
0.5750713
0.5160218
0.4882052
0.51235616
0.7017403
0.7026984
0.8667432
0.8916328
0.8821396
0.21154536
0.15315267
0.1794378
0.6654914
0.84725267
0.9370084
0.9413461
0.91878086
0.84864146
0.2753885
0.3748588
0.3836005
0.78468734
0.74318826
0.55783045
0.22541112
0.186818
0.22796367
0.39987266
0.28550473
0.25408393
0.43535954
0.25644585
0.20038804
0.16991192
0.2368461
0.31358954
0.71341246
0.6560189
0.6294218
0.70285225
0.5878186
0.51500547
0.3217374
0.40983984
0.26850846
0.42936298
0.40852582
0.38052243
0.33545068
0.2687484
0.26034036
0.4173889
0.32926384
0.33126962
0.81803024
0.8038877
0.6339696
0.6079617
0.101896584
0.06721615
0.11963164
0.13562466
0.10790176
0.16894396
0.6919225
0.11779097
0.08163813
0.06910602
0.7286834
0.68919986
0.76467437
0.9131015
0.90738726
0.77955425
0.7586446
0.7667885
0.8413448
0.8456709
0.123423114
0.07285882
0.099412285
0.6087729
0.2353204
0.27209547
0.22899412
0.16596118
0.10415467
0.14312972
0.62426966
0.39377707
0.2950254
0.28718948
0.21848948
0.14255552
0.1534426
0.2134571
0.6990655
0.6475675
0.6068509
0.6848191
0.7454774
0.7883071
0.80325943
0.8189856
0.7734953
0.7134842
0.6682376
0.6250114
0.15499194
0.15946649
0.11019911
0.11294064
0.12845221
0.16308506
0.2274454
0.72892374
0.76230896
0.82655096
0.8039764
0.7381903
0.60942745
0.64370203
0.64601946
0.37615246
0.7867088
0.6827107
0.09577429
0.07114151
0.060885273
0.06185873
0.07594879
0.74421304
0.7652154
0.88298476
0.85258305
0.925453
0.91260505
0.8195606
0.90425706
0.87948334
0.69625896
0.6501382
0.63254154
0.6536912
0.8772801
0.8989765
0.19146666
0.15166287
0.7415874
0.09403459
0.04948235
0.057678495
0.06683296
0.7228726
0.9331985
0.95131433
0.8578723
0.9323329
0.8335743
0.89498055
0.06293797
0.039901502
0.071036816
0.15408187
0.8775877
0.89671534
0.13940595
0.11504715
0.7872142
0.8466504
0.09389709
0.08690551
0.09502775
0.12570456
0.12889133
0.7818522
0.57224023
0.25176463
0.6742355
0.6757049
0.7117168
0.70735294
0.7197693
0.7774783
0.8561519
0.86442864
0.8998568
0.8765064
0.8141736
0.19832432
0.10275123
0.07653219
0.08634676
0.102611475
0.12725596
0.14175887
0.52506787
0.5510024
0.17867357
0.13922739
0.16091353
0.153613
0.13089435
0.5807423
0.4546146
0.45773724
0.53118503
0.5493087
0.5939732
0.65328395
0.6738878
0.2709961
0.14605646
0.09964667
0.08817298
0.11544849
0.62793064
0.6450489
0.66663796
0.72738093
0.5981937
0.117414
0.089976445
0.09991189
0.12247762
0.6639285
0.12006631
0.05688627
0.05086828
0.078379974
0.7699245
0.7712637
0.8446978
0.8719691
0.8256893
0.90717113
0.92521054
0.906297
0.86096036
0.8099464
0.78859514
0.7745207
0.7505417
0.14316426
0.087659225
0.08621586
0.112839215
0.59715027
0.13848603
0.11027016
0.13587832
0.47115254
0.8168321
0.67403024
0.16886635
0.119601786
0.25490054
0.5958702
0.25352252
0.4233245
0.43468222
0.74693596
0.8155691
0.6313097
0.60819894
0.13375658
0.09752783
0.11392937
0.57692814
0.19150342
0.20466015
0.12613621
0.5122779
0.39147288
0.40740234
0.44505304
0.41935605
0.3783802
0.39856464
0.44765577
0.38845637
0.48768756
0.23474479
0.5672599
0.19572805
0.3427073
0.46454552
0.45135885
0.23519985
0.54478896
0.41063634
0.7033972
0.23889896
0.6334309
0.25713933
0.27378806
0.51864004
0.50027084
0.54284155
0.5954277
0.82694626
0.52458245
0.5125626
0.59285796
0.14981191
0.16302402
0.71728796
0.62267023
0.61786187
0.19212355
0.161196
0.16669989
0.18255052
0.24374387
0.49994406
0.2683074
0.37896183
0.46242917
0.4106303
0.39077252
0.22720589
0.6567935
0.1035046
0.11083236
0.1203727
0.15118535
0.8364705
0.8058031
0.78759545
0.20012696
0.1891453
0.19041544
0.14763957
0.6746445
0.12822016
0.14054717
0.1814339
0.22052187
0.24763292
0.25070816
0.20694563
0.16078594
0.15997316
0.7805269
0.68008786
0.11364874
0.12113634
0.11371397
0.16960925
0.8118674
0.79595554
0.07787006
0.083295256
0.11552038
0.06839245
0.044763528
0.039758623
0.04211704
0.06399428
0.8296191
0.85151
0.95037764
0.93271923
0.8218994
0.12075528
0.11380106
0.768797
0.7794876
0.8919219
0.09960313
0.051067412
0.09044722
0.6736417
0.12862052
0.09720763
0.09671073
0.6680169
0.66981596
0.18386766
0.13907015
0.12328317
0.12753925
0.6572909
0.51509446
0.2334006
0.7252198
0.34783444
0.35837495
0.49020535
0.69546163
0.72303337
0.61333585
0.52297926
0.6689804
0.60742587
0.5340541
0.52840906
0.66525227
0.6392942
0.80233
0.85164034
0.8263705
0.7016066
0.62167186
0.55704534
0.56085217
0.6910736
0.32386974
0.20981638
0.13623624
0.11733805
0.16759484
0.23331793
0.37653083
0.8825874
0.83940715
0.3460021
0.6504405
0.10478104
0.06692974
0.09046497
0.09881445
0.11853124
0.19645536
0.20770714
0.21152537
0.8506883
0.2259015
0.22336926
0.605558
0.857943
0.8655687
0.7028817
0.68453074
0.7095534
0.8994731
0.89790475
0.9017414
0.109676525
0.04009449
0.03686601
0.08665892
0.7761515
0.9418213
0.9392823
0.12490202
0.041925468
0.034867447
0.06418128
0.8643415
0.80451035
0.9012047
0.8521912
0.9115087
0.87232214
0.86322224
0.9215494
0.09745432
0.06635168
0.08461877
0.054525062
0.042602006
0.045498632
0.06743285
0.914549
0.94146144
0.8506933
0.8178613
0.09301626
0.0905647
0.12738046
0.88091236
0.28653112
0.13279991
0.1315813
0.18399179
0.9042932
0.7951032
0.91686374
0.9243086
0.87591875
0.18254666
0.2104851
0.85629
0.9207454
0.93116105
0.8852771
0.1767268
0.17393743
0.7213117
0.6827711
0.6404956
0.80222327
0.85169756
0.8256334
0.9019826
0.9239166
0.9075343
0.83848614
0.7894807
0.739425
0.77091074
0.8712314
0.8752019
0.8258589
0.89052874
0.8554875
0.8967773
0.8490803
0.21842645
0.20318165
0.67102826
0.12162853
0.07514929
0.09525373
0.117785625
0.07501895
0.084781036
0.14176512
0.12035723
0.5479835
0.24350344
0.5791605
0.6879564
0.6343331
0.38743222
0.21155685
0.16423993
0.7400801
0.23675862
0.19943878
0.20122243
0.27628693
0.6761381
0.11778171
0.058271244
0.05041203
0.055074543
0.060876504
0.14841965
0.8737828
0.8098392
0.104391046
0.1028769
0.11349286
0.09370871
0.07946294
0.08850183
0.8613251
0.9312346
0.9569419
0.95080173
0.10502255
0.043979205
0.056264907
0.061190512
0.79662335
0.24644703
0.20060351
0.8593657
0.3555984
0.31452274
0.34159595
0.9083649
0.9026161
0.11162654
0.046784952
0.049997225
0.86116487
0.8895203
0.9206565
0.92928755
0.9333148
0.90870625
0.9330019
0.9161447
0.052431136
0.029328927
0.02580393
0.027208904
0.032103904
0.029890424
0.032863256
0.056200452
0.8335682
0.05523826
0.03597067
0.060952097
0.11974005
0.9240776
0.85662115
0.8658518
0.9273565
0.13515413
0.05527147
0.07817119
0.100781605
0.15113883
0.20192859
0.81263655
0.70815575
0.060979318
0.044915713
0.047240898
0.12105345
0.76307577
0.876977
0.7083249
0.10306212
0.051855393
0.04940637
0.16080889
0.32054994
0.93785393
0.93021774
0.81601125
0.18785766
0.08404307
0.048092835
0.05646108
0.10568782
0.8159985
0.86426467
0.77594614
0.8116452
0.80661416
0.79197854
0.81510484
0.84909683
0.7941443
0.9055342
0.90707207
0.85679924
0.8903249
0.86042315
0.8643817
0.87905675
0.8471358
0.8266583
0.8639242
0.1802199
0.10747573
0.10061301
0.15693325
0.20753177
0.84257287
0.21905725
0.13848685
0.11228689
0.09196316
0.16099855
0.55187345
0.22824551
0.21698684
0.56315
0.39810023
0.4177656
0.54076934
0.5321978
0.51494104
0.23595864
0.22064011
0.35977426
0.68615556
0.6252058
0.46880013
0.7765345
0.78392816
0.24723355
0.19347732
0.27918008
0.23596987
0.8642694
0.89111316
0.14836273
0.043396097
0.059352387
0.062610045
0.33048782
0.91528237
0.2525187
0.22660512
0.14846691
0.10215708
0.78928256
0.76818967
0.13141036
0.092345804
0.055599105
0.05365815
0.052626356
0.09565369
0.8989747
0.9413188
0.9649959
0.16872887
0.12516709
0.10825007
0.045844555
0.038793106
0.06425825
0.92615235
0.9068743
0.9133066
0.086706005
0.029652085
0.042517778
0.036413312
0.08356353
0.13628285
0.9230582
0.94672495
0.9632249
0.18133228
0.0831762
0.082284614
0.082957685
0.15856376
0.21687898
0.8743598
0.91566473
0.89892536
0.8128009
0.7989817
0.8555437
0.84528947
0.19039544
0.1773446
0.14425252
0.19150318
0.79472804
0.18781419
0.1287263
0.09155153
0.31558657
0.7005765
0.23500074
0.59215146
0.52222884
0.21405362
0.15412845
0.16175407
0.22087333
0.63866675
0.6214794
0.15868042
0.09449445
0.07103387
0.14137466
0.146105
0.14612122
0.18583737
0.8770722
0.94531924
0.9403452
0.74397665
0.13053006
0.1588872
0.1602844
0.08474028
0.0748126
0.103106216
0.6821394
0.7241592
0.7745079
0.84419554
0.6526126
0.55047846
0.251339
0.18652825
0.16323328
0.3443987
0.4938574
0.6721227
0.51147336
0.5282211
0.60584414
0.8259832
0.8337647
0.6340247
0.27957216
0.19598052
0.25362962
0.2952148
0.34679943
0.32995325
0.43596876
0.4782868
0.5793272
0.78091127
0.8201367
0.74262375
0.8658828
0.86970264
0.82555175
0.14543286
0.09944328
0.11049437
0.14714555
0.8431089
0.15509447
0.11555807
0.14344679
0.09416599
0.07248122
0.12071745
0.91183287
0.7613707
0.7694431
0.8443321
0.8942004
0.91839975
0.17318006
0.086654656
0.08850805
0.089385025
0.11180235
0.14807296
0.090542495
0.091807306
0.1500412
0.16920245
0.72857624
0.79852885
0.19920932
0.08336104
0.09104002
0.1766655
0.544874
0.32542542
0.22315523
0.16210534
0.17068441
0.6408021
0.6961372
0.823002
0.6836097
0.61507565
0.5536267
0.1580496
0.14757492
0.21047711
0.2446529
0.70330894
0.78071576
0.2437092
0.24711663
0.11082256
0.11140997
0.12639755
0.62619966
0.37269616
0.49347082
0.874558
0.82045
0.8647388
0.7307329
0.6086538
0.5097439
0.57241094
0.7272239
0.6841876
0.6779117
0.6943985
0.7085646
0.85806453
0.15954097
0.11193639
0.09183137
0.05583914
0.04860595
0.060755905
0.8041702
0.90987074
0.92886573
0.7349128
0.71918255
0.7720427
0.8046702
0.8130121
0.9178671
0.9549781
0.9519192
0.9188614
0.8834701
0.10095702
0.054178774
0.081674114
0.16440769
0.18183157
0.33432868
0.58942413
0.5419982
0.5989722
0.09878072
0.060494393
0.10645395
0.18908037
0.92387074
0.9554188
0.8980768
0.93303657
0.8898036
0.70114243
0.09614178
0.07260808
0.072204985
0.089659035
0.118691675
0.1608161
0.16962172
0.1815174
0.20227675
0.19729176
0.27737048
0.40921938
0.36977652
0.31293955
0.38740465
0.906345
0.9178428
0.9331934
