0.7205024
0.22687688
0.19273332
0.22433673
0.36388588
0.88478726
0.84889215
0.28662497
0.5948932
0.10790054
0.055385813
0.04398749
0.07320544
0.71282214
0.745703
0.78612304
0.8816873
0.78923625
0.7790725
0.78327084
0.78522104
0.07705102
0.074529886
0.08594954
0.042569198
0.042231876
0.08805893
0.15057112
0.20904227
0.15980698
0.14010121
0.13637422
0.10065066
0.085113764
0.09775363
0.7972314
0.27043602
0.2029815
0.6401176
0.1818455
0.0926173
0.08711693
0.107708134
0.70962656
0.13351451
0.077611156
0.063211836
0.04810202
0.045726392
0.044093493
0.032800097
0.029627668
0.040553186
0.086938836
0.15093282
0.9037249
0.90777177
0.86259127
0.8768927
0.0595197
0.044959523
0.04370482
0.03169045
0.039444722
0.039169587
0.10093077
0.92234206
0.87397194
0.90636444
0.88188106
0.86993253
0.84662795
0.83887154
0.8518526
0.9081865
0.8999126
0.8939015
0.07266554
0.0434997
0.038843084
0.041569065
0.04232113
0.042487096
0.046640303
0.058095288
0.0690857
0.065053
0.05448091
0.05371199
0.07133892
0.10327888
0.73734486
0.08786169
0.09642436
0.14526974
0.83746827
0.20878386
0.6641691
0.063385054
0.039695967
0.056164112
0.13058223
0.77339137
0.15186772
0.08449965
0.05043264
0.06734408
0.0999507
0.15623897
0.2847418
0.7848131
0.6985822
0.56960106
0.26664093
0.3323874
0.30361682
0.3238414
0.3848646
0.41357857
0.40572283
0.48375645
0.29810223
0.5228835
0.67676795
0.3749471
0.34007522
0.2432206
0.22761494
0.23459567
0.1626505
0.6443791
0.07399958
0.068337806
0.12286237
0.7157843
0.8626831
0.7914353
0.07835032
0.05039796
0.10508173
0.12140423
0.82490724
0.7847435
0.93452495
0.95622456
0.92944497
0.84533054
0.16664328
0.10349154
0.06557757
0.08109973
0.72663844
0.09958207
0.052990638
0.051028583
0.085446894
0.12100343
0.12459849
0.12437473
0.14657263
0.24064176
0.8630024
0.7245558
0.2694139
0.5564639
0.6416731
0.6494812
0.6425561
0.6614086
0.7021017
0.78524345
0.73899984
0.6102958
0.58051616
0.16618633
0.14181487
0.14369826
0.14484446
0.12768963
0.15053421
0.81472176
0.15779427
0.2010911
0.176294
0.16536458
0.15617071
0.09769755
0.072075166
0.08676561
0.8319991
0.06390963
0.035282556
0.03337184
0.062948205
0.899878
0.9523024
0.94810027
0.84693956
0.94368815
0.9258693
0.8196391
0.87870896
0.048587937
0.02730033
0.032245096
0.05595129
0.84768116
0.24064657
0.13006361
0.14620519
0.15783872
0.6983203
0.14752263
0.17105854
0.14946045
0.13460599
0.6911625
0.18353647
0.18584795
0.2013111
0.20892338
0.24185751
0.35270974
0.7121601
0.6775427
0.75555784
0.76850873
0.7013663
0.6709004
0.55284107
0.4402954
0.45478433
0.6485994
0.6955129
0.61609507
0.538048
0.26810318
0.26726788
0.22786066
0.18097414
0.21013999
0.21372373
0.20256327
0.32503095
0.37740925
0.2905819
0.38493028
0.4179595
0.43641365
0.6281924
0.2689116
0.18727085
0.20258233
0.28674674
0.4018655
0.32718834
0.23942749
0.27216583
0.3530459
0.30670735
0.3816793
0.7306639
0.6714006
0.59975815
0.4982613
0.45655078
0.36054412
0.30821085
0.3102221
0.37087843
0.4708454
0.5494138
0.59870666
0.8018636
0.8650857
0.85636234
0.72742414
0.8112886
0.30781722
0.1030565
0.0886881
0.09317361
0.118758366
0.12527521
0.11407472
0.15247975
0.20732819
0.9402689
0.944956
0.09850264
0.03909363
0.03921492
0.11883175
0.14939119
0.06551701
0.054495573
0.071312174
0.74029166
0.8087451
0.90371794
0.83689946
0.7549013
0.13905858
0.12979186
0.7382564
0.06479977
0.042685308
0.046181884
0.7026077
0.78368706
0.9545839
0.949186
0.8793761
0.86000675
0.06762962
0.043255936
0.056146998
0.76038605
0.05457545
0.03349462
0.03601752
0.05200796
0.105331786
0.8604424
0.15323457
0.115141995
0.14297618
0.5967541
0.08766677
0.16098529
0.6470837
0.6516338
0.10877907
0.115070544
0.11145166
0.12804237
0.16966496
0.8743816
0.10219482
0.08191453
0.089760445
0.09926195
0.065457925
0.05843432
0.80526084
0.8584647
0.90242857
0.8655255
0.925179
0.9273995
0.9244421
0.15270124
0.049546562
0.045096558
0.09467282
0.106992595
0.880444
0.14698285
0.1576058
0.1498464
0.1536167
0.8436124
0.8498788
0.852475
0.20532593
0.15822446
0.13476087
0.16019535
0.9112105
0.87898046
0.7416486
0.74087924
0.088795245
0.055807423
0.06468892
0.06754942
0.094331086
0.76741517
0.75282395
0.8320177
0.74945825
0.7519443
0.8115655
0.8849452
0.8728325
0.18385227
0.18198606
0.14829697
0.15122649
0.16080064
0.13423653
0.6591728
0.24776012
0.31754863
0.7175422
0.7624224
0.7445248
0.7022489
0.694134
0.67436314
0.64458346
0.5800283
0.23612733
0.2052958
0.17755197
0.17025909
0.19117951
0.28961053
0.68584985
0.79602444
0.78622913
0.6361708
0.5878971
0.6935826
0.64937824
0.6107915
0.544385
0.6091367
0.65358156
0.8349351
0.8691942
0.22657591
0.2352509
0.1601482
0.0967389
0.070189744
0.06467841
0.059918232
0.05568211
0.061435018
0.12624972
0.1090975
0.8766835
0.8573243
0.88735837
0.90549374
0.82291305
0.11414636
0.09994379
0.119744584
0.8141427
0.07758204
0.10031584
0.12604631
0.1080745
0.113752
0.13780959
0.14047761
0.15950225
0.76214474
0.79591995
0.6699875
0.5673791
0.41167375
0.10191007
0.1303169
0.17662755
0.24353674
0.17590566
0.27677464
0.22304446
0.25935185
0.18509825
0.13931458
0.17658591
0.49991813
0.357787
0.38964328
0.27230054
0.26764226
0.67023385
0.2764053
0.1977142
0.16954227
0.19376436
0.2797712
0.77734166
0.6491833
0.6248444
0.08306207
0.075480476
0.17980841
0.8567138
0.11176811
0.06918863
0.050086256
0.04182363
0.05317823
0.07933283
0.105979905
0.15880309
0.88184184
0.81613266
0.8071468
0.7508108
0.14791451
0.12538329
0.7339752
0.06308419
0.037374597
0.048541084
0.06730713
0.7005757
0.7472794
0.8834912
0.2759435
0.45594454
0.9117753
0.089520484
0.103221245
0.0842198
0.103063844
0.8306324
0.050413456
0.027036639
0.02782502
0.072655834
0.114556246
0.8764127
0.89729345
0.92549676
0.055606302
0.019878842
0.014652937
0.014123256
0.04586502
0.955354
0.97668546
0.97761667
0.96926546
0.95733446
0.9208567
0.058644135
0.025818795
0.02209808
0.023728328
0.028430657
0.045753065
0.035498444
0.031361103
0.029648554
0.030060172
0.043214418
0.058792777
0.054990146
0.07844094
0.90225494
0.05747274
0.049409468
0.038994417
0.025294883
0.03337144
0.05647305
0.84974754
0.8956839
0.80280954
0.13378906
0.11550001
0.7653568
0.7604891
0.06575388
0.03890602
0.07438131
0.06873546
0.059502397
0.04871993
0.081573345
0.06526268
0.043882694
0.07042381
0.065596774
0.10343504
0.11497402
0.12488071
0.16371237
0.2927473
0.4047903
0.34272757
0.11686786
0.06788548
0.08519676
0.3624367
0.76312625
0.2058925
0.28441682
0.11229659
0.063313276
0.04133005
0.05659585
0.76931846
0.7599115
0.76798254
0.7750694
0.10808525
0.053687766
0.037176717
0.092086345
0.13647722
0.6457157
0.25220895
0.62724
0.123735614
0.12185695
0.10767924
0.1294375
0.20357318
0.2775601
0.60469353
0.23447071
0.17029285
0.15986978
0.14700517
0.15953931
0.17044838
0.4991576
0.57883215
0.70500714
0.33560488
0.2346339
0.21071012
0.2005146
0.2586669
0.76610047
0.795851
0.80814654
0.8243271
0.7848604
0.7289168
0.7097399
0.7484226
0.6401073
0.16505697
0.12799802
0.121250905
0.16769885
0.817854
0.8476271
0.7760247
0.72808295
0.8271819
0.81199604
0.8869618
0.87171304
0.1264577
0.049945373
0.03910391
0.055724237
0.11479133
0.9132003
0.92831624
0.14267486
0.03832133
0.03149157
0.04051208
0.81838495
0.8670083
0.9346181
0.79434043
0.047523648
0.033246387
0.040743034
0.062126722
0.75763565
0.7350782
0.13483441
0.060680356
0.06120492
0.06480203
0.112336785
0.8703038
0.8012737
0.92045623
0.93444633
0.90621984
0.77629584
0.8526478
0.09292193
0.04330173
0.07380826
0.07694259
0.13394032
0.86541504
0.7410655
0.7339257
0.72780526
0.7256538
0.09465303
0.07519898
0.046265475
0.044601843
0.056631994
0.08984184
0.055791393
0.08408106
0.79874474
0.7789203
0.6896397
0.10827957
0.22522885
0.92303544
0.8847088
0.052444603
0.021738775
0.01589317
0.014112152
0.013724605
0.0147492625
0.019218728
0.062451795
0.9665577
0.9798809
0.9465255
0.92123365
0.034775235
0.01867888
0.0151252365
0.014893295
0.016867924
0.024343017
0.019475665
0.021552706
0.031370156
0.086051695
0.96342343
0.94736475
0.91298556
0.1028007
0.042938355
0.035779256
0.0563699
0.039484557
0.05455689
0.08486626
0.090542495
0.066881485
0.073675565
0.04536037
0.043302678
0.052631866
0.81102115
0.9175375
0.9631396
0.96148634
0.96104115
0.94952327
0.9018409
0.6968924
0.095382646
0.044740725
0.066549785
0.08562311
0.36276588
0.3626956
0.37666914
0.54788506
0.79286873
0.89289266
0.9000478
0.856222
0.7331576
0.66459394
0.6229142
0.69749504
0.1349495
0.076956786
0.07463177
0.116401866
0.2521538
0.88671505
0.90533483
0.16048756
0.09714069
0.079837345
0.071673855
0.06280858
0.061553113
0.7357515
0.6551773
0.66718394
0.70791054
0.7363254
0.7425158
0.6615552
0.21265067
0.7401068
0.24657589
0.18000664
0.13178445
0.120112695
0.08088086
0.07731872
0.123992205
0.09709925
0.087690175
0.13152987
0.74439234
0.6597311
0.20622501
0.19721219
0.20540741
0.24154158
0.29411313
0.2674881
0.27016175
0.35059306
0.73681694
0.7923292
0.70521486
0.64303434
0.7379606
0.67707103
0.094205715
0.09923082
0.13516144
0.27899724
0.77467626
0.11847429
0.052647986
0.04187343
0.053147193
0.107970014
0.14403257
0.22897074
0.9415767
0.9481387
0.91329974
0.7998196
0.7151459
0.054700263
0.03765837
0.06259023
0.8011978
0.90955526
0.8240925
0.7219812
0.062400684
0.068949245
0.08701074
0.8775533
0.78065336
0.7618736
0.08428693
0.052177615
0.060190145
0.069713704
0.05223212
0.052982446
0.17475753
0.84547734
0.14442421
0.083341844
0.07326732
0.099504344
0.8385636
0.5369131
0.45491663
0.20052087
0.09718491
0.078804135
0.6322766
0.10157045
0.060661927
0.044547256
0.041086473
0.7909077
0.775398
0.8727712
0.9195902
0.84274846
0.06986849
0.03360406
0.06852861
0.054810796
0.039163806
0.03775277
0.085789554
0.09669011
0.13237277
0.8035983
0.90506154
0.8920435
0.11962024
0.052178487
0.09150037
0.13306168
0.10399074
0.08041085
0.097562745
0.8644159
0.8433342
0.90040183
0.81339014
0.7367415
0.076136515
0.037081152
0.039634373
0.09187503
0.76960045
0.104227595
0.098035276
0.14914614
0.7708265
0.91582906
0.9131751
0.761136
0.06528181
0.039557137
0.038716685
0.05525585
0.11126833
0.07048434
0.068262964
0.102591
0.16647117
0.8866485
0.84187007
0.8382047
0.8381946
0.83766735
0.8215024
0.88886535
0.12817498
0.051011063
0.041541025
0.05833713
0.79552567
0.77007055
0.71250635
0.6746854
0.13161837
0.058605574
0.050277248
0.15783086
0.8740215
0.857568
0.9210787
0.9212889
0.22945535
0.084521875
0.053938676
0.11077095
0.81193376
0.8884291
0.61273944
0.7160016
0.0987803
0.14401604
0.7071785
0.26607943
0.10295434
0.099154405
0.6953742
0.098787695
0.10594529
0.10700101
0.8647932
0.9400233
0.95408386
0.9449042
0.23344705
0.08699614
0.100248516
0.82775337
0.17723665
0.14747885
0.19040577
0.6427548
0.14431565
0.14290203
0.5777993
0.24972153
0.7394865
0.82051146
0.39915475
0.15438291
0.09274077
0.13350417
0.5975015
0.63742876
0.8205885
0.81359226
0.2569739
0.108732454
0.11459952
0.22284871
0.20520224
0.30606964
0.248384
0.31594455
0.26333302
0.27730522
0.27372393
0.27456284
0.33928382
0.51372
0.47751197
0.272089
0.24305099
0.42347404
0.41814852
0.4739127
0.2414327
0.18533956
0.19408649
0.2725088
0.33223748
0.30730665
0.21176136
0.18184526
0.24814549
0.78761923
0.65470773
0.6689401
0.7441064
0.62393886
0.5850435
0.10220712
0.11239146
0.6263633
0.11186818
0.15417469
0.06859924
0.05302102
0.0652022
0.07989498
0.8390212
0.84776074
0.9298052
0.88121307
0.0472216
0.027728306
0.023929412
0.02300154
0.025719339
0.026430082
0.026514284
0.033326138
0.034632325
0.035113692
0.040014718
0.063444205
0.90657985
0.15805471
0.04720989
0.043800455
0.06359012
0.06952598
0.14940916
0.9734354
0.9631133
0.96635926
0.94061935
0.954832
0.08094934
0.026447369
0.025838448
0.020797357
0.023361625
0.049346175
0.8942903
0.05764541
0.040375523
0.02829399
0.025829682
0.038449045
0.8186381
0.7875294
0.79493403
0.7885474
0.057022445
0.032529227
0.03737062
0.044149574
0.033401422
0.043523513
0.058089636
0.8331254
0.88042015
0.79255885
0.13925564
0.12727316
0.0873719
0.08299865
0.64738345
0.21147075
0.21004125
0.65535414
0.63821906
0.17219704
0.14044723
0.1742875
0.63848263
0.22325575
0.3141221
0.27048635
0.17064016
0.16951407
0.7893344
0.33159214
0.28758085
0.40708792
0.80495846
0.20777047
0.15787044
0.5986202
0.22838861
0.29709268
0.82994115
0.8005991
0.880917
0.86491007
0.25993946
0.1881029
0.6033716
0.209586
0.24060374
0.73526376
0.29606834
0.35831535
0.4280614
0.76427907
0.21962585
0.1937788
0.18363327
0.21264118
0.20298801
0.15775484
0.61399513
0.677482
0.54748935
0.44726494
0.40674612
0.27755556
0.3100761
0.45001256
0.40358716
0.3873591
0.32267615
0.25522676
0.31618178
0.3796402
0.6089197
0.4041773
0.34554788
0.25546417
0.2394274
0.43936262
0.32970923
0.49999645
0.72765225
0.702788
0.42676297
0.16590998
0.22049336
0.16958843
0.3257567
0.31701377
0.36461073
0.6083007
0.4693652
0.4245575
0.42625335
0.4880289
0.42277807
0.24836843
0.14668144
0.59740716
0.3616636
0.469416
0.4938212
0.6191209
0.22104228
0.22130814
0.33438277
0.8793412
0.3058647
0.2883033
0.13852754
0.20670763
0.18491411
0.8008386
0.79143685
0.775062
0.15761793
0.10379233
0.12084784
0.20917094
0.39038286
0.84977025
0.6939613
0.22756022
0.15804605
0.17154425
0.23026372
0.2537087
0.24380016
0.58636254
0.17232805
0.17576021
0.3058205
0.6192771
0.2848175
0.25450385
0.22173992
0.1743597
0.20423444
0.18493839
0.21404216
0.6624435
0.5693675
0.6061366
0.6167839
0.57885647
0.35509983
0.23826507
0.20225728
0.24356249
0.30545923
0.2170221
0.2959659
0.33975834
0.6712579
0.15471818
0.14895962
0.10715257
0.08670435
0.13696627
0.22877915
0.9059817
0.9522411
0.9560711
0.95496494
0.23741435
0.15324047
0.09188112
0.1089993
0.106410556
0.122826174
0.79176974
0.5765711
0.6212416
0.5293021
