0.8298935
0.29230788
0.26994962
0.25300276
0.724762
0.31296316
0.26055658
0.20685507
0.25615188
0.8350026
0.21271725
0.16546175
0.10874692
0.06289007
0.039003566
0.037877094
0.07280455
0.91023153
0.88089186
0.90183085
0.9044536
0.90047014
0.8720928
0.8590667
0.9075448
0.096067615
0.035788126
0.022247816
0.02702788
0.04371651
0.08110657
0.18329553
0.8915604
0.6719945
0.11427863
0.09409967
0.19164222
0.8539408
0.21119384
0.1525013
0.045075435
0.028482888
0.021142056
0.020352595
0.023650028
0.044441357
0.89898473
0.9182034
0.9174122
0.87240034
0.8595907
0.04916236
0.023827711
0.018676594
0.01872781
0.022233881
0.03576584
0.051926088
0.073539555
0.083749
0.09583027
0.11799641
0.63076824
0.64107174
0.6023682
0.23501219
0.57047755
0.19561432
0.20550552
0.15974101
0.12093768
0.106571764
0.59879255
0.20392233
0.6781374
0.19705665
0.16521712
0.1484586
0.17462747
0.65411603
0.72113776
0.7752846
0.8086271
0.6584643
0.6567536
0.72343624
0.63940716
0.6565018
0.7742612
0.7152541
0.68283165
0.7217949
0.81612456
0.7783934
0.7185486
0.7734588
0.78432584
0.78167623
0.7828215
0.119674444
0.06893535
0.06760386
0.10451858
0.08012991
0.07638485
0.10095491
0.119813815
0.12654898
0.14020975
0.6367343
0.19002123
0.5504215
0.6735146
0.7011472
0.69053835
0.68940455
0.1072692
0.05873719
0.049795054
0.069038816
0.658268
0.33317444
0.46858603
0.86959577
0.7765029
0.8877617
0.073296346
0.048052955
0.08648758
0.095768094
0.76732653
0.8240618
0.91382176
0.9234724
0.08303409
0.052760504
0.06969056
0.12612541
0.8970639
0.9094869
0.8904124
0.21384856
0.11453477
0.103562355
0.106454775
0.10165511
0.110115595
0.7510329
0.6062268
0.47461173
0.4350964
0.49392265
0.5673299
0.6187408
0.7295975
0.60913277
0.57278776
0.45422018
0.11758156
0.23099622
0.7185629
0.8536123
0.16085403
0.0912507
0.060805894
0.0574556
0.048794717
0.052613176
0.06481163
0.83856887
0.09351892
0.050754316
0.049711525
0.08313333
0.8565821
0.08458097
0.035730373
0.027270043
0.033117976
0.052052703
0.88536084
0.12165536
0.08588678
0.90404236
0.87637746
0.9749819
0.9535695
0.9539178
0.040801052
0.026567884
0.01538796
0.014231776
0.014411701
0.016882403
0.041941512
0.87071145
0.064387895
0.024346272
0.020821402
0.04271895
0.9117041
0.92379713
0.9183421
0.9110002
0.061631024
0.03243303
0.0270577
0.024934033
0.029845396
0.04648654
0.10222919
0.8163332
0.89771223
0.2589254
0.16188379
0.65142435
0.6767498
0.7194133
0.7243883
0.7501389
0.772674
0.79179525
0.08312291
0.04891632
0.059890028
0.14055909
0.15338391
0.07720058
0.06707862
0.10414331
0.8811689
0.8671934
0.8804495
0.881083
0.8741293
0.8463603
0.80749685
0.68000585
0.062535025
0.06362843
0.108508065
0.79815465
0.21151042
0.14647494
0.088114284
0.0968658
0.1888374
0.70495224
0.6606897
0.08229217
0.088911034
0.15815116
0.31955892
0.3603877
0.3815718
0.8315035
0.35502943
0.20782982
0.74581844
0.7208669
0.76215655
0.7137484
0.33920562
0.33967575
0.77187276
0.24476805
0.15287574
0.12603769
0.12340435
0.12807152
0.13218413
0.5632062
0.5290274
0.5783888
0.614906
0.77398634
0.7492738
0.71101683
0.6673946
0.3490091
0.29187545
0.3110648
0.33760625
0.6118506
0.37974724
0.3672776
0.3467133
0.66657674
0.71473485
0.77352643
0.82114315
0.8889373
0.90709776
0.9383515
