0.7840164
0.36423916
0.34250334
0.46270907
0.5236171
0.5145958
0.55868906
0.45543438
0.55665016
0.7037856
0.7434985
0.611294
0.49110273
0.54840916
0.68483955
0.740424
0.6898373
0.61308914
0.5974472
0.6015654
0.6021523
0.5986447
0.5777446
0.32652193
0.37038174
0.38042477
0.3878165
0.37789562
0.31459084
0.21556918
0.28935316
0.46817017
0.40298718
0.35216966
0.23510027
0.29075485
0.4622046
0.26359862
0.29796842
0.27527297
0.24913892
0.18597788
0.18834418
0.1621454
0.19385932
0.22976106
0.29960287
0.5536659
0.57530934
0.6173313
0.7097074
0.37190074
0.34822857
0.74706995
0.18735251
0.11649374
0.0953121
0.09704346
0.5984025
0.6751272
0.8730091
0.89875233
0.1195324
0.045646325
0.03897758
0.038959604
0.040039692
0.048434023
0.09783891
0.85087246
0.11724582
0.08773752
0.7713737
0.15667604
0.20810519
0.8895542
0.8030138
0.9298651
0.9368325
0.9460185
0.9348114
0.88059306
0.7810813
0.054081734
0.030281449
0.030929476
0.07039324
0.9029253
0.88849545
0.78661716
0.06137132
0.03866015
0.046186965
0.06179712
0.041814115
0.038893808
0.06212978
0.82864004
0.8555195
0.9053243
0.8864176
0.1400114
0.110418215
0.09448414
0.1542715
0.72291887
0.1915484
0.22707209
0.6605741
0.57639515
0.65920347
0.21788836
0.18540071
0.24651746
0.31668696
0.7765481
0.76052284
0.6101458
0.5306025
0.6489092
0.53453904
0.51966083
0.5977806
0.45666924
0.40441373
0.2780993
0.2948505
0.40633765
0.24291915
0.18188709
0.19466895
0.22318164
0.45540202
0.5611506
0.7401412
0.31001788
0.18851992
0.16546583
0.12691386
0.11872281
0.103666246
0.08866632
0.13252085
0.7360705
0.85460657
0.69776684
0.68571645
0.7899765
0.6304435
0.11122143
0.08565801
0.08511551
0.21521448
0.61595964
0.73754096
0.4941404
0.4035261
0.24358098
0.19917126
0.19486533
0.31310806
0.6689446
0.54047585
0.3009016
0.24826302
0.18296203
0.15806529
0.24283361
0.61651593
0.29117146
0.23497939
0.2746532
0.54750204
0.769025
0.6021288
0.5386906
0.32573625
0.3045349
0.31732988
0.78589964
0.6826309
0.6247486
0.5730382
0.14836812
0.122551166
0.12522143
0.2003914
0.36208916
0.77035373
0.6034122
0.41975972
0.4443254
0.2751561
0.2542842
0.30213764
0.6204791
0.5171868
0.2526967
0.23355778
0.18212111
0.2195249
0.26227295
0.3031097
0.32291198
0.6900408
0.65519613
0.6589381
0.38129064
0.6392071
0.18323739
0.118974686
0.11161469
0.11226282
0.11298687
0.14647247
0.24461366
0.87265044
0.80831236
0.83433044
0.7233139
0.67749846
0.6676541
0.68295354
0.13358608
0.11878977
0.093198374
0.07519998
0.09465424
0.10333723
0.11707537
0.6794642
0.43023697
0.63973963
0.57157403
0.5923892
0.5792707
0.1754234
0.14492656
0.091321975
0.11466191
0.2817527
0.8122673
0.13765794
0.15955003
0.63386035
0.6669223
0.6629564
0.58359754
0.6685074
0.6265364
0.15395716
0.14978312
0.65496016
0.16884694
0.10089079
0.119581394
0.17058536
0.27413285
0.77529967
0.58504474
0.51529956
0.50431895
0.2785761
0.38081887
0.49611646
0.78039646
0.39062217
0.7636468
0.12080005
0.07560121
0.095499955
0.13867985
0.84469706
0.85685307
0.7912552
0.75671464
0.7653276
0.77902114
0.82317865
0.73832273
0.6954848
0.19234934
0.1847083
0.10448319
0.08878429
0.110207416
0.6442468
0.2811172
0.2705788
0.27879056
0.68007314
0.3225908
0.13447581
0.10316223
0.10140727
0.10552514
0.72546476
0.13799417
0.09357821
0.14524804
0.88200355
0.9378298
0.9318149
0.8749595
0.844145
0.8172158
0.78928167
0.78470886
0.101125896
0.056759287
0.048234586
0.06339564
0.10074085
0.1134787
0.17705469
0.27470472
0.7626941
0.76591265
0.72593766
0.70406723
0.70369434
0.7343737
0.6081282
0.31153554
0.30355048
0.19298811
0.15953329
0.17904109
0.3961337
0.36153105
0.67622614
0.5670781
0.64323735
0.4144654
0.17231923
0.26715535
0.2722916
0.25814864
0.29362425
0.37850308
0.5766329
0.6689693
0.22928989
0.16383702
0.19844773
0.24491736
0.5110411
0.24606991
0.63262886
0.58309406
0.68263525
0.76126504
0.64587563
0.57748014
0.25236678
0.4775085
0.14732628
0.14731775
0.23494731
0.33929294
0.7728387
0.71764696
0.80057436
0.719117
0.27539498
0.18050784
0.15728733
0.2031349
0.19800165
0.22142826
0.4374482
0.6609886
0.72636557
0.47987232
0.2767711
0.19959
0.16094735
0.2085802
0.4364335
0.32017612
0.23526303
0.34132883
0.2654933
0.24394755
0.21280389
0.2397643
0.20984732
0.26784983
0.3696229
0.45534775
0.748184
0.7181627
0.8126184
0.74004376
0.22253245
0.18101086
0.16546848
0.20186533
0.64708143
0.86094356
0.9319951
0.93995965
0.91049993
0.80835754
0.26583794
0.26108196
0.15769972
0.18407246
0.37865806
0.4811899
0.57384646
0.6729121
0.56415385
0.4546517
0.42623168
0.42480528
0.4335104
0.15008536
0.12289135
0.09416716
0.08922143
0.2123139
0.8547542
0.9231991
0.90856844
0.15507087
0.07893301
0.06652289
0.13850181
0.43021858
0.87842846
0.82509965
0.43915486
0.2270638
0.29606876
0.43254045
0.45653063
0.30909067
0.44898918
0.28904268
0.25867358
0.42652965
0.35043198
0.44051817
0.41404524
0.3271037
0.38624316
0.31087252
0.41372666
0.49900743
0.45860803
0.418542
0.44998768
0.39597535
0.4675645
0.55204713
0.67520094
0.6295678
0.6495251
0.46401682
0.38463196
0.3818169
0.5181365
0.28785425
0.2303794
0.21172152
0.2090483
0.22039446
0.26106435
0.359086
0.27627915
0.29072163
0.3863466
0.7034422
0.7362162
0.46544674
0.44586742
0.33770463
0.28732294
0.34402016
0.410717
0.46959004
0.63538015
0.41631648
0.4629159
0.5849636
0.8012995
0.802733
0.42662233
0.21923119
0.15549903
0.17641914
0.20090482
0.22471815
0.4289865
0.52771294
0.53698325
0.5918042
0.66398424
0.6632124
0.38033625
0.410447
0.35437933
0.2112065
0.1497858
0.17012395
0.22558112
0.22979969
0.27599207
0.28854734
0.45050952
0.5143908
0.5293292
0.5105174
0.5275891
0.23982514
0.2728904
0.27991816
0.2849486
0.5405339
0.6123184
0.7388208
0.7081416
0.5420775
0.4099583
0.22131494
0.23943284
0.28415993
0.30613628
0.3004575
0.67255753
0.75348365
0.2941873
0.30054772
0.23175423
0.14216164
0.13645057
0.5086915
0.20918456
0.5959933
0.2891497
0.2878697
0.44517517
0.83674115
0.7122985
0.6844325
0.07510171
0.059192948
0.038783785
0.028533576
0.028160168
0.08206096
0.9062822
0.8526993
0.95886153
0.961932
0.93329185
0.7835078
0.035931256
0.022450987
0.018456455
0.021163592
0.037401494
0.0891165
0.90079796
0.9027048
0.8993275
0.20291382
0.14289989
0.16493869
0.6370368
0.25661808
0.5888757
0.16315047
0.16045837
0.6237977
0.22043876
0.15846573
0.12601447
0.55803746
0.6263263
0.6709392
0.69586533
0.19898112
0.19074228
0.19857399
0.20048349
0.31212234
0.6885784
0.51693726
0.5656191
0.63669336
0.6024483
0.5767743
0.49039224
0.46977693
0.5189344
0.5504647
0.5877828
0.6157353
0.58784294
0.5598077
0.53142613
0.48963106
0.2927012
0.334002
0.4043158
0.6256675
0.52319694
0.30965683
0.25176126
0.3313956
0.64800787
0.3678385
0.26365608
0.21970586
0.22892341
0.3556852
0.7912035
0.74742436
0.8143176
0.6487862
0.11696379
0.095524736
0.11283514
0.16876286
0.17836307
0.14075561
0.7704389
0.8134747
0.15101303
0.14880118
0.3109617
0.8716097
0.8291987
0.8004498
0.75637573
0.7018417
0.600922
0.7100255
0.7988583
0.7460797
0.18684398
0.08175978
0.12778205
0.85169065
0.832509
0.87831104
0.79365176
0.13433479
0.12086768
0.1169488
0.105039194
0.11295462
0.16267878
0.64439315
0.20032063
0.09915869
0.07834779
0.11704992
0.654015
0.13013941
0.1038591
0.6296073
0.6643186
0.7734485
0.8728234
0.8228964
0.70219195
0.17839473
0.18210623
0.8042057
0.11218133
0.051664572
0.044112936
0.07383668
0.67361623
0.7674807
0.82718295
0.11855142
0.129359
0.1286756
0.15073355
0.23202248
0.7825236
0.5672996
0.5859027
0.71124184
0.60484076
0.60841435
0.7171775
0.25514936
0.3223229
0.35120574
0.3375391
0.26883045
0.2845325
0.21944734
0.83074445
0.812532
0.18948616
0.14794733
0.16358857
0.61026204
0.32721713
0.8011716
0.76657593
0.85516375
0.76456714
0.13535963
0.14657676
0.140082
0.13058266
0.067701496
0.053096518
0.06699253
0.82011235
0.8717371
0.8562933
0.91072845
0.89405054
0.7983717
0.8146173
0.8900732
0.9021316
0.8867349
0.16310316
0.05388821
0.04009184
0.053940166
0.0884065
0.16295794
0.91562146
0.11783874
0.117244236
0.093703814
0.0808646
0.12163744
0.88948363
0.86055356
0.88438505
0.8802989
0.8555633
0.8685516
0.89807135
0.18091314
0.08951608
0.072897434
0.05849181
0.10077919
0.8019994
0.13906442
0.12962411
0.11429899
0.09237181
0.11175804
0.087833144
0.15254197
0.1181307
0.082126446
0.30762392
0.36947897
0.21634732
0.18319555
0.621548
0.59369135
0.5485145
0.1992284
0.35872784
0.33632115
0.27689773
0.6909219
0.2597096
0.25545242
0.3557833
0.317792
0.29988852
0.24075814
0.1703096
0.14235704
0.1355422
0.370817
0.7245277
0.588615
0.3017463
0.21220669
0.16768804
0.25726107
0.25420102
0.30904934
0.34272137
0.47235203
0.4235043
0.46986216
0.25088775
0.22558375
0.2542883
0.54153216
0.7262047
0.7568539
0.8438937
0.8039429
0.61264414
0.5135335
0.6069401
0.25742802
0.22113077
0.25327182
0.5352188
0.65536183
0.58742064
0.58046097
0.70752066
0.76368433
0.6796437
0.7371601
0.7173434
0.5946294
0.55481726
0.54222745
0.54467225
0.62030786
0.73797894
0.691679
0.74456275
0.5767532
0.15416603
0.11473507
0.13714658
0.25054207
0.45770225
0.8582795
0.24902327
0.13742512
0.10540099
0.0873415
0.093001805
0.7322549
0.37390748
0.5044977
0.86634535
0.7030343
0.09133418
0.063585795
0.08717048
0.8484748
0.7787459
0.7914068
0.0828545
0.041347478
0.043122366
0.075022735
0.86640465
0.17594092
0.14203006
0.07434407
0.03845735
0.02952319
0.028581219
0.04680157
0.13453682
0.960389
0.9350465
0.967968
0.9659621
0.96015245
0.9222434
0.912144
0.86392826
0.8998802
0.09062176
0.027809361
0.020444417
0.019136094
0.020545801
0.025178812
0.041637328
0.09319256
0.8685967
0.08901778
0.035199907
0.034386855
0.095769264
0.8696235
0.8737286
0.8837738
0.080310225
0.032582868
0.030774282
0.047779206
0.10025122
0.7343029
0.0908571
0.07504334
0.109648265
0.1269237
0.2106357
0.6930427
0.16224465
0.11372252
0.08298847
0.074769996
0.11936218
0.42307046
0.45791903
0.6171359
0.4239347
0.39514837
0.52933407
0.5401572
0.40412745
0.43904063
0.29630807
0.31197152
0.64852816
0.50455195
0.46066463
0.4745371
0.33878344
0.56808007
0.19840083
0.14596775
0.116607524
0.13700217
0.62062514
0.6154092
0.6572494
0.6128305
0.0780233
0.0762777
0.083613105
0.17878214
0.6933967
0.6122821
0.86653984
0.5232196
0.24731532
0.13115765
0.10605111
0.11173725
0.09511875
0.12985778
0.83786005
0.7618194
0.8980178
0.9280424
0.9167428
0.8732137
0.6582345
0.114007756
0.094360165
0.63962334
0.22610788
0.09405563
0.1050896
0.7099469
0.7414191
0.7669618
0.77072
0.082740694
0.045553714
0.049317073
0.049283694
0.062485207
0.7375818
0.77563125
0.8592702
0.13224606
0.07555856
0.0705266
0.08425254
0.108787045
0.19820899
0.16614358
0.13621284
0.12320181
0.13156345
0.1691687
0.06417302
0.039915048
0.055049393
0.095837675
0.78052235
0.844324
0.90833664
0.8674751
0.82907426
0.20948613
0.07243331
0.052979365
0.05073078
0.058342736
0.07860689
0.088662565
0.10539729
0.6582974
0.5948238
0.5404699
0.53067064
0.13497502
0.13625051
0.20421445
0.28593388
0.68546206
0.76572734
0.7446661
0.7026039
0.6741883
0.68612546
0.6714985
0.6971632
0.347613
0.1539671
0.1221384
0.12762064
0.12538394
0.16367972
0.20190094
0.19592266
0.25198597
0.31000116
0.38002616
0.5124044
0.71153325
0.67319083
0.44859552
0.3435633
0.22664745
0.25177005
0.2671113
0.2888151
0.4431586
0.530731
0.64107764
0.43922582
0.26659867
0.24397609
0.35307404
0.3774726
0.36625493
0.39769918
0.45367765
0.49512017
0.4765882
0.35363397
0.4760424
0.50506365
0.5203276
0.48247778
0.3622324
0.3907707
0.3128186
0.22239469
0.2922257
0.45740387
0.7134034
0.73611236
0.4665682
0.36567423
0.23074736
0.2003721
0.3215475
0.23339434
0.31627274
0.391931
0.4431542
0.45894372
0.43548608
0.4421059
0.46409166
0.49396417
0.5796028
0.683426
0.6941057
0.6620478
0.6185106
0.63628006
0.4944336
0.46272278
0.44490927
0.4452558
0.4350594
0.59542906
0.35575974
0.3618261
0.41092217
0.5895383
0.6282469
0.67529726
0.35374406
0.2805543
0.23109025
0.5670872
0.20789629
0.16923046
0.12055229
0.09427792
0.06771568
0.07518481
0.7737356
0.81378335
0.81427735
0.8083282
0.8443304
0.18931156
0.1020963
0.09848756
0.113745324
0.10712142
0.7761265
0.09492121
0.04043842
0.040572345
0.0767338
0.7790276
0.9084251
0.89742047
0.9079947
0.9140863
0.91258496
0.13755165
0.039805245
0.029030299
0.055949286
0.7714213
0.83889866
0.09194629
0.07556425
0.09509405
0.08175423
0.14807303
0.79404557
0.7930476
0.7673886
0.104743086
0.08436004
0.11065877
0.1095116
0.09654014
0.0688314
0.065885626
0.19795494
0.31283638
0.27074862
0.19008388
0.22762555
0.14760232
0.09712986
0.084596135
0.70651513
0.69426775
0.7795203
0.70588684
0.6274272
0.6431249
0.5894542
0.19590625
0.18259068
0.77079695
0.13693884
0.06942419
0.0820023
0.6415801
0.85412836
0.8823525
0.7731181
0.8663284
0.8116019
0.7692984
0.7435677
0.7887362
0.1512257
0.112314135
0.13497293
0.822407
0.8285923
0.6806784
0.19260146
0.11455659
0.6395568
0.6191574
0.7036197
0.78409916
0.19957615
0.097271286
0.15823297
0.13119861
0.14427811
0.16401398
0.20362632
0.1671615
0.16674437
0.54592013
0.30712605
0.32834056
0.2413643
0.2848071
0.42148173
0.6744931
0.85144913
0.8749214
0.8004992
0.29328153
0.28597096
0.15419309
0.12471053
0.56283003
0.58244586
0.76411617
0.65606046
0.6125163
0.7681332
0.15785243
0.059961524
0.06854405
0.1729663
0.66685855
0.73358434
0.8835802
0.9262503
0.88879865
0.7278919
0.6719585
0.723436
0.18945064
0.15293282
0.11827256
0.09352186
0.58630383
0.49052083
0.53270996
0.22899792
0.19232123
0.28781086
0.20295481
0.3731642
0.42575243
0.8743501
0.14260231
0.050748937
0.0687693
0.13302842
0.86605215
0.16001698
0.15677631
0.14097562
0.087385766
0.08396497
0.11890054
0.17207684
0.9252339
0.9067343
0.8308109
0.80948406
0.79955345
0.8231117
0.048323076
0.037492555
0.031594653
0.03014909
0.029774664
0.029677862
0.035567943
0.043498233
0.07039795
0.8864012
0.15380521
0.16124691
0.89064664
0.89298546
0.90994036
0.88697857
0.8790278
0.15979539
0.13802887
0.81896
0.06848034
0.045016978
0.06393589
0.11570931
0.89012325
0.13047647
0.056527086
0.0568776
0.08350491
0.1023719
0.8770578
0.7672464
0.6947975
0.70558876
0.7572088
0.3161501
0.2733721
0.15933882
0.12917705
0.13581778
0.14778556
0.1562494
0.727361
0.21961649
0.16219576
0.122199334
0.108774975
0.68383497
0.2753428
0.22512735
0.22384511
0.24097516
0.30027798
0.2622136
0.7168136
0.76061684
0.69646215
0.7345666
0.66559106
0.1771786
0.13069753
0.1620001
0.26482108
0.344908
0.265849
0.21274902
0.17051777
0.18502352
0.5905298
0.5291361
0.45394784
0.4217541
0.43138835
0.49849784
0.5341504
0.43568933
0.5511882
0.54050875
0.5557108
0.4771641
0.22625668
0.18118507
0.45218173
0.28908765
0.33018595
0.43871582
0.32791787
0.42405114
0.4332634
0.47504592
0.29079488
0.25349933
0.40317863
0.4456853
0.47050652
0.4494531
0.41675276
0.43681842
0.59119695
0.36178052
0.3420892
0.33633065
0.2946847
0.31960568
0.34355867
0.45920613
0.41468248
0.3717125
0.38963786
0.48894334
0.47706622
0.36409637
0.41370857
0.30561915
0.27640733
0.26325592
0.25855544
0.4531118
0.19337767
0.1458184
0.12001906
0.1257895
0.20208982
0.16318126
0.19280392
0.1273672
0.12698196
0.2320062
0.62109697
0.53512865
0.5241932
0.5643616
0.63940346
0.78651226
0.3349897
0.39442173
0.8324759
0.21169141
0.2175121
0.16506848
0.149121
0.69322264
0.5856701
0.24340789
0.59895194
0.17605136
0.2227626
0.8226741
0.17224719
0.06738473
0.055374306
0.08454254
0.1285346
0.8499351
0.17036003
0.07890661
0.078049354
0.62438804
0.09200083
0.20107785
0.7904857
0.927928
0.9325669
0.078269996
0.0693943
0.10670878
0.13617808
0.8256981
0.85827285
0.123853415
0.082653746
0.088939205
0.09668018
0.14380221
0.95328397
0.9234932
0.9229422
0.92046386
0.9306255
0.10422819
0.06977269
0.045924783
0.045761216
0.09013307
0.86907417
0.07060498
0.037974585
0.03641727
0.055797897
0.79077643
0.10399361
0.15861547
0.88249856
0.05106303
0.035209376
0.042211954
0.04260953
0.06928786
0.0839049
0.7230285
0.15767513
0.22378646
0.57281935
0.119586974
0.18282177
0.7270559
0.2082946
0.61968255
0.62644106
0.18212233
0.16003644
0.12480665
0.11878963
0.64870805
0.27577177
0.20115578
0.6561378
0.7400554
0.27592257
0.3175024
0.28461006
0.20769447
0.32147908
0.7603002
0.7309591
0.8306155
0.23051937
0.13446788
0.1284784
0.09179078
0.12858348
0.7929753
0.82911634
0.8680699
0.8813925
0.8179263
0.6684677
0.6596166
0.68513435
0.10214919
0.084619634
0.08651824
0.13152987
0.20568892
0.19920354
0.21416274
0.25812978
0.3006901
0.3163133
0.7142039
0.5685286
0.51799273
0.469133
0.5269215
0.47732103
0.5705735
0.5835008
0.5881175
0.58626515
0.32971552
0.24937055
0.22975902
0.25220573
0.24269937
0.25142807
0.23574194
0.4282327
0.47903398
0.47823063
0.434752
0.25848335
0.24962898
0.29006484
0.454344
0.35736108
0.44801974
0.3231119
0.28158912
0.2788527
0.31464842
0.51538444
0.23136112
0.193104
0.1650799
0.15145807
0.1293996
0.14157279
0.19272383
0.7319532
0.43842655
0.35602918
0.7791757
0.8827525
0.85503095
0.8686029
0.7555227
0.68630034
0.16323923
0.13152635
0.16203071
0.21478485
0.18140998
0.22522855
0.49049187
0.73528045
0.29333657
0.27111626
0.47967094
0.24439156
0.30415606
0.6150551
0.78628826
0.7815629
0.42607066
0.3951221
0.6478416
0.60258013
0.6080356
0.6648103
0.5055294
0.4391276
0.37816426
0.42001712
0.28737947
0.2658683
0.41226947
0.29720485
0.25791705
0.41741276
0.27404323
0.21037154
0.26976505
0.39009723
0.49968642
0.48391187
0.4841449
0.5716656
0.52789956
0.31244716
0.25823832
0.35179287
0.3499613
0.3386125
0.3244546
0.31614134
0.3350354
0.2903525
0.3802816
0.47142875
0.76570874
0.8238364
0.74562436
0.6992002
0.5709911
0.27164847
0.27100194
0.22259878
0.25683925
0.20696259
0.1716947
0.22189766
0.30507058
0.51706743
0.5642311
0.74354565
0.6657721
0.71325785
0.33121297
0.18927488
0.17950885
0.23199238
0.20426768
0.4247388
0.71060354
0.6778455
0.8262846
0.8261125
0.72743756
0.8494232
0.8769871
0.87983745
0.86027867
0.69434935
0.6257192
0.38023958
0.27675715
0.26197386
0.52920306
0.62459683
0.8570615
0.90308887
