0.8553991
0.14598028
0.11795094
0.14454423
0.24602489
0.91852933
0.9342173
0.94281787
0.93540394
0.88619506
0.83259773
0.9086097
0.8911784
0.787371
0.87063986
0.72572106
0.12745635
0.13025664
0.7779486
0.1624726
0.05630564
0.042918753
0.042196788
0.051479213
0.07581821
0.8378227
0.7986394
0.85735863
0.072877266
0.04517017
0.04811118
0.14066617
0.94013643
0.91789335
0.2696147
0.8265355
0.050361797
0.036330327
0.042478584
0.07310013
0.87592155
0.2135908
0.16943587
0.18256457
0.2654816
0.9399342
0.94195855
0.24851896
0.053472605
0.045897044
0.89020395
0.9330709
0.956821
0.97293806
0.9577307
0.9369571
0.07820972
0.04853451
0.06350924
0.8662445
0.88221294
0.049491823
0.031599116
0.029339874
0.0356054
0.04177542
0.03769631
0.03978345
0.06361074
0.90887487
0.27171117
0.91318077
0.11410236
0.04141195
0.04115208
0.0909814
0.057098962
0.053566962
0.102207184
0.20140381
0.9318139
0.90187186
0.8379232
0.8410457
0.28023118
0.19389966
0.83284724
0.07494687
0.06401592
0.06597372
0.118620746
0.938844
0.9362783
0.94959086
0.90849787
0.9303786
0.09030487
0.0413961
0.030863743
0.029909514
0.0431915
0.12177902
0.94506246
0.9496038
0.93746036
0.9185148
0.21892062
0.068982586
0.05255919
0.09512055
0.83166707
0.7563733
0.79024327
0.87394345
0.91520274
0.2571523
0.12679948
0.15901104
0.8614543
0.93597925
0.93929744
0.9150884
0.12744449
0.09237331
0.13261609
0.79624045
0.8255614
0.755435
0.14847644
0.117440134
0.09955867
0.08691737
0.11967369
0.15709883
0.64563763
0.28763604
0.43513602
0.8767889
0.9149177
0.9024146
0.1501065
0.09963691
0.14885865
0.8132124
0.7439785
0.11563405
0.077728815
0.1038428
0.14509967
0.77939045
0.15778513
0.23280108
0.923831
0.9352863
0.90668267
0.17583154
0.09134511
0.6434515
0.15172285
0.22205839
0.17084783
0.17577043
0.62566596
0.6090545
0.17241414
0.1296928
0.11267348
0.57288855
0.2643528
0.2779292
0.31998834
0.4014642
0.8881836
0.89357704
0.7448926
0.71895814
0.06953875
0.048033662
0.06446653
0.06321341
0.059749395
0.0740732
0.84257495
0.8196348
0.84963983
0.82411456
0.84191054
0.08898329
0.072375186
0.10956176
0.05779258
0.049301766
0.06922591
0.8989745
0.8324257
0.95684266
0.95576596
0.9131353
