0.86932325
0.70631635
0.8124956
0.73203397
0.31462473
0.24789163
0.31528813
0.40164623
0.46664947
0.55690604
0.62211174
0.6826682
0.8156974
0.85401034
0.8252642
0.68007994
0.62139165
0.52942836
0.5920073
0.6356712
0.61827326
0.77596885
0.84476453
0.8537542
0.7807688
0.7219631
0.78291255
0.7324224
0.84718746
0.8679436
0.84922904
0.5402144
0.5968297
0.87039655
0.13583532
0.06365925
0.053686764
0.040945392
0.033406243
0.035364863
0.06313928
0.928686
0.88855803
0.8520006
0.85479
0.9267867
0.81748766
0.055700693
0.029081244
0.026654094
0.031234425
0.0396159
0.047299724
0.075857796
0.6546776
0.21138677
0.21017623
0.6140655
0.7933012
0.80721676
0.70209056
0.61651903
0.7120445
0.70084006
0.3038763
0.26312968
0.2841959
0.29195118
0.454031
0.49031365
0.5155271
0.36957783
0.46724123
0.5477255
0.5691012
0.573585
0.5796253
0.546973
0.5485875
0.2838287
0.43950704
0.29183015
0.21578683
0.18703182
0.20923744
0.2851501
0.6160029
0.63799626
0.2817597
0.22162095
0.20721379
0.11324933
0.076423034
0.0704227
0.14662361
0.7761298
0.9028072
0.9160181
0.11686635
0.054166652
0.03698382
0.047022916
0.68229717
0.13014029
0.14179593
0.18742557
0.8568811
0.090593785
0.09676256
0.14067388
0.9412936
0.9472646
0.87116146
0.8768472
0.111042656
0.035788897
0.04858558
0.0669193
0.081529565
0.060555805
0.051600352
0.05795616
0.12065042
0.09852113
0.73402154
0.7646939
0.8497562
0.12353658
0.06705476
0.056196403
0.6556531
0.7566335
0.8963924
0.9119007
0.7869068
0.054154776
0.051360965
0.10075374
0.11596438
0.08116886
0.09005994
0.047685105
0.043923624
0.07038389
0.17687862
0.9173122
0.945494
0.8983675
0.8707595
0.07578341
0.032514323
0.031265408
0.04629708
0.7283524
0.70170724
0.74462605
0.7608597
0.80495954
0.872379
0.14106709
0.095102936
0.07758125
0.082314655
0.09534576
0.13768528
0.8705429
0.7571545
0.16327369
0.08867711
0.058123484
0.037886914
0.038803596
0.08649098
0.9042691
0.9413073
0.9244954
0.8377994
0.8256448
0.86107606
0.71823263
0.08114712
0.04728014
0.04443429
0.124150366
0.15292116
0.2191074
0.74283713
0.6978356
0.66139036
0.8024564
0.7867221
0.60488963
0.60932773
0.61791414
0.664404
0.8048773
0.80409014
0.21369578
0.12630062
0.31925067
0.7920307
0.12792839
0.091214076
0.124712445
0.15406345
0.18580087
0.72315675
0.35567728
0.81266886
0.749104
0.7987501
0.691344
0.6958275
0.8188322
0.8347895
0.73108876
0.77987766
0.6853098
0.7102653
0.8165252
0.7923501
0.32964778
0.643127
0.33962986
0.21971491
0.19222736
0.20129158
0.18987788
0.5000679
0.19503875
0.25270855
0.19487894
0.46952015
0.36614314
0.41514912
0.5345146
0.6246866
0.5961821
0.45318475
0.22217949
0.15873171
0.16218461
0.20510209
0.25507268
0.3087217
0.51635754
0.45491937
0.50721955
0.5589875
0.53036165
0.420361
0.32242712
0.26154375
0.24553934
0.22216298
0.23092045
0.3035252
0.5214017
0.38281932
0.3501244
0.34630314
0.36878595
0.33855808
0.39357862
0.7552974
0.75689924
0.6465276
0.7707802
0.7452046
0.76400054
0.8802802
0.89319825
0.9001545
