0.80695087
0.6661826
0.7399542
0.22111481
0.17289126
0.19719131
0.2776107
0.24546303
0.2832334
0.47309786
0.4988139
0.83410144
0.8531838
0.72524273
0.43582192
0.3708106
0.44908345
0.38829255
0.7731594
0.64614934
0.75768214
0.6267258
0.6236008
0.7644706
0.20660451
0.16266738
0.20286098
0.28792545
0.32841635
0.45193377
0.3308917
0.40913066
0.57588446
0.5768313
0.81708115
0.7968581
0.45517492
0.41563272
0.785853
0.80109954
0.6886396
0.8231281
0.80136055
0.62719166
0.7469842
0.24548386
0.09107875
0.06042487
0.07420388
0.19098735
0.8581516
0.86869293
0.87731236
0.8656862
0.8162988
0.8091428
0.17169094
0.09957168
0.08423249
0.09806971
0.12566517
0.6198055
0.7161949
0.7691676
0.7869446
0.7176275
0.6754226
0.6971797
0.7631702
0.11257797
0.08798598
0.108772084
0.20856623
0.8222286
0.35307145
0.7685286
0.7997287
0.16913094
0.08795002
0.056211274
0.04524161
0.043793313
0.03180611
0.029390896
0.03373294
0.05970973
0.7554236
0.94106215
0.95757294
0.877056
0.8604689
0.8720406
0.95007765
0.9641227
0.95757174
0.9473082
0.09712342
0.031120349
0.021412693
0.023819739
0.03248872
0.075158
0.88986635
0.7639899
0.14091712
0.18442187
0.25918746
0.83399665
0.7290452
0.2326355
0.76297724
0.10789561
0.088440046
0.057228036
0.04320775
0.05311547
0.07988883
0.7471763
0.7390629
0.21183985
0.12792385
0.113682464
0.5854481
0.12782402
0.11976943
0.19839698
0.7625927
0.6633804
0.34153175
0.23280933
0.4984102
0.15736969
0.1264235
0.1259743
0.5650892
0.37671247
0.41070372
0.8595343
0.8662574
0.16394407
0.14512283
0.24534972
0.6315133
0.22193006
0.6760118
0.19657554
0.1705744
0.09171067
0.065667465
0.1040662
0.8178599
0.13387053
0.18067075
0.88585395
0.90904427
0.7973912
0.9223027
0.8549309
0.90654844
0.7530826
0.7361194
0.049757846
0.040373094
0.035087924
0.074176885
0.11273059
0.1345648
0.20495982
0.7286886
0.1875066
0.5659124
0.11035662
0.12026047
0.24560289
0.8568488
0.8798585
0.13272125
0.06402208
0.062167786
0.08715481
0.6479625
0.20273928
0.23677924
0.17606327
0.74499995
0.2004244
0.37823826
0.7902049
0.9122827
0.15591627
0.049390648
0.044971336
0.06778265
0.8451349
0.18160152
0.1812388
0.12075508
0.8344114
0.9235051
0.9288918
0.8309097
0.7170243
0.6872098
0.09995445
0.11233842
0.15633346
0.8194375
0.070964485
0.040752497
0.06740696
0.1308245
0.8249016
0.86178243
0.31581742
0.26745212
0.8263816
0.78968835
0.7381083
0.2270349
0.15116987
0.12116195
0.10500086
0.113043316
0.13867623
0.19989195
0.6010676
0.26906857
0.2446141
0.26783606
0.29316583
0.37897238
0.72388464
0.43735817
0.47586986
0.71501356
0.6089082
0.7441176
0.7486916
0.73410463
0.7447811
0.59775525
0.5193869
0.3393469
0.35426822
0.38675296
0.81700015
0.89190525
0.8655712
0.6510062
0.53971696
0.6033407
0.79451334
0.8034867
0.6211093
0.3566029
0.42796594
0.37630582
0.6947408
0.5521687
0.172069
0.1471106
0.15713178
0.5435883
0.21304655
0.25418717
0.20705865
0.34739628
0.8479973
0.86538535
0.77873236
0.10342173
0.068332255
0.071681164
0.09017977
0.13692342
0.76451826
0.81759536
0.14394557
0.06555189
0.053940516
0.06273217
0.08466505
0.077060625
0.09053063
0.14626034
0.9034653
0.9146154
0.07818857
0.07804988
0.039456103
0.037965428
0.043666728
0.064035356
0.7891235
0.86669236
0.89208585
0.8955674
0.90986514
0.8912882
0.8797546
0.88360876
0.89275527
0.86302274
0.81873244
0.8658942
0.8719619
0.8688122
0.86159784
0.8401315
0.8238313
0.82982016
0.069866315
0.050999906
0.058746032
0.11331753
0.14053696
0.20238024
0.9194044
0.7248495
0.72540045
0.7325983
0.8869115
0.8995062
0.7772096
0.9111738
0.80440456
0.92529786
0.91462964
0.91085833
0.11716221
0.095528886
0.053186815
0.04652126
0.07117545
0.0810262
0.9077687
0.8485419
0.86068714
0.8512356
0.9069429
0.8799226
0.80660814
0.05708482
0.047263034
0.06504512
0.059866805
0.056132395
0.05252021
0.058390666
0.10159029
0.12103603
0.098008394
0.090559244
0.06792048
0.067724235
0.18721403
0.90249527
0.2173487
0.13473465
0.093098156
0.12790635
0.13658144
0.7138013
0.17048435
0.07182001
0.061563224
0.047344796
0.03610212
0.043775346
0.7677972
0.19980653
0.3394994
0.83262545
0.87424546
0.91482484
0.83277535
0.07457208
0.028701754
0.03437564
0.03973232
0.096682325
0.07280037
0.068126775
0.15702273
0.26922145
0.15474536
0.08780117
0.052611656
0.054450963
0.082173996
0.17365803
0.19847716
0.83529174
0.80857337
0.8426878
0.103590645
0.08157799
0.08123681
0.09897195
0.07254547
0.07669452
0.2259701
0.1914562
0.7025603
0.20426871
0.2937976
0.25937474
0.5326046
0.92087704
0.8767509
0.6290036
0.11199893
0.12882863
0.15126875
0.27357352
0.72554225
0.22197665
0.21549773
0.20315105
0.27900422
0.66410714
0.36251658
0.24321061
0.17436624
0.52625835
0.35589656
0.31460458
0.33270803
0.33460158
0.2629982
0.2379724
0.27689055
0.2880087
0.44115224
0.36490878
0.37150043
0.4576124
0.58312345
0.750712
0.82619566
0.78600496
0.6338235
0.61638266
0.7640592
0.7073145
0.4237848
0.26528963
0.29647884
0.24298103
0.4325002
0.5017545
0.73431134
0.6589688
0.77765477
0.13485463
0.09570675
0.16241412
0.24304008
0.764642
0.5934807
0.09857844
0.044229046
0.058288004
0.1666956
0.316108
0.94381064
0.9367034
0.115952194
0.087443314
0.05829609
0.11247433
0.8659979
0.84365124
0.86981934
0.06758176
0.04077695
0.04832517
0.06621978
0.07599237
0.11010861
0.1042364
0.07484926
0.08193243
0.6559538
0.68998086
0.71549016
0.8125574
0.22935624
0.22019677
0.33131537
0.31442258
0.8122994
0.70103073
0.7036043
0.67321914
0.059222616
0.103331454
0.13247655
0.090622425
0.06190983
0.082161
0.16195971
0.85072786
0.9048723
0.8548804
0.7940457
0.74643004
0.13925435
0.07987593
0.13176416
0.23696221
0.85576427
0.75300103
0.21387286
0.113406755
0.10752864
0.10174944
0.088192
0.13727808
0.13178079
0.13503692
0.18017375
0.22038332
0.27590093
0.6018323
0.14629129
0.11247576
0.60759926
0.56810194
0.5455692
0.5889536
0.57850784
0.22074482
0.18643454
0.5872974
0.22459896
0.233632
0.1653956
0.1888412
0.7085399
0.5424122
0.5213032
0.63799816
0.60585415
0.63042426
0.65310335
0.7497714
0.5839135
0.7142206
0.526282
0.19993265
0.17781453
0.41335276
0.48168996
0.57539773
0.76594776
0.76208735
0.5408881
0.5082188
0.52941424
0.64258045
0.5621104
0.5115018
0.42505485
0.4235931
0.42083323
0.20702107
0.20091991
0.4152155
0.52322954
0.64291203
0.57230896
0.6574606
0.38960037
0.38877222
0.594968
0.56693953
0.57854265
0.33011222
0.29807466
0.17004594
0.22323623
0.2838072
0.6106862
0.5965
0.81095654
0.21792611
0.18576719
0.16301967
0.1142116
0.27217075
0.8647085
0.8967426
0.2600174
0.25450176
0.2528483
0.2130131
0.84121317
0.70406294
0.68382
0.81590956
0.79678404
0.84194136
0.73620605
0.6803491
0.6608631
0.7699949
0.16491382
0.14675501
0.13769168
0.12005658
0.10349021
0.098164834
0.1076997
0.13550596
0.21314861
0.48009214
0.50010854
0.561307
0.5891866
0.7375779
0.5500498
0.24043706
0.1944589
0.18602313
0.24853334
0.3476901
0.6769255
0.6533297
0.547773
0.36040068
0.28653294
0.2584983
0.22777753
0.2679242
0.4438894
0.4764987
0.4521639
0.29622316
0.3474676
0.45737317
0.25866362
0.17738974
0.18028024
0.4892757
0.5969087
0.4188141
0.28813738
0.21874669
0.13523404
0.09450312
0.10795289
0.11957801
0.12020308
0.13417745
0.7779715
0.87256545
0.2050466
0.14769627
0.12855119
0.21166673
0.9030938
0.7832636
0.893866
0.8025215
0.7756048
0.1449933
0.08963809
0.122791305
0.16741353
0.78131056
0.13736689
0.16032988
0.18034863
0.12973757
0.11504591
0.63139445
0.6034164
0.20657453
0.14325485
0.0884967
0.078316905
0.11158259
0.8104809
0.15383023
0.08365054
0.074161306
0.08461595
0.07000181
0.067657314
0.087197326
0.10952727
0.10562893
0.056152105
0.045374565
0.06172749
0.08084445
0.108357966
0.7556255
0.8914449
0.9098659
0.38278836
0.45061114
0.9036812
0.08984459
0.04641386
0.037588198
0.06541515
0.13980234
0.8234158
0.84828293
0.8226368
0.8162445
0.8424263
0.7721814
0.72215825
0.65383714
0.66871774
0.1254299
0.11471087
0.10692774
0.1284077
0.7163527
0.35689276
0.6573502
0.19412823
0.18199167
0.6942102
0.24797507
0.16164443
0.12110341
0.11345476
0.7636384
0.6099619
0.15578838
0.17803624
0.8003014
0.7527253
0.7825278
0.24046962
0.10823306
0.09210879
0.6917893
0.74790585
0.86157686
0.8503235
0.8549377
0.80816627
0.82119185
0.14831793
0.0732321
0.06957841
0.06409207
0.05675531
0.07945871
0.073885664
0.11647171
0.11632332
0.7258053
0.14947723
0.09286461
0.70455444
0.4999216
0.86508286
0.35043278
0.16060154
0.1725392
0.23498689
0.15635797
0.12294676
0.15215228
0.1987233
0.17029278
0.77082413
0.2843064
0.22615674
0.5989038
0.6647092
0.5455453
0.5247004
0.22938667
0.26067188
0.32295752
0.71064305
0.5768935
0.58440274
0.64634377
0.2834733
0.27635476
0.2942672
0.66894084
0.47237375
0.49062002
0.38650468
0.25779298
0.19330093
0.18686642
0.16907969
0.4921203
0.36715713
0.7104363
0.5813964
0.55580336
0.21828356
0.12247252
0.15458338
0.39719868
0.49697974
0.36680648
0.49652597
0.35928988
0.29364946
0.4297557
0.4040492
0.21818782
0.15603234
0.32905695
0.3896834
0.58569205
0.54866266
0.63940924
0.6690447
0.4374096
0.3537689
0.31233543
0.3684414
0.2742436
0.2755542
0.36274907
0.53358734
0.531588
0.6159716
0.52576613
0.46144325
0.51995313
0.58847696
0.80178726
0.8729179
0.8666988
0.77923614
0.5470126
0.37112
0.20386314
0.19206247
0.26367015
0.35531393
0.66083896
0.5948831
0.5527221
0.6561318
0.5444315
0.5572661
0.5901883
0.7265552
0.6206531
0.6135255
0.13662487
0.14512871
0.22367656
0.12892322
0.10442587
0.7462615
0.8323452
0.9433477
0.9454485
0.13952184
0.03946148
0.03957254
0.06838915
0.12671044
0.8856405
0.7633901
0.7199412
0.89554745
0.9345777
0.8402149
0.9377372
0.93806094
0.9404311
