0.8077505
0.68617886
0.7248119
0.49960452
0.41592494
0.2756288
0.35121623
0.25929815
0.2773955
0.6364285
0.38925827
0.41152716
0.46677938
0.5506174
0.4816884
0.31325942
0.40881208
0.23713493
0.32020304
0.24023947
0.28400955
0.34024745
0.21243075
0.1842889
0.1661593
0.16100167
0.18317884
0.19412763
0.18962498
0.22967009
0.50656873
0.581773
0.6415264
0.58035624
0.52699
0.2264201
0.16412577
0.13109261
0.11630153
0.09146448
0.0876258
0.11762329
0.22396465
0.3211984
0.8799366
0.8620993
0.17971776
0.097775854
0.089583576
0.11111482
0.104946986
0.13479155
0.08272107
0.07136485
0.10601027
0.13633108
0.20733084
0.92962265
0.9113655
0.094146386
0.050956603
0.07444343
0.81340647
0.8430593
0.873429
0.9142191
0.90446556
0.8578495
0.8478505
0.8321287
0.90227455
0.070295714
0.04172202
0.02782061
0.027998462
0.041758142
0.06828496
0.08255844
0.91833365
0.85082227
0.87271845
0.85357374
0.053504463
0.048107993
0.048796963
0.035120316
0.030145815
0.034138564
0.043278195
0.89712656
0.8931408
0.8872013
0.94269615
0.9471274
0.919838
0.79393715
0.75103307
0.08291919
0.054931458
0.06163985
0.83970755
0.8834867
0.8439447
0.06621981
0.042471115
0.041585255
0.049373556
0.049370904
0.058864422
0.08323079
0.0869859
0.06395487
0.05083175
0.06273816
0.6805722
0.7576328
0.80027544
0.9011636
0.16422859
0.06529304
0.043773923
0.030936006
0.027188597
0.026852826
0.027875664
0.028249713
0.026329719
0.024702188
0.026498929
0.041959997
0.88299733
0.85362285
0.96600235
0.93786544
0.9112738
0.89723355
0.8801349
0.043097742
0.023456333
0.020565905
0.034571446
0.06720889
0.086204216
0.83752805
0.7777571
0.06777715
0.04738001
0.055059213
0.096648686
0.09776595
0.17925666
0.8824279
0.78590345
0.8892879
0.8853756
0.108657345
0.10506644
0.16156818
0.22454889
0.3070364
0.8503353
0.87225074
0.8647579
0.85084134
0.33583772
0.30520958
0.20885092
0.105714016
0.11964587
0.657562
0.7016096
0.7961205
0.7162868
0.6171411
0.51588863
0.5481704
0.48001903
0.53409684
0.5401841
0.13651289
0.15132499
0.17970839
0.20923908
0.3408777
0.30510613
0.28025258
0.23445782
0.246256
0.24122094
0.25765008
0.2116936
0.18068522
0.20209809
0.18289481
0.21468227
0.5268275
0.66239244
0.62816983
0.7431938
0.66639984
0.69483227
0.4095816
0.34900114
0.16172393
0.20878951
0.2652065
0.551791
0.595861
0.65127385
0.6997985
0.7908341
0.7490112
0.7730867
0.6389755
0.68181074
0.57261086
0.17687903
0.12257439
0.12320641
0.45140716
0.47672418
0.5545917
0.6945131
0.5335637
0.44766793
0.4850112
0.58742124
0.78405875
0.18000163
0.13043985
0.08551239
0.052817035
0.06159507
0.124612935
0.20922144
0.95177555
0.9652051
0.9571169
0.88672787
0.15653336
0.06190662
0.063463554
0.03895596
0.03432463
0.13047148
0.26517156
0.91173625
0.92544806
0.9190407
0.87971383
0.77075064
0.69842917
0.37385657
0.19037971
0.14614016
0.140679
0.14074841
0.13729432
0.15995115
0.22798848
0.55010253
0.11968982
0.12796679
0.1771618
0.2022569
0.117050186
0.07614123
0.06210215
0.055764183
0.05202112
0.059271455
0.052853335
0.06262868
0.08785871
0.71612674
0.08168673
0.084822014
0.13550967
0.121962585
0.83061874
0.82866144
0.14154862
0.06424194
0.0636803
0.10794939
0.8121295
0.81404984
0.85608786
0.90610015
0.8331153
0.8340457
0.063338265
0.051908273
0.06341528
0.15044288
0.8104907
0.69534147
0.7202196
0.78779185
0.92775327
0.14836703
0.083519325
0.04393999
0.050855063
0.044442154
0.04333207
0.9337943
0.8693699
0.875876
0.97594166
0.97997004
0.9665882
0.9496187
0.030690024
0.019092342
0.015603967
0.016662087
0.041866742
0.11436402
0.9356415
0.91181684
0.11124708
0.043130346
0.049025472
0.045576096
0.0429613
0.09086315
0.10047133
0.07355994
0.09862942
0.09634273
0.7421911
0.7032953
0.6888685
0.262429
0.31070608
0.35103875
0.37165025
0.85049474
0.9248441
0.92937803
0.90121835
0.21406966
0.15434974
0.12077097
0.11545047
0.7101407
0.81603634
0.8423729
0.19992016
0.12517269
0.12753168
0.15059558
0.2260873
0.28488123
0.35301927
0.8036909
0.77916855
0.61478615
0.60912496
0.6479845
0.76280403
0.7340558
0.56468517
0.4319028
0.40796548
0.26133636
0.46787435
0.18901397
0.1919078
0.32697836
0.39732072
0.84876424
0.8583528
0.7523854
0.82954353
0.78390014
0.19638695
0.15993883
0.18314426
0.2462038
0.5110021
0.42877966
0.5591165
0.6262395
0.53362626
0.47011378
0.43668553
0.42764416
0.24819887
0.22143246
0.20744881
0.18191077
0.13760854
0.10458321
0.105467446
0.7095334
0.80744743
0.38924384
0.29391822
0.3603115
0.8374759
0.7773999
0.738511
0.66096896
0.19061369
0.1470456
0.18355119
0.69216245
0.68820775
0.13807808
0.10727042
0.10511805
0.07410844
0.07549212
0.11077758
0.78526694
0.3046816
0.27333462
0.2223354
0.8510136
0.46509588
0.48718816
0.790827
0.847282
0.6997739
0.1426326
0.13750261
0.8108956
0.7291124
0.6345846
0.12610358
0.1524822
0.8667688
0.9102923
0.872753
0.5204743
0.4743834
0.7709208
0.1421339
0.16611944
0.23358181
0.7375832
0.073783405
0.09052069
0.081534
0.09610014
0.1252863
0.11569117
0.6639643
0.67935187
0.73055
0.12273064
0.20054114
0.11894216
0.07224166
0.04815986
0.052007474
0.7512525
0.63320637
0.33622473
0.8749265
0.080778606
0.03360604
0.048758887
0.086376406
0.08333641
0.8610933
0.9472533
0.9510813
0.88981074
0.9014978
0.8651242
0.11247194
0.07904112
0.10779707
0.054440316
0.037891235
0.041148353
0.06106183
0.07440954
0.11643556
0.19470723
0.16812927
0.16703124
0.8115166
0.6893442
0.16736081
0.15035726
0.32521695
0.71417874
0.6867415
0.6584748
0.13822822
0.11066202
0.10927889
0.14081119
0.20133251
0.70273465
0.38484207
0.20172842
0.16899762
0.16640003
0.27896443
0.11472181
0.1491436
0.7599865
0.6617784
0.669993
0.6009591
0.6701273
0.70870405
0.7542344
0.7643455
0.8152795
0.14152516
0.13433044
0.15303068
0.26052758
0.22879659
0.23457988
0.28845677
0.65152705
0.26700884
0.22711849
0.5853774
0.6524338
0.4841963
0.42666522
0.5372512
0.6413001
0.30057132
0.2531997
0.3372081
0.53282523
0.5291736
0.31022015
0.26890334
0.38979286
0.5468153
0.47485575
0.58724624
0.5675509
0.7306965
0.70482373
0.8155241
0.79485893
0.6562868
0.76994824
0.75052977
0.64724445
0.3662715
0.34818444
0.3835659
0.5274587
0.5753118
0.5435654
0.3366467
0.3842444
0.24631746
0.2862598
0.44017863
0.56038785
0.73677945
0.62113583
0.56563246
0.6100808
0.40422708
0.31773555
0.2841188
0.36916035
0.44171834
0.54130393
0.65905315
0.8845111
0.8808878
