0.8190415
0.7346779
0.4249261
0.33544242
0.3503707
0.3854618
0.63311374
0.7305806
0.3324026
0.2848614
0.28460115
0.54984415
0.72913074
0.26189813
0.19216278
0.18876944
0.5518695
0.5631226
0.23541717
0.22230631
0.20319098
0.19503318
0.21163797
0.15546076
0.13663678
0.16751829
0.7865966
0.73013735
0.86860687
0.787359
0.8904234
0.72040975
0.070132494
0.039094977
0.036672246
0.040182486
0.06055043
0.76198405
0.06995869
0.036283188
0.033460923
0.06148328
0.16414095
0.9372294
0.95512885
0.9391885
0.93947035
0.13747601
0.034172688
0.023713022
0.031803943
0.9063521
0.9418897
0.94788706
0.9408502
0.08791987
0.0632757
0.030057851
0.042548634
0.7801393
0.8114056
0.89089155
0.905107
0.1279692
0.07279958
0.050556105
0.0586107
0.09347038
0.79227173
0.8782545
0.8930483
0.83291465
0.18975367
0.11499864
0.12915078
0.1383482
0.117716804
0.07796074
0.060658313
0.07337095
0.0642747
0.054974556
0.87727356
0.8962563
0.91512954
0.9401415
0.9117628
0.913088
0.9138593
0.07120939
0.04455288
0.030719576
0.054390326
0.08500401
0.09662411
0.113656834
0.13497275
0.17780434
0.23705655
0.8587428
0.81045717
0.73741364
0.12240819
0.09884269
0.14787193
0.12259025
0.13130172
0.6214928
0.23715326
0.25160894
0.38430583
0.3075916
0.611602
0.6029675
0.6336914
0.67111444
0.21723363
0.15962401
0.14226317
0.18634477
0.7390486
0.7906419
0.7390663
0.6267298
0.10886405
0.14865161
0.2627902
0.297862
0.33639717
0.26093277
0.2822722
0.22212884
0.6006242
0.18281668
0.20408528
0.37091205
0.8554735
0.86808616
0.79136246
0.23484375
0.18275237
0.25320938
0.52379173
0.5756226
0.47209203
0.33006236
0.33397394
0.4167833
0.6535934
0.6468388
0.6640714
0.8661147
0.9042479
0.8693114
