0.8000725
0.7351398
0.8077841
0.70379144
0.675031
0.8132187
0.7786235
0.56609386
0.44523093
0.3863953
0.5576302
0.63844305
0.48257402
0.5239599
0.569332
0.69982547
0.63135433
0.77335525
0.73327935
0.8262272
0.84226084
0.5606923
0.4073259
0.20895253
0.18092969
0.17226955
0.19222842
0.24397305
0.7132418
0.31858552
0.2724695
0.35024923
0.2970768
0.64997727
0.27898622
0.1264001
0.10719373
0.10280301
0.11003419
0.15923025
0.20639803
0.88700956
0.8104426
0.7870325
0.08381107
0.046790093
0.05514199
0.08298058
0.042381324
0.04025703
0.81054765
0.7939317
0.9029345
0.9471508
0.9455631
0.07955253
0.046909854
0.06859656
0.73480195
0.06563691
0.040156167
0.06203034
0.6644358
0.06975331
0.08570147
0.10747796
0.12791853
0.13774414
0.1522534
0.18429594
0.736921
0.21625653
0.14738952
0.15796891
0.58632517
0.5343147
0.78280866
0.6234381
0.66099834
0.64525986
0.6101981
0.32754013
0.5067877
0.14470322
0.14162917
0.17518435
0.52388257
0.65940726
0.50981927
0.42962274
0.43033084
0.50904566
0.6085575
0.53336865
0.3010049
0.28023717
0.33717993
0.40020624
0.54771036
0.6400572
0.63620836
0.7368175
0.6455418
0.57924896
0.6526825
0.5646064
0.5359622
0.44325218
0.15641198
0.12880304
0.16883557
0.48296857
0.16123669
0.10230225
0.08902689
0.11962977
0.8337089
0.6940051
0.66477424
0.65606874
0.13100699
0.06770588
0.07670899
0.11691696
0.6173798
0.5535702
0.19171163
0.20128503
0.16294712
0.34798306
0.29964024
0.32170904
0.31023005
0.29311052
0.38060465
0.28643876
0.30504394
0.3957295
0.7492194
0.7437803
0.8769549
0.880917
0.80596954
0.63298947
0.5417851
0.06409288
0.092759326
0.0706913
0.061339986
0.07095842
0.098016664
0.7828239
0.9435956
0.9495924
0.7796756
0.71318793
0.11550006
0.040160157
0.041971266
0.055449948
0.07979335
0.18775518
0.8753688
0.8640583
0.6793273
0.569274
0.25173447
0.6020657
0.15591958
0.11207783
0.08044509
0.07183454
0.09532798
0.17114158
0.21542399
0.72774124
0.72577167
0.06457572
0.03641251
0.050551377
0.118133456
0.94684273
0.893901
0.9623434
0.94011307
0.8200921
0.04325488
0.022001535
0.022843203
0.042464435
0.82720906
0.89230543
0.13376823
0.08065346
0.07429822
0.08284928
0.05754927
0.079213835
0.1624854
0.61729574
0.21375684
0.5523414
0.7072406
0.6918293
0.8211626
0.8172305
0.6681157
0.5973967
0.5649818
0.6420587
0.48448765
0.42125642
0.39460263
0.41610703
0.65456593
0.62457174
0.7271394
0.6339547
0.61490005
0.13792376
0.10900618
0.11424972
0.20331176
0.7263995
0.8468925
0.20624408
0.11759057
0.08572965
0.079678565
0.07377979
0.06561282
0.049205232
0.050765626
0.0768932
0.8007349
0.88372725
0.8903779
0.9155506
0.87389755
0.8418245
0.8288849
0.052968115
0.026879786
0.02206239
0.021915354
0.023335094
0.028292147
0.034049902
0.034473173
0.03128344
0.029346747
0.02783319
0.035610087
0.07507268
0.17703122
0.9419722
0.10414601
0.079263166
0.9494127
0.9069622
0.9761404
0.94662774
0.93515223
0.94261587
0.03438476
0.018791715
0.016695479
0.016098063
0.01562091
0.0166067
0.023271495
0.032292627
0.062014952
0.08554279
0.80792224
0.7693564
0.899945
0.89723384
0.885439
0.8329438
0.80515695
0.7796511
0.8140199
0.83519876
0.8927439
0.8054856
0.0835599
0.05161672
0.034960274
0.028163575
0.032774296
0.06626915
0.85515666
0.8904587
0.87661093
0.83380336
0.7859389
0.086554706
0.06325835
0.08878371
0.10291122
0.10991214
0.13275725
0.8548794
0.24246338
0.23621193
0.3227505
0.7877941
0.6462334
0.16323958
0.19366316
0.18077579
0.121506296
0.58126795
0.5702723
0.7653454
0.7905239
0.70191073
0.8221792
0.79143715
0.34374848
0.38558483
0.58498526
0.21927972
0.15991558
0.5740871
0.63324374
0.8501673
0.90038127
0.8696073
0.4103225
0.22614124
0.503202
0.17053844
0.17609423
0.48168606
0.44378737
0.25621507
0.30945408
0.50033647
0.4704178
0.51401013
0.24761356
0.17024648
0.17811227
0.1944405
0.5871738
0.78062594
0.84538525
0.78577644
0.5412964
0.37073386
0.35101107
0.19127703
0.16488644
0.17833045
0.15034609
0.5679103
0.5115566
0.5829842
0.4775075
0.22238739
0.12256795
0.15359549
0.1429829
0.5499482
0.6637971
0.56807226
0.5104222
0.60362726
0.43164352
0.43611535
0.4691293
0.38762558
0.29597473
0.2455939
0.23911877
0.22979428
0.2219023
0.21550018
0.4138665
0.41271952
0.22670832
0.25625342
0.37224358
0.3013982
0.22318597
0.21990186
0.23816647
0.41604075
0.59354174
0.56894445
0.51257825
0.1458385
0.14622617
0.17724289
0.8406061
0.8452189
0.71534956
0.7637124
0.64092225
0.62529916
0.7687492
0.6308803
0.13755526
0.09214332
0.21372949
0.7136195
0.674648
0.63584495
0.59466755
0.7075532
0.63070434
0.65131396
0.80080074
0.1799683
0.11282951
0.12556048
0.119554736
0.16617396
0.8807727
0.8648096
0.7182611
0.07359763
0.061676763
0.11889784
0.14113101
0.82137764
0.92136335
0.9173907
0.8093668
0.88703287
0.22891982
0.10784787
0.059716314
0.06119966
0.6723712
0.66954184
0.71053743
0.78741443
0.26191118
0.72609305
0.18854429
0.085248835
0.12929873
0.15875825
0.20032534
0.7972363
0.72026664
0.65387124
0.09771903
0.0860702
0.79580295
0.10311261
0.06417906
0.0595127
0.8217006
0.8315602
0.9257756
0.8499446
0.098104015
0.065943025
0.22849914
0.7879447
0.104368046
0.114027336
0.8543836
0.2535596
0.21027216
0.12741606
0.07116641
0.08291317
0.7351537
0.23154677
0.8510753
0.06488899
0.04123582
0.038889892
0.06695678
0.08345535
0.06310318
0.06900572
0.08188227
0.079431765
0.09595907
0.08635128
0.07252443
0.07105793
0.08853168
0.1047608
0.10703853
0.1965228
0.81094587
0.09683015
0.11210018
0.16618933
0.21314716
0.76503646
0.5870735
0.14838494
0.09184643
0.06939516
0.68679327
0.8195149
0.9180372
0.92469406
0.9172948
0.34108216
0.21961646
0.31519362
0.6999386
0.1030024
0.06542709
0.06538329
0.08719741
0.37741938
0.5106961
0.8848961
0.59990877
0.49017647
0.5779448
0.59608895
0.11452938
0.1491245
0.23465139
0.8099369
0.3346893
0.14294899
0.17904736
0.5629201
0.25864935
0.25206017
0.20273301
0.5581427
0.46689168
0.16786715
0.114462584
0.2281337
0.6744912
0.855496
0.8846517
0.8089735
0.31273797
0.2113829
0.21255668
0.25182158
0.3439992
0.25742647
0.32660896
0.3493347
0.32510135
0.22221813
0.20185646
0.209726
0.3545087
0.45272577
0.8059955
0.69172305
0.62940395
0.6163176
0.1107695
0.04849145
0.05766079
0.71473724
0.7528679
0.845563
0.74077266
0.7001967
0.124794476
0.06898877
0.066977516
0.15187873
0.14284837
0.15692282
0.28860894
0.74407315
0.24040516
0.24552202
0.3719128
0.7100379
0.57155263
0.30438966
0.21880959
0.41799206
0.30793855
0.40444183
0.7111152
0.6077076
0.56530005
0.54602915
0.31948608
0.2064319
0.47561824
0.35745987
0.5107178
0.71230596
0.5769751
0.65303355
0.5380931
0.5216405
0.6504392
0.6216689
0.30827177
0.29393783
0.28948393
0.37068644
0.52920336
0.52574164
0.30093682
0.2420249
0.21714443
0.2122607
0.35988465
0.38326463
0.42409354
0.28167567
0.28080955
0.27618143
0.21513791
0.1929971
0.22798797
0.2384486
0.37525946
0.25998786
0.39650995
0.2759369
0.42170987
0.74794936
0.52170116
0.5295274
0.28318134
0.1959067
0.17491207
0.16282766
0.16928837
0.57584715
0.17317857
0.115056604
0.110563695
0.1234276
0.16665448
0.8218859
0.16007426
0.17337859
0.13355571
0.08746298
0.08889393
0.7645323
0.89127034
0.8567857
0.9367503
0.13174805
0.04155493
0.019016653
0.015694998
0.016327374
0.03211597
0.9004964
0.9056817
0.94059086
0.9552034
0.9150302
0.9189856
0.8250243
0.04454234
0.034314077
0.027962327
0.02655468
0.03951488
0.06654498
0.79520506
0.70189774
0.076298185
0.14280735
0.13048409
0.11433779
0.102349676
0.7681357
0.0695913
0.07458289
0.0998076
0.12976895
0.22481821
0.7364152
0.7047435
0.7033265
0.7111987
0.6649176
0.48734257
0.46754113
0.5603212
0.6734245
0.7338612
0.6319279
0.56486
0.45400327
0.4195527
0.5153256
0.5642634
0.6064303
0.44825053
0.2815229
0.29313222
0.3778481
0.31662908
0.23835137
0.34672764
0.46929944
0.54669315
0.5965447
0.31659862
0.310097
0.28354982
0.22694725
0.26723668
0.24420486
0.31238815
0.31052718
0.3237452
0.32879996
0.30487502
0.517961
0.49871346
0.694
0.686502
0.7308067
0.6087653
0.27743846
0.18363199
0.22423585
0.28743318
0.35306367
0.36365813
0.23264973
0.15142895
0.18912119
0.55930585
0.6040013
0.3291158
0.25558093
0.15170039
0.111174054
0.13418102
0.2129018
0.17879386
0.5609749
0.120079525
0.13612495
0.4978961
0.1307006
0.20184323
0.77439207
0.28563726
0.08749047
0.07156938
0.16875184
0.80034006
0.73323154
0.07573756
0.041993305
0.049159765
0.14823458
0.8732478
0.91711223
0.08880787
0.03693499
0.047524117
0.11672401
0.8828166
0.88163465
0.9383896
0.93875957
0.90742826
0.7253444
0.69784766
0.08819618
0.04259313
0.04054798
0.058789656
0.7518095
0.8033937
0.08762811
0.08023999
0.084823
0.12499496
0.7181189
0.69966805
0.72022945
0.73285675
0.078500636
0.10220888
0.06940718
0.09456459
0.14449386
0.15215486
0.15423228
0.15377976
0.13435142
0.102950774
0.12575991
0.18994522
0.14098074
0.10497344
0.73122597
0.68845403
0.6960098
0.687254
0.74741536
0.8645101
0.90538585
0.9038977
0.88333493
0.22257745
0.23633222
0.17384322
0.22117414
0.80235994
0.23133488
0.23795353
0.13525103
0.09615715
0.64121884
0.5401964
0.24235736
0.3056316
0.8343616
0.8288555
0.19219634
0.10463916
0.1054616
0.06967268
0.089875735
0.2240753
0.2937809
0.16111793
0.10331844
0.21469207
0.1948731
0.33980393
0.20212641
0.1450825
0.1132362
0.17127194
0.57989794
0.5000348
0.19160615
0.6069054
0.20924553
0.19039257
0.5913633
0.11896037
0.073692836
0.086713165
0.32587597
0.6135236
0.2706028
0.78375083
0.88783735
0.117126785
0.05952589
0.03757161
0.046783306
0.05927479
0.8605292
0.94156414
0.94495964
0.8374079
0.77883005
0.6972256
0.067417964
0.11224208
0.10579247
0.12926015
0.12577802
0.81297714
0.12701918
0.11735726
0.12475413
0.118017755
0.11857255
0.7745406
0.4120742
0.44784924
0.54616046
0.3206973
0.5277223
0.5849178
0.7361168
0.59441113
0.50600034
0.2634886
0.34342363
0.19985038
0.16398717
0.5886781
0.23408483
0.17036007
0.60266644
0.35560656
0.69162565
0.85514456
0.82640433
0.8534025
0.7003083
0.59963334
0.35603833
0.7068879
0.19290416
0.18742813
0.5386491
0.19635175
0.18760104
0.25864124
0.37034038
0.81193346
0.77263695
0.54769826
0.25318936
0.22680785
0.22786665
0.22686957
0.24685638
0.35783845
0.6021062
0.7335183
0.39207333
0.5703018
0.7152889
0.6999629
0.55529606
0.6130759
0.45315874
0.53686416
0.5000203
0.66859686
0.43437672
0.36384806
0.30777505
0.28594092
0.5535297
0.4267231
0.40158537
0.37447926
0.2820163
0.23662621
0.41377643
0.39208603
0.47644114
0.6687192
0.7453203
0.8521065
0.76745075
0.20810165
0.14224565
0.18105428
0.22057983
0.5262458
0.18368208
0.14741814
0.21241209
0.8354773
0.87051725
0.42751676
0.51522404
0.8283736
0.2423275
0.15805396
0.5727049
0.5435493
0.5899441
0.6595715
0.8581251
0.90046656
0.8852522
0.7965994
0.8336904
0.77447075
0.73984605
0.74722046
0.2224807
0.19597875
0.17594078
0.18368928
0.51566654
0.44747955
0.24728473
0.22813903
0.22396943
0.49615636
0.34055644
0.28633738
0.277154
0.6720439
0.56631
0.5023964
0.4606376
0.5302435
0.69107264
0.6411413
0.6494503
0.7282213
0.57748127
0.27307764
0.18863387
0.22829418
0.24009755
0.22505668
0.3288475
0.4233794
0.19755541
0.32846576
0.3105771
0.66222936
0.36579964
0.20399097
0.26669708
0.25480625
0.4727995
0.45374593
0.52904844
0.52068555
0.4676148
0.5453675
0.7168131
0.45499128
0.23316036
0.19120753
0.4496749
0.44729418
0.49524248
0.50766724
0.5294967
0.5073099
0.73002476
0.602261
0.1123186
0.15130387
0.22230473
0.16958797
0.15792401
0.18179353
0.73380584
0.13459605
0.122374654
0.2192198
0.10226846
0.05189702
0.05125884
0.04044814
0.06670793
0.066103004
0.07995473
0.1342401
0.87724096
0.8633961
0.91979545
0.18866165
0.13941216
0.11314055
0.04456392
0.03696475
0.07936014
0.9598064
0.96129686
0.89461374
0.8643065
0.0432159
0.022487985
0.042022105
0.0704307
0.13878131
0.15233369
0.86628854
0.7644006
0.06120458
0.036716204
0.054190297
0.049199883
0.07063946
0.09436831
0.7381558
0.12129584
0.07278767
0.085324295
0.1905769
0.32831776
0.8632875
0.23228726
0.2987414
0.3517806
0.7640394
0.8126447
0.1784931
0.1043618
0.107119136
0.11993524
0.15557022
0.2711449
0.3912593
0.8059391
0.43157393
0.21509758
0.2162667
0.47845066
0.64598656
0.63890564
0.6469238
0.717988
0.56813747
0.45870695
0.11526368
0.14750537
0.18653561
0.7167693
0.6386558
0.64485556
0.80208415
0.13528235
0.052716892
0.0585789
0.14704306
0.24241376
0.8744643
0.8485513
0.84433156
0.8794186
0.81177133
0.73816586
0.67521846
0.66990364
0.1979779
0.11053946
0.11768114
0.10466333
0.0808535
0.65893453
0.5648493
0.46425295
0.24276076
0.23786366
0.34873348
0.80183965
0.7228469
0.7376831
0.09884443
0.06972213
0.08603346
0.097878195
0.104189135
0.16230024
0.1383431
0.20805368
0.86511576
0.73014945
0.615422
0.20893662
0.75255555
0.8662761
0.3869264
0.32010034
0.16660346
0.21087724
0.7844497
0.7578133
0.8130567
0.88169897
0.81523895
0.8567964
0.1810592
0.1303432
0.16114005
0.23563083
0.87604094
0.8171043
0.1245902
0.09798105
0.10339809
0.1137709
0.30886686
0.43633828
0.4103954
0.23114799
0.17887016
0.594519
0.63712865
0.8030237
0.79337114
0.65360713
0.65643406
0.7767617
0.6978911
0.8610303
0.9003973
0.9055777
0.88031715
0.78230554
0.4182744
0.3879338
0.3715604
0.4223357
0.2840372
0.37585142
0.51132685
0.37740052
0.6285545
0.44252163
0.40650275
0.43240756
0.33664423
0.32948747
0.47915125
0.38415095
0.3601933
0.38447443
0.16946921
0.1335841
0.12678339
0.14532287
0.13783562
0.6355235
0.52201885
0.5912702
0.6310908
0.79926765
0.6667256
0.37084532
0.5572806
0.8656559
0.6437866
0.052897487
0.07768639
0.11593809
0.08958674
0.14754552
0.86391634
0.9503477
0.9461761
0.8817946
0.21174586
0.10476925
0.10139325
0.118959196
0.13379668
0.5845185
0.47302517
0.23026896
0.25354493
0.44704807
0.6166925
0.85624254
0.9158599
0.91227365
0.84661204
0.377588
0.35514367
0.287089
0.33264372
0.4279603
0.73846716
0.7625246
0.8922373
0.9067431
0.9087918
