0.7221998
0.33665776
0.308367
0.8360825
0.41743383
0.2883588
0.32251102
0.69951284
0.8996857
0.918688
0.83673906
0.8808173
0.8727617
0.20745555
0.10110994
0.08070732
0.08305745
0.10349168
0.60972404
0.6357442
0.7777628
0.8143422
0.58546966
0.27421418
0.1947076
0.19572008
0.40859988
0.4474746
0.3481425
0.5125079
0.5179067
0.46060506
0.7391817
0.6832026
0.61348873
0.44521037
0.49414843
0.52991825
0.5761656
0.25639802
0.13593575
0.11543006
0.13721126
0.59078115
0.59689623
0.716129
0.77059287
0.8347878
0.7599919
0.12764093
0.09385014
0.13008258
0.31317455
0.47596103
0.3353238
0.22745128
0.12481692
0.07811618
0.0550365
0.059035815
0.10564147
0.83302355
0.81016463
0.09751561
0.10159865
0.09549154
0.109834656
0.8500686
0.8315867
0.8622828
0.86748916
0.909515
0.91480726
0.8626633
0.887881
0.89150745
0.122248344
0.11824012
0.11540112
0.06329067
0.05042904
0.05427109
0.0992794
0.82377225
0.09252506
0.077037305
0.16494974
0.232578
0.19130564
0.3639427
0.35961026
0.13870692
0.12554678
0.1339183
0.58616483
0.7450159
0.6597922
0.65253514
0.19309439
0.24228399
0.2256151
0.11264911
0.07172348
0.07596361
0.14236361
0.117763154
0.10631041
0.70617855
0.14960024
0.15745413
0.717
0.7115513
0.08832545
0.06329189
0.048693873
0.059726667
0.104044475
0.70004654
0.25740784
0.8352639
0.7305452
0.39328226
0.6785348
0.23521663
0.29269707
0.8465693
0.74079573
0.7001001
0.7137955
0.83999
0.6544504
0.13188379
0.10152423
0.7399225
0.5365184
0.891246
0.6472551
0.27023798
0.70667815
0.053574417
0.052125394
0.046933956
0.065055035
0.23215684
0.8985845
0.71804476
0.67292684
0.56189954
0.17121647
0.45417547
0.900853
0.1499219
0.14434038
0.11581904
0.0793641
0.07663933
0.08775014
0.08260824
0.07819313
0.07844918
0.6493369
0.7241153
0.86883074
0.8568794
0.746294
0.8158341
0.124209896
0.09596723
0.17891781
0.12497269
0.11273291
0.5858078
0.57381904
0.6317359
0.18513614
0.17522047
0.67731655
0.12698066
0.09098154
0.089769796
0.24665254
0.90369165
0.9269872
0.16957955
0.05960276
0.052761737
0.3065004
0.91866714
0.10801891
0.09353717
0.054734353
0.065483764
0.82641655
0.06655635
0.04170502
0.06762678
0.043910753
0.041664448
0.089956485
0.091207094
0.13714658
0.16565639
0.13531205
0.9386673
0.93176824
0.90972966
0.16438168
0.05381951
0.043602917
0.06772134
0.8828266
0.92314434
0.10624531
0.050796743
0.03477409
0.046736006
0.054117817
0.069794185
0.92138916
0.9417854
0.9231278
0.9314744
0.87367254
0.8923717
0.269068
0.2987519
0.91038257
0.9350634
0.12914674
0.043761224
0.03800771
0.055294268
0.034946688
0.046360284
0.09462059
0.1419307
0.9447938
0.874503
0.8595589
0.85287297
0.0729984
0.058649562
0.05415853
0.051283598
0.054706875
0.08026951
0.87074715
0.1583707
0.17773089
0.76037705
0.76263213
0.12414126
0.11978732
0.77674276
0.833646
0.921254
0.93781954
0.91028774
0.83035475
0.080328695
0.041837573
0.04484566
0.078566216
0.8030581
0.8662728
0.11875434
0.06886262
0.07463849
0.17466658
0.81314415
0.8458669
0.17356198
0.10264745
0.119620875
0.26664633
0.8647462
0.3977884
0.33038658
0.69700044
0.6819511
0.21592082
0.16375934
0.14427239
0.119730845
0.122806676
0.6131394
0.6783772
0.7848668
0.6406224
0.6895153
0.8466773
0.8526175
0.6467963
0.21205404
0.16619639
0.15572456
0.18782303
0.25375536
0.6304768
0.7135324
0.7883753
0.7547524
0.85234916
0.8705036
0.8362635
0.3268665
0.29741356
0.65153974
0.30107465
0.15016805
0.12409636
0.66077256
0.70912343
0.8622689
0.8143047
0.8732557
0.8330207
0.16691983
0.12043022
0.14405282
0.6000495
0.4834979
0.36795467
0.58682704
0.10578283
0.1619032
0.20154826
0.3481675
0.5977487
0.41586939
0.85516846
0.45253477
0.20365196
0.6326942
0.54900783
0.5961959
0.23121038
0.24737115
0.80542415
0.19380894
0.1447416
0.11100487
0.0916334
0.14768806
0.5931654
0.81171983
0.87714165
0.8205179
0.8505795
0.7281096
0.8105223
0.7718818
0.39074495
0.4388799
0.32198474
0.28753495
0.4642146
0.20812117
0.18143871
0.20242839
0.27431646
0.6540674
0.095615044
0.08498004
0.06613953
0.12430259
0.18629119
0.17729169
0.0859854
0.063686125
0.060637087
0.085248835
0.8291971
0.05728259
0.03842878
0.030065358
0.03714738
0.08236602
0.07766335
0.032472365
0.027207552
0.027508717
0.040006753
0.8639337
0.8710578
0.8733182
0.95607144
0.9468174
0.8591142
0.935476
0.859015
0.9079777
0.055778563
0.038785096
0.024269784
0.024342837
0.051649783
0.947685
0.9514821
0.96347743
0.049148124
0.020386657
0.018748868
0.033760343
0.20395713
0.95677304
0.9507836
0.0643786
0.022684459
0.018152757
0.01933959
0.031318635
0.06697459
0.10768284
0.9094809
0.82354045
0.06387562
0.038885616
0.042953663
0.05468604
0.0894545
0.10620786
0.8370263
0.2866852
0.23471677
0.34621507
0.81686753
0.807921
0.7779953
0.78493
0.7943801
0.8179553
0.79177177
0.7418792
0.6464314
0.71267986
0.71596414
0.28345892
0.24463718
0.28162974
0.7319335
0.76717633
0.64583397
0.21381219
0.20132875
0.24432708
0.83755654
0.88758224
0.8678663
0.75906324
0.87312686
0.89747334
0.88620836
0.8576773
0.3470663
0.21022205
0.19828162
0.60263467
0.6034144
0.13857716
0.28071702
0.16603458
0.14877288
0.20332615
0.10089328
0.09286005
0.098534256
0.78024286
0.78488946
0.7572814
0.08131311
0.1674944
0.1018131
0.09288463
0.10047263
0.06978178
0.19324262
0.92279524
0.899088
0.7721929
0.72043973
0.14435858
0.14654039
0.77490014
0.88632613
0.8727072
0.91156405
0.8439913
0.8359829
0.28596747
0.25143087
0.8926743
0.91042334
0.9473502
0.9425466
0.90253985
0.8375788
0.064430565
0.043931507
0.03622332
0.04058883
0.055768266
0.05389621
0.066015415
0.058121607
0.105934806
0.15444066
0.16432717
0.3009631
0.17948128
0.15356296
0.16876459
0.16350144
0.16346437
0.20741993
0.23520638
0.28060567
0.22672689
0.32218614
0.90893537
0.9078348
0.88394034
