0.8096169
0.6861023
0.6555374
0.613052
0.3335569
0.37341827
0.2572976
0.24567418
0.58871466
0.5824404
0.6521504
0.1383442
0.11021584
0.08829422
0.07609377
0.05367051
0.07154614
0.22734089
0.86062586
0.30148622
0.67821336
0.06108968
0.06952886
0.064903304
0.09357104
0.7367872
0.76636595
0.928617
0.8637555
0.0631955
0.027390813
0.019906806
0.0173738
0.016659126
0.017465685
0.019508725
0.041146286
0.9491974
0.83150655
0.9751534
0.97346985
0.9300221
0.94898605
0.08998515
0.027024588
0.019415224
0.016775608
0.016278638
0.017476719
0.02023777
0.041814607
0.9212586
0.89712447
0.87004393
0.8658169
0.88352585
0.8591308
0.9121082
0.8912941
0.812228
0.14677513
0.061383955
0.052358385
0.15873496
0.8936091
0.061685108
0.03738012
0.035917986
0.03994335
0.054047167
0.08005417
0.06286319
0.08024627
0.73276085
0.7598928
0.8208703
0.22861308
0.1205492
0.098710805
0.103382
0.1937732
0.36576533
0.6089643
0.75642145
0.6430166
0.5598069
0.65576327
0.5923256
0.53204083
0.22039823
0.18863708
0.2958109
0.72405404
0.7578986
0.69573116
0.31753924
0.32892877
0.19299833
0.20518735
0.24623908
0.447546
0.4704708
0.57816386
0.5421689
0.5137122
0.48033246
0.3315901
0.2984941
0.27782786
0.3929715
0.49478054
0.6640037
0.5390241
0.41444418
0.21378238
0.1806913
0.22099653
0.32348916
0.3775379
0.48644456
0.6459074
0.7582002
0.6510009
0.7572517
0.7220825
0.57696664
0.6605152
0.5807202
0.5860297
0.6596514
0.67451113
0.60341597
0.33609393
0.27349517
0.3959693
0.49356824
0.75819254
0.80553967
0.7160366
0.67823297
0.7062484
0.5394126
0.42336044
0.3276026
0.21013835
0.26501894
0.31813246
0.4537423
0.78772855
0.8447006
0.79396075
0.578688
0.442006
0.4138538
0.30249795
0.42227948
0.40990108
0.26041153
0.23481406
0.23778822
0.18021779
0.25720045
0.32854366
0.59804523
0.6756424
0.8141117
0.81185335
0.7106575
0.68177444
0.78947383
0.8219287
0.80504966
0.6781228
0.7778513
0.72436494
0.58803093
0.5957456
0.7774056
0.81698036
0.7965064
0.6661463
0.63299423
0.75331223
0.7472882
0.65752244
0.75483686
0.66912824
0.7686918
0.23087977
0.22742899
0.1915213
0.6089958
0.2491684
0.47590005
0.6406504
0.15060398
0.13477106
0.5900278
0.15316676
0.14662768
0.61232156
0.119995736
0.07775521
0.09877337
0.119831406
0.5498076
0.10870397
0.17426494
0.7053857
0.7593297
0.3303192
0.19954538
0.74202716
0.16374505
0.06851465
0.06557286
0.079158016
0.07709601
0.6891961
0.75961256
0.80960107
0.84088403
0.85165066
0.8181374
0.80169576
0.76516557
0.8438661
0.8479462
0.8570239
0.8546553
0.8585296
0.1502403
0.06750503
0.054250553
0.06902667
0.09247454
0.09187826
0.13969252
0.8355748
0.79197717
0.09047399
0.050877783
0.05764434
0.107228816
0.079623885
0.05519057
0.061158802
0.09130474
0.68456125
0.14293836
0.19111824
0.7269447
0.2703676
0.26836425
0.5978499
0.09377486
0.09375661
0.12013865
0.7197659
0.7653166
0.2687588
0.16966726
0.09750125
0.11656635
0.5549749
0.6552707
0.7080151
0.7610262
0.33823103
0.2776989
0.23749204
0.21445395
0.2251328
0.63800126
0.55440825
0.7163197
0.74885005
0.74828905
0.6880778
0.25964144
0.19644913
0.18780376
0.20171916
0.6481321
0.70711493
0.72139
0.70323324
0.7098231
0.670642
0.62252456
0.5490663
0.3914756
0.3841096
0.36685884
0.2870312
0.38616377
0.46744835
0.39304614
0.4770547
0.5067444
0.44127598
0.42162806
0.39894232
0.2956819
0.31018966
0.5446371
0.5266661
0.55840945
0.55286866
0.49439684
0.5232158
0.38389823
0.42000136
0.44899377
0.4782118
0.4252433
0.40744746
0.69102114
0.5889521
0.5473522
0.7065847
0.6792732
0.35545945
0.27890843
0.33288237
0.4020139
0.65783304
0.42437357
0.37497798
0.4618564
0.699664
0.8198593
0.80096316
0.66977
0.6503036
0.10078459
0.09137688
0.13031735
0.12728733
0.1601704
0.21696359
0.16829959
0.14039353
0.65929586
0.100963056
0.09513272
0.10817282
0.6707768
0.34114546
0.203549
0.72038674
0.7427304
0.1485075
0.1057466
0.06305259
0.042117096
0.040893253
0.049571473
0.054767616
0.07830802
0.7726327
0.78441423
0.7337724
0.27651992
0.736553
0.74557996
0.1934183
0.071168534
0.044659104
0.05932977
0.046967447
0.04161147
0.07039716
0.8245025
0.3158347
0.84316534
0.85304576
0.8711793
0.19442722
0.11946298
0.09328737
0.079095
0.07576574
0.10518517
0.85302866
0.7169134
0.064769216
0.04577558
0.08451166
0.8720939
0.11739687
0.041060694
0.027476704
0.019645901
0.020003403
0.027730566
0.05094064
0.119413726
0.9671185
0.9572854
0.9505791
0.8824792
0.9081911
0.112344444
0.02740124
0.021221846
0.022364354
0.028141553
0.047588028
0.05290344
0.07543801
0.838681
0.07309089
0.06720406
0.0721209
0.76868635
0.7717225
0.0724854
0.07986147
0.12836988
0.15453172
0.15418866
0.18963464
0.7358398
0.18424048
0.5968178
0.14960672
0.19498694
0.82526034
0.8141295
0.8596643
0.7751755
0.113406904
0.062125586
0.04534866
0.06334709
0.10123552
0.7827886
0.7930374
0.87332046
0.84579104
0.50002074
0.7910902
0.7930047
0.80588526
0.78298926
0.7789118
0.21665874
0.13404664
0.10302531
0.095912345
0.08615255
0.10224114
0.17847137
0.180778
0.7774689
0.7679109
0.3020475
0.32657096
0.6200183
0.57462543
0.26829824
0.21041013
0.22207233
0.5353108
0.36426634
0.48741913
0.5194069
0.69877964
0.7018456
0.5879573
0.2637585
0.21109568
0.22361659
0.27128085
0.32950076
0.496108
0.45485535
0.44942483
0.34315416
0.38567802
0.5300556
0.5634477
0.4931396
0.30082428
0.20840357
0.15410689
0.24744533
0.38244092
0.4921569
0.6568681
0.7571846
0.51716506
0.6283119
0.4295825
0.3464624
0.29209167
0.3169044
0.36733854
0.59472513
0.5459152
0.2854042
0.23868403
0.36354575
0.43904364
0.7420053
0.68548083
0.45166427
0.2651037
0.4353389
0.4053558
0.47382677
0.7326532
0.7174677
0.53662837
0.46586654
0.4594947
0.15016872
0.09924194
0.11606947
0.17791706
0.30058238
0.73124003
0.71687305
0.8840897
0.86773944
0.21307755
0.10311652
0.121280074
0.17106564
0.2674165
0.78087944
0.6945431
0.3734461
0.38212526
0.19948427
0.11656281
0.055055894
0.043953173
0.06807175
0.10720249
0.16962978
0.09081152
0.063232176
0.07962274
0.865497
0.8692357
0.84048456
0.7807791
0.08420409
0.0628843
0.23589331
0.122406274
0.08071868
0.060597964
0.078257196
0.09005792
0.111540824
0.34767556
0.20615257
0.16503069
0.12517434
0.14745788
0.19840394
0.3286516
0.42055464
0.48682013
0.7250985
0.57052165
0.515329
0.26908222
0.20174052
0.16988689
0.12990107
0.19493079
0.20173654
0.18559828
0.24630706
0.38133436
0.3588172
0.4031055
0.5558606
0.5568968
0.4846169
0.51731217
0.46777678
0.20006749
0.1515452
0.17249529
0.37602752
0.3176702
0.63835424
0.30973315
0.47517404
0.24074134
0.30720142
0.7367969
0.72330254
0.79712903
0.6221658
0.26394424
0.20456594
0.35985762
0.23224945
0.32273704
0.38484782
0.41030356
0.5522168
0.56911206
0.7861561
0.72769827
0.109076306
0.09640965
0.11205407
0.18899675
0.22660936
0.09131148
0.0916142
0.14303945
0.9300246
0.8427756
0.9120472
0.19685997
0.146091
0.1095086
0.04256366
0.048265785
0.03434056
0.034073144
0.025832225
0.022825208
0.023332866
0.037758686
0.033819064
0.03846413
0.030514665
0.043217245
0.108426206
0.9340209
0.19432281
0.8774991
0.9620226
0.9465123
0.9552407
0.94107544
0.9239189
0.20955563
0.8842784
0.029505445
0.018301195
0.016451586
0.016691294
0.019062014
0.020191798
0.019534508
0.019371789
0.023987887
0.0603872
0.13731907
0.9551774
0.9471905
0.11859524
0.042688735
0.049713288
0.07482169
0.10886897
0.8200739
0.098998845
0.090695255
0.11169062
0.8581859
0.1406257
0.08643114
0.065215185
0.065069884
0.08300736
0.68903273
0.7638
0.86785406
0.8525802
0.92978275
0.16928162
0.06834819
0.036452696
0.048066977
0.058613785
0.047127906
0.033358518
0.0371263
0.8619091
0.82075244
0.87895495
0.8977099
0.9196437
0.95533365
0.8833503
0.9138128
0.05066277
0.031563368
0.03284222
0.04414214
0.06904634
0.059320025
0.078085944
0.11306883
