0.8487981
0.799065
0.7999001
0.8120738
0.8022989
0.38626012
0.33922958
0.26387662
0.19942886
0.17344588
0.19430497
0.801609
0.668792
0.18821478
0.18715289
0.71802396
0.07498959
0.07345753
0.07778028
0.08277933
0.04871073
0.04121326
0.05421329
0.7935229
0.72310287
0.10284716
0.09240506
0.79781073
0.96663064
0.9726332
0.9506986
0.096232474
0.087295674
0.8521803
0.039143205
0.02517594
0.023447117
0.056460135
0.08183951
0.082584664
0.106788576
0.8205369
0.34504294
0.21020116
0.13275105
0.085151725
0.056855094
0.06022835
0.07713918
0.12869778
0.8964413
0.9431761
0.9548257
0.8357005
0.106121376
0.034938466
0.021150313
0.01991686
0.023570925
0.080797315
0.9337274
0.95778275
0.9424996
0.8337859
0.11975016
0.14400251
0.31793243
0.9242326
0.063949004
0.024992287
0.018670445
0.017427005
0.018312577
0.03690717
0.9347207
0.96244144
0.95320463
0.9479673
0.052117866
0.019611914
0.01460527
0.01467544
0.023449674
0.064431414
0.9300745
0.097150005
0.032851316
0.037415966
0.8919855
0.95780474
0.96269053
0.07661818
0.029375317
0.022756552
0.026426246
0.07209912
0.116157316
0.07575572
0.07608155
0.13345109
0.91658473
0.8972162
0.74376
0.77368516
0.7854811
0.7851747
0.791006
0.11774386
0.067193635
0.07628909
0.7255444
0.77599084
0.07935124
0.057624213
0.04471012
0.029514858
0.024531947
0.023188237
0.03377183
0.9092274
0.9601872
0.9281336
0.9276487
0.9403166
0.92984974
0.053985085
0.030296545
0.025304023
0.053448662
0.062290315
0.09671788
0.12447382
0.86532843
0.7158996
0.82441086
0.7063092
0.7491728
0.8577934
0.7544029
0.8206891
0.6098705
0.14548585
0.11061795
0.109955646
0.39332008
0.21039993
0.19433393
0.15312845
0.22287132
0.17691931
0.23037875
0.7557882
0.92323977
0.93579984
0.15996067
0.07799404
0.09389565
0.90541816
0.9355134
0.91117543
0.6829215
0.08025676
0.07499001
0.17574586
0.7825664
0.6624599
0.18736593
0.1552473
0.16323733
0.3444649
0.8451578
0.8397985
0.2812898
0.2399192
0.5584722
0.76728857
0.7263808
0.8129518
0.5751092
0.45929313
0.22147049
0.26174724
0.6778731
0.5674879
0.5901114
0.6404565
0.81877303
0.18073308
0.0855547
0.08256334
0.07527134
0.070238546
0.8914055
0.947589
0.9624578
0.94835544
0.1172757
0.051657166
0.06842689
0.15437026
0.18566324
0.8542276
0.7677492
0.8921161
0.9070599
0.84921294
0.49671793
0.17865622
0.18830709
0.24771576
0.5175588
0.66078544
0.5851019
0.8952348
