0.7577431
0.5840882
0.5576971
0.53346694
0.5723735
0.6039392
0.7290367
0.7165778
0.8344943
0.8717426
0.8644165
0.80470777
0.6497459
0.6219557
0.6214657
0.61596847
0.59311223
0.5685123
0.20020986
0.14647125
0.110019736
0.08685477
0.12017763
0.23977824
0.911212
0.9422389
0.91756314
0.6842976
0.09524027
0.034875695
0.028825419
0.049973156
0.8916731
0.82542264
0.8282155
0.82735306
0.9260927
0.9132881
0.8154824
0.87102765
0.06963773
0.039994925
0.03799003
0.035919916
0.037922435
0.0495675
0.067393936
0.081375785
0.12226527
0.2367499
0.8927177
0.891596
0.61735123
0.40215656
0.39740106
0.70894057
0.59196156
0.5528532
0.43194026
0.14468756
0.13850702
0.17180656
0.25263828
0.15388039
0.15512653
0.6214187
0.5636796
0.1627845
0.1259194
0.61332595
0.606586
0.65380925
0.75194824
0.63258356
0.6030143
0.17153221
0.24923962
0.72252554
0.75768113
0.76166064
0.12179093
0.09523652
0.0957303
0.08687724
0.09954376
0.18391488
0.80014956
0.79298127
0.66274476
0.6374511
0.65025693
0.6715122
0.70295227
0.5752449
0.50840765
0.15961921
0.121236205
0.13984203
0.20407435
0.7346209
0.15575677
0.06414209
0.046795364
0.05425119
0.10642061
0.90602833
0.87992543
0.9478353
0.9236352
0.76813054
0.63416606
0.04757817
0.059865505
0.053166956
0.05020745
0.07598239
0.66173685
0.19392742
0.13753624
0.11490031
0.16502291
0.754913
0.6655732
0.7258153
0.516458
0.40140885
0.37523144
0.45459858
0.6688911
0.2199389
0.17318372
0.1784428
0.53500384
0.27096167
0.30383092
0.46030733
0.8244841
0.7147549
0.12823084
0.08466203
0.116237104
0.19290234
0.76742625
0.10598711
0.06856502
0.06500838
0.047233764
0.046336185
0.058744915
0.08765371
0.85201144
0.08831299
0.040912226
0.033685155
0.042679626
0.06322139
0.8817525
0.89414907
0.92120266
0.87681973
0.08841494
0.027499916
0.01920828
0.020642933
0.031617813
0.8298465
0.38595736
0.9359367
0.9487888
0.14634177
0.048525415
0.042077158
0.06349585
0.04676334
0.065931864
0.8088688
0.3273121
0.19912253
0.0717784
0.056514844
0.07207795
0.10372103
0.07868617
0.054620866
0.14634567
0.30761385
0.8065787
0.7535619
0.40026054
0.15518579
0.21951173
0.25790164
0.5625822
0.5172546
0.22756225
0.20120153
0.47059095
0.5442425
0.68918204
0.2497621
0.17172064
0.21725665
0.5030886
0.6361512
0.82747424
0.87415844
0.8320554
0.6149098
0.22586627
0.28560692
0.38529077
0.85876805
0.88852227
0.87611735
0.7856791
0.5158979
0.2032062
0.16360505
0.47059527
0.18674089
0.17151602
0.45463532
0.50008696
0.53158164
0.15991165
0.14300033
0.7134915
0.79613584
0.29202512
0.1869385
0.085541636
0.0619308
0.1016592
0.755939
0.856431
0.1564128
0.051919315
0.042481616
0.08461432
0.8114075
0.8180702
0.832231
0.8384056
0.88322824
0.06759865
0.036896203
0.034167066
0.08545913
0.8423166
0.90940064
0.8967672
0.11595966
0.060292456
0.06683
0.31151465
0.480785
0.85663164
0.58470213
0.53104776
0.6105383
0.6962567
0.30066735
0.28020838
0.8426461
0.8775707
0.82217556
0.2736906
0.14478515
0.45529696
0.23850007
0.23580317
0.66723824
0.6463145
0.78413194
0.7409768
0.51604587
0.25864992
0.22521904
0.24969101
0.5458463
0.21509841
0.16010064
0.11187868
0.13739803
0.13989109
0.7029713
0.18525891
0.15609609
0.11890564
0.08908239
0.08224997
0.059156593
0.0404489
0.04728046
0.08306865
0.16972733
0.93059844
0.9084116
0.8887287
0.22735882
0.051500898
0.040647715
0.072907135
0.7504856
0.12668921
0.09017815
0.09498917
0.058769654
0.07654082
0.19131356
0.6623617
0.11168371
0.09098807
0.6756044
0.73243415
0.82800317
0.7065387
0.07557733
0.08630849
0.07611186
0.078440994
0.11565203
0.7667154
0.8558929
0.8172704
0.8074634
0.8571894
0.7252781
0.69714534
0.76733476
0.86596966
0.87449306
0.9085325
0.87999934
0.21351324
0.11607513
0.06497703
0.058740333
0.26426545
0.8396371
0.8795546
0.68237865
0.17959106
0.14103016
0.63367486
0.14317735
0.110073134
0.097434185
0.1455053
0.71444166
0.75869566
0.8838282
0.7919239
0.7371074
0.7004772
0.05637696
0.03614251
0.031565104
0.042823613
0.090980075
0.90392786
0.82496345
0.80100787
0.79516006
0.85136193
0.8922442
0.87244815
0.109332696
0.055130024
0.03780058
0.038387768
0.29440993
0.88138664
0.9090831
0.3260023
0.150742
0.11049899
0.24991684
0.13686168
0.15153041
0.6669539
0.817403
0.49720964
0.2414293
0.21905825
0.7691965
0.64126927
0.5881617
0.21962672
0.1323523
0.14781033
0.15616164
0.11894492
0.15985009
0.6144286
0.5949762
0.63512754
0.58189434
0.73217076
0.5811136
0.2863313
0.220392
0.23583925
0.26446518
0.23863472
0.23396537
0.34199145
0.6166397
0.5443413
0.53013664
0.49268943
0.4340453
0.40316537
0.4030852
0.17625596
0.13737014
0.10643534
0.10884927
0.71011466
0.86040765
0.92181754
0.886218
0.6451197
0.5050473
0.12420615
0.08971873
0.11623779
0.2594881
0.69616866
0.54709333
0.17608243
0.12587835
0.13707617
0.32735258
0.5393775
0.88123536
0.8413642
0.336569
0.5850079
0.5903686
0.69977576
0.5597089
0.24484298
0.51000476
0.5212488
0.21665633
0.22481956
0.22009832
0.18271247
0.17025356
0.13660562
0.10828151
0.22229879
0.29667324
0.82472193
0.8178165
0.54793507
0.43758798
0.53959894
0.69157803
0.5489499
0.21051773
0.1695778
0.1794906
0.22349791
0.6506962
0.53857493
0.51551783
0.48760992
0.46148664
0.23589018
0.23486863
0.25057477
0.60767007
0.20836797
0.13730104
0.097712405
0.06918316
0.06161509
0.060566872
0.07639765
0.77344453
0.8232395
0.91390026
0.82163644
0.24985865
0.08309624
0.06106787
0.08311752
0.6235922
0.16720508
0.18990973
0.16473857
0.5373179
0.2872104
0.59288716
0.2796091
0.24851003
0.18816708
0.16457868
0.14270325
0.123872414
0.10397695
0.075516865
0.07368517
0.62634784
0.177408
0.23784082
0.2429429
0.9260872
0.9376896
0.91382456
0.10790043
0.07842843
0.11375422
0.7976473
0.7646756
0.19720489
0.11475639
0.08763168
0.07012664
0.07773596
0.119513445
0.29348576
0.8186827
0.7042954
0.6596918
0.73476326
0.6942915
0.62165105
0.5503648
0.46557683
0.14250682
0.09597128
0.092398815
0.17280799
0.748227
0.73022217
0.7000194
0.6777777
0.71283644
0.22732846
0.19370429
0.1966445
0.22875544
0.21723928
0.3232312
0.25399834
0.20351844
0.115560055
0.0826305
0.08767822
0.086448744
0.11828507
0.18819751
0.1279113
0.10630538
0.11042032
0.7207559
0.08590817
0.05135212
0.040865913
0.046101976
0.09067592
0.8674186
0.13193388
0.09044223
0.6333413
0.8006503
0.86685234
0.890931
0.90482235
0.90850824
0.84274715
0.74228656
0.08523762
0.09010189
0.72749305
0.30507576
0.88103795
0.08445034
0.038532462
0.03383267
0.041089974
0.06338909
0.09963227
0.12084882
0.13631305
0.16900842
0.85196584
0.81904465
0.7760019
0.7807585
0.80810964
0.77656627
0.7585704
0.7786893
0.85609525
0.85139304
0.85086644
0.27400118
0.15043125
0.08670535
0.09789517
0.60530573
0.21181142
0.20532714
0.19424617
0.22799568
0.65348244
0.55109084
0.60324216
0.6708237
0.5079626
0.3794423
0.35987228
0.31582284
0.41189224
0.608148
0.6803747
0.74088824
0.59117854
0.33388227
0.23768757
0.23553409
0.2058675
0.17905068
0.42089176
0.46492028
0.5838113
0.6935593
0.28280914
0.16248359
0.20105076
0.15210415
0.16386703
0.17608115
0.255367
0.46746838
0.5887204
0.81576914
0.56768405
0.25779313
0.26013634
0.7750272
0.23376878
0.13638504
0.07769378
0.06335265
0.10377361
0.7404326
0.8778973
0.79443246
0.24091801
0.1506175
0.07967362
0.16856273
0.9192429
0.9188157
0.847377
0.90382844
0.8781906
0.06054188
0.054087948
0.07524723
0.21284899
0.87381953
0.11659274
0.049634673
0.045344733
0.18056247
0.32454377
0.80775356
0.40297282
0.46173236
0.7193153
0.7513914
0.8286384
0.82782423
0.7594889
0.3170587
0.22463168
0.3541382
0.3920361
0.6169106
0.43630376
0.25109735
0.18058726
0.22802398
0.4367372
0.7491927
0.8122985
0.6241618
0.68381584
0.7320737
0.46405184
0.24127448
0.3879679
0.20485927
0.13470204
0.1445798
0.14162028
0.5209937
0.62745875
0.8468456
0.8534536
0.6923935
0.7616929
0.20008276
0.13623881
0.094015285
0.048313342
0.03401037
0.08930976
0.79137814
0.86288625
0.9390126
0.9316871
0.10189062
0.046020668
0.037442967
0.06841861
0.11711884
0.19062804
0.61157787
0.6571083
0.6879231
0.7751852
0.70595396
0.476783
0.44990912
0.5952991
0.8026172
0.8562613
0.8134779
0.48800004
0.1592777
0.17091031
0.42744398
0.20411639
0.15753594
0.50964636
0.5164193
0.26806337
0.34083477
0.39287332
0.40093306
0.86549
0.83357024
0.6312521
0.56690913
0.62060624
0.5916728
0.0806897
0.14374948
0.13442306
0.10990235
0.11140684
0.10860281
0.5623393
0.22426806
0.21929699
0.447735
0.47672933
0.5222465
0.63921636
0.50669634
0.44659272
0.4311167
0.2012103
0.1560768
0.17074372
0.2192837
0.5196861
0.21289112
0.1799386
0.16121112
0.16281001
0.16340359
0.18577194
0.67712975
0.6633158
0.22613837
0.097709514
0.07287096
0.09504869
0.18496206
0.85863405
0.9171299
0.9247199
0.89643216
0.7970359
0.70553416
0.6525458
0.69833994
0.81959885
0.8289518
0.7401634
0.8059885
0.7389595
0.8705448
0.8918065
0.8826485
0.8152478
0.76341355
0.7171246
0.70538497
0.7010753
0.74140716
0.14410584
0.07116078
0.12236375
0.14488746
0.15483823
0.13228673
0.08353461
0.06824262
0.08395802
0.09884116
0.7719646
0.7293052
0.2070569
0.20181867
0.17407642
0.114673644
0.7147105
0.6785438
0.067635484
0.07135647
0.055729594
0.067891695
0.15021916
0.8517428
0.8470903
0.9099351
0.13052002
0.08811426
0.045027696
0.07070849
0.89021677
0.8617516
0.88359964
0.9303659
0.92863864
0.9220519
0.056158602
0.027119428
0.02134206
0.037464928
0.049857758
0.028436013
0.026814876
0.042717926
0.07128668
0.9443815
0.94587183
0.93894583
0.868798
0.87178916
0.0945427
0.070761174
0.06546493
0.055805676
0.042582884
0.04002829
0.055594284
0.06717211
0.07912764
0.720336
0.7703211
0.8222916
0.7036588
0.6322608
0.6266401
0.19130671
0.21741346
0.2022223
0.11536868
0.121942766
0.13190325
0.08116936
0.07236473
0.08232514
0.16126794
0.8395369
0.85798925
0.8077553
0.2689701
0.18102106
0.13471928
0.12365462
0.11141605
0.09790557
0.09491177
0.612631
0.29832333
0.39576328
0.81022304
0.2809469
0.30731118
0.35714626
0.43560067
0.8276509
0.779336
0.751913
0.22214898
0.14611702
0.108659424
0.09506789
0.71285516
0.23785885
0.12452202
0.71231985
0.7647514
0.90259105
0.88980895
0.26798478
0.31441858
0.7466619
0.085872546
0.10250762
0.15004958
0.21745211
0.7426289
0.68560404
0.67611367
0.2832465
0.2969807
0.27664897
0.24182917
0.79831755
0.30356148
0.2543559
0.6166237
0.16291963
0.13503213
0.16186553
0.1230804
0.117379986
0.18177357
0.24138314
0.7463323
0.713817
0.6992887
0.7309716
0.5918426
0.47011733
0.22430193
0.1779231
0.15688431
0.1519424
0.16622892
0.2023073
0.32605365
0.2557403
0.13775784
0.13897023
0.16102615
0.19457932
0.37930894
0.4884806
0.85075057
0.62304556
0.10570898
0.07313226
0.09895613
0.728159
0.7427501
0.13612683
0.057960745
0.04430878
0.037128545
0.028506935
0.02533816
0.038911548
0.8739373
0.89869976
0.91781753
0.8827575
0.8577411
0.047626127
0.02342395
0.026327725
0.03728476
0.070890255
0.07441568
0.07921039
0.77487516
0.10509612
0.09278478
0.14553761
0.68714005
0.2303914
0.2018349
0.2073551
0.25815952
0.68123615
0.65866464
0.65856
0.66971207
0.6648612
0.7071883
0.71246254
0.6440408
0.46862447
0.39202142
0.35461274
0.40040544
0.52636003
0.34267533
0.3228966
0.32088655
0.42800462
0.55035865
0.63898927
0.6802472
0.7764357
0.74223894
0.5193968
0.33940402
0.25792694
0.39367446
0.3086701
0.3382955
0.36902505
0.4498413
0.44297767
0.51843834
0.4998963
0.77933997
0.7670902
0.81527704
0.77521956
0.58520514
0.2764763
0.23793164
0.18366617
0.18459909
0.19300026
0.16924334
0.1798713
0.16050628
0.18294081
0.21781269
0.23165831
0.26907063
0.44241226
0.85240656
0.8974975
0.8513869
0.5997013
0.46326667
0.38165018
0.13701552
0.109869
0.12121704
0.1125326
0.090374276
0.17890641
0.7810182
0.7798155
0.793049
0.8297808
0.12359857
0.09349016
0.17814791
0.19065283
0.16707678
0.25518113
0.48106754
0.47865802
0.4404113
0.29044542
0.38765427
0.25287884
0.3128926
0.43710306
0.3095732
0.42564136
0.25053808
0.2160852
0.16971609
0.14252411
0.1178989
0.13870893
0.22186956
0.751657
0.7401517
0.84043235
0.86632514
0.8627051
0.80565685
0.6416222
0.62154037
0.6145026
0.7310168
0.6328874
0.6737659
0.12946013
0.1182707
0.15913977
0.115729965
0.09669909
0.097386606
0.13204746
0.12192098
0.62948453
0.09101053
0.10644715
0.68601745
0.6916073
0.69954956
0.6772744
0.6668293
0.19870551
0.21900192
0.69330245
0.071424894
0.08655151
0.10393344
0.1187094
0.15993398
0.19831727
0.65444094
0.11779841
0.10415803
0.5927848
0.64985645
0.8005149
0.80010957
0.6965875
0.751865
0.6788727
0.78834164
0.64122653
0.20383209
0.11376059
0.062215496
0.051095325
0.073228024
0.7156427
0.23358373
0.20256878
0.7775979
0.69094884
0.6762433
0.7909894
0.8435912
0.90554595
0.8869751
0.7575228
0.120103516
0.10345284
0.065854006
0.045871764
0.06579482
0.116174944
0.25600138
0.79363996
0.7501796
0.15021023
0.12089604
0.10495534
0.108314954
0.08110066
0.114849925
0.11552043
0.10847339
0.09806034
0.11670481
0.15171883
0.5000211
0.14558583
0.13976088
0.14379328
0.14865063
0.18608154
0.6812831
0.8462472
0.8477917
0.20994262
0.13562128
0.13307454
0.5403284
0.1848942
0.24605136
0.17196935
0.66777843
0.20477563
0.16431731
0.2702792
0.751533
0.11586624
0.08935084
0.044953093
0.07731408
0.25385985
0.95489955
0.9064186
0.91539794
0.15479079
0.039864264
0.02807281
0.039768863
0.07644595
0.7246489
0.17244922
0.10591536
0.15466534
0.7978806
0.14436635
0.107152276
0.11499707
0.120914415
0.14433484
0.13772136
0.6693446
0.21129881
0.21700573
0.19363165
0.30505228
0.47871885
0.4401134
0.35180017
0.47039574
0.30802777
0.2387925
0.21940732
0.3121148
0.40358695
0.47060487
0.5497828
0.6573464
0.51877236
0.28953528
0.2402121
0.25050917
0.32029504
0.588722
0.48202968
0.40723148
0.30651516
0.531253
0.46600753
0.5925717
0.6876671
0.5371611
0.23244692
0.16161285
0.16409586
0.1567915
0.22176807
0.3791545
0.31969133
0.4706458
0.32879043
0.43488654
0.4875982
0.30474618
0.24643737
0.18914281
0.17035152
0.3850817
0.52683246
0.4764796
0.24667941
0.170298
0.31171998
0.4478721
0.76075274
0.80054533
0.6437764
0.7450902
0.3536434
0.2631044
0.17487404
0.15575743
0.17061318
0.15630943
0.53500086
0.5197615
0.23911855
0.22067693
0.20287587
0.4841891
0.14060001
0.100645766
0.1370621
0.27832675
0.8496697
0.8650777
0.7438804
0.7191317
0.7821368
0.60099316
0.10229183
0.15544082
0.14642741
0.20902877
0.7857311
0.35002056
0.31944868
0.3720208
0.17293698
0.10351783
0.08041538
0.062434092
0.06318812
0.09237556
0.19444878
0.7715585
0.78714174
0.76183116
0.10658809
0.07748171
0.068686664
0.056423765
0.06875892
0.73571336
0.75010264
0.8412282
0.7723244
0.15846533
0.1702101
0.14626394
0.75923485
0.7128202
0.64643776
0.695369
0.71334976
0.10653267
0.097570665
0.108289406
0.78291845
0.8603659
0.86872274
0.75954866
0.09204061
0.0835632
0.109988995
0.11801314
0.16223945
0.7505997
0.56013834
0.5952167
0.6256602
0.6389805
0.62347275
0.62376225
0.14193672
0.083587416
0.105205975
0.109798476
0.6054066
0.17805932
0.12038256
0.10534899
0.3287016
0.7898225
0.72272676
0.23835415
0.10729393
0.05944859
0.0678613
0.08735867
0.12284397
0.10159452
0.885949
0.8744074
0.7910882
0.8400072
0.76521784
0.080400765
0.07056919
0.10743869
0.115855955
0.13687648
0.061651558
0.05312613
0.09397999
0.85733813
0.8422111
0.8037836
0.79145277
0.08493935
0.051314846
0.07122958
0.10501578
0.23195277
0.16837579
0.14242305
0.17917877
0.72630453
0.6103895
0.5209777
0.56806237
0.65616024
0.7931519
0.71580625
0.65904295
0.6325215
0.16710925
0.13126074
0.16790597
0.24422318
0.18028922
0.19741568
0.35271335
0.6563846
0.5675441
0.2708814
0.6813727
0.8251536
0.8600259
0.7866468
0.55202776
0.16427138
0.11070104
0.2760306
0.36640218
0.36043775
0.5683662
0.83297163
0.7585159
0.55302197
0.60929227
0.37094137
0.17834899
0.1725696
0.2691061
0.31192195
0.39058146
0.40572864
0.45908526
0.21927863
0.25044966
0.2278674
0.46536872
0.45665875
0.24914266
0.32321197
0.2735761
0.2771633
0.33613098
0.31181347
0.3484786
0.41533077
0.27299803
0.29029042
0.23414108
0.2881543
0.2845485
0.44427016
0.4497712
0.2801164
0.20749167
0.16811748
0.25508124
0.23819347
0.54175985
0.47713593
0.1506205
0.1218206
0.09348466
0.24459739
0.8232222
0.455071
0.34418252
0.31883433
0.3879718
0.7406169
0.73730475
0.07667433
0.047972724
0.037655555
0.034253884
0.049727503
0.07112195
0.9573334
0.9511639
0.8953809
0.9521863
0.91871774
0.804207
0.03947123
0.030060269
0.037083708
0.06055247
0.07636186
0.08225672
0.79380155
0.749577
0.19997868
0.12870856
0.14374289
0.17372684
0.73766804
0.1611066
0.1007221
0.12225615
0.32805344
0.84976393
0.36622623
0.15014572
0.11040081
0.09936502
0.158492
0.5744605
0.64682645
0.42804205
0.42653713
0.5561639
0.75585234
0.79534054
0.6621626
0.762483
0.7143914
0.24284036
0.14868052
0.1710364
0.190369
0.20008357
0.43377852
0.1707476
0.18927948
0.1675439
0.18153527
0.5568041
0.6254553
0.6755544
0.7752235
0.67654055
0.14568104
0.096346416
0.10120294
0.21908887
0.74624336
0.75683755
0.8023517
0.74291784
0.3098089
0.27124408
0.45841613
0.48807508
0.6606403
0.63941306
0.69263935
0.7783146
0.7611259
0.62469417
0.19163252
0.18107945
0.23578785
0.34932014
0.40212464
0.3558575
0.52478683
0.61157525
0.6711271
0.2972336
0.27120152
0.2865496
0.29830346
0.62862486
0.60136116
0.4973259
0.59571177
0.5511372
0.4422768
0.5053901
0.54031134
0.61567116
0.56161577
0.4673004
0.39980328
0.52996373
0.4989517
0.50320524
0.53070813
0.54928637
0.5952999
0.5152333
0.2666451
0.26436296
0.26187617
0.24685936
0.20291372
0.22126605
0.3975702
0.24003224
0.22675632
0.28185236
0.33772728
0.323967
0.31497827
0.46768612
0.44709703
0.18693298
0.15068321
0.12166193
0.12967111
0.13994731
0.1794694
0.6194419
0.6915495
0.82512546
0.67919487
0.24323119
0.2493392
0.19621867
0.2303931
0.63315153
0.4962542
0.34764072
0.4488806
0.46705332
0.45472035
0.26396075
0.30959478
0.3735688
0.44304836
0.41176918
0.35107946
0.1975663
0.15411164
0.1519931
0.18520899
0.26015428
0.56758827
0.78561217
0.6816937
0.81431955
0.6413874
0.20307486
0.23149258
0.13220416
0.104319
0.10414437
0.14743724
0.131259
0.695005
0.7035981
0.12939356
0.09856561
0.105397545
0.17632928
0.11137355
0.09922442
0.07330241
0.055170756
0.05844163
0.095447496
0.76929146
0.115458764
0.0891895
0.09072129
0.7606975
0.82872826
0.8690615
0.8586037
0.16677108
0.13792625
0.10326659
0.65276253
0.11344675
0.14179364
0.57690734
0.08231916
0.06213863
0.08815226
0.51061326
0.5872803
0.63238734
0.67067486
0.7992151
0.77190506
0.7626991
0.74776226
0.101558134
0.0779296
0.08915453
0.07892155
0.07226464
0.78598845
0.069572985
0.040894154
0.062523186
0.116603605
0.91799027
0.8927014
0.89870155
0.93842536
0.93235743
0.91809976
0.07325151
0.028602902
0.029744828
0.0386316
0.0584601
0.09558635
0.083144225
0.06312794
0.07098545
0.7867351
0.8102372
0.816393
0.79875386
0.76368695
0.73683673
0.7334998
0.12945533
0.11526515
0.14704286
0.08346083
0.06352017
0.0677575
0.08045597
0.10657671
0.13194366
0.1722409
0.13075855
0.14489599
0.7322645
0.79289603
0.17565177
0.09784387
0.091657296
0.083538316
0.07840841
0.074783824
0.08092103
0.14678721
0.89175195
0.8320089
0.78275234
0.78483707
0.13287745
0.07008048
0.13435753
0.12739472
0.0968973
0.14446375
0.13837785
0.11990086
0.73886585
0.8336107
0.849078
0.6885852
0.7869133
0.6017762
0.50148517
0.2458131
0.22712173
0.4207923
0.29033265
0.3515946
0.50855917
0.54894304
0.4940217
0.4698377
0.6095771
0.57246643
0.43874258
0.617384
0.45804217
0.40667924
0.32300216
0.37465122
0.3148879
0.29534996
0.32144886
0.4999934
0.69941807
0.7633367
0.7207684
0.52069944
0.41687208
0.3554794
0.4024105
0.5514067
0.4083955
0.4087757
0.55091023
0.54581237
0.36141115
0.2521785
0.24388872
0.19470085
0.27562007
0.44482428
0.50655454
0.3402037
0.24291377
0.5604512
0.5181441
0.2683473
0.20328972
0.23623715
0.17637275
0.32780224
0.34164917
0.5394238
0.7663424
0.73163307
0.51681983
0.34551
0.16307966
0.19474155
0.2745877
0.3348463
0.5376485
0.6235311
0.29432276
0.22731218
0.24232611
0.34357572
0.5293294
0.7893973
0.83134156
0.7697212
0.59340525
0.6401044
0.2002751
0.10736427
0.09832081
0.2034552
0.3226609
0.83566904
0.86078435
0.77279174
0.85819983
0.8801177
0.8624695
0.78603196
0.78710806
0.84953815
0.8244075
0.7331624
0.27366897
0.2488089
0.22264032
0.18880664
0.16198765
0.52158266
0.60307884
0.48880762
0.35534203
0.27209792
0.48828325
0.3468186
0.31877536
0.30289143
0.4536135
0.380064
0.30341983
0.3466853
0.3245352
0.28103933
0.2309698
0.25522244
0.40582058
0.6491524
0.44281796
0.4115516
0.40575087
0.5194652
0.65458596
0.5633943
0.7272295
0.62042564
0.346824
0.220664
0.2657114
0.45195955
0.3950476
0.50292075
0.3401865
0.3298457
0.21942987
0.3833057
0.4001541
0.6253424
0.4679625
0.4171889
0.45122102
0.47824797
0.51135504
0.2763157
0.30298233
0.37711662
0.655562
0.6417961
0.3200249
0.23980229
0.17992792
0.18110453
0.29398784
0.32940164
0.45213106
0.54049647
0.33208877
0.32908368
0.5823063
0.38506564
0.3911966
0.5068148
0.50355685
0.28771874
0.17330302
0.23097591
0.18725629
0.24798149
0.32462478
0.42280123
0.25693446
0.26849476
0.5995196
0.75227237
0.7479353
0.4922167
0.2951251
0.2611927
0.20466465
0.18564187
0.44214526
0.55491096
0.65190786
0.47194177
0.22441404
0.38009122
0.26659754
0.1891284
0.4553217
0.48443103
0.65622425
0.803553
0.83682483
0.6399187
0.0747673
0.09040949
0.096420445
0.09960099
0.14158554
0.83478445
0.9100842
0.16149335
0.08320461
0.043435514
0.05971895
0.07753118
0.07781502
0.063718446
0.074720375
0.08225472
0.08002229
0.8410418
0.8795029
0.8794041
0.9211128
0.9414204
0.1963766
0.11613286
0.11357243
0.8590386
0.089904085
0.04219055
0.029752433
0.025490977
0.026340118
0.03465958
0.09498011
0.9264238
0.062753074
0.027933925
0.021592695
0.022611434
0.026485102
0.03721626
0.04246821
0.10792864
0.9328668
0.32033885
0.92830145
0.9464075
0.9543953
0.80231994
0.93311137
0.9373892
0.9009035
0.8849612
0.82711315
0.8671794
0.08580628
0.06862811
0.08910705
0.05008039
0.04435754
0.07406351
0.068610646
0.047134254
0.05662553
0.8944695
0.8668705
0.942128
0.09690016
0.07387941
0.06749312
0.032656085
0.037570022
0.078576274
0.058930922
0.044662602
0.037735116
0.035739478
0.05396651
0.06891687
0.0730811
0.08769849
0.164516
0.20307289
0.18186162
0.7313369
0.6813359
0.1167996
0.06807556
0.09030256
0.65491295
0.69796467
0.35604647
0.24414374
0.14476109
0.1295579
0.15812221
0.18535078
0.1874286
0.16178638
0.17310506
0.1810538
0.17460844
0.12710823
0.14224605
0.1359542
0.68214023
0.6567759
0.66290665
0.18332806
0.08682227
0.13574341
0.20320591
0.3794723
0.770554
0.82195
0.3870925
0.29453862
0.21934234
0.16042377
0.14096248
0.14430946
0.19966015
0.54584545
0.5471256
0.50579065
0.43856192
0.51158583
0.80312264
0.9019396
0.8305504
0.92341506
0.92021114
0.91227883
