0.74385005
0.6443673
0.5465341
0.6582174
0.84402674
0.80839694
0.4138294
0.44680175
0.6175925
0.818009
0.78881586
0.39623174
0.40524325
0.28250808
0.23955144
0.28252554
0.35654324
0.6489741
0.37441692
0.3157448
0.288388
0.260417
0.3555864
0.4649634
0.41742253
0.49847087
0.5165992
0.4891453
0.45901304
0.23817784
0.60200655
0.087252684
0.08836069
0.06537666
0.06027607
0.14204264
0.14245586
0.19485329
0.926942
0.93009454
0.8046071
0.12160642
0.052342754
0.039555106
0.04155554
0.03727153
0.063487835
0.11790866
0.6227528
0.39226344
0.82610786
0.64458525
0.6123057
0.122813754
0.066623285
0.05662477
0.05376008
0.08742988
0.8512158
0.7977054
0.8719073
0.7440109
0.09556455
0.051146973
0.05866619
0.08093566
0.11426556
0.47027174
0.2626588
0.27880123
0.74768007
0.16128176
0.07971596
0.047666688
0.04680149
0.07579706
0.7816785
0.8207514
0.84945846
0.8724636
0.77401483
0.12747806
0.07410004
0.07314333
0.06564196
0.07349367
0.08156342
0.14068754
0.636942
0.72494787
0.52553725
0.39174697
0.3710764
0.41229567
0.32864827
0.39768767
0.7204154
0.617219
0.14988141
0.086746894
0.0777562
0.08071005
0.09357498
0.07174268
0.10169616
0.87379307
0.8268259
0.8048865
0.76357573
0.76326114
0.6690663
0.09557996
0.11453823
0.11688595
0.07876625
0.07193266
0.0723053
0.1200616
0.5996168
0.7173181
0.2857165
0.3197923
0.6040793
0.62692577
0.5488297
0.49651575
0.41014332
0.33313993
0.24022318
0.30354598
0.35124478
0.3710805
0.35273245
0.46129355
0.59607536
0.63239396
0.71143126
0.7523715
0.74928224
0.5837102
0.49254653
0.45622966
0.44797716
0.47972837
0.5898436
0.5594577
0.40316504
0.37391874
0.30243042
0.2274093
0.37126946
0.4170825
0.21910681
0.19621725
0.23539744
0.29265887
0.2626098
0.19621313
0.21742214
0.21669705
0.34460893
0.4837212
0.7234216
0.60835904
0.57401866
0.5803179
0.5698071
0.54625124
0.2465661
0.13893077
0.13550347
0.17185326
0.17569175
0.27871308
0.7644216
0.7009727
0.694515
0.8251451
0.83596075
0.69645554
0.18000902
0.10143944
0.080471665
0.084236056
0.68186057
0.706273
0.7368992
0.11237611
0.05256192
0.043860592
0.058509298
0.07314119
0.043181658
0.050606426
0.8662432
0.9118634
0.8602319
0.8091609
0.7676546
0.047276206
0.02647021
0.033147946
0.0383606
0.028154377
0.029749474
0.07557927
0.81951034
0.9201947
0.8865474
0.14378993
0.16937545
0.6814379
0.16947845
0.16798382
0.16549177
0.12164732
0.09808682
0.09222987
0.10496179
0.1089271
0.14843804
0.18800703
0.26571086
0.6275666
0.835785
0.87621117
0.86858696
0.82055146
0.6924483
0.16463724
0.12460312
0.15661143
0.39041817
0.32357118
0.31468603
0.29787895
0.436758
0.6644262
0.6886687
0.69891715
0.6002375
0.3107538
0.19272187
0.22380705
0.2933746
0.3821017
0.574144
0.5782197
0.2679279
0.21672602
0.18434872
0.22371791
0.17442754
0.10097712
0.09758428
0.11547957
0.7562034
0.76688343
0.7613848
0.28809944
0.21886954
0.54397416
0.5974095
0.6429573
0.6760494
0.61240387
0.08243282
0.09899893
0.15458521
0.16932775
0.86799777
0.19503553
0.096866235
0.086267024
0.70267874
0.7398125
0.09629493
0.062702976
0.13408728
0.8734173
0.8585093
0.85148907
0.78607905
0.07469618
0.046862952
0.069824435
0.7142333
0.6762466
0.08613653
0.08659909
0.09866083
0.6357579
0.11700094
0.06421821
0.08245067
0.11978677
0.82093984
0.7225459
0.21831828
0.30258486
0.7591295
0.74967617
0.11765555
0.06464563
0.07613141
0.103508115
0.13348433
0.1291282
0.11270119
0.13695075
0.6078908
0.5275444
0.5064071
0.43361735
0.5176529
0.5426268
0.5669042
0.5837903
0.5266594
0.33266345
0.35876456
0.37724367
0.31141788
0.46585995
0.38590184
0.3233164
0.30233535
0.33142078
0.21619892
0.15850961
0.12543191
0.10901852
0.10477528
0.16615343
0.32983577
0.8849093
0.9236621
0.89465773
0.70471025
0.08386092
0.06488388
0.1083877
0.08182037
0.09351787
0.13162678
0.115366176
0.7447331
0.7325475
0.72656745
0.70491964
0.068123884
0.03776993
0.04418942
0.06771013
0.79046565
0.90040636
0.84893906
0.8362408
0.9142348
0.18566655
0.046323452
0.03448806
0.028118467
0.028358588
0.036975592
0.046450667
0.036521107
0.027297955
0.027809946
0.05191603
0.15624739
0.97462237
0.9658315
0.93891937
0.9208626
0.038204823
0.019565713
0.016776672
0.01816034
0.035519697
0.059222616
0.086227335
0.8963707
0.07616143
0.03852794
0.03662883
0.039013546
0.053967442
0.74813026
0.77739596
0.843733
0.90741694
0.9165628
0.8991529
0.8826481
0.08469369
0.05174797
0.07343523
0.12004384
0.8548651
0.8657922
0.86882913
0.8215378
0.80387455
0.8339272
0.8123084
0.17427121
0.08521638
0.11928577
0.5830314
0.22993982
0.23271652
0.78220344
0.6882939
0.20717126
0.11615139
0.16921504
0.83221227
0.8661564
0.33384058
0.29347754
0.2408822
0.1875578
0.14385445
0.75942934
0.7135921
0.80870557
0.77735245
0.7436493
0.7122358
0.70397645
0.7322659
0.110666886
0.06674134
0.07559804
0.09079046
0.17582515
0.8229676
0.83991677
0.12997071
0.24484023
0.32711256
0.7353371
0.70566994
0.09143747
0.08400416
0.09425339
0.14439048
0.1478626
0.17359182
0.16608821
0.1683072
0.19245036
0.28795362
0.798779
0.6251219
0.6039113
0.5593091
0.2065714
0.2113065
0.67373675
0.8104063
0.80879366
0.64732206
0.17214337
0.108306944
0.1215855
0.19134977
0.34056205
0.36024743
0.4265391
0.32286963
0.2838896
0.25432312
0.2487115
0.52946043
0.29541638
0.21112189
0.21566252
0.16474189
0.5556398
0.6345839
0.82131666
0.83652955
0.6571856
0.36535573
0.22695604
0.16736096
0.27137083
0.15126494
0.1399367
0.37876266
0.5512163
0.8044654
0.3318743
0.2565498
0.52500755
0.23358625
0.63215286
0.6491228
0.78069985
0.6362244
0.58201087
0.5455503
0.24396595
0.62589204
0.2908934
0.17945625
0.1633583
0.15435606
0.15003203
0.1592398
0.5585503
0.16253826
0.2040951
0.42586604
0.31583044
0.73794806
0.20453216
0.13828091
0.09347091
0.059315976
0.08029088
0.74833363
0.8236089
0.11716303
0.035853043
0.02533431
0.030228315
0.87132317
0.8152427
0.97576606
0.98017704
0.96428376
0.937098
0.04183611
0.02629282
0.023017514
0.034206674
0.73362654
0.69359237
0.13007532
0.070780896
0.08935014
0.119185425
0.23076871
0.73254365
0.6782634
0.1980038
0.1318537
0.21648425
0.34136426
0.81807864
0.80259013
0.2898781
0.1447478
0.27780405
0.38146082
0.7648961
0.79657567
0.683716
0.78188777
0.70063627
0.755503
0.5747371
0.513537
0.5810819
0.743864
0.6722541
0.8132722
0.1670534
0.07022135
0.0629478
0.07208547
0.11256106
0.8924203
0.9316599
0.9534843
0.9481102
0.93681115
0.9036217
0.8518291
0.85094464
0.7678157
0.77474076
0.11205873
0.06738298
0.07633258
0.089308284
0.11934937
0.62426114
0.78488004
0.6409356
0.31651777
0.17114526
0.20256388
0.16164131
0.27517682
0.45531353
0.29074442
0.24132262
0.22526294
0.28212476
0.39736292
0.22919345
0.275575
0.43027738
0.67840344
0.8119382
0.8055044
0.5544949
0.22546968
0.18912311
0.26218092
0.61633384
0.45994172
0.40049002
0.41137543
0.3806908
0.17974856
0.17929932
0.19900253
0.27693653
0.24373707
0.43752083
0.2655705
0.4585088
0.48603144
0.6232673
0.8027045
0.8677616
0.8369172
0.66400796
0.6694204
0.49722996
0.5422073
0.5456587
0.52785534
0.5478006
0.5520036
0.54409266
0.5596105
0.66598094
0.35735044
0.56967205
0.33644786
0.24371003
0.17503738
0.16840522
0.22935615
0.62484306
0.583119
0.3924138
0.42071962
0.5439893
0.53471506
0.5343465
0.46626648
0.276873
0.3011654
0.35722142
0.5093067
0.53456986
0.48335636
0.21799313
0.22841668
0.27626112
0.3167383
0.3441369
0.3497154
0.2461347
0.1436175
0.12802362
0.21420984
0.77941483
0.7179139
0.66559875
0.66519046
0.0916908
0.05479953
0.068438746
0.12059646
0.73620075
0.89207107
0.86455745
0.85839427
0.892154
0.8844442
0.22164775
0.080235444
0.05738356
0.089230455
0.76090187
0.12675081
0.097984985
0.13204092
0.22861344
0.36631307
0.7566132
0.6790681
0.5682537
0.38934007
0.40718207
0.23255272
0.23503166
0.25475016
0.22397828
0.24979961
0.41982442
0.42292902
0.44561392
0.22088751
0.23550227
0.42406034
0.25614923
0.22835632
0.32998845
0.7970403
0.7916469
0.8170244
0.660306
0.6144282
0.6378912
0.71241283
0.66528183
0.7808888
0.7734394
0.24548224
0.23459022
0.33795747
0.72934955
0.2941093
0.3089286
0.5703813
0.6393364
0.71335155
0.6874306
0.70162326
0.6802576
0.6269506
0.55104345
0.53754956
0.4861028
0.59021044
0.7389791
0.8040887
0.8003975
0.72131836
0.58526784
0.42574975
0.4815052
0.54204196
0.60787797
0.7488169
0.7632636
0.8078879
0.79874265
0.7168101
0.5514002
0.4627761
0.5485324
0.63065666
0.6105733
0.55984247
0.43003032
0.47358698
0.3823645
0.25875762
0.2664302
0.25657585
0.39738128
0.47617406
0.47095233
0.6227802
0.43244132
0.3165906
0.2501371
0.24419206
0.3443477
0.39090902
0.26681635
0.28070614
0.39037174
0.33868387
0.25722134
0.26862583
0.5372983
0.30869845
0.2775321
0.35881564
0.31521848
0.3961745
0.44353592
0.562701
0.5155726
0.28890505
0.30631113
0.3607865
0.37453154
0.41232464
0.75533503
0.2646096
0.15636264
0.08066665
0.052593503
0.067406274
0.11521595
0.15447298
0.8385966
0.90521497
0.7729098
0.7132431
0.35027045
0.8020163
0.17264143
0.09425613
0.06475501
0.063167796
0.10821245
0.16867249
0.6009804
0.66370815
0.77877843
0.6837189
0.8151304
0.8183853
0.4988299
0.20976554
0.12549104
0.10476685
0.17177953
0.28024822
0.43243197
0.3943724
0.45802432
0.6445829
0.8398694
0.87734926
0.8376051
0.16807418
0.055175584
0.077623725
0.091042295
0.11390743
0.76812273
0.8868902
0.9017696
0.17924741
0.16022524
0.10913541
0.096201956
0.11844765
0.20701662
0.8794993
0.7517303
0.8119137
0.72184926
0.7571401
0.6507217
0.64311826
0.77292234
0.89394164
0.8968017
0.8957698
0.120765686
0.063965075
0.099470705
0.12551081
0.1547264
0.21098371
0.85941577
0.7100882
0.11879086
0.078394756
0.05220924
0.060337283
0.13205343
0.7950814
0.89295465
0.8931369
0.8134254
0.11315193
0.08538065
0.085420385
0.16262582
0.8931139
0.8490909
0.9204224
0.9157811
0.85537046
0.8487663
0.7929657
0.08491323
0.06435764
0.081788234
0.09152379
0.79689187
0.81266236
0.87150884
0.91505426
0.9239877
0.90519035
0.90160346
0.18634944
0.09351596
0.069773614
0.09336917
0.10651622
0.8268638
0.8351724
0.8890867
0.85950756
0.12350567
0.05485429
0.050005514
0.076637745
0.10263025
0.7206347
0.78041005
0.6309898
0.6782471
0.815824
0.7716261
0.8248043
0.22559421
0.1361872
0.10835213
0.1051523
0.123109
0.1306432
0.12439539
0.13214995
0.29907864
0.69067645
0.6958995
0.74880344
0.8361771
0.7319866
0.26004744
0.17992993
0.14364967
0.116600655
0.13673565
0.5784544
0.52694434
0.51664
0.4574055
0.4378621
0.49283037
0.47320932
0.202249
0.1952703
0.4421418
0.41507646
0.44893703
0.44391397
0.41298342
0.4390657
0.4406612
0.5515975
0.67076194
0.5613223
0.37564614
0.42373273
0.33263594
0.36123398
0.6182578
0.3245456
0.46541002
0.4162312
0.4236747
0.38116583
0.4875199
0.40195912
0.38448548
0.34198454
0.29255185
0.28093237
0.2992284
0.36480978
0.41795054
0.48740706
0.3172187
0.29499817
0.36366764
0.45782995
0.57890075
0.6406482
0.51419747
0.44033566
0.2614642
0.18303378
0.15911768
0.14793158
0.18550605
0.25364754
0.7876815
0.7983382
0.7823665
0.76755923
0.34653947
0.3161677
0.3129484
0.5229896
0.51683
0.5415592
0.55632585
0.52666
0.6567808
0.6694699
0.6824726
0.62138814
0.5631528
0.51603067
0.5699102
0.35035408
0.2942476
0.31378236
0.34951505
0.4126492
0.55773515
0.8392036
0.8199539
0.32032764
0.15717949
0.09097194
0.08007795
0.120179296
0.8547805
0.90774906
0.31041896
0.10327662
0.07748099
0.3218321
0.7071852
0.6912444
0.63927144
0.658258
0.16672948
0.1142366
0.10756094
0.19219555
0.704641
0.15971918
0.08561269
0.07650539
0.099123165
0.16053998
0.2921016
0.8255795
0.78667265
0.7271571
0.13587642
0.10936428
0.61064625
0.1286547
0.15367155
0.22603329
0.90133893
0.9046511
0.7176164
0.7301814
0.7296266
0.79525244
0.15594672
0.07640958
0.11694546
0.8458425
0.073621474
0.052798685
0.072386034
0.10242811
0.065091476
0.063303895
0.1345872
0.26025438
0.9492479
0.94703597
0.93918145
0.120770454
0.057276603
0.03136499
0.0221848
0.023567075
0.06076814
0.811353
0.95218337
0.95276153
0.87395936
0.90408397
0.8132405
0.7738417
0.05698981
0.04755971
0.032828692
0.03691672
0.064074695
0.11837325
0.9087744
0.91974866
0.9357448
0.9322379
0.90272576
0.8183614
0.82574916
0.8765198
0.8182844
0.61724013
0.12033365
0.079413354
0.08832878
0.14780271
0.24474917
0.73364615
0.47757572
0.46476826
0.48730496
0.35829145
0.31023118
0.34656036
0.24442583
0.20263867
0.23035897
0.3143536
0.5345249
0.6083285
0.4152216
0.3208405
0.22952521
0.18144214
0.21254072
0.4131174
0.20811585
0.18368797
0.17285244
0.34686464
0.23107153
0.28052035
0.6872439
0.73434246
0.27278298
0.7001187
0.821353
0.9014684
0.8640896
0.7255198
0.7387099
0.39028206
0.72673213
0.56745243
0.15882787
0.15679762
0.11655238
0.12737575
0.1308987
0.27527314
0.7603978
0.54654956
0.46291927
0.48474565
0.1538697
0.1470692
0.113372795
0.13208342
0.1022059
0.060981985
0.07218107
0.08191446
0.74149156
0.8484965
0.8210592
0.80565315
0.81398875
0.88424736
0.18681991
0.06858983
0.028826581
0.024569578
0.050374795
0.15759963
0.8437831
0.80510765
0.08850227
0.051466953
0.14488956
0.8697038
0.1901312
0.7928777
0.918431
0.9207498
0.909369
0.918931
0.77821213
0.18456553
0.79490495
0.051631574
0.035776727
0.031736597
0.038932692
0.051143903
0.046921384
0.050260022
0.069152355
0.085652456
0.093247645
0.08890488
0.088345446
0.08940519
0.09645934
0.09486579
0.09439571
0.09870772
0.11442886
0.17858504
0.2641832
0.84699345
0.7233537
0.15996262
0.08989746
0.06751114
0.07222931
0.07233054
0.06777094
0.07447712
0.09155413
0.11904375
0.8331567
0.76763177
0.76060545
0.7846643
0.88664025
0.90026605
0.82050455
0.7589726
0.11404208
0.12009056
0.72876334
0.09636296
0.047529638
0.043596096
0.058023576
0.77888197
0.7551942
0.82103586
0.864576
0.9188386
0.8981088
0.8741798
0.89404064
0.090655655
0.047622114
0.046351563
0.09347967
0.7531238
0.14225662
0.13749227
0.8101472
0.7995695
0.8272424
0.8484941
0.90410715
0.10451293
0.0407862
0.029082073
0.03162999
0.06510624
0.048932564
0.06956674
0.36288038
0.9285787
0.32242328
0.88170654
0.75083727
0.74245024
0.82366115
0.8329226
0.2699272
0.79901475
0.105402365
0.073628336
0.056060072
0.07039657
0.07848344
0.09119272
0.6858943
0.13899258
0.12199399
0.60207635
0.67345136
0.8835226
0.8863586
0.7290288
0.5958473
0.08174543
0.15067244
0.16675511
0.2679608
0.43889987
0.43627283
0.18750826
0.21299179
0.278748
0.5859735
0.7616405
0.59025645
0.32105854
0.2105319
0.51783055
0.4954105
0.36587963
0.28037208
0.2874172
0.38209105
0.37285516
0.24480943
0.2685268
0.4073471
0.62405026
0.8187831
0.70898527
0.3857307
0.22605965
0.17335336
0.13735245
0.095439285
0.07720148
0.08691902
0.12300905
0.7668585
0.8720895
0.29750326
0.27570072
0.8437198
0.72396666
0.14774607
0.12232156
0.10796765
0.80572146
0.86677825
0.7709967
0.2494135
0.28079477
0.38660768
0.66691905
0.095506266
0.23594815
0.68645537
0.790235
0.15925296
0.06441145
0.09798315
0.19851573
0.33251035
0.45717555
0.52112776
0.45693034
0.7890707
0.5625834
0.5479803
0.5906931
0.12078882
0.089206666
0.070969805
0.079679266
0.09692731
0.16482781
0.10223464
0.08666987
0.8915155
0.76476103
0.8318672
0.9190338
0.9091684
0.7713011
0.73164123
0.049658544
0.04665516
0.036569417
0.050107025
0.06488412
0.102430105
0.09158026
0.10943584
0.16517986
0.13233064
0.17332396
0.14072642
0.18368486
0.7071952
0.7913129
0.21109098
0.24171549
0.34190464
0.1342832
0.10397873
0.08633278
0.12807482
0.8135524
0.79664606
0.8264381
0.73598033
0.21840185
0.120880015
0.08919688
0.21315065
0.17350045
0.15837012
0.19218443
0.5881042
0.75785583
0.69874865
0.8431304
0.88700795
0.8867588
0.8317907
0.6639094
0.5938017
0.49508026
0.29094952
0.24195522
0.2573285
0.60335475
0.47992238
0.405582
0.364569
0.27841875
0.24584429
0.24945143
0.5894934
0.79654
0.82085437
0.6862311
0.41372183
0.27617222
0.17381519
0.15953065
0.22855775
0.39731553
0.5775854
0.58402777
0.7633696
0.79452354
0.6369498
0.7375711
0.7151256
0.41420653
0.30422443
0.2640841
0.22484219
0.26867035
0.2397897
0.32666996
0.28509668
0.4204832
0.4832692
0.3978064
0.36332512
0.45645836
0.553377
0.4344982
0.37808862
0.39781186
0.24714622
0.18920416
0.239102
0.33441466
0.3111148
0.2293242
0.31999746
0.34495446
0.43929893
0.40424868
0.43003845
0.61995256
0.5407078
0.663269
0.26733583
0.23984917
0.21683781
0.41546938
0.3140421
0.28145537
0.49844256
0.44483703
0.4693937
0.42506224
0.40628096
0.4772743
0.5599461
0.69868374
0.45038992
0.31155095
0.37566176
0.34853542
0.27023247
0.29307583
0.25092974
0.33387387
0.3974685
0.20507841
0.18057983
0.56905466
0.63153535
0.9129346
0.9456593
0.9607509
