0.83147794
0.6367116
0.6918407
0.7001735
0.74978715
0.7590764
0.71820873
0.66737556
0.37706536
0.48048538
0.5918492
0.65110976
0.62903327
0.7379961
0.39133757
0.33656532
0.3045432
0.28420946
0.57523054
0.70467055
0.649337
0.45953286
0.44442317
0.35639948
0.39847106
0.759429
0.69104135
0.76539254
0.22346915
0.1213419
0.12212737
0.2388305
0.8955888
0.92949307
0.9234122
0.16903009
0.14133732
0.0747407
0.047286328
0.042729657
0.047327887
0.049109016
0.042644374
0.043305535
0.073595546
0.8694041
0.9451637
0.09105212
0.032497354
0.024490446
0.036578167
0.12261106
0.9280006
0.93617153
0.9297871
0.91998285
0.8723629
0.8972036
0.08753603
0.026535477
0.018487608
0.02131792
0.06913424
0.9484098
0.94633865
0.93341345
0.066706695
0.045697752
0.110241644
0.8143687
0.84654284
0.06666849
0.041648567
0.036116205
0.051268924
0.06751487
0.081060655
0.111229494
0.8665622
0.83738434
0.8261833
0.82483435
0.77195984
0.08693051
0.07559384
0.118967414
0.18247011
0.53038764
0.3596243
0.39874992
0.7083344
0.4682191
0.46101668
0.70060253
0.7111025
0.6861738
0.66775495
0.33191362
0.3967042
0.4336918
0.7018091
0.7514493
0.75683
0.72674114
0.23735319
0.26714796
0.3132692
0.6985097
0.69866824
0.7050607
0.7627662
0.5641284
0.41758475
0.38205817
0.42132142
0.5940245
0.7895717
0.82905537
0.7256212
0.8038505
0.74940914
0.5578409
0.5000387
0.52154183
0.55736935
0.712628
0.7472991
0.7826603
0.82631177
0.79692227
0.41810292
0.25498822
0.20422548
0.24138069
0.666796
0.29135615
0.22139956
0.2043108
0.20346062
0.30433205
0.3336977
0.3732659
0.50946367
0.44919646
0.53420323
0.699907
0.39850324
0.39671573
0.45257798
0.84515494
0.88477844
0.8459746
0.6368059
0.22850382
0.22692542
0.16953686
0.19347298
0.56913304
0.5919939
0.7850557
0.3214975
0.19839753
0.20912948
0.1919818
0.84024394
0.80665404
0.8118047
0.8594386
0.7852306
0.7150604
0.64342815
0.57978857
0.621121
0.7849405
0.6387257
0.07145126
0.08335384
0.086305596
0.1395507
0.80463904
0.88998795
0.89592344
0.13838771
0.08285193
0.07655252
0.07748612
0.09322151
0.09547191
0.10921126
0.17980295
0.88022524
0.8614756
0.8606024
0.85522217
0.8823824
0.88627344
0.8235328
0.81882715
0.31752113
0.20946269
0.10433943
0.12781744
0.19312923
0.16258185
0.21705028
0.62695485
0.31180605
0.23085147
0.1435348
0.11303549
0.12495332
0.17200917
0.124601945
0.09982223
0.11234662
0.17019494
0.20855698
0.23842399
0.27162743
0.2902325
0.85155624
0.8524068
0.85253024
0.8220106
0.81533045
0.7984808
0.7893212
0.7919409
0.81116
0.7284001
0.6921733
0.6489836
0.683718
0.862315
0.88550025
0.75710934
0.72459906
0.08493901
0.061824087
0.08657342
0.688336
0.09410745
0.061606176
0.076891944
0.8553225
0.79114974
0.7867904
0.8010523
0.93336076
0.9375786
0.761439
0.07454668
0.036703054
0.03597932
0.065558754
0.09030835
0.08405506
0.07297472
0.061058823
0.064816214
0.86222035
0.9420462
0.96076804
0.8791346
0.04897236
0.028262533
0.025428995
0.020100715
0.032811582
0.9025597
0.84416604
0.97072965
0.96903515
0.9598705
0.12428984
0.034875166
0.020370532
0.018768758
0.032252286
0.83263683
0.8194823
0.86398613
0.91843057
0.93709666
0.08156295
0.050728034
0.10998975
0.16190918
0.1287716
0.07281751
0.06213086
0.073721394
0.8762117
0.080564104
0.064504564
0.11955403
0.15626088
0.15700272
0.8869252
0.8788096
0.8856407
0.8725656
0.7653127
0.0957142
0.100932114
0.8587126
0.050936047
0.032298382
0.046263866
0.069728345
0.07546217
0.06967957
0.9223916
0.8748258
0.8622269
0.9462523
0.92923474
0.9111775
0.92667127
0.10204776
0.0947434
0.09246201
0.08197778
0.04559659
0.03878003
0.044493075
0.066050544
0.9013484
0.805773
0.87671214
0.89083743
0.9059942
0.91501117
0.88420224
0.8517256
0.121161185
0.11034856
0.07107812
0.054767556
0.074998155
0.86713636
0.07302659
0.03803814
0.053276416
0.08556784
0.11064063
0.8346155
0.8864532
0.9249647
0.9287337
0.9183345
0.87710327
0.7919074
0.7474535
0.7480738
0.1937133
0.11485179
0.09305353
0.103971764
0.12178695
0.12662822
0.16050927
0.6490969
0.567826
0.58528143
0.6391152
0.20600806
0.19100544
0.24615927
0.13341978
0.12851559
0.14748095
0.1870998
0.1354147
0.086307906
0.10774448
0.5949848
0.53286326
0.4958875
0.62048644
0.85011494
0.9293002
0.94205403
0.93786114
0.9166594
0.6899561
0.15162686
0.04374682
0.028711995
0.04450765
0.095899686
0.05070053
0.034418818
0.035319697
0.06692738
0.95727307
0.97204304
0.9602529
0.87023586
0.7879119
0.7743051
0.035874717
0.027403051
0.050761305
0.09048543
0.07730518
0.0615146
0.06330689
0.10488649
0.18708843
0.78606784
0.7680183
0.8149622
0.4027943
0.19851105
0.16044804
0.19026329
0.29267746
0.6941547
0.6154184
0.5673523
0.27252874
0.1649598
0.123721994
0.16734141
0.18945028
0.17476048
0.24936329
0.850693
0.17007498
0.116740614
0.08162435
0.06441786
0.0873742
0.6805327
0.22227113
0.2659657
0.8759381
0.10026839
0.086797245
0.24156839
0.7628852
0.7948211
0.14305684
0.16349255
0.13166372
0.105608314
0.6924274
0.33316404
0.7616428
0.29509228
0.6896507
0.69080454
0.7065245
0.1702905
0.1242374
0.6861772
0.6552383
0.7193973
0.7284439
0.22621812
0.2725938
0.8143721
0.83917123
0.078914024
0.05582952
0.060378656
0.057676002
0.08016452
0.072284766
0.060873624
0.08562677
0.90513635
0.12531462
0.045554195
0.041203927
0.11687749
0.94682777
0.95815396
0.93129563
0.9480933
0.8581249
0.8172599
0.082319215
0.13956998
0.20424332
0.23794898
0.91815364
0.92591906
0.15247712
0.067576684
0.07792815
0.0603072
0.046775024
0.059607223
0.091290444
0.10543733
0.84610045
0.8990252
0.1612745
0.07776202
0.06499973
0.098005556
0.8585939
0.86548626
0.7854874
0.20875187
0.17423724
0.7721785
0.11678766
0.1254219
0.12923586
0.14869994
0.64898205
0.23833488
0.17186645
0.14476755
0.6501927
0.4068169
0.48208797
0.6795285
0.34436008
0.6362989
0.21951757
0.20814326
0.23019817
0.1863556
0.65362084
0.38998508
0.33373165
0.64903504
0.64571625
0.62450814
0.623328
0.5988385
0.19367632
0.16951801
0.60080755
0.1583483
0.109384455
0.12560746
0.16104712
0.155669
0.15698472
0.3783809
0.8449013
0.81571585
0.56635845
0.1847077
0.1718864
0.16654938
0.25537297
0.47986105
0.5743468
0.39345312
0.31847703
0.24216835
0.15412045
0.1486537
0.18941824
0.101989746
0.07937126
0.18672442
0.894698
0.94982827
0.961657
0.9577647
0.93344384
0.82694715
0.7423197
0.57421035
0.06481072
0.049883343
0.049225572
0.06544762
0.08294963
0.12279306
0.8724777
0.83602524
0.9353551
0.93669325
0.9344886
