0.80089426
0.73234856
0.7569129
0.87980866
0.93246293
0.89827776
0.76026887
0.8385936
0.099177755
0.050890036
0.044948097
0.06917021
0.0794773
0.13311648
0.9281924
0.860258
0.8359217
0.90243775
0.11101773
0.06174691
0.10080891
0.8991827
0.7939266
0.7951522
0.79358697
0.7821075
0.81840056
0.06940117
0.055066567
0.05311617
0.075715765
0.058523715
0.072313376
0.101112455
0.087956935
0.08031325
0.2017814
0.21009503
0.2778956
0.8567316
0.79045385
0.90016615
0.9256629
0.8921715
0.5696724
0.50868404
0.4439448
0.14287275
0.16795288
0.17994738
0.6079708
0.77310497
0.8129181
0.44547585
0.36576787
0.18379526
0.10119041
0.0904914
0.10624654
0.14545225
0.2134342
0.74170417
0.8494788
0.8730276
0.8075719
0.16983864
0.116067
0.08615293
0.06633259
0.059335403
0.049555905
0.04784294
0.03330497
0.04549831
0.10551697
0.90274113
0.05127301
0.037876286
0.049512718
0.02152046
0.018550763
0.024713624
0.92632014
0.94640946
0.9738956
0.9111098
0.028658854
0.01832343
0.017923193
0.021457661
0.041922122
0.029990237
0.03230463
0.038874116
0.041915823
0.04572016
0.061791677
0.07857789
0.10897201
0.13575022
0.15378742
0.15214218
0.8151083
0.7341831
0.53114647
0.56565475
0.6098553
0.6745549
0.7208272
0.71786547
0.73056287
0.7553847
0.734289
0.7638783
0.7457028
0.5828132
0.64083606
0.63322026
0.55344284
0.6932189
0.5903004
0.5359561
0.5035931
0.33492306
0.28923213
0.20140834
0.19560985
0.20992997
0.27897635
0.37595296
0.32059923
0.32865253
0.3594736
0.43669355
0.59986836
0.7912479
0.830359
0.8085395
0.5460081
0.25136605
0.20728357
0.3549556
0.25985116
0.31006658
0.6889339
0.56645226
0.4538558
0.5706875
0.593926
0.4361264
0.4748378
0.5961824
0.7336258
0.53804845
0.45013866
0.1834873
0.16041705
0.23735698
0.63694483
0.8648005
0.86506426
0.64091766
0.58992314
0.14780658
0.12950358
0.22543018
0.1830971
0.72309405
0.84654427
0.75685453
0.84256727
0.6952402
0.15545058
0.10187239
0.09431339
0.08542376
0.5625451
0.589776
0.6780825
0.84445363
0.89406615
0.84721494
0.6025969
0.4458077
0.5761748
0.11597397
0.078286536
0.11827044
0.16089611
0.26941526
0.37870544
0.9231397
0.9088859
0.8705111
0.6287009
0.19781812
0.21216682
0.8441298
0.12955575
0.06583797
0.080188274
0.70134425
0.102146916
0.1057083
0.05506721
0.056906227
0.80383235
0.9104912
0.8706695
0.85747707
0.8876336
0.05588388
0.033689793
0.042661816
0.087811194
0.8612649
0.106744386
0.06037777
0.10003564
0.77082634
0.21155836
0.28895426
0.88392574
0.899391
0.21072213
0.13533202
0.10778446
0.09397274
0.08990153
0.19184858
0.7268362
0.74019516
0.7106244
0.58003646
0.5882186
0.76036954
0.8278548
0.8377668
0.8021111
0.67316884
0.6581215
0.43059215
0.3919541
0.31291685
0.2858796
0.2586198
0.21889305
0.22659849
0.30479434
0.2831122
0.37721017
0.43382952
0.45376664
0.5209975
0.39652917
0.2582012
0.18345892
0.18036675
0.16497678
0.2357725
0.52276814
0.4472125
0.32382885
0.372051
0.41441798
0.71966785
0.35851645
0.18190704
0.12306198
0.13089058
0.15455979
0.19280493
0.34566012
0.6530068
0.6233629
0.18876605
0.26015222
0.15226948
0.15393706
0.16243236
0.07525674
0.06972779
0.098591745
0.124847785
0.09164068
0.08236002
0.61145043
0.24832581
0.784221
0.83533
0.87143135
0.8913821
0.8572146
0.8056591
0.8328242
0.05829027
0.03190448
0.027971767
0.044010114
0.07307159
0.87389445
0.8573194
0.84374815
0.90989
0.8680749
0.8457009
0.78351706
0.09264992
0.0449051
0.035244077
0.05509681
0.060369983
0.112162106
0.8044911
0.11482938
0.12982102
0.09202298
0.07347461
0.06809081
0.09906522
0.8443641
0.7374644
0.107407495
0.08338645
0.07988905
0.09268493
0.17447235
0.8394791
0.8303416
0.3963004
0.38758677
0.6678299
0.84442514
0.8818418
0.85032624
0.31005135
0.2541411
0.62063766
0.11706265
0.08251621
0.084285356
0.10390041
0.16509773
0.2572031
0.9272789
0.93266714
0.89731693
0.23331307
0.13177112
0.04832501
0.027821738
0.027297568
0.042107187
0.7989691
0.9317886
0.88310915
0.9356792
0.85574484
0.065356635
0.044186637
0.07846334
0.90740174
0.9293347
0.08633229
0.036337182
0.057719897
0.9129451
0.948836
0.9534705
0.9414599
0.9458439
0.91061026
0.11874805
0.06104463
0.11539664
0.8656171
0.061148807
0.031088475
0.026621087
0.032613985
0.035077594
0.033851262
0.052755468
0.088873826
0.13585643
0.8749274
0.15150996
0.10191559
0.086578235
0.07856435
0.074204504
0.084189944
0.6674272
0.116797924
0.15107124
0.7800405
0.6868784
0.6365789
0.5904406
0.18752527
0.12453036
0.04755968
0.050801326
0.07118427
0.080584094
0.11048691
0.14213206
0.141438
0.90931165
0.766547
0.070352815
0.08623886
0.04023794
0.03439649
0.038685635
0.056819152
0.11633876
0.11268989
0.05037398
0.03527479
0.030013634
0.029417874
0.03654563
0.06764782
0.11941451
0.95759887
0.9631057
0.9182995
0.8840361
0.8706605
0.059593245
0.022744937
0.019824851
0.031350072
0.060443033
0.10466876
0.1065907
0.7694286
0.1907311
0.6761964
0.50008214
0.7703914
0.0913296
0.12792611
0.21193631
0.868125
0.09238505
0.097265415
0.080216445
0.12672222
0.19035803
0.26229605
0.92994297
0.90167034
0.85582685
0.8813726
0.77762765
0.7931798
0.8123486
0.80982894
0.7756096
0.7803178
0.90825343
0.9217835
0.85659933
0.918804
0.926161
0.27036962
0.23127767
0.14504449
0.072531484
0.07742697
0.12000855
0.8898201
0.11165857
0.062762976
0.101969026
0.86263156
0.16683419
0.11531838
0.6309822
0.112806216
0.18074943
0.74660796
0.08353303
0.06684554
0.06502139
0.08584047
0.13142987
0.14675494
0.098744124
0.08542618
0.10509578
0.12424533
0.59460574
0.55672216
0.5833433
0.6451381
0.8098018
0.81722134
0.70282155
0.7568343
0.6680298
0.70775145
0.7816363
0.68380404
0.6467994
0.63672745
0.081605054
0.116106495
0.11210346
0.10060326
0.10909625
0.1985428
0.19494328
0.7086778
0.69921046
0.7109732
0.08516503
0.10248877
0.11250769
0.09849595
0.21716885
0.13659525
0.09943492
0.08594004
0.09651326
0.13606322
0.0900001
0.10657553
0.11152636
0.08686444
0.1238873
0.8135664
0.7962558
0.80305636
0.80041206
0.75883836
0.73288995
0.48362213
0.8647443
0.29505086
0.4185793
0.785248
0.11515473
0.09493132
0.0656356
0.11663213
0.18762441
0.8750607
0.84338766
0.3457802
0.40662557
0.31446046
0.6125202
0.19668503
0.12532215
0.21732481
0.31855506
0.80959177
0.78766245
0.5559457
0.5248704
0.644057
0.565676
0.39687744
0.3555724
0.41755554
0.35897565
0.43103513
0.64691585
0.55716443
0.49926972
0.43487358
0.3617586
0.25928098
0.45788246
0.4979042
0.37230912
0.44829395
0.28186998
0.26743892
0.2500067
0.18459706
0.26974043
0.31494746
0.60631466
0.70452666
0.49712995
0.47364476
0.5037895
0.5100753
0.46570402
0.28219306
0.23041965
0.31698197
0.58254635
0.7857225
0.84711593
0.799073
0.62529254
0.48858893
0.36513633
0.3814661
0.48701772
0.7157757
0.21383716
0.18628198
0.18736702
0.26259682
0.6325496
0.6424461
0.2639649
0.19198854
0.68250453
0.29538083
0.30280206
0.72423023
0.8396665
0.7963801
0.81920934
0.7071389
0.6318095
0.24326791
0.26822197
0.6367291
0.2802589
0.39597145
0.7080863
0.76268154
0.29566288
0.17974202
0.16816083
0.18516618
0.53939795
0.28929728
0.34411514
0.39811894
0.27075
0.22108765
0.20843616
0.3865329
0.82297045
0.89954364
0.9019254
0.8513589
0.71049577
0.27526194
0.23185131
0.37319157
0.42508644
0.6638355
0.6431876
0.13715379
0.12547354
0.12611935
0.14283745
0.08914166
0.073871225
0.084783845
0.13836694
0.15902019
0.83478445
0.8022249
0.13223954
0.066315204
0.06368296
0.037255075
0.039862484
0.09431467
0.88459545
0.07366288
0.04204368
0.027489398
0.034606274
0.10158166
0.9458106
0.95362836
0.959273
0.94951534
0.9381689
0.92526186
0.9111479
0.9288672
0.07714513
0.023965018
0.017936585
0.020307342
0.033805262
0.8599072
0.20893389
0.17977086
0.92117494
0.93382853
0.92635685
0.09257102
0.050953176
0.049853254
0.06430306
0.11512039
0.10467796
0.088204026
0.084715486
0.108770564
0.089795485
0.09519361
0.09680404
0.14207499
0.83586264
0.8369901
0.7784726
0.7553481
0.7493415
0.833266
0.15018493
0.0910497
0.07412934
0.07964119
0.086683236
0.6521175
0.19871534
0.70804995
0.1076985
0.13553128
0.082118124
0.115417816
0.08131155
0.059847713
0.063989416
0.06161444
0.064245075
0.115958065
0.87636477
0.91963744
0.933645
0.114286445
0.09998906
0.24384767
0.90299475
0.08330667
0.034960143
0.036733728
0.05563124
0.099224396
0.89237964
0.7967545
0.8077711
0.9017094
0.77449393
0.13146842
0.11740796
0.82819104
0.080650024
0.052987285
0.06014128
0.87313884
0.8837758
0.9455255
0.9013216
0.10315513
0.053674955
0.08398708
0.82443243
0.1413277
0.09430267
0.80781686
0.85110945
0.88547933
0.9440232
0.9495494
0.0658184
0.032943927
0.033166107
0.036355685
0.050548702
0.84098387
0.08890801
0.089784145
0.1308748
0.90128624
0.1768998
0.08633025
0.076016046
0.04184916
0.04512606
0.09500622
0.13501576
0.17333527
0.9010302
0.2053523
0.17555372
0.6669598
0.1217669
0.11691737
0.16149393
0.18125513
0.20829156
0.3555698
0.86460227
0.144252
0.07482534
0.07917626
0.1684933
0.15925299
0.16964327
0.18714309
0.22315897
0.29450756
0.8251856
0.18436526
0.11179633
0.094023846
0.12047653
0.25269535
0.78168726
0.6494491
0.6072639
0.58611786
0.60401154
0.09766624
0.07835645
0.099213295
0.20389195
0.7656623
0.8505412
0.75994545
0.65026325
0.63527113
0.16652848
0.11533432
0.09325448
0.115006685
0.6326505
0.80693674
0.8621681
0.75851715
0.67892617
0.7215473
0.5658665
0.51855993
0.54177517
0.5698703
0.4688028
0.4700192
0.30392924
0.25247538
0.22970533
0.19084513
0.16319719
0.18373142
0.5154205
0.57591075
0.09812094
0.07890402
0.06492348
0.09140695
0.17550796
0.79876
0.9147172
0.84693575
0.11819202
0.08205656
0.068250366
0.036382243
0.03077242
0.03679067
0.06439462
0.13781728
0.9166173
0.16543777
0.17178774
0.84404486
0.8387278
0.92226934
0.2667916
0.19645141
0.88213414
0.11068694
0.044308383
0.03141631
0.03279499
0.046687763
0.10227751
0.13098285
0.13398404
0.76441634
0.6351252
0.6734586
0.86120963
0.9222495
0.9312871
0.9318695
0.9131845
0.8447201
0.86415195
0.7737332
0.098265685
0.06559765
0.062328782
0.07523704
0.10566643
0.17593618
0.92419386
0.91278446
0.9233155
0.11398302
0.06396845
0.11334471
0.8685904
0.8237414
0.8397649
0.15361509
0.109467804
0.0772081
0.08298974
0.08513929
0.82838154
0.8014175
0.0881809
0.056062948
0.088703796
0.20810771
0.93430936
0.091755055
0.02648229
0.0189905
0.023917979
0.07583488
0.97006273
0.9781252
0.96638393
0.910313
0.067492455
0.028312199
0.033893358
0.034088153
0.045792304
0.8574882
0.8946689
0.108200364
0.07356456
0.11099634
0.14493667
0.8533897
0.10143505
0.08480143
0.11902755
0.19199848
0.18228278
0.084462404
0.07926682
0.12062559
0.7810105
0.89404607
0.9206556
0.5763241
0.3946581
0.19502062
0.19226073
0.28934968
0.32228506
0.6260504
0.62868017
0.7846832
0.74707574
0.50154924
0.42933536
0.41407388
0.25315735
0.16120619
0.31028748
0.43969002
0.76313895
0.7577138
0.37793747
0.2801288
0.36694372
0.33391494
0.34622177
0.47355896
0.53891224
0.70299625
0.54490453
0.30019036
0.197955
0.15025476
0.42062625
0.58637136
0.80787444
0.70654905
0.8246456
0.7860752
0.20792115
0.15482035
0.18065448
0.8390712
0.13177317
0.1349503
0.16951996
0.10235477
0.08367647
0.08008087
0.06955852
0.06364843
0.069015644
0.16919872
0.7869703
0.17013338
0.36339277
0.9093415
0.8483788
0.83544624
0.1090237
0.08772301
0.16588122
0.84066325
0.82915765
0.8868807
0.07628984
0.06415623
0.08810866
0.10332503
0.07190074
0.0808647
0.8544086
0.9140263
0.9421714
0.92508715
0.86669075
0.83647543
0.7958756
0.735658
0.7273341
0.7382643
0.8220258
0.9107705
0.13409449
0.17848746
0.06934751
0.083471626
0.8994453
0.9587147
0.9475703
0.9451848
0.91328496
0.07926755
0.04189938
0.07060883
0.1238508
0.9170517
0.84369755
0.8579228
0.07643284
0.04724031
0.05864427
0.10212926
0.06434369
0.052069433
0.05919509
0.074811794
0.08913467
0.80576545
0.12424479
0.14821053
0.7801364
0.09011244
0.1717816
0.20401582
0.15643953
0.07875861
0.11131222
0.15364225
0.12792422
0.19550261
0.46213353
0.8884197
0.14960414
0.12224417
0.13011342
0.094407745
0.06169246
0.058694962
0.19295149
0.835999
0.941197
0.93837553
0.82054204
0.17214705
0.09418373
0.0784655
0.10814937
0.73077387
0.64985114
0.5729194
0.45527133
0.437329
0.50349313
0.611773
0.76500744
0.56520885
0.3779193
0.3863521
0.18686576
0.1587956
0.20445149
0.2102402
0.26664665
0.4933604
0.6552363
0.61674666
0.5804293
0.5649675
0.6954774
0.6009815
0.5884352
0.32537854
0.17227209
0.15271528
0.62922996
0.3160785
0.22576143
0.2630277
0.84767365
0.8080051
0.86620975
0.7193841
0.6217848
0.110327035
0.10603734
0.1432027
0.5786242
0.16745028
0.19626474
0.29573643
0.35712036
0.39577383
0.38835987
0.3862334
0.3253889
0.7166547
0.17666478
0.21677426
0.22990935
0.33013925
0.83137995
0.84457695
0.8422692
0.80154306
0.7516941
0.7120708
0.3405328
0.21505336
0.6272129
0.27916422
0.30832553
0.81052923
0.41178522
0.40176785
0.47476503
0.45020628
0.36737883
