0.58924603
0.36180413
0.36822006
0.2984385
0.47350273
0.3811291
0.54619104
0.7089391
0.7929771
0.81507415
0.8129421
0.67158365
0.64306796
0.61440086
0.7306197
0.5784575
0.5250986
0.45205578
0.43018088
0.5169307
0.34328064
0.3212353
0.28993702
0.37728298
0.35424027
0.36340487
0.43866083
0.60784096
0.5153221
0.32548094
0.4317567
0.40290225
0.4328221
0.34992868
0.41085422
0.5431291
0.545219
0.530988
0.47908062
0.61957437
0.37154126
0.3921927
0.26704225
0.23242155
0.25530127
0.379272
0.3643787
0.3580035
0.44093683
0.690943
0.577752
0.60015047
0.6365062
0.79821956
0.8203153
0.7622763
0.5294424
0.43466374
0.52124816
0.18040761
0.22579573
0.10190355
0.08792924
0.05967868
0.046000976
0.05547404
0.76072866
0.797308
0.89617187
0.8179317
0.09478675
0.058200166
0.055278853
0.058291882
0.07523041
0.089387126
0.12677823
0.1616564
0.21214317
0.19146584
0.16963965
0.13566591
0.12206308
0.6040442
0.60327756
0.648875
0.6547247
0.10922805
0.17919892
0.13130501
0.15721582
0.0974428
0.0731552
0.06973599
0.09278077
0.7292135
0.07950449
0.05063083
0.040042475
0.03677612
0.043760523
0.058228727
0.7897173
0.7445914
0.80799633
0.78491807
0.8545914
0.92793524
0.95162946
0.9495903
0.92344403
0.83851117
0.07056659
0.06846192
0.048476815
0.038458034
0.041654747
0.070525475
0.7161733
0.09901767
0.104852065
0.744784
0.20836565
0.12697273
0.09301821
0.061680444
0.056675326
0.08727526
0.7784419
0.8338035
0.7737546
0.17411794
0.18039316
0.21146578
0.21088046
0.15013084
0.13287322
0.6125206
0.6439813
0.15000305
0.13885877
0.13895515
0.087750025
0.14788152
0.31489584
0.88706964
0.8243603
0.88339525
0.20435119
0.122503415
0.13477372
0.11708798
0.6492658
0.10582914
0.11146038
0.30313304
0.41742522
0.8922524
0.8038563
0.7708735
0.7624943
0.83805853
0.74867517
0.7021736
0.7189882
0.14115793
0.09988923
0.07519131
0.09233948
0.9019425
0.93250054
0.9352533
0.8984482
0.1473247
0.1212656
0.1645052
0.27778572
0.84273076
0.7072401
0.74311274
0.31733882
0.24207461
0.26916075
0.6969771
0.43299893
0.45572934
0.54906976
0.8691427
0.86738133
0.79901123
0.58899546
0.5126623
0.541652
0.21406902
0.1432237
0.13081053
0.19019988
0.81852376
0.7524592
0.69449776
0.61371154
0.562123
0.13782206
0.08983715
0.11583463
0.26095164
0.8457859
0.8939479
0.8706509
0.74379385
0.7359976
0.550519
0.3864581
0.15934177
0.15741086
0.41873807
0.29572734
0.2303656
0.20202768
0.27321482
0.26016358
0.3291869
0.26105174
0.3293507
0.4899471
0.5992851
0.18470556
0.12844917
0.13983339
0.6872851
0.78877264
0.72487
0.6889785
0.7240381
0.17303856
0.112006776
0.07920144
0.10236727
0.10221473
0.09297827
0.12285297
0.8078732
0.20416509
0.1559633
0.15824628
0.30121145
0.92118305
0.9291244
0.9269708
0.8889033
0.73460984
0.65349394
0.6327333
0.14709446
0.33197075
0.39170197
0.40317506
0.71517974
0.60986304
0.19997671
0.14655052
0.09931299
0.20970863
0.20926335
0.22803041
0.53848577
0.7917644
0.5995211
0.61244357
0.7895535
0.82795435
0.7522484
0.51121414
0.41447333
0.23747252
0.20463853
0.23678292
0.21297558
0.31984094
0.26378694
0.5191736
0.31559995
0.2936649
0.31270593
0.27067032
0.3108746
0.6144595
0.7576384
0.7643923
0.6694606
0.29804683
0.22264707
0.19182296
0.23750222
0.39521945
0.32555705
0.41557443
0.34414452
0.47400123
0.62566066
0.67102087
0.7082182
0.53822446
0.40787417
0.25600612
0.22094513
0.2344379
0.21177898
0.22234432
0.26996496
0.2918975
0.39298552
0.27023163
0.13725594
0.12730254
0.18011564
0.39960262
0.6527491
0.8821019
0.6934868
0.6018244
0.18111514
0.15732914
0.108933285
0.082864776
0.28732303
0.348239
0.9148494
0.93252105
0.9034838
