0.56010234
0.3320271
0.35869336
0.31388992
0.3806439
0.8233906
0.8809112
0.8921161
0.86964124
0.7897902
0.7976252
0.7608968
0.7910867
0.79495776
0.7979626
0.80936396
0.8456256
0.8400009
0.7814912
0.8258944
0.7778651
0.8742593
0.8654446
0.76765126
0.8160218
0.11758377
0.11875274
0.102924146
0.06160211
0.09656524
0.16399632
0.94238657
0.9125515
0.8947211
0.9012074
0.063593455
0.037332017
0.03582378
0.05277558
0.07562623
0.0984962
0.58556396
0.64958537
0.62304085
0.673596
0.17392467
0.11310435
0.122237295
0.23166528
0.6755109
0.12969856
0.12343656
0.7682601
0.865778
0.88699406
0.20196933
0.15497151
0.64808834
0.15042017
0.1470031
0.1677648
0.26152733
0.22269516
0.27253032
0.22383928
0.07925937
0.03623384
0.026225874
0.027247125
0.038061492
0.055757094
0.81780154
0.93571466
0.97402215
0.9800529
0.9769372
0.9605707
0.95140153
0.09605517
0.07501334
0.03108809
0.022907648
0.028781857
0.053043474
0.0911129
0.1297225
0.1907624
0.7500454
0.7790195
0.76111156
0.61218524
0.53720546
0.45011696
0.35404593
0.43212983
0.47836086
0.5515522
0.27758044
0.31647712
0.3782699
0.5701923
0.68723255
0.6964703
0.58735114
0.52226925
0.64711696
0.32081202
0.275796
0.3493787
0.6731384
0.62461054
0.5819299
0.25530484
0.20609467
0.24928652
0.33626977
0.5599429
0.61353713
0.5844436
0.5093452
0.45717168
0.2541568
0.25395837
0.36388847
0.5852449
0.7412462
0.2781901
0.217454
0.17006275
0.18961768
0.20634535
0.16421184
0.13340062
0.18709561
0.20229068
0.55211043
0.47957662
0.15980728
0.16789842
0.15504022
0.21222368
0.7756644
0.59654564
0.6572829
0.67670023
0.8746973
0.70854855
0.057419967
0.040157612
0.041116823
0.04095336
0.050717436
0.0710068
0.8689964
0.1310916
0.0847829
0.6056936
0.6756107
0.7761854
0.93090755
0.93551356
0.90899503
0.10224957
0.08012565
0.68020606
0.16019206
0.20950204
0.83652854
0.072042935
0.041283805
0.05854004
0.09578024
0.7157454
0.88798934
0.37081578
0.3329885
0.20772132
0.09338834
0.13672917
0.891764
0.14447302
0.044398606
0.02631773
0.0238474
0.03763478
0.11762783
0.935026
0.93521005
0.94713295
0.9159688
0.91417295
0.07413974
0.030330507
0.022450818
0.025524715
0.046378687
0.10084062
0.8738268
0.06608035
0.045135662
0.077663295
0.11917374
0.15569432
0.8126816
0.754793
0.8165838
0.8209821
0.7864585
0.7895913
0.761981
0.749623
0.74389076
0.73538053
0.72240454
0.72649586
0.70235765
0.75650316
0.203642
0.16466258
0.15620992
0.1436905
0.14360414
0.7928374
0.15341969
0.04730693
0.03356368
0.04269972
0.08194504
0.09774161
0.11931123
0.8719402
0.8933925
0.89658844
0.07101404
0.058452755
0.03925154
0.030397393
0.032620817
0.0527035
0.16488807
0.89061856
0.08613242
0.05023656
0.052250687
0.11483053
0.23811397
0.860724
0.772821
0.73000485
0.7667366
0.63037264
0.6060275
0.14768758
0.16443376
0.65896153
0.13795462
0.09111992
0.044463616
0.042775683
0.069712244
0.8047432
0.84725213
0.936495
0.93702483
0.9098116
0.88035214
0.85804075
0.7637007
0.08588297
0.045744456
0.049498845
0.115485266
0.0917132
0.10215269
0.166926
0.7752299
0.6126864
0.19318008
0.1294437
0.61758935
0.6022382
0.69408077
0.8420125
0.8402008
0.65283954
0.60291517
0.58909327
0.17765297
0.13061543
0.12322363
0.17256935
0.575492
0.20469558
0.20513944
0.42731422
0.7267197
0.8323023
0.7255211
0.65699357
0.6222888
0.72269046
0.34696576
0.20409605
0.13598135
0.15732364
0.28964457
0.65458065
0.26136562
0.26425156
0.2618822
0.6882383
0.5276201
0.74986696
0.70034534
0.28895053
0.19960022
0.221244
0.19021463
0.23759288
0.30955455
0.23978804
0.16138394
0.35711452
0.58469033
0.7271453
0.61182076
0.36417833
0.29822516
0.51992035
0.63760024
0.4670153
0.41335842
0.28316176
0.19836554
0.15187389
0.1963832
0.4721817
0.601868
0.7353908
0.7203985
0.3633694
0.21502452
0.2700886
0.43461844
0.28520092
0.28822717
0.40856984
0.42014727
0.43217596
0.33126
0.26984203
0.25946477
0.51326555
0.4905796
0.5601709
0.34838226
0.33625484
0.30243334
0.2595236
0.31644544
0.34376192
0.36445457
0.5581081
0.6489008
0.515367
0.40525815
0.22485116
0.22415087
0.34714827
0.65549725
0.44015822
0.4954536
0.6153259
0.56020284
0.79245645
0.8351713
0.77887857
0.54881287
0.60943985
0.29484823
0.2351588
0.42860937
0.5358845
0.729825
0.7926093
0.61823916
0.4653031
0.2511189
0.18149503
0.15321098
0.17318468
0.21825364
0.31832102
0.57721126
0.6609423
0.75820255
0.26856604
0.17325325
0.15691973
0.15780213
0.19181614
0.43149868
0.549256
0.59849703
0.5756272
0.7463473
0.6722973
0.7415398
0.65809613
0.57735455
0.29281992
0.27415168
0.25015306
0.33360952
0.6508985
0.25625843
0.12787382
0.08395245
0.10093787
0.15284824
0.13187866
0.16979301
0.90003645
0.78206736
0.08831116
0.044028427
0.032670386
0.030004097
0.034183692
0.061800163
0.13148904
0.8916612
0.89343
0.9394808
0.93386304
0.8996258
0.87484217
0.847198
0.91167897
0.86068213
0.8428157
0.14987925
0.051154267
0.036972996
0.04127921
0.088957734
0.8923208
0.89646477
0.756765
0.805207
0.85439533
0.78081924
0.9016085
0.92172456
0.8513529
0.8561816
0.8836883
0.8743928
0.89474803
0.89812446
0.8883696
0.90842605
0.90032566
0.20441718
0.20461917
0.76577157
0.7889805
0.10608704
0.0641736
0.053512864
0.049301006
0.046427205
0.07057429
0.13855463
0.7747226
0.14585137
0.114792146
0.13683143
0.1527976
0.20276923
0.15375626
0.1672808
0.15742223
0.44065934
0.51898366
0.5651235
0.574234
0.76698035
0.609606
0.58405316
0.6197126
0.6607689
0.81854093
0.7558394
0.14850895
0.20191841
0.19407237
0.072187185
0.04381675
0.039664928
0.058595914
0.104336
0.055425186
0.042629633
0.055520102
0.89307654
0.9441545
0.927893
0.9037658
0.8899143
0.9298542
0.046232607
0.04656466
0.061852973
0.06382236
0.077043
0.7710988
0.7453363
0.06812749
0.04030445
0.048117273
0.08317276
0.1159155
0.16396785
0.86822057
0.8497199
0.8592588
0.89544123
0.908204
0.878432
0.78668237
0.85943836
0.8325097
0.84208
0.7188404
0.19259833
0.12979457
0.10934401
0.13635175
0.11517849
0.09028738
0.07520966
0.107580274
0.70156085
0.6603829
0.70128584
0.6899855
0.6731359
0.6717723
0.11699248
0.076897174
0.08087619
0.14326975
0.7154191
0.8099646
0.74772817
0.17403804
0.117054515
0.115557246
0.11922075
0.1502248
0.6136548
0.14586625
0.11702884
0.15583338
0.2853582
0.38850647
0.29428107
0.13510458
0.11034091
0.13420081
0.0692014
0.050599106
0.049687818
0.07005813
0.7657189
0.75712067
0.83329225
0.91845787
0.9293654
0.16336055
0.21240152
0.20241462
0.8258852
0.051987123
0.041392487
0.033175223
0.044592343
0.06533075
0.08698876
0.870004
0.9013024
0.08700247
0.035152614
0.031252094
0.047065344
0.16660704
0.87043047
0.20304912
0.8544606
0.3142409
0.30285013
0.8912063
0.058020987
0.032786638
0.03454412
0.05883785
0.081162214
0.94305235
0.90918577
0.9353757
0.05149451
0.024023186
0.020624336
0.020956008
0.03713604
0.88036305
0.16320445
0.23512585
0.92547
0.052016526
0.026784137
0.020751879
0.019297376
0.021807581
0.046482086
0.8970447
0.87545323
0.9045715
0.08472996
0.045560215
0.032190595
0.031616602
0.04460169
0.07000038
0.08552176
0.10472919
0.16775528
0.8958683
0.87755346
0.81895655
0.8691697
0.858469
0.7156606
0.5804457
0.2295702
0.23161156
0.31662855
0.80908954
0.8789166
0.85378784
0.87167746
0.8369796
0.83728945
0.7819968
0.7597558
0.75747687
0.8338267
0.82379764
0.6743735
0.21924967
0.23756902
0.26478806
0.82962704
0.82742244
0.63295805
0.5547215
0.5498854
0.5971028
0.7971054
0.85653806
0.76062393
0.832394
0.7488152
0.8651678
0.89584154
0.886253
0.8115812
0.6239336
0.36263746
0.11677392
0.11235989
0.12767056
0.17028357
0.26656
0.22760853
0.56876737
0.57910246
0.67627263
0.8069731
0.82075834
0.8214433
0.8435236
0.8374722
0.33648372
0.23783804
0.27995464
0.32868308
0.63737833
0.71525806
0.51527613
0.55383873
0.60445565
0.6753517
0.34619677
0.30729815
0.28636828
0.330251
0.75619423
0.65700835
0.6328992
0.19164988
0.16926007
0.1793323
0.23972456
0.79764867
0.8939544
0.88095075
0.75870115
0.32442883
0.27837008
0.27730867
0.26965523
0.85733694
0.8976364
0.9208255
0.91802764
0.8911838
0.8322182
0.7034705
0.09632386
0.0600343
0.071192406
0.10258887
0.11929519
0.11299042
0.09678784
0.7769312
0.75003725
0.75672483
0.15185887
0.31903794
0.32564026
0.2699502
0.12603496
0.09101395
0.091551185
0.6430372
0.6494235
0.75310636
0.610852
0.55633485
0.6230369
0.81953734
0.8521698
0.7571321
0.86507404
0.8391092
0.67902744
0.7474514
0.22802787
0.15044257
0.1414247
0.12518388
0.121597245
0.19709305
0.7375779
0.6515956
0.76306516
0.6195347
0.69119024
0.5529253
0.6697255
0.17763537
0.14368688
0.1815175
0.36567613
0.74278325
0.7652672
0.8511927
0.8137235
0.75252086
0.6940573
0.28491682
0.1918966
0.13873163
0.16860816
0.59947264
0.76352644
0.84675914
0.75594616
0.78944814
0.6903464
0.69297504
0.8389051
0.88565886
0.8479719
0.6858915
0.41049537
0.20991276
0.17447448
0.18910587
0.46204194
0.5011705
0.53826725
0.5483904
0.66395205
0.8357962
0.8508483
0.71085644
0.7878475
0.66076875
0.25841743
0.14889406
0.10984911
0.10217806
0.108678006
0.6717667
0.61065954
0.080831096
0.07154187
0.1589952
0.8572599
0.78055984
0.7409469
0.6873553
0.12925622
0.08039493
0.09386621
0.75918585
0.6438741
0.124191806
0.2211773
0.18932402
0.20560679
0.16628528
0.4760579
0.40901893
0.46735087
0.5063664
0.70149285
0.5608957
0.4460315
0.40339002
0.38566867
0.43006137
0.37133464
0.15595175
0.17445882
0.18053469
0.2302093
0.564979
0.58657306
0.6681099
0.5651688
0.539495
0.5964545
0.7379333
0.6549344
0.80109584
0.10605499
0.058066435
0.046254717
0.087067746
0.15596825
0.09680417
0.08581254
0.061016828
0.05297132
0.04787143
0.045537096
0.053838994
0.073086314
0.88583773
0.42815334
0.50385094
0.93837655
0.9447315
0.948815
0.9374572
0.8867935
0.7480671
0.65144646
0.105704896
0.11664122
0.6834161
0.08186572
0.063430704
0.13711567
0.69301814
0.40283415
0.3347738
0.26491845
0.1946666
0.7383204
0.71992266
0.7235198
0.79753155
0.747909
0.23292397
0.2853517
0.33175477
0.37660417
0.77799344
0.7603995
0.77884793
0.67652565
0.65140486
0.6837717
0.1407069
0.11335477
0.092953086
0.06702306
0.05970957
0.11015324
0.16671576
0.115128435
0.10243879
0.7933065
0.25956753
0.7799326
0.8794058
0.8808972
0.9061524
0.8540028
0.76463675
0.28372133
0.75356156
0.065159045
0.05851188
0.06912453
0.09110099
0.08728303
0.07892069
0.12806888
0.24126849
0.13927868
0.1239454
0.23402573
0.28361338
0.15121737
0.21652791
0.22385257
0.24851763
0.22339235
0.13902149
0.14490849
0.19946264
0.14621018
0.20861103
0.17531772
0.58702475
0.27149257
0.30498573
0.27129728
0.25755283
0.29633644
0.27247426
0.23258832
0.2467851
0.46931636
0.6496076
0.7110752
0.45719382
0.34191588
0.23461187
0.18996723
0.19432586
0.18855412
0.22123496
0.37482888
0.46419826
0.32465622
0.28052816
0.3656759
0.27306005
0.42568707
0.47627372
0.62270296
0.5252135
0.25621176
0.24089532
0.27976134
0.52949035
0.6082565
0.67768854
0.76644325
0.74844116
0.64321834
0.20281532
0.18091506
0.13725509
0.12291539
0.17963365
0.25198886
0.323877
0.7597525
0.80276066
0.63563514
0.52538913
0.13948321
0.22925086
0.8025309
0.21421053
0.1722076
0.24348968
0.7447831
0.11753856
0.06137787
0.048128568
0.08600769
0.21605028
0.93998295
0.8707621
0.9245703
0.16359167
0.1196688
0.10615044
0.06861269
0.074340716
0.734141
0.18899047
0.15832998
0.21816096
0.63558275
0.15207466
0.19124547
0.73990273
0.8349752
0.79726374
0.75430775
0.17327678
0.09032949
0.07608187
0.082569025
0.11444263
0.17619061
0.40140322
0.6274065
0.72610897
0.30911586
0.24202558
0.394654
0.18954983
0.1702485
0.15370524
0.22052203
0.5243917
0.45551345
0.23152995
0.13940191
0.103188045
0.14621337
0.2148353
0.83428574
0.50410295
0.16822498
0.08155202
0.082030505
0.0899449
0.10949553
0.7486027
0.22537416
0.115459464
0.10489183
0.12462356
0.19037247
0.9014812
0.20185341
0.13274212
0.21303244
0.6700477
0.62463135
0.17840041
0.70855695
0.6674964
0.6722458
0.60799843
0.2513075
0.7214115
0.7857558
0.08807048
0.104384236
0.11785957
0.12288013
0.10122858
0.108967155
0.115819335
0.14833817
0.8741788
0.7074202
0.6451338
0.63718754
0.20038141
0.15584376
0.15887557
0.16477525
0.8508823
0.24989428
0.17042795
0.1486038
0.11733198
0.07151682
0.07893226
0.7740734
0.13646342
0.06544866
0.08370022
0.16037972
0.8949009
0.897247
0.1309066
0.04908038
0.04165111
0.032532852
0.038383044
0.043313865
0.09430074
0.9172667
0.91607255
0.93287086
0.9228637
0.8838488
0.8740794
0.06759476
0.041738752
0.05159798
0.08048948
0.83277255
0.7912517
0.18366788
0.17339352
0.2571291
0.8606156
0.82224715
0.79170465
0.73960686
0.6837436
0.08926691
0.08618319
0.109704256
0.25076213
0.85563207
0.09796079
0.07113555
0.17849419
0.24296935
0.25993133
0.2386301
0.7950355
0.21605965
0.30135557
0.30785653
0.28080645
0.609772
0.19363077
0.18362482
0.24658947
0.7296881
0.2136951
0.23372263
0.6189427
0.70618796
0.6865784
0.6635359
0.63640827
0.7278937
0.40237322
0.36734262
0.7337279
0.20724866
0.19170289
0.24239202
0.6757305
0.5989038
0.55855286
0.54370344
0.5001776
0.5737358
0.6852329
0.84495217
0.87079275
0.83628035
0.4191848
0.23945004
0.15415882
0.12928347
0.14736496
0.18087201
0.18860865
0.15940358
0.16065547
0.16405419
0.25715664
0.4106278
0.70775497
0.7498633
0.37026927
0.24444889
0.18872102
0.20822884
0.21279801
0.28490502
0.49841484
0.23038709
0.20903824
0.54283583
0.6032221
0.7818929
0.6876259
0.77038294
0.54993653
0.33062407
0.3347086
0.78770894
0.79692405
0.6239491
0.19642648
0.16236202
0.51467663
0.50981015
0.57092935
0.13539113
0.10419115
0.12837486
0.12356088
0.12696622
0.8280616
0.8224243
0.91340834
0.81255215
0.73331296
0.14112918
0.07228852
0.058693677
0.105457604
0.15639213
0.63688755
0.24432002
0.17470999
0.15748738
0.15168262
0.61256
0.6976547
0.85871685
0.83136404
0.63099104
0.4540354
0.23179536
0.20151733
0.2018018
0.24766779
0.43571106
0.44432545
0.30251104
0.28804943
0.29753557
0.28181973
0.33831358
0.44594935
0.46649072
0.5899022
0.69801515
0.9071354
0.9361206
0.95349675
