0.8082409
0.68298984
0.22770014
0.12305092
0.11798294
0.21011226
0.21593674
0.8753031
0.7392589
0.67537135
0.6976027
0.66147983
0.14479563
0.12597783
0.09097273
0.11937923
0.22402011
0.81645083
0.7777949
0.7555599
0.75685537
0.7189185
0.42070848
0.3513635
0.31752396
0.31073433
0.38490278
0.68757105
0.7771753
0.8410223
0.8191024
0.2863469
0.16892585
0.117381565
0.07395985
0.06563755
0.11951952
0.77537376
0.8296909
0.89095104
0.80897033
0.12364546
0.11359671
0.07164462
0.090619676
0.79283243
0.7942154
0.7403118
0.75518745
0.77712935
0.08359105
0.0609809
0.11171488
0.22107841
0.7777947
0.75312316
0.69316995
0.11080161
0.06561701
0.078032166
0.5549482
0.2142293
0.26897895
0.42267022
0.8270733
0.81289476
0.68130994
0.62512004
0.5918151
0.73906094
0.57546115
0.26349112
0.191864
0.14886586
0.16781174
0.16339256
0.17403199
0.362535
0.54909414
0.7496443
0.4531978
0.43544707
0.6214128
0.6212175
0.77932864
0.27240953
0.20540881
0.41459355
0.1346983
0.10405337
0.11243453
0.20308816
0.89185065
0.93976855
0.94488853
0.9183254
0.70486784
0.1505495
0.16149233
0.11067536
0.12562703
0.4067701
0.4072015
0.4408336
0.4500775
0.49363035
0.46800953
0.51871353
0.71086603
0.57859135
0.4525305
0.19968641
0.21081345
0.16987269
0.15314667
0.20366442
0.24356009
0.34854218
0.63680845
0.8472079
0.87400717
0.8322599
0.31561542
0.24943562
0.25993645
0.7842701
0.7123384
0.7031154
0.8421911
0.80698776
0.5723986
0.5157319
0.4747524
0.4478112
0.11213667
0.12338964
0.22023883
0.7924401
0.84365934
0.817304
0.6488619
0.6523148
0.7731347
0.7411189
0.76616675
0.85245466
0.8808139
0.8825371
0.84110403
0.6623462
0.3061363
0.121114895
0.10540354
0.12662528
0.62051946
0.11881948
0.12699707
0.20320259
0.30608013
0.81428677
0.7640102
0.6927909
0.8363998
0.15732281
0.07881622
0.08559393
0.11157906
0.8578242
0.77132356
0.7621683
0.7256851
0.7154058
0.7221626
0.11766423
0.052906696
0.04284007
0.08765992
0.69813
0.7195754
0.15952638
0.12411598
0.09345788
0.09220426
0.63888675
0.106426224
0.07302072
0.095148034
0.15816721
0.88799113
0.9083637
0.90285635
0.7972476
0.19605635
0.09105047
0.13451935
0.14368208
0.11966127
0.12734517
0.8520914
0.09607999
0.06427507
0.08597178
0.061334915
0.04051747
0.04509534
0.088843405
0.14525706
0.8612917
0.84557414
0.8713191
0.90733916
0.073608086
0.050402716
0.117469355
0.1817376
0.91559756
0.098563336
0.026748648
0.02221487
0.020465547
0.021059874
0.027583675
0.037424415
0.9685943
0.95837975
0.9691022
0.9316728
0.030795882
0.018798595
0.016669394
0.016347831
0.016784137
0.019246843
0.038452916
0.045808915
0.039287537
0.04072097
0.06878002
0.9029127
0.13028544
0.07974115
0.041225683
0.041522216
0.07070766
0.84741026
0.8096227
0.13322446
0.07693069
0.09637833
0.8053653
0.084415235
0.050996438
0.047997054
0.05868924
0.08439856
0.1357957
0.8470609
0.7072848
0.7887828
0.18171886
0.11537545
0.102942936
0.5407226
0.4825269
0.56484133
0.59652245
0.7783295
0.16524932
0.10688601
0.1071337
0.6262591
0.8056111
0.8602754
0.8140468
0.7947989
0.8484814
0.8090905
0.14394712
0.124049895
0.15153253
0.24303928
0.4264912
0.8412176
0.6617264
0.60948974
0.15429302
0.18867384
0.16099435
0.10346267
0.16389659
0.6273101
0.8536447
0.9234727
0.93170565
0.91823286
0.88003886
0.32119024
0.30448592
0.15595499
0.593774
0.46567383
0.14965074
0.41156778
0.53645307
0.8680115
0.73078656
0.6531431
0.15593089
0.16173881
0.086309314
0.090923965
0.74533963
0.84578365
0.8427686
0.82656205
0.8300372
0.83531123
0.87372833
0.8764127
0.85141814
0.83355695
0.82460153
0.80515015
0.75598305
0.73945457
0.72521836
0.08389858
0.070955485
0.0878825
0.12012575
0.1405507
0.15608203
0.22687726
0.8318184
0.77367157
0.23002096
0.22454314
0.29160604
0.70745766
0.5835204
0.51177186
0.23253964
0.19006194
0.1698802
0.15182133
0.13201621
0.17920713
0.39324737
0.7759569
0.68407375
0.70072436
0.10314167
0.07634335
0.08994565
0.17232902
0.20628917
0.08086745
0.061580576
0.051217854
0.07021275
0.08556557
0.101278245
0.81495476
0.6869789
0.26878864
0.8857643
0.06698355
0.060789406
0.052735183
0.1001683
0.15047304
0.89752924
0.9092565
0.08908515
0.037448294
0.03520536
0.034699064
0.045029122
0.034584526
0.032925867
0.035671454
0.03668605
0.03986764
0.05662172
0.91349417
0.05696372
0.030136788
0.0245389
0.027193623
0.04092203
0.094410636
0.9253887
0.94239146
0.94331056
0.9311104
0.9021579
0.9421658
0.8765077
0.9268707
0.14849056
0.09014321
0.095924295
0.81910056
0.07012708
0.06472557
0.085696325
0.82562286
0.06826586
0.040183626
0.046404112
0.07250354
0.054974124
0.053544756
0.7802623
0.756913
0.89496565
0.8851796
0.7883316
0.82453024
0.8460324
0.8769825
0.90275383
0.86677945
0.83490485
0.8378871
0.12479646
0.11608246
0.11732828
0.08474794
0.08457762
0.7952496
0.09253983
0.06886192
0.091547176
0.117368095
0.09543618
0.7151568
0.1680476
0.6922824
0.72927505
0.16997686
0.18157634
0.16068895
0.084199846
0.06623367
0.116039075
0.14466445
0.16884406
0.21812385
0.8015561
0.1852491
0.16674858
0.62014234
0.70954114
0.5976039
0.5406099
0.23732518
0.24958713
0.71118915
0.38793468
0.64753956
0.37048814
0.2149456
0.18721247
0.17498477
0.1421815
0.14384747
0.2096193
0.5584254
0.23334366
0.18814561
0.21420506
0.31122565
0.6550474
0.33873162
0.34078303
0.33013982
0.35729402
0.27239996
0.51720387
0.45246428
0.4684469
0.4728096
0.4842734
0.52046144
0.5304527
0.4510805
0.5314912
0.67854464
0.7276612
0.73221886
0.7419208
0.6537056
0.5831089
0.5552027
0.29764932
0.26391068
0.24397196
0.31176096
0.40153572
0.7289726
0.55896574
0.573634
0.3693023
0.16439268
0.10238321
0.09892166
0.60216945
0.31975466
0.4669768
0.8276155
0.8471245
0.24620366
0.11217499
0.64257455
0.58864474
0.66558677
0.76959705
0.37554464
0.32508102
0.7866153
0.5973244
0.12240127
0.2256349
0.16083749
0.1346223
0.116717406
0.17304696
0.64465076
0.70525855
0.8777989
0.89937824
0.82569706
0.4293239
0.059375845
0.074866556
0.08997534
0.120268814
0.84231347
0.708543
0.07889993
0.06553961
0.042330515
0.04198002
0.037587658
0.04462063
0.76776934
0.08084705
0.05462231
0.051026262
0.73556393
0.9337437
0.9763882
0.9759723
0.92728585
0.9072475
0.8829555
0.92644596
0.1068737
0.04041805
0.027340796
0.025172912
0.02556616
0.03151848
0.041835062
0.04911817
0.12734267
0.8216508
0.13484484
0.051847197
0.06241792
0.16740108
0.7149116
0.9017191
0.93710405
0.90496045
0.6661051
0.46832824
0.38311797
0.44492382
0.10918204
0.105171
0.10762589
0.2886274
0.18493207
0.52051795
0.36985046
0.40648216
0.61193776
0.6781599
0.9145806
0.9297943
0.8712106
0.18999803
0.12442946
0.10179794
0.07808537
0.11135973
0.57941014
0.6403261
0.803095
0.8727463
0.85331374
0.7288574
0.69080436
0.80407935
0.839734
0.78678745
0.61753845
0.6627683
0.49769264
0.42257637
0.39762577
0.47779825
0.6226852
0.5709062
0.55948544
0.29526392
0.41357672
0.4007338
0.5815519
0.56167173
0.60959965
0.07917248
0.07636936
0.14773989
0.11887389
0.1618469
0.09933255
0.05476447
0.043982085
0.04941743
0.08213393
0.76764894
0.922349
0.8616493
0.19896191
0.17694826
0.7903266
0.92806226
0.9513302
0.8741624
0.9253345
0.8949904
0.6742935
0.09240752
0.118455164
0.8602205
0.7857286
0.7791053
0.072363146
0.038511526
0.04283549
0.057647027
0.104845755
0.10724003
0.10156255
0.1207527
0.7153186
0.17951843
0.2300953
0.7352019
0.78514045
0.73252577
0.38054878
0.31285927
0.3046541
0.67669296
0.5857786
0.5654235
0.26208094
0.188429
0.16450463
0.14476983
0.17785461
0.27970114
0.21954483
0.4707626
0.78634363
0.6784358
0.60408133
0.18626367
0.11871776
0.1216229
0.10866066
0.12889947
0.14727493
0.18004704
0.5981641
0.5956745
0.096704446
0.056229286
0.07138654
0.16601957
0.8679053
0.940892
0.9410359
0.8508763
0.07358099
0.05203066
0.07663628
0.11673618
0.61370754
0.601312
0.124251105
0.07459601
0.08104525
0.19899455
0.87897307
0.9081279
0.79239595
0.69511795
0.67190254
0.80916315
0.7540553
0.09795311
0.063441865
0.071283765
0.12802684
0.8627845
0.92280436
0.90167004
0.734595
0.71653455
0.20210907
0.12683976
0.10082556
0.07699985
0.08032712
0.11866895
0.15599498
0.12944093
0.6944929
0.6460273
0.69137436
0.8176067
0.18985069
0.12909782
0.114342086
0.611602
0.6022687
0.6349128
0.87114644
0.3444659
0.15991086
0.12904765
0.8599974
0.78948694
0.07146259
0.045289375
0.03986449
0.04583736
0.043315757
0.038479503
0.03617736
0.040067
0.04320994
0.087102875
0.09802379
0.8821391
0.06617289
0.05328392
0.095436856
0.09345625
0.091109835
0.09403812
0.9074417
0.9271309
0.874357
0.9052677
0.045425896
0.02398248
0.019389652
0.01717972
0.016182583
0.015696855
0.015887184
0.016819442
0.017977294
0.040494256
0.95386183
0.81529033
0.9724026
0.96121955
0.9661794
0.958341
0.9427792
0.9174836
0.06496241
0.03414215
0.03386156
0.0804244
0.8878404
0.052486572
0.025236068
0.024583353
0.04590151
0.07706474
0.07516116
0.8100535
0.78966737
0.82265854
0.79881084
0.16486585
0.18504518
0.16595338
0.09617618
0.06464655
0.070432805
0.810942
0.15645199
0.12980644
0.19959171
0.9182291
0.91483015
0.8591197
0.9025387
0.20956782
0.19886515
0.17379604
0.862802
0.0951954
0.061589483
0.046098366
0.04116197
0.06762991
0.08042919
0.10779122
0.7251981
0.14494617
0.07160512
0.06239203
0.19623654
0.85184425
0.7830694
0.8243007
0.15696731
0.11808487
0.16326143
0.6154316
0.6660793
0.66785794
0.18565364
0.15786475
0.33868024
0.6113366
0.6200064
0.62440085
0.19245887
0.17892072
0.20114313
0.15475021
0.120382436
0.19673514
0.26906234
0.32222298
0.83753264
0.80197376
0.612986
0.6121786
0.61056453
0.8143096
0.8687534
0.81764895
0.6067953
0.60487425
0.79554623
0.795792
0.6247411
0.5513371
0.47048292
0.17185669
0.1610808
0.5524919
0.59390223
0.7879661
0.7412068
0.71429133
0.763812
0.26752546
0.24224922
0.5514269
0.6940899
0.57375234
0.19689575
0.2071854
0.5391503
0.1745328
0.16646418
0.6205706
0.64801717
0.7923414
0.68380517
0.63039887
0.5945323
0.23368648
0.18834645
0.4388134
0.18412243
0.3003549
0.55971223
0.7940227
0.81833804
0.6611754
0.6099884
0.68819875
0.5416336
0.2719426
0.18402116
0.14035444
0.22846828
0.18452626
0.26502582
0.24117288
0.54810363
0.3457265
0.33464822
0.41033038
0.7116912
0.6529804
0.6716157
0.70739865
0.78968763
0.72034144
0.8047414
0.80146253
0.66109794
0.6291853
0.65679914
0.7074895
0.74551547
0.777071
0.86454344
0.85789585
0.75715506
0.7434985
0.7232969
0.87728906
0.88609594
