0.82815194
0.1997329
0.16544779
0.17875361
0.24673742
0.86745185
0.88590837
0.7253464
0.703344
0.85194385
0.8887535
0.8218299
0.7951129
0.8794493
0.8827289
0.8323456
0.8399085
0.18539159
0.17265226
0.13895123
0.05966522
0.045011993
0.05213014
0.03758848
0.03506353
0.035080194
0.09863605
0.9541146
0.96754795
0.90952224
0.84279096
0.96994823
0.9686009
0.9518249
0.9355019
0.041969188
0.023018662
0.0206793
0.030713085
0.074326806
0.8895809
0.06343695
0.03926475
0.066351816
0.12504336
0.19917339
0.8291353
0.20350589
0.16557807
0.61433625
0.2785014
0.3493436
0.82471615
0.89353704
0.9322404
0.929812
0.8800366
0.8808706
0.7578345
0.69265246
0.15089254
0.09667585
0.08222001
0.092802756
0.39693823
0.6003622
0.9238937
0.8793193
0.6670367
0.5942524
0.06505057
0.06040648
0.06603377
0.105816305
0.7396126
0.9005845
0.91534024
0.79405886
0.77598286
0.7953831
0.86708325
0.89328575
0.23488712
0.11947088
0.09400939
0.13641594
0.7960769
0.7590304
0.7212508
0.7545321
0.3718555
0.3101775
0.59236735
0.5781776
0.5969918
0.63102245
0.73791486
0.7037538
0.650154
0.7105609
0.09936416
0.1529402
0.1507735
0.082955495
0.043731943
0.03818043
0.033528958
0.03080887
0.027261052
0.02475636
0.028159518
0.03342997
0.025806911
0.06089875
0.15446177
0.97252494
0.92952985
0.957403
0.09876006
0.024487883
0.021734308
0.021642586
0.029460086
0.038160533
0.055858675
0.115364976
0.20685752
0.7867455
0.10427818
0.09049218
0.6773409
0.120214365
0.09382965
0.10436196
0.11984834
0.12990965
0.20898172
0.42909816
0.8703288
0.13981923
0.10215114
0.5960487
0.08237438
0.07376956
0.1675212
0.19917366
0.8854561
0.8197641
0.7407653
0.13208131
0.096054085
0.07243103
0.080190875
0.6059225
0.123954535
0.10540937
0.522805
0.14923546
0.18574184
0.3066865
0.74123996
0.73757404
0.74928087
0.121286884
0.14797553
0.07166054
0.056959275
0.05016576
0.061395958
0.08553907
0.7997685
0.83062583
0.77195126
0.1289272
0.11583222
0.8181931
0.08327466
0.065630145
0.031271067
0.02967119
0.059641905
0.9124707
0.9729601
0.9682492
0.9062555
0.048601206
0.02420198
0.022567755
0.031674195
0.053039752
0.7790525
0.11249432
0.10402327
0.73381704
0.7739267
0.896517
0.93470925
0.9177879
0.84075487
0.8568142
0.7139489
0.6801322
0.7159154
0.74879324
0.75805515
0.0674732
0.046302862
0.03361464
0.032347217
0.056088556
0.17903902
0.8748219
0.10534322
0.092891775
0.8568017
0.8527015
0.86337084
0.07434541
0.039803002
0.041027054
0.03753146
0.02719452
0.0554685
0.10878179
0.22979006
0.87308466
0.66190404
0.6526666
0.64373344
0.10516611
0.12450316
0.11630914
0.1361459
0.14540963
0.23255086
0.37503874
0.3476958
0.1593071
0.091739975
0.09647825
0.6907277
0.6906665
0.8611525
0.83075875
0.81306446
0.9099068
0.22249784
0.08430915
0.046061628
0.03284529
0.0306824
0.036666937
0.08116703
0.7709089
0.34859994
0.40873444
0.92817193
0.108167216
0.03644106
0.029647626
0.041412517
0.10148444
0.8774262
0.93990993
0.8972192
0.8299239
0.8131662
0.07780365
0.032878593
0.04671042
0.0600158
0.06583111
0.88790435
0.93698
0.95422506
0.9365362
0.27175337
0.19885242
0.7385681
0.07140699
0.07248597
0.069877714
0.079940304
0.07030985
0.083979405
0.13910939
0.7927697
0.9351414
0.9571606
0.95196056
0.9164066
0.81655943
0.16294785
0.10793067
0.109881036
0.20139544
0.41820738
0.26402047
0.17402121
0.19509749
0.44145122
0.51333255
0.6097777
0.8950633
0.9362144
0.930878
