0.9009008
0.85535365
0.90325725
0.90584165
0.8305028
0.90897846
0.9335758
0.9024773
0.87865573
0.90844357
0.8791654
0.8586278
0.85462034
0.86363894
0.09571685
0.06102206
0.059431285
0.07383473
0.8403538
0.08145751
0.0527949
0.04342542
0.06767716
0.9393029
0.95434546
0.90217733
0.8647289
0.93682337
0.05208349
0.031668007
0.026428752
0.033776447
0.052879173
0.8890353
0.877059
0.09147264
0.069793686
0.062022902
0.82228225
0.11796697
0.18901668
0.8925237
0.9551212
0.9583687
0.18172126
0.032006096
0.020731494
0.021626838
0.031219225
0.068999596
0.9486864
0.96288013
0.8884216
0.93057036
0.9273468
0.92948884
0.90025514
0.074983485
0.03299993
0.02745129
0.034147266
0.057570238
0.10885812
0.9149646
0.8121339
0.81448096
0.90685606
0.29586735
0.26266682
0.88312113
0.0905166
0.06409082
0.081947245
0.8462389
0.8414997
0.26192424
0.8751244
0.0546189
0.036415014
0.03346253
0.030642606
0.030267762
0.030420177
0.029895227
0.030666487
0.031034566
0.03213535
0.034405068
0.06294695
0.9345411
0.8764236
0.8870119
0.8808391
0.87614834
0.92235726
