0.7941161
0.5635373
0.5797289
0.66745263
0.85970277
0.86264557
0.76864994
0.7227027
0.70120513
0.7140598
0.60274345
0.6386337
0.74100065
0.71193147
0.8287499
0.808105
0.6603005
0.706991
0.8308018
0.87663555
0.565774
0.46397752
0.29390687
0.3214429
0.8133239
0.12721969
0.103584684
0.11175237
0.09220492
0.10060087
0.13732816
0.90179557
0.16276711
0.15890367
0.13439454
0.03631564
0.022909632
0.032359153
0.8763204
0.91242635
0.9372107
0.9816606
0.97105193
0.962085
0.030448474
0.013317252
0.011323273
0.020800222
0.043476216
0.059566192
0.04038146
0.037502196
0.025076425
0.018078715
0.016143382
0.029328667
0.9434746
0.97953314
0.9894454
0.986166
0.96481246
0.89932203
0.024509476
0.014973696
0.014265751
0.024837548
0.042182915
0.042084087
0.03496287
0.0550575
0.8824679
0.065916546
0.03947856
0.05159778
0.07885455
0.6601909
0.1202107
0.12243489
0.10133394
0.11092284
0.16119184
0.12301221
0.103519954
0.10694618
0.116660945
0.1803392
0.78431016
0.7368554
0.7423549
0.7245838
0.72162473
0.71835667
0.066453636
0.037381362
0.030468222
0.034363706
0.03963925
0.04282635
0.03259974
0.028187497
0.035992015
0.7864223
0.092442505
0.15371099
0.88853914
0.9126641
0.90711987
0.946616
0.8999718
0.08405666
0.03277273
0.022025999
0.020610584
0.029823761
0.04436934
0.037330303
0.030361544
0.037500527
0.06557035
0.13191526
0.90513206
0.81957936
0.79260993
0.06944258
0.05007129
0.08408626
0.09203871
0.064123765
0.06693322
0.035937913
0.03552356
0.078691944
0.9529712
0.9253017
0.92144936
0.92790633
0.062749945
0.02783811
0.02758326
0.047140397
0.07946677
0.86943597
0.14948396
0.08910664
0.06440354
0.074328005
0.71391505
0.7627043
0.8583561
0.14910987
0.065208614
0.057541873
0.064474404
0.09170192
0.10973963
0.4515511
0.6756542
0.1475812
0.13779548
0.12891145
0.080989994
0.0862698
0.06654565
0.053496934
0.03624227
0.03744255
0.05669999
0.09761817
0.9021347
0.28583747
0.2843459
0.9245691
0.961217
0.9584259
0.9436117
0.12774779
0.027804894
0.019262128
0.020094303
0.038051046
0.9087016
0.89298373
0.94463956
0.08369682
0.026391687
0.020336594
0.022731561
0.070724055
0.83095014
0.81429195
0.8535595
0.8869856
0.8019914
0.72270554
0.13135742
0.13503234
0.12626044
0.07758855
0.06413472
0.08581643
0.33008537
0.92267424
0.8744423
0.6066859
0.4966216
0.10904623
0.12824509
0.25265163
0.28675082
0.86471117
0.68786
0.67296034
0.29775015
0.19129042
0.17020299
0.14292414
0.07780881
0.06824344
0.05804721
0.043890547
0.047313992
0.034829218
0.029997405
0.0468869
0.09650512
0.18018125
0.9786769
0.982669
0.9775828
0.9645362
0.1368336
0.06058616
0.040174033
0.02506505
0.023710573
0.028575268
0.036213085
0.04616744
0.07623158
0.1530242
0.88872814
0.91873455
0.9321182
0.93105
0.9008057
0.9158734
0.91963816
0.91826755
0.9141687
0.89834154
0.86785066
0.8602549
0.78927094
0.78189737
0.79586923
0.8538243
0.27898133
0.2191233
0.6943849
0.07818436
0.061942257
0.044513594
0.053639825
0.07536291
0.6603031
0.11891433
0.10095806
0.75553113
0.208091
0.17040928
0.15287243
0.8447038
0.862987
0.8677199
0.8483425
0.08109362
0.106689885
0.11605682
0.08968336
0.12890473
0.7720484
0.10187242
0.049361967
0.058132805
0.0668715
0.15193664
0.6120643
0.19357759
0.42293662
0.85891396
0.25007832
0.17319942
0.1177163
0.07524743
0.06270937
0.071924806
0.8228928
0.8849482
0.8684923
0.9439189
0.94857186
0.9326292
0.20280431
0.16593528
0.11073549
0.10719527
0.15282182
0.22260882
0.67507136
0.6393297
0.3311855
0.25083512
0.27156934
0.34698686
0.5997657
0.6987878
0.8753443
0.6462695
0.0736721
0.061786037
0.06736168
0.058445103
0.057347823
0.054603957
0.048933994
0.05611519
0.09097702
0.87804484
0.2719546
0.30348325
0.8253503
0.90703905
0.85882264
0.9137745
0.4518673
0.30386695
0.84720314
0.6930221
0.080107585
0.059055116
0.06005647
0.06575268
0.6297795
0.19502065
0.12151555
0.09411884
0.3017583
0.39794186
0.81899196
0.27631584
0.32296842
0.19397019
0.2922918
0.7621293
0.22425973
0.13205504
0.6680419
0.77196664
0.31967598
0.31744134
0.38322487
0.9142543
0.9152149
0.8932574
0.79074997
0.69257385
0.25714785
0.2614499
0.33562586
0.842368
0.81225395
0.16157265
0.10138976
0.09848274
0.10166398
0.1199986
0.19002545
0.77640027
0.79922456
0.8570096
0.84921557
0.80537283
0.56061137
0.33271378
0.21278737
0.13143143
0.13222714
0.1301732
0.17004079
0.23589094
0.6307251
0.63829696
0.19958656
0.19290002
0.2118341
0.62880814
0.52094877
0.5435297
0.5585748
0.6280994
0.669758
0.69672513
0.7394217
0.19970596
0.1715936
0.22292152
0.80575466
0.704823
0.76499325
0.12573344
0.08888482
0.10164752
0.16497032
0.8518638
0.27323633
0.08994332
0.06597484
0.109603375
0.06690102
0.045938537
0.049049146
0.10545565
0.8227498
0.94210917
0.82994044
0.06302485
0.02859252
0.022021469
0.019713603
0.019901011
0.022609923
0.033451416
0.85868263
0.8021564
0.96985865
0.96953344
0.9626261
0.1272551
0.0241013
0.017216343
0.018430302
0.03187422
0.06852962
0.87192523
0.9418717
0.91950166
0.16904569
0.054328542
0.06621625
0.9382877
0.91419536
0.955888
0.96924746
0.9490097
0.92891914
0.060814712
0.042404488
0.058043074
0.85743177
0.13525008
0.0772533
0.038841873
0.034967422
0.044060856
0.06702551
0.83456993
0.08486385
0.05064946
0.059239153
0.83815575
0.7937711
0.8661666
0.8816099
0.9081569
0.89956856
0.8926066
0.84970444
0.8590099
0.8791806
0.10594017
0.05969891
0.061790943
0.85725677
0.9378585
0.9038118
0.8874533
0.83636075
0.059533283
0.033721548
0.03651988
0.032844733
0.040014684
0.052471373
0.07426228
0.87699133
0.9163678
0.21083899
0.1023764
0.10559202
0.848548
0.17817149
0.120464675
0.08264865
0.061012764
0.08342852
0.15476005
0.16275266
0.13981703
0.145596
0.8500352
0.8606746
0.81833696
0.61472493
0.5665921
0.55316985
0.64513415
0.7797822
0.743347
0.8574079
0.8131718
0.6337735
0.6193633
0.81011295
0.7930612
0.6033749
0.5637945
0.5588078
0.5982019
0.1145125
0.1831449
0.13471963
0.7021505
0.6246784
0.34817174
0.1883986
0.12131449
0.12679209
0.10528483
0.8295647
0.16873921
0.11028318
0.097679876
0.12620716
0.8559444
0.30308187
0.09411861
0.068313204
0.23872024
0.77727693
0.7423597
0.09262564
0.1363393
0.1264073
0.8638359
0.9397673
0.96301734
0.93746746
0.91684234
0.105978705
0.051987745
0.14715746
0.84756804
0.13111058
0.10617993
0.13227078
0.2409881
0.85813695
0.29862618
0.7448329
0.10742804
0.07231138
0.08517087
0.09080772
0.11138885
0.20794797
0.1698584
0.19454958
0.7766355
0.81367064
0.20087144
0.11667558
0.34432614
0.85063994
0.89756256
0.8513642
0.63616425
0.30903256
0.3289611
0.23404695
0.21751091
0.20678265
0.35214943
0.36240077
0.4292794
0.63711417
0.6327642
0.80840224
0.85480624
0.8576069
0.83330613
0.7763861
0.76665115
0.82577604
0.82548803
0.7871187
0.8273591
0.78383106
0.69139063
0.6266571
0.55449796
0.41293827
0.2888516
0.28299302
0.33219942
0.67822015
0.588272
0.55041087
0.5786557
0.6538177
0.8411132
0.8686364
