0.7677806
0.6341419
0.5887222
0.5886208
0.8207304
0.89096534
0.8782691
0.77456176
0.8425982
0.8133062
0.8197671
0.87509763
0.8714764
0.81512827
0.6547231
0.18070026
0.13372213
0.14569972
0.19460511
0.20310315
0.23115177
0.27172118
0.7369876
0.8783364
0.86076283
0.6313382
0.54297
0.4971891
0.4989138
0.548877
0.6289318
0.67252153
0.8599426
0.84579444
0.6350084
0.6298312
0.13330817
0.07935154
0.067730814
0.08188398
0.78347886
0.9208314
0.9436221
0.9247699
0.102364786
0.042718932
0.035662584
0.050090145
0.07157421
0.07413201
0.059362806
0.07239712
0.8480181
0.83359605
0.11890585
0.073019445
0.09125999
0.10018568
0.10551827
0.10597577
0.0893214
0.7822678
0.09843874
0.09006243
0.73875624
0.76666296
0.8243752
0.8378756
0.069610596
0.06528284
0.042055238
0.03571511
0.038718116
0.058799274
0.8823788
0.30201948
0.87226605
0.92325974
0.94210625
0.26749697
0.15788706
0.2292823
0.8882915
0.06386305
0.037804537
0.045389798
0.11797213
0.949519
0.94448364
0.8874876
0.92604816
0.14288731
0.049299646
0.046160232
0.068465516
0.86082184
0.07967408
0.04134193
0.039194506
0.06363471
0.8576477
0.046811935
0.028918311
0.027725248
0.034484576
0.03757086
0.059080653
0.90269816
0.89419454
0.046209395
0.02458616
0.021722885
0.025868313
0.06216756
0.070625424
0.043574527
0.040026695
0.05567997
0.8813525
0.8325894
0.06483613
0.043427285
0.057338223
0.08529114
0.10216102
0.091859
0.06519736
0.095016025
0.78261155
0.7415729
0.10473156
0.050742008
0.048823062
0.08704575
0.19175279
0.29515317
0.3030767
0.6927373
0.621449
0.15353255
0.15051815
0.8024533
0.30559298
0.38135043
0.30893692
0.1429036
0.70960027
0.6819198
0.72755414
0.7753226
0.8359929
0.13570395
0.08172041
0.082156375
0.07866881
0.161077
0.29423565
0.8787587
0.8365162
0.33131152
0.27095184
0.2562624
0.69536203
0.6116567
0.65795916
0.80919504
0.11441803
0.10124116
0.07130672
0.04910354
0.08155291
0.8764207
0.8587032
0.9492404
0.9456038
0.8896122
0.15884449
0.12390632
0.5184966
0.078832805
0.09538251
0.1773096
0.4905359
0.5351488
0.28139806
0.13675393
0.10173849
0.106599174
0.15575822
0.22410552
0.28306535
0.9340489
0.92103195
0.7799965
0.73803794
0.72430974
0.26657155
0.1969484
0.11487142
0.122231774
0.07991202
0.09021462
0.1755695
0.35815096
0.21304438
0.17409928
0.18566051
0.3078103
0.57824075
0.7410982
