0.90798676
0.8929062
0.8586578
0.75692075
0.6802913
0.6236387
0.71834177
0.7275608
0.5750134
0.380807
0.3045319
0.3264099
0.34973413
0.35460445
0.43517047
0.40597746
0.41633725
0.4112314
0.42663983
0.3514144
0.2256435
0.20126326
0.25919402
0.45840353
0.52461153
0.6752848
0.56294817
0.7101149
0.6279382
0.5927568
0.5350403
0.6978052
0.7048104
0.28106028
0.19796392
0.1908602
0.19631386
0.17665385
0.16520348
0.18512057
0.18230942
0.19998235
0.28016165
0.3181222
0.21377102
0.22957785
0.50961465
0.6221365
0.7359998
0.82492703
0.8142425
0.66736114
0.7236771
0.5655846
0.6637884
0.4866657
0.3034866
0.29226163
0.736928
0.510439
0.53465503
0.17369747
0.17384245
0.33858427
0.81273615
0.8335102
0.115554124
0.09276669
0.08880533
0.09866737
0.22235832
0.31459245
0.7945235
0.86068624
0.093418114
0.07554565
0.108269766
0.13746285
0.15688398
0.91496474
0.8814276
0.69232076
0.7405919
0.7423358
0.75398797
0.7244849
0.05858947
0.06939773
0.06110393
0.056393977
0.07151101
0.09404247
0.0972086
0.07418937
0.060806118
0.088778704
0.22899868
0.7781666
0.09691646
0.16291372
0.24798231
0.5458044
0.23099513
0.5356349
0.18421146
0.13892137
0.40562025
0.44328463
0.48604736
0.41011572
0.28723633
0.2514624
0.2547887
0.2543705
0.4697938
0.6508687
0.51211274
0.56147707
0.81106967
0.7919063
0.62355924
0.20545332
0.1248316
0.10366028
0.09562336
0.096201606
0.10722284
0.1890494
0.8286894
0.8956847
0.4594292
0.25740406
0.62715065
0.6318137
0.63861406
0.103489205
0.10711591
0.1233713
0.14077233
0.11991623
0.11838924
0.15474176
0.7915705
0.2577509
0.5426026
0.10999289
0.12538508
0.7162096
0.87753123
0.4744408
0.5653913
0.92808646
0.07634108
0.03853446
0.034294434
0.022232894
0.022817982
0.053215418
0.9611214
0.97807443
0.9725628
0.95469236
0.04142365
0.021636859
0.019717561
0.023120519
0.0363048
0.045308184
0.86849266
0.3288653
0.4019595
0.895319
0.82731086
0.8473736
0.1427313
0.11735788
0.61723083
0.26928645
0.8241726
0.8240529
0.90708774
0.8778261
0.7767461
0.10149163
0.060770217
0.060496807
0.7558815
0.784715
0.89647454
0.90710324
0.17823367
0.16218491
0.111748226
0.7857004
0.87652904
0.9317493
0.92367566
0.7444073
0.13191333
0.047735024
0.028147338
0.025284203
0.029485904
0.071367316
0.92319363
0.10817814
0.086505845
0.90087324
0.9099042
0.90854937
0.8789848
0.042276006
0.023008032
0.019640882
0.02188274
0.028005436
0.039138027
0.061259706
0.114026
0.7978914
0.06406236
0.05521222
0.10401419
0.076394424
0.054847457
0.070011765
0.13029805
0.855995
0.7251768
0.18583345
0.14869146
0.6669741
0.059641395
0.052266628
0.07099377
0.13200629
0.17371574
0.20821626
0.14710695
0.12872611
0.11009085
0.12777148
0.19189534
0.15891974
0.18906993
0.8244625
0.10576606
0.06866227
0.1555268
0.8472423
0.7897306
0.11091739
0.14459479
0.06355979
0.03589137
0.024290003
0.022077594
0.021035245
0.029994395
0.88053733
0.7505131
0.97297806
0.96294063
0.872473
0.8315315
0.8222684
0.029309688
0.023066323
0.023742646
0.037398145
0.026979225
0.031665526
0.061131407
0.106015444
0.07094651
0.053078055
0.06508657
0.8323257
0.8824505
0.7941359
0.16864765
0.14737843
0.10074536
0.076642185
0.07222823
0.120182596
0.71387935
0.83153194
0.17251319
0.088813744
0.077332266
0.08688595
0.072838634
0.051223118
0.053600825
0.7124144
0.80439836
0.87971485
0.8596108
0.8638775
0.80574393
0.79760766
0.8523205
0.77460283
0.12043093
0.121258326
0.0656209
0.07150683
0.10083103
0.076884136
0.08755317
0.70632386
0.80197823
0.72265214
0.80988693
0.14992355
0.10902409
0.108477525
0.14439966
0.8588799
0.27743986
0.078127965
0.06684868
0.10936651
0.89645755
0.86592484
0.9230116
0.83340895
0.8723946
0.07804196
0.048622347
0.036285203
0.035433467
0.04924978
0.07579263
0.14029068
0.17875837
0.82483244
0.18640047
0.130718
0.10721962
0.14042066
0.7437494
0.85465735
0.71816343
0.67726684
0.1400746
0.13262697
0.16217554
0.17548399
0.48551458
0.48163837
0.7447548
0.27575043
0.17992158
0.3741892
0.23175228
0.12593783
0.15373196
0.5493038
0.5907524
0.7007666
0.84171396
0.87187034
0.35612172
0.34880924
0.21391925
0.15021175
0.11976996
0.13866769
0.70885044
0.6408297
0.79277945
0.7594677
0.5337182
0.21774969
0.14279959
0.112373024
0.10060995
0.549167
0.5870095
0.7928727
0.79673237
0.2560015
0.13329774
0.14129698
0.18832843
0.34733692
0.51540804
0.39117908
0.28831145
0.25641122
0.41660175
0.23788838
0.19347157
0.28323826
0.52914864
0.33379316
0.2531611
0.19820148
0.35157296
0.2820101
0.23121986
0.41951978
0.43196282
0.48505184
0.5561689
0.70809895
0.62914944
0.61698127
0.7540167
0.7592564
0.61784333
0.5386817
0.5138004
0.25385714
0.19401449
0.37281585
0.1918091
0.22385186
0.21572642
0.20793319
0.23470083
0.54491735
0.18883048
0.15110214
0.15282716
0.16770072
0.23234531
0.40073362
0.8743509
0.8543499
0.3456792
0.32639623
0.8035937
0.6371666
0.17762862
0.13754253
0.13585407
0.15946305
0.8172192
0.14835577
0.05192311
0.055358518
0.06257567
0.09965743
0.7755817
0.8101342
0.36289015
0.7808872
0.8793667
0.31151578
0.20006555
0.8001251
0.060340863
0.058167763
0.03830083
0.04666867
0.09053986
0.09046073
0.067807056
0.066223286
0.9587592
0.8977608
0.97374415
0.9771798
0.95499825
0.94199204
0.9183904
0.03288833
0.020934615
0.018283192
0.017151497
0.016822634
0.01874688
0.024552371
0.045890633
0.8751282
0.15100351
0.12708281
0.7717395
0.7904506
0.21323614
0.7986536
0.8389128
0.86635906
0.8960038
0.07866773
0.0375046
0.030679667
0.03961138
0.066595934
0.84177834
0.12315226
0.10827112
0.11912839
0.16530375
0.87335473
0.8044898
0.20803155
0.19901153
0.73844075
0.16240723
0.09161135
0.08279939
0.091793545
0.6400241
0.2917046
0.42764518
0.4912454
0.8425076
0.122121684
0.073980846
0.057024095
0.04815776
0.046832513
0.050065923
0.07900887
0.83778715
0.8954737
0.13094676
0.098615624
0.398172
0.72636366
0.10501648
0.099493794
0.68334204
0.09793213
0.09957736
0.6551414
0.67229867
0.94391996
0.9431922
0.861811
0.86591625
0.10686298
0.11392742
0.79722273
0.81211424
0.13347839
0.12546967
0.75177884
0.07990804
0.08494992
0.100362524
0.86464965
0.8966788
0.09266651
0.04630753
0.08843883
0.79997605
0.8578205
0.9322748
0.9061295
0.74990124
0.078651525
0.063335456
0.08474944
0.1580384
0.87196314
0.22724119
0.18823433
0.18095991
0.10794084
0.097682685
0.11927201
0.10660294
0.09061821
0.07041854
0.4059134
0.5249902
0.9063255
0.92587006
0.8712586
0.16207388
0.07040946
0.10381948
0.13704994
0.6492761
0.2995505
0.54525363
0.23764063
0.3795167
0.27584141
0.17811447
0.10214333
0.13893358
0.13892302
0.09655432
0.09009569
0.08620365
0.08749596
0.08558962
0.12824745
0.26397425
0.9170526
0.0953833
0.04270807
0.03765795
0.05956184
0.052535534
0.059546035
0.04242577
0.04754773
0.08114118
0.78144777
0.95580596
0.9609511
0.9516476
0.13811536
0.04219371
0.0317885
0.044834435
0.7985605
0.0860651
0.060523003
0.49098033
0.90626127
0.92086965
0.9460793
0.9519221
0.9190125
0.078451425
0.066390626
0.7409157
0.042406105
0.027846463
0.035418328
0.123957634
0.91203344
0.8223508
0.77499443
0.050712414
0.031348158
0.035860594
0.03512509
0.0329494
0.034438044
0.048449438
0.08797445
0.13423716
0.913073
0.7892832
0.098317795
0.04472958
0.032483585
0.03840511
0.083650015
0.10345209
0.08278706
0.087352514
0.6044084
0.38338622
0.6696993
0.27183545
0.14971052
0.098625794
0.082456335
0.063033395
0.06771198
0.10694929
0.15844905
0.8301126
0.76696336
0.21202494
0.1140875
0.0816699
0.08377037
0.6965867
0.085530914
0.069285125
0.06624926
0.16554102
0.82688177
0.9542837
0.9641716
0.12802738
0.042808622
0.024467701
0.02370995
0.03318132
0.028188568
0.03191034
0.056960966
0.84687954
0.25882804
0.88954425
0.080143385
0.04027649
0.04690878
0.8878673
0.8911358
0.91198254
0.9615446
0.96084136
0.94513786
0.86002266
0.8015304
0.046060998
0.05117482
0.07925666
0.9055758
0.84440356
0.30326173
0.88736105
0.079991944
0.029728407
0.022408316
0.021253577
0.023277981
0.024776768
0.030940946
0.05102166
0.88004994
0.9456699
0.95925814
0.16833961
0.16509463
0.0601521
0.03892278
0.034500692
0.038648207
0.057491705
0.8280856
0.07636097
0.057505086
0.8817879
0.9570656
0.96045464
0.8670582
0.08532718
0.07362762
0.82929766
0.043010965
0.023497758
0.02134142
0.02269563
0.026063975
0.03815102
0.07263361
0.79039156
0.79586285
0.1599466
0.06955728
0.13544573
0.23269686
0.8726859
0.15178376
0.11999416
0.08109723
0.10669395
0.6953509
0.3407573
0.15503338
0.12422415
0.11368784
0.57724243
0.6313182
0.76276183
0.609366
0.52743715
0.37217873
0.11826634
0.08314555
0.35348064
0.86828697
0.9326591
0.9122445
0.13080469
0.046051912
0.067338124
0.043132097
0.058308423
0.061582934
0.08652853
0.83206564
0.89005375
0.20876807
0.15716195
0.92229605
0.93848145
0.9451825
0.1069085
0.08278507
0.047640678
0.06869791
0.890056
0.84482926
0.8602201
0.8978978
0.82663864
0.8987794
0.8429996
0.862598
0.7385968
0.07037847
0.051639386
0.05180301
0.061004836
0.080955125
0.1221126
0.8516937
0.71686906
0.12063992
0.0881765
0.102392614
0.19727658
0.12036814
0.10107279
0.0718263
0.07127616
0.21810105
0.7088454
0.91336
0.9378501
0.8961478
0.34724325
0.3932807
0.8022873
0.72360575
0.10170529
0.062271867
0.053784765
0.07593968
0.13560306
0.08564691
0.07543015
0.07293154
0.09048829
0.124023706
0.8980083
0.08953888
0.05318322
0.055740546
0.07767554
0.09836323
0.7497119
0.10492347
0.08413371
0.7495634
0.19257082
0.25319323
0.84538466
0.12265273
0.095855445
0.04093721
0.037608687
0.052850112
0.9290638
0.88998586
0.9321705
0.049205914
0.026489858
0.04972734
0.06162641
0.06870663
0.8520974
0.1062386
0.11952642
0.88273793
0.04555703
0.0289888
0.057865955
0.14708044
0.13093205
0.085357904
0.66133505
0.15248062
0.7642188
0.10161774
0.12727213
0.17058422
0.14625481
0.07772267
0.05344432
0.061510038
0.11852591
0.17097259
0.08770803
0.07889745
0.09166094
0.07592867
0.07895087
0.09550056
0.15640885
0.6542838
0.14754838
0.14096402
0.24523325
0.2508911
0.26281777
0.87723714
0.6395808
0.11563729
0.050260253
0.03951073
0.052173764
0.7711356
0.7771701
0.9075761
0.91228575
0.12036378
0.08090786
0.10140969
0.18845552
0.90049565
0.9014279
0.8849353
0.347688
0.18526757
0.19238842
0.24767467
0.8265184
0.87338126
0.86823034
0.74757904
0.21098253
0.25491863
0.24601991
0.17022136
0.14359212
0.12406333
0.13787799
0.10209881
0.74810755
0.25630596
0.803094
0.073783584
0.044241164
0.031714246
0.03152629
0.035631154
0.053655524
0.09896047
0.9212267
0.39672175
0.9326263
0.9195838
0.79062426
0.71024024
0.0790188
0.06467403
0.050060466
0.08978316
0.14137922
0.84859604
0.18771793
0.13378532
0.74333936
0.38488293
0.5988642
0.24256167
0.5889098
0.16053222
0.18578337
0.2752015
0.6795298
0.5085565
0.45827946
0.3072863
0.23671916
0.19670004
0.5406876
0.61691725
0.32915708
0.28808534
0.25637627
0.51514953
0.48713863
0.27705288
0.37771028
0.19727099
0.3778687
0.4992853
0.53756195
0.49937543
0.7200559
0.6650288
0.24799709
0.22950791
0.33763704
0.44314197
0.386614
0.19730583
0.17051128
0.2067255
0.6482307
0.161373
0.12081146
0.11081466
0.14266221
0.1760432
0.7626049
0.36240157
0.19293211
0.8185647
0.18570681
0.09261066
0.10158827
0.7826871
0.08906712
0.07550676
0.09919426
0.19445822
0.89367926
0.113724284
0.08158972
0.101330064
0.112374134
0.093767844
0.08472285
0.14212802
0.9100525
0.9125955
0.86463577
0.93616277
0.124592185
0.10299262
0.10493804
0.119153716
0.2122106
0.911212
0.78625995
0.74218017
0.6845858
0.13583444
0.11124127
0.78337234
0.18201719
0.118264325
0.05995811
0.04888626
0.052055035
0.10597557
0.23392981
0.9117081
0.74900544
0.71549225
0.08803553
0.055216555
0.11748262
0.13629866
0.1505817
0.17094754
0.12361901
0.20181796
0.14885561
0.1351753
0.1112778
0.13662106
0.1356983
0.6820239
0.22033428
0.1627846
0.34102625
0.21349122
0.18976358
0.13031323
0.09975355
0.15723895
0.26532865
0.5714195
0.16697082
0.21693137
0.21968141
0.29107237
0.75465584
0.2518023
0.1439526
0.15064095
0.13837744
0.18964873
0.20350607
0.6837627
0.6147569
0.59184575
0.58077407
0.55127716
0.6623909
0.81498194
0.86417395
0.8343948
0.33999455
0.22116044
0.6364239
0.14472677
0.0753269
0.056655433
0.09847191
0.7588852
0.8016795
0.9258862
0.91653425
0.75722647
0.7215235
0.07563188
0.06430431
0.06412563
0.086579934
0.11835529
0.41077954
0.36431587
0.19193633
0.2747662
0.3334242
0.18691425
0.12700555
0.20276597
0.25114876
0.77807724
0.5177845
0.2557805
0.2057596
0.2589453
0.5609314
0.6193342
0.67742676
0.41160625
0.2812298
0.2586302
0.308513
0.35138664
0.3383774
0.28938505
0.28624168
0.28765088
0.2235712
0.20038699
0.29035267
0.46016222
0.298797
0.2280799
0.3382295
0.51527137
0.2166175
0.1723932
0.17705455
0.5263992
0.46409217
0.38832018
0.3933026
0.46335644
0.3507706
0.43578318
0.5806938
0.82226074
0.32046172
0.3160773
0.3345096
0.84390616
0.8938923
0.84581953
0.56619567
0.26280376
0.34153715
0.338247
0.68368447
0.4803443
0.4339665
0.2207887
0.1554684
0.2122927
0.43100473
0.518185
0.3236576
0.40397397
0.49999318
0.5130739
0.6228732
0.6168909
0.52668875
0.29297674
0.26582828
0.4212865
0.24269314
0.2664219
0.27836168
0.34675756
0.7985425
0.42061222
0.25326097
0.1489971
0.084095016
0.113231175
0.12338209
0.71966773
0.117858596
0.13703476
0.07373011
0.06682283
0.07834767
0.053152353
0.85039145
0.8309473
0.8974928
0.9419061
0.952617
0.06270832
0.040872417
0.04717658
0.06952748
0.09904682
0.15565105
0.8422772
0.17887403
0.0709541
0.03656332
0.029415762
0.033666637
0.066775374
0.12435995
0.87651867
0.93749285
0.8853689
0.8617843
0.9156445
0.8584381
0.84080887
0.13380533
0.05485597
0.032171305
0.030526884
0.044435263
0.08433141
0.17971322
0.8352176
0.8396526
0.74787855
0.7567644
0.22693682
0.16264929
0.56992805
0.086603925
0.09791827
0.12209755
0.22513294
0.271237
0.91715324
0.91645396
0.747384
0.07154917
0.031484097
0.026109442
0.029771866
0.04170188
0.11276222
0.15216516
0.9319565
0.8462946
0.9368415
0.93318456
0.91197234
0.15440246
0.1567675
0.17547275
0.90601325
0.8947651
0.1334684
0.09722407
0.8170901
0.9068275
0.8724322
0.080324985
0.053694796
0.059242196
0.8358131
0.79986674
0.88265014
0.9314898
0.12577741
0.10754083
0.09154844
0.84959185
0.91923887
0.9302804
0.16448282
0.100585766
0.7556746
0.7464287
0.87194854
0.7844685
0.1146058
0.112016335
0.1223431
0.89234585
0.869519
0.94088787
0.92856634
0.9008034
0.11277799
0.053960003
0.048881836
0.04139431
0.06965627
0.06670068
0.07701759
0.1118112
0.12671731
0.19319443
0.14866374
0.1386979
0.640995
0.1547485
0.1804492
0.12122007
0.1700026
0.12700176
0.087695904
0.05655929
0.050755262
0.076814935
0.0467108
0.040286805
0.04673769
0.77485514
0.76394075
0.8371645
0.94578403
0.95070726
0.8884611
0.83457565
0.8430347
0.06345884
0.05917235
0.041214805
0.033118982
0.03596876
0.050201375
0.09158272
0.79166025
0.7899064
0.8759458
0.8574331
0.16499956
0.10412795
0.102812745
0.09710519
0.14122057
0.2976729
0.4128475
0.6744177
0.1340359
0.113360286
0.5936244
0.21963523
0.3416003
0.71071154
0.7193208
0.9178796
0.22493988
0.10648229
0.057174396
0.036000334
0.031192211
0.03353745
0.06799712
0.9239883
0.84707487
0.86902124
0.9175886
0.8647413
0.93978024
0.9227593
0.81721735
0.7824499
0.04455299
0.04026115
0.06039983
0.037366927
0.03950803
0.050057765
0.070704095
0.8322802
0.90470564
0.9110558
0.2998947
0.30814388
0.13404658
0.10694453
0.108591825
0.14425564
0.16707617
0.16904534
0.12044247
0.101505615
0.0874511
0.086523265
0.098279044
0.695358
0.62747276
0.23465309
0.24164644
0.7486648
0.87180537
0.8248156
0.8626168
0.33720315
0.43996942
0.7118078
0.69931686
0.096841164
0.06525891
0.07844312
0.1139341
0.15079312
0.12329987
0.1502988
0.26189545
0.20350546
0.8621552
0.19499007
0.17181337
0.8069271
0.69064677
0.13773817
0.1211264
0.79624534
0.88355863
0.08903849
0.040883336
0.040356506
0.039269354
0.04212591
0.038586948
0.04083027
0.051658954
0.06807988
0.9177156
0.35543895
0.27772897
0.22507496
0.18429205
0.93040216
0.94525105
0.05945282
0.024240486
0.025313275
0.019729665
0.024773303
0.051548585
0.9143603
0.06042693
0.032322038
0.067665964
0.17433831
0.9575904
0.9513704
0.19207492
0.12846872
0.92822695
0.8823406
0.9259864
0.172691
0.13212301
0.86727095
0.9086952
0.06659513
0.03153327
0.02596136
0.02493164
0.025983451
0.027850192
0.03857897
0.054106645
0.06378286
0.08230437
0.92444164
0.910338
0.05748111
0.033565406
0.03192007
0.031531814
0.031083392
0.030355513
0.046633467
0.06531823
0.060810536
0.05865106
0.06709175
0.10473839
0.1111865
0.81327814
0.8315283
0.13350217
0.14190404
0.7051248
0.11149782
0.081611216
0.089964494
0.09411026
0.20138223
0.34385708
0.77608913
0.54942274
0.51944333
0.45120174
0.51808465
0.6007318
0.8028619
0.826156
0.719646
0.8225028
0.78757703
0.64388907
0.6542483
0.17124932
0.34775564
0.24605985
0.06927092
0.040125467
0.057683956
0.06100041
0.08180245
0.046389192
0.053515166
0.92721766
0.915977
0.96323305
0.96534157
0.043455724
0.027131189
0.02976326
0.03344715
0.024987323
0.054061487
0.089411885
0.09493921
0.110484555
0.16985303
0.7733416
0.8343716
0.2833732
0.22381638
0.31130642
0.16394949
0.13886967
0.13386534
0.14069909
0.18528374
0.33817735
0.44204897
0.94119716
