0.8024939
0.6778087
0.71722656
0.7929011
0.7526808
0.73842174
0.6146578
0.5866106
0.71447015
0.5488389
0.47482672
0.5726359
0.71268094
0.67998713
0.6957102
0.60121745
0.3092588
0.21564913
0.2313643
0.34253186
0.7504407
0.6231195
0.59769714
0.11719655
0.066675
0.07046744
0.10345912
0.09861052
0.83909166
0.8491494
0.9130097
0.8153603
0.14408702
0.09610142
0.054080714
0.051819548
0.08283305
0.61323506
0.68466944
0.84471995
0.8554611
0.7347393
0.85087454
0.78473234
0.32746392
0.5546791
0.107074566
0.059288703
0.117451854
0.6590873
0.86871713
0.7964254
0.9328556
0.9272302
0.8875421
0.12672341
0.07720064
0.059967894
0.095950395
0.6701428
0.31181312
0.2017104
0.16203853
0.15405297
0.6422377
0.6839048
0.8591236
0.92269564
0.9274708
0.45884216
0.49940956
0.45452225
0.36247927
0.70200413
0.09458668
0.054906674
0.059044816
0.07915424
0.16889997
0.8274928
0.23729196
0.08747005
0.09692396
0.7931502
0.8317317
0.84871095
0.84675705
0.11196676
0.033274863
0.027166516
0.0333533
0.024261722
0.022919143
0.025937026
0.07946285
0.97553355
0.9719757
0.9517626
0.93745184
0.04259522
0.020969022
0.018336134
0.016674154
0.016779942
0.018132329
0.025926739
0.07562376
0.9249315
0.79436404
0.73411906
0.08417317
0.065716
0.115517266
0.8886859
0.12008832
0.040199477
0.024138024
0.023946565
0.039935485
0.8364404
0.92242116
0.9180061
0.7895612
0.060394034
0.042206213
0.06890067
0.12283118
0.18385635
0.27577144
0.73384845
0.22692817
0.1017066
0.06487291
0.071880996
0.69081897
0.081296355
0.041841608
0.036343914
0.06025777
0.15308693
0.9360548
0.92153627
0.82528806
0.8352664
0.91834754
0.9335064
0.9259757
0.06410594
0.030509995
0.025828358
0.028515385
0.032214954
0.03170912
0.039337456
0.070398636
0.060837567
0.049134128
0.10237841
0.9562771
0.9024841
0.8663436
0.11239524
0.10209966
0.87552994
0.88497007
0.08161175
0.043535378
0.042083237
0.061948664
0.08238564
0.051249284
0.04265199
0.049261972
0.053128704
0.07226273
0.17705217
0.9104113
0.82397705
0.85920364
0.7693275
0.6396377
0.14830725
0.18914272
0.733645
0.8716797
0.89893985
0.8395179
0.8034991
0.8051941
0.83908147
0.8011633
0.8410262
0.18084604
0.1449725
0.08820492
0.06038362
0.11875629
0.12118966
0.10597713
0.09532115
0.27194765
0.6215195
0.25178748
0.31051835
0.7199041
0.677055
0.8242924
0.83404386
0.76846826
0.3713503
0.39241537
0.22411227
0.22736971
0.3761695
0.38845465
0.71585155
0.37850115
0.26699105
0.21614997
0.43351898
0.1271767
0.18592435
0.56152874
0.6389028
0.7723098
0.65282184
0.5546438
0.49716464
0.56250054
0.55536497
0.26641205
0.5613401
0.2297967
0.5324229
0.20974214
0.37261593
0.42490664
0.63123286
0.52799696
0.664216
0.5989848
0.5828565
0.57002616
0.5590281
0.49763483
0.18068099
0.23195153
0.31123248
0.73930156
0.23591904
0.1347601
0.17170478
0.73695254
0.23818247
0.17148411
0.6677098
0.69276375
0.74306095
0.71883607
0.67674506
0.59668005
0.23770152
0.24827781
0.71080315
0.15621595
0.11774272
0.14414285
0.57502264
0.30445105
0.20367172
0.22555043
0.535402
0.5369747
0.26531976
0.26830354
0.2692106
0.31601614
0.319062
0.7122096
0.6658972
0.6536103
0.65998286
0.80474854
0.8418993
0.77530974
0.56828433
0.6020816
0.20507243
0.15200458
0.09995949
0.07940435
0.07357289
0.050137002
0.03282447
0.028662086
0.035565376
0.094812274
0.8885953
0.8962263
0.9610786
0.95681864
0.9183219
0.7817432
0.7451427
0.71836203
0.06323026
0.04307078
0.0262455
0.028930562
0.0377175
0.057942756
0.061047945
0.0656241
0.14680354
0.14554879
0.14349678
0.14502501
0.17471321
0.23810211
0.14686114
0.12067887
0.11904304
0.12446473
0.11743542
0.109140754
0.80460715
0.58244675
0.16409267
0.5068664
0.63884985
0.101888955
0.12249312
0.63253784
0.6204622
0.20715967
0.7625265
0.106840186
0.19356516
0.07741665
0.058096446
0.053510416
0.057747267
0.055329904
0.050790496
0.058278166
0.036775265
0.041823573
0.07115271
0.08226167
0.04660152
0.034418993
0.08172518
0.96298075
0.9678228
0.97497386
0.97012085
0.96032435
0.041552946
0.017758168
0.01906323
0.030731637
0.05703126
0.057269342
0.8090335
0.72724515
0.75534815
0.89520186
0.85761267
0.8487767
0.9088209
0.91611654
0.86458147
0.8548305
0.7987818
0.06790697
0.04320216
0.058876205
0.089283854
0.11976596
0.12837237
0.1005786
0.077940315
0.088743374
0.1375399
0.67010736
0.1793147
0.63002807
0.517949
0.11794622
0.090002134
0.075863495
0.22473958
0.85276514
0.84274566
0.22002913
0.18825452
0.3353176
0.65854883
0.17087834
0.14450684
0.5994867
0.19223325
0.1635991
0.14675558
0.12569264
0.1279057
0.15208976
0.17977548
0.18863674
0.15541533
0.15375707
0.5261148
0.5657654
0.569997
0.5117156
0.218284
0.234173
0.30870876
0.32360423
0.46418744
0.56394714
0.6483898
0.36460823
0.30883077
0.20831288
0.15756615
0.14566733
0.13987562
0.15438716
0.18094736
0.28732425
0.47502246
0.36841735
0.5916285
0.5765606
0.14200018
0.1104271
0.10479377
0.17625614
0.18018888
0.23598072
0.8111296
0.9142648
0.89931905
0.73225695
0.6797569
0.14866169
0.14651173
0.15272559
0.14870936
0.13116148
0.15748645
0.22772093
0.23630676
0.27573815
0.45966652
0.46053687
0.6430514
0.74076056
0.7217526
0.7024051
0.7106294
0.6767702
0.6558808
0.66245973
0.6193908
0.5835806
0.54966015
0.5121772
0.46716928
0.40211108
0.18652447
0.17485031
0.401664
0.71121323
0.6041594
0.571229
0.4511303
0.12022465
0.17325002
0.14243352
0.25646147
0.26555035
0.40584388
0.20005015
0.23749393
0.25490317
0.41756424
0.28947815
0.4307933
0.25870967
0.24738081
0.24277702
0.24487315
0.53639656
0.26351836
0.17004812
0.1278192
0.13159007
0.1612659
0.45255736
0.53168994
0.5655972
0.5924825
0.6258143
0.7032835
0.7452557
0.8632098
0.8658016
0.7005757
0.2422438
0.09844715
0.07407255
0.0907585
0.10501199
0.13381624
0.17660165
0.43470353
0.6365528
0.83698595
0.7893075
0.80162483
0.7558325
0.39964366
0.32832572
0.2788811
0.3146009
0.66147333
0.5813601
0.4111139
0.42749935
0.5020733
0.48403385
0.54118705
0.5071305
0.24799727
0.28127524
0.3857387
0.29016933
0.17662653
0.1371283
0.16146342
0.26858556
0.36300027
0.5518437
0.20592949
0.16986495
0.17331174
0.21599495
0.2025507
0.28816223
0.72475225
0.8253872
0.64829224
0.11034655
0.085611284
0.10713261
0.7415073
0.89391476
0.9103999
0.80306435
0.7393553
0.07309322
0.052047648
0.12953503
0.72047883
0.8346802
0.740613
0.07719991
0.04973029
0.054428022
0.04987147
0.06768447
0.18151058
0.8787449
0.8955201
0.84853536
0.25658312
0.14418647
0.10725302
0.12770653
0.25399855
0.7307149
0.20922206
0.1346052
0.099139415
0.07915975
0.10797532
0.15346326
0.7212208
0.8442198
0.363645
0.17081381
0.1000103
0.07370989
0.07601199
0.06500421
0.06307486
0.057496063
0.0801246
0.10965015
0.17407627
0.8917074
0.8952844
0.89412856
0.20212048
0.1443323
0.1187482
0.11823028
0.7443262
0.13750063
0.097156875
0.11727103
0.21349353
0.8176546
0.13475917
0.12013818
0.16753197
0.10384918
0.07414433
0.05632767
0.050695222
0.054170404
0.053465653
0.06457516
0.104963675
0.8539268
0.8626118
0.7965341
0.8056973
0.8644431
0.87710816
0.18070954
0.18394642
0.17375115
0.6843698
0.71450776
0.76965636
0.8257045
0.82609475
0.16434833
0.12586783
0.1260156
0.1562364
0.6609382
0.10331643
0.1695439
0.70249265
0.7327262
0.87398046
0.8820357
0.18916234
0.17478544
0.7419264
0.35261682
0.30064416
0.1633615
0.17132886
0.6782182
0.5987483
0.09156816
0.13078447
0.16171925
0.7809506
0.23843563
0.2752013
0.18274923
0.14562489
0.15411645
0.6849442
0.65158546
0.26307526
0.27408355
0.23731956
0.7263868
0.7862282
0.7034143
0.3068823
0.13262646
0.14112441
0.14638954
0.62955326
0.2890376
0.18546331
0.117341034
0.1673251
0.14269535
0.11848534
0.32593927
0.8041215
0.8675837
0.8169763
0.8743783
0.82976663
0.6601557
0.58527553
0.22400948
0.21196531
0.2151824
0.776687
0.11541524
0.08656515
0.10836077
0.17145768
0.6756395
0.69179773
0.70867854
0.7625731
0.85950404
0.866608
0.7329362
0.23733483
0.16317299
0.70792234
0.1803761
0.08737048
0.100794256
0.097490974
0.10121691
0.7573584
0.16463242
0.1018277
0.10142058
0.14308219
0.7772054
0.813416
0.11218907
0.06923047
0.10589585
0.8785293
0.8029181
0.8936966
0.26242328
0.058792222
0.05726996
0.90530443
0.88081056
0.9577188
0.9515756
0.06958097
0.038044546
0.036503274
0.029070389
0.032045033
0.073456414
0.85351515
0.17876029
0.13829619
0.15344961
0.15144941
0.11849369
0.11844971
0.12455036
0.12086007
0.1326649
0.7604288
0.18461818
0.33657792
0.27625394
0.13594134
0.12208794
0.09410323
0.073158346
0.32800993
0.46073067
0.9075653
0.92743933
0.92472225
0.88788944
0.7749942
0.39712515
0.16327426
0.12641932
0.14183307
0.17513068
0.24392834
0.44952267
0.3486837
0.2939084
0.2869181
0.4271663
0.47986338
0.47116727
0.36836743
0.34183425
0.38480705
0.6863987
0.67404443
0.7948785
0.77678466
0.2908091
0.17560564
0.11338406
0.09268009
0.11065036
0.09363843
0.104456775
0.10493684
0.086100906
0.12516962
0.17663977
0.09877297
0.8394231
0.8015839
0.804145
0.7895522
0.34921676
0.8747255
0.13987155
0.07419045
0.054210916
0.042836454
0.08584909
0.15706941
0.100928344
0.107464075
0.14994344
0.24841905
0.56207204
0.845016
0.45700604
0.41038963
0.23057526
0.23944452
0.48230687
0.34353256
0.520965
0.26380777
0.19125147
0.22668183
0.37441123
0.20110527
0.26387456
0.49427778
0.5235952
0.5165564
0.3399516
0.25961927
0.23592085
0.20919724
0.2231719
0.29203677
0.25681096
0.2790994
0.1925402
0.23817965
0.16925697
0.21790683
0.16061667
0.1899237
0.2802874
0.36481023
0.68421173
0.6114064
0.6459209
0.7803429
0.7428364
0.43250656
0.31467146
0.3490101
0.49603066
0.53231394
0.80693775
0.6514259
0.074419945
0.052317534
0.10347897
0.1731771
0.12983759
0.8064864
0.079170085
0.046511397
0.040329296
0.061409485
0.08579795
0.9045722
0.14113304
0.10907599
0.17268242
0.14967638
0.068125375
0.06450865
0.7936217
0.08349957
0.056318626
0.07029562
0.67186064
0.19374616
0.86969876
0.8150815
0.82942426
0.7685498
0.2462161
0.77431905
0.084260724
0.09571556
0.09844351
0.7576701
0.06953732
0.040037587
0.046894763
0.07191114
0.118593775
0.18558033
0.2236107
0.109957
0.07629718
0.1038611
0.17614369
0.21391213
0.81900173
0.1549926
0.10802385
0.69877493
0.1432546
0.15239543
0.68098146
0.7235673
0.7843115
0.89262486
0.8597303
0.42184073
0.31242162
0.8639474
0.14450872
0.13875434
0.74987787
0.08121004
0.049176395
0.041482404
0.042456318
0.064858556
0.14041063
0.82089615
0.7937698
0.12413576
0.06412485
0.07764347
0.09281746
0.14860308
0.7239462
0.2609297
0.6814539
0.1685127
0.12315413
0.14105132
0.18734908
0.7148097
0.25702512
0.21331558
0.27189112
0.83020294
0.7158432
0.82909685
