0.8191637
0.7263105
0.8079745
0.22785825
0.21670997
0.11939022
0.07510275
0.07480532
0.09708592
0.13248985
0.19303425
0.16342345
0.10861691
0.80610347
0.7753298
0.7871618
0.74623907
0.6936878
0.7128087
0.07358912
0.057272393
0.07913061
0.103024445
0.115114525
0.18216768
0.2219826
0.7329959
0.15434468
0.11626023
0.13696975
0.08134413
0.049526215
0.033835847
0.037228312
0.048209045
0.02821537
0.024424726
0.036656566
0.8121527
0.93593967
0.93725413
0.9294675
0.9162191
0.8910932
0.82432264
0.81092834
0.03014155
0.020124756
0.018716402
0.024103547
0.028797122
0.026247311
0.026074884
0.03776722
0.05820921
0.10721006
0.15346508
0.16037263
0.16616146
0.09463865
0.06528325
0.040634714
0.03601934
0.0369152
0.029974408
0.028335402
0.048840642
0.88273984
0.8401696
0.90347296
0.9294573
0.8933094
0.8640861
0.047100354
0.029436791
0.03276761
0.02710206
0.028124243
0.043412983
0.067862056
0.0986871
0.1177665
0.14466687
0.7663119
0.7757501
0.66510123
0.59954894
0.53834873
0.552596
0.6751269
0.70730996
0.58686334
0.46724597
0.33982977
0.23669042
0.31761703
0.37388128
0.45563793
0.4718964
0.43638238
0.44087604
0.4133506
0.45783082
0.5756025
0.49952134
0.6026856
0.6320359
0.6335339
0.6559996
0.6773038
0.68160385
0.67432886
0.68702936
0.15482636
0.11619049
0.08391719
0.05433821
0.07499066
0.7983489
0.8942282
0.92843777
0.8681526
0.80401397
0.13263395
0.09558373
0.08494525
0.122014865
0.16761437
0.39357096
0.31748778
0.38930646
0.47247097
0.4958031
0.45402992
0.365822
0.29262203
0.20224175
0.2948498
0.6088446
0.74026376
0.7567305
0.74723804
0.7318706
0.62146384
0.5878193
0.52050465
0.20615207
0.27230686
0.6680428
0.7987137
0.83006656
0.46540987
0.16065124
0.103301466
0.09762923
0.10183051
0.11518318
0.11149417
0.13452987
0.7628441
0.13611382
0.08098368
0.08700961
0.11219566
0.15200654
0.9341743
0.9097589
0.8607047
0.06849244
0.054822296
0.055229034
0.049234424
0.057335164
0.68473476
0.6178404
0.64392
0.6841896
0.67094237
0.09144548
0.07602236
0.08758514
0.098055914
0.8400307
0.8441179
0.8776488
0.87975997
0.84793615
0.7830837
0.7458475
0.1244548
0.095551215
0.071566716
0.07464876
0.6901605
0.7165966
0.19225575
0.10149976
0.07800681
0.07970538
0.083775826
0.090988055
0.13650654
0.24214378
0.83427835
0.68421024
0.15516064
0.068018004
0.05656473
0.0655167
0.099903785
0.1103017
0.68380904
0.7111945
0.8087484
0.72828203
0.63489556
0.106438756
0.12779538
0.6498218
0.105311505
0.050388135
0.04994094
0.08521012
0.729315
0.7900556
0.10437083
0.04004666
0.03870337
0.0784709
0.070291795
0.036735266
0.04384345
0.118959725
0.943585
0.1511142
0.03471558
0.019039273
0.015752489
0.015945738
0.027733304
0.9536833
0.9574105
0.9789057
0.9220567
0.91973525
0.029496789
0.020039396
0.016353263
0.016766235
0.01688682
0.019338947
0.023601228
0.023576042
0.04136105
0.09408327
0.9292615
0.9392493
0.9401061
0.15572305
0.050669886
0.034619022
0.05914972
0.7390194
0.74684596
0.71299374
0.104525395
0.050202116
0.04363182
0.0652256
0.72694576
0.65229946
0.21495454
0.23009688
0.8253833
0.73092216
0.061929207
0.06273416
0.0950357
0.09187141
0.077313095
0.2093972
0.85239893
0.9004239
0.8801916
0.7647054
0.84084976
0.776431
0.52055055
0.42290226
0.36547408
0.36851937
0.5477966
0.67378175
0.49306366
0.3974975
0.16058286
0.17005078
0.79888695
0.36206523
0.1432726
0.061406787
0.062975705
0.098381646
0.745334
0.7296561
0.08597881
0.05554424
0.059515785
0.11278841
0.062074605
0.044734225
0.034481004
0.028586386
0.027047593
0.030056577
0.05716711
0.14195982
0.96743125
0.9698821
0.9409458
0.27998063
0.06252748
0.06764107
0.8049638
0.8134306
0.051747285
0.02976929
0.024529962
0.03358076
0.033345852
0.056395147
0.12232301
0.17378545
0.16742733
0.80659467
0.131488
0.08369576
0.06800581
0.060306955
0.092510305
0.60517555
0.17790078
0.18120724
0.78017163
0.8726677
0.8996414
0.8808964
0.8285501
0.8031953
0.8176206
0.77677846
0.75308144
0.8102579
0.14113168
0.12801361
0.15189125
0.26789564
0.36638537
0.75245315
0.08360629
0.044607624
0.040497117
0.06092388
0.7761275
0.8305693
0.85727334
0.87464017
0.12555385
0.057176296
0.057351537
0.100788094
0.8205071
0.17571823
0.13751093
0.16079974
0.19780794
0.16448037
0.5969367
0.14032263
0.103338435
0.08684621
0.082274646
0.72685176
0.70439804
0.7078798
0.07982083
0.048866145
0.05007424
0.06895769
0.06735979
0.06978386
0.12674505
0.8910366
0.7399472
0.092903644
0.09501567
0.19086671
0.9276425
0.8970693
0.9040476
0.18696667
0.07341588
0.097597815
0.85372734
0.07830087
0.067654245
0.054909956
0.06598718
0.07472763
0.07641874
0.116356194
0.89922786
0.93163204
0.9336078
0.9042192
0.14374658
0.07044038
0.072687894
0.09488761
0.887016
0.93817055
0.9500015
0.9196229
0.15498959
0.12373237
0.7459325
0.060961075
0.052224062
0.043310683
0.033102605
0.030614963
0.047342356
0.09097475
0.8060027
0.85988885
0.92816126
0.8877328
0.87920827
0.8837751
0.90283835
0.08967322
0.04444683
0.032613162
0.030190151
0.034313336
0.079934
0.24825121
0.8667391
0.14631176
0.13829292
0.5637701
0.58041984
0.6562481
0.8360003
0.23476452
0.16111465
0.12589781
0.1351975
0.798097
0.874921
0.14556226
0.16711278
0.074057885
0.07892897
0.9085571
0.85185164
0.9453183
0.9149955
0.77441543
0.065239444
0.03383845
0.053632714
0.08282776
0.6438804
0.5583361
0.17045556
0.1668949
0.51436615
0.5917205
0.7617801
0.6966524
0.62226194
0.12893918
0.11178245
0.17087698
0.7702635
0.78376365
0.79861575
0.8250422
0.68312836
0.58267957
0.1097873
0.106773466
0.12014431
0.15132174
0.21332492
0.35868162
0.2845817
0.38151234
0.6947649
0.658389
0.6269662
0.64169806
0.1385005
0.102684565
0.16644004
0.40777257
0.5920117
0.8237649
0.64666367
0.69024473
0.46877557
0.24766798
0.18496919
0.2618812
0.2544137
0.21945652
0.31794262
0.40624738
0.8257114
0.87085694
0.8420879
0.6958566
0.5768421
0.45778695
0.43470597
0.5000121
0.68617773
0.7203783
0.5830292
0.45978066
0.41343802
0.4215174
0.4235885
0.30745578
0.41583848
0.30513972
0.2662626
0.2822878
0.2607907
0.40738726
0.31997105
0.3101612
0.3093824
0.26615635
0.27389762
0.51374257
0.5826467
0.7595885
0.7994011
0.71437275
0.72829705
0.5729215
0.4597416
0.37424502
0.35773093
0.3719791
0.3991925
0.5586628
0.6060199
0.69187635
0.7875514
0.57067746
0.49836192
0.5197301
0.52727497
0.627195
0.670154
0.8661415
0.8899226
0.25055507
0.09171207
0.051079884
0.043181933
0.03782495
0.039188355
0.03521348
0.03781636
0.087284386
0.93807864
0.85134614
0.9320801
0.8927757
0.8797582
0.9304863
0.8642462
0.8317301
0.061060183
0.037152216
0.029860325
0.039485548
0.07573081
0.10444641
0.6795776
0.08588748
0.09893977
0.14424363
0.77911615
0.7646988
0.60081375
0.6605741
0.10130628
0.109958634
0.11114679
0.12042018
0.155198
0.20247318
0.7772193
0.8654201
0.9142988
0.9359198
0.63858056
0.55791634
0.49639356
0.5141966
0.8419649
0.8130498
0.22928849
0.20194857
0.17193675
0.20482284
0.27309617
0.23127937
0.23409483
0.35058683
0.39704376
0.84703445
0.8810655
0.8838438
0.8663548
0.8617318
0.85121214
0.83699274
0.7442692
0.73528844
0.08747157
0.06805772
0.104178905
0.16377512
0.8654255
0.82700396
0.82058424
0.81196195
0.8146126
0.77665305
0.8642725
0.22882445
0.09927405
0.08249193
0.12982722
0.8509072
0.88508236
0.8130353
0.76680756
0.7989422
0.70415854
0.6838118
0.7045643
0.7047683
0.73846096
0.81849587
0.18583947
0.13505487
0.06801738
0.042006526
0.030468637
0.027898533
0.030153848
0.09129967
0.941967
0.84755456
0.9503567
0.86040527
0.93398744
0.8673433
0.9151997
0.8283996
0.83667666
0.06885268
0.048569713
0.037513256
0.044663478
0.06239801
0.07710441
0.107444175
0.17252076
0.17960346
0.131329
0.11833927
0.12872961
0.14728525
0.09584325
0.10194514
0.7873281
0.8282143
0.35138023
0.36752293
0.4288024
0.9213155
0.86288524
0.8704981
0.7804151
0.15876348
0.24764562
0.32081875
0.90987766
0.123316556
0.050328296
0.038239226
0.05017515
0.071678415
0.07861453
0.11009748
0.8662335
0.85952234
0.92119795
0.9274822
0.8980702
0.77406174
0.81789315
0.6636552
0.20655479
0.20172474
0.14772834
0.15186556
0.17759466
0.2965679
0.32700905
0.2039061
0.1877848
0.5326746
0.53822446
0.21450341
0.20367712
0.2168555
0.19996682
0.5309542
0.61970055
0.52668667
0.5697641
0.7270911
0.6475935
0.6771418
0.067353986
0.06156699
0.04768864
0.044138685
0.04982951
0.05368025
0.053216718
0.06350603
0.7278529
0.08353601
0.091055326
0.7521174
0.05012646
0.03974221
0.06275401
0.15882851
0.97537893
0.9771567
0.9336427
0.9322167
0.061597086
0.030439295
0.03603031
0.029094622
0.03159602
0.054429676
0.81472236
0.12897559
0.1200846
0.10961371
0.07327655
0.05681372
0.086767145
0.21416555
0.3121292
0.9655966
0.9619399
0.9522915
0.89863205
0.61140406
0.07331065
0.04847402
0.036728382
0.04915627
0.08420651
0.35755062
0.1425419
0.12836745
0.11514627
0.63759625
0.13185208
0.14724354
0.21207817
0.8241676
0.7634161
0.73240346
0.67726177
0.7339041
0.7971585
0.8476251
0.86210275
0.855619
0.886773
0.90709573
0.27346784
0.15050101
0.10555854
0.06461083
0.06966641
0.07120993
0.047198523
0.040365547
0.045536842
0.09607237
0.9492815
0.872981
0.9645532
0.9706293
0.96495825
0.9267202
0.81758493
0.09219129
0.03362461
0.027726052
0.049701937
0.70985377
0.21423079
0.22975864
0.1389972
0.14981508
0.22921704
0.12799372
0.102344766
0.7158882
0.25043204
0.41670728
0.46645096
0.8373765
0.84136987
0.86478937
0.13832374
0.09764381
0.13136974
0.76905155
0.12228698
0.11112349
0.13669498
0.24181902
0.8057569
0.4521773
0.2766597
0.25779673
0.5537292
0.2839395
0.27644667
0.2990905
0.24397597
0.2854305
0.64970315
0.6086042
0.7158776
0.8431343
0.8242137
0.8944597
0.84674585
0.6467484
0.19210294
0.10908102
0.095926315
0.14577724
0.16532287
0.21116671
0.11393043
0.12411149
0.09679724
0.088049
0.081535175
0.090305135
0.10646186
0.14027439
0.90882957
0.82440543
0.06820625
0.095748045
0.061058264
0.06222802
0.06931711
0.7837462
0.091976136
0.090330005
0.7782669
0.058202833
0.03973182
0.05346314
0.056604076
0.83028346
0.057481844
0.032199666
0.03323217
0.109344125
0.21060304
0.97352976
0.982961
0.98462033
0.97513616
0.9581939
0.052574556
0.022296084
0.021326264
0.035178937
0.062026896
0.8818062
0.05143376
0.028813502
0.031031346
0.053618994
0.8902198
0.04877071
0.02453134
0.025248956
0.058578257
0.099433295
0.100172974
0.117192514
0.88837767
0.09930644
0.052446894
0.07559037
0.18689641
0.7269
0.26196334
0.7706006
0.80494285
0.82730436
0.803734
0.73448944
0.64799535
0.25189906
0.75698423
0.07818427
0.05066537
0.053903945
0.05546053
0.7430929
0.8364648
0.82872933
0.80786926
0.8221648
0.27144542
0.25188532
0.11787977
0.14750741
0.10522273
0.077235416
0.06571424
0.27011153
0.19221404
0.14351408
0.20885958
0.11123883
0.2915243
0.16965894
0.09737628
0.06372329
0.12982768
0.7580474
0.655479
0.7463228
0.6826764
0.19806737
0.06774887
0.052284747
0.2617492
0.87946564
0.2880375
0.8963158
0.2515766
0.066013016
0.068718046
0.065368086
0.058175445
0.87847656
0.8520858
0.9155684
0.9200415
0.80812067
0.8082982
0.07572713
0.104322344
0.124167286
0.116887376
0.11019023
0.110788345
0.77724284
0.091537245
0.07936552
0.0719408
0.09249859
0.119404905
0.11120752
0.081226796
0.09114352
0.119260095
0.19364558
0.7089354
0.8627781
0.8592438
0.6886006
0.58943856
0.5925853
0.63249445
0.67899615
0.86424553
0.27039948
0.29626584
0.10053916
0.06034933
0.063157104
0.13301703
0.12366276
0.8050334
0.7772873
0.07327408
0.046139993
0.05452412
0.08147362
0.09629686
0.10305575
0.11163974
0.9011802
0.7658662
0.8347483
0.08534724
0.0355996
0.027417548
0.03944198
0.077196606
0.91720957
0.9487812
0.8854257
0.8589308
0.90903294
0.053404264
0.03281545
0.021631557
0.026436262
0.13094093
0.959253
0.96313167
0.93550295
0.80406857
0.044386316
0.032755382
0.042810194
0.09071344
0.10912928
0.07295691
0.07713506
0.09857306
0.105948225
0.12233163
0.77135557
0.115633346
0.09388482
0.101121314
0.32577035
0.8265553
0.89802337
