0.73062205
0.52492315
0.44938633
0.47133207
0.58985007
0.7849704
0.8635319
0.8709538
0.8385839
0.76531845
0.3865934
0.3510331
0.3742115
0.46763608
0.54051334
0.5447528
0.6597988
0.3749519
0.30106983
0.28794125
0.24315374
0.17749044
0.1594842
0.19994068
0.20387515
0.1883543
0.23258594
0.3577241
0.54838926
0.722987
0.52513003
0.38882548
0.22717097
0.19454691
0.21499881
0.39177793
0.4665841
0.48340255
0.44242132
0.44622234
0.171579
0.1725558
0.20645437
0.26914567
0.7498181
0.66499317
0.57141757
0.58079964
0.22040923
0.22067042
0.2116499
0.33089212
0.74423385
0.64195114
0.54659086
0.2833373
0.28572536
0.35936427
0.35757175
0.6535309
0.4906668
0.52210826
0.5496081
0.30933684
0.2660029
0.19477712
0.16224718
0.2080095
0.19992082
0.22954738
0.3081567
0.59409857
0.4145643
0.26354203
0.3012632
0.3617295
0.30240372
0.32246488
0.38331372
0.6117476
0.74804395
0.7386325
0.37609214
0.21354128
0.1232113
0.10357024
0.13418797
0.57795596
0.62846553
0.3549593
0.249623
0.11517626
0.071079694
0.04725155
0.033330332
0.039627507
0.11652409
0.90432966
0.92153656
0.91078246
0.8948954
0.1318839
0.08111418
0.066954955
0.061254997
0.063686125
0.07869689
0.09895712
0.13885312
0.67602855
0.6619852
0.7066237
0.76003766
0.7225785
0.80784297
0.78559345
0.67581695
0.72799987
0.163511
0.13102989
0.13665542
0.18871316
0.37999964
0.78954273
0.74371654
0.77303046
0.68458617
0.47797826
0.41324443
0.34892282
0.26256543
0.27516568
0.33168104
0.2628568
0.24141648
0.23122625
0.20764156
0.19783567
0.25328025
0.30443034
0.529599
0.533506
0.5054096
0.29389358
0.38397878
0.22227132
0.4103101
0.23769112
0.2865576
0.4327502
0.45180747
0.7646612
0.4112015
0.2771871
0.12545006
0.0917107
0.09229558
0.102586634
0.06455797
0.09064975
0.14377606
0.74748677
0.9196475
0.9438984
0.9339228
0.87399906
0.8331859
0.86705965
0.14762066
0.0566617
0.061554898
0.1387627
0.800644
0.8368861
0.7395491
0.7449851
0.8255396
0.81601787
0.75383866
0.8518218
0.8770636
0.84752434
0.7686237
0.8516428
0.8092283
0.8537915
0.79827064
0.80384
0.8860098
0.88190705
0.0749028
0.04348473
0.040671784
0.058867935
0.09055315
0.09780401
0.113286935
0.103038326
0.10064796
0.12595214
0.72431827
0.21606332
0.21624103
0.3416645
0.7205743
0.65604496
0.66292226
0.5859572
0.4644123
0.26727784
0.21974012
0.19184907
0.20482558
0.2375021
0.24558549
0.26847395
0.29592404
0.26294613
0.50670046
0.28109258
0.16505396
0.11700959
0.12037378
0.2554098
0.834644
0.89717937
0.8891719
0.8094574
0.7545159
0.7519434
0.60490674
0.1949411
0.13299292
0.14485343
0.24679433
0.37496957
0.5744423
0.5001233
0.24386707
0.20485474
0.54947656
0.5510915
0.15975346
0.11628454
0.08436339
0.08334433
0.07700037
0.78437954
0.8956443
0.9199656
0.8461397
0.9030278
0.8751996
0.69858754
0.080347635
0.057522792
0.07047922
0.124169074
0.15169328
0.13201044
0.13745475
0.15953946
0.22289348
0.2096368
0.15284605
0.11692777
0.11499789
0.13537765
0.6254641
0.22293374
0.28919992
0.25065687
0.10720734
0.092283405
0.6635017
0.66597277
0.7336025
0.15379782
0.11994204
0.14432655
0.14148518
0.12437253
0.24961051
0.92483455
0.8238476
0.82759804
0.23593335
0.11987177
0.041044272
0.035536166
0.0633391
0.89270425
0.8520228
0.8837441
0.85773396
0.053008407
0.023801768
0.022473728
0.053250648
0.11561228
0.9158481
0.8802041
0.907469
0.13271233
0.056582052
0.049151212
0.051874697
0.059259288
0.07875272
0.8721673
0.84795296
0.83370584
0.81976193
0.7990646
0.77364314
0.100335896
0.04745134
0.04588246
0.05677376
0.054479223
0.048278708
0.06431044
0.12061561
0.15377906
0.13977939
0.20255184
0.19683902
0.38408127
0.41486514
0.44675294
0.41988233
0.16171677
0.14576827
0.49370486
0.5429132
0.6688663
0.4052007
0.341202
0.27702722
0.42687842
0.41077006
0.48263922
0.17563494
0.16474447
0.21290193
0.62879694
0.21256934
0.24208313
0.16510354
0.1321285
0.11837182
0.1135233
0.116088435
0.15683058
0.742703
0.17883734
0.15611218
0.11159617
0.053222742
0.03796997
0.051081568
0.09763301
0.8224486
0.9225126
0.94109434
0.93547267
0.15554963
0.070378795
0.07270803
0.86674154
0.063833684
0.026288727
0.01923756
0.016463302
0.020679057
0.02569854
0.03915775
0.891933
0.07689697
0.024968436
0.017179381
0.016873619
0.032788355
0.1859929
0.981104
0.9792701
0.91879404
0.94125533
0.053957697
0.024485907
0.020340014
0.023430374
0.04764207
0.03942396
0.036360666
0.033373814
0.033654287
0.04391131
0.059710328
0.07309093
0.0747362
0.7029586
0.7077053
0.7909146
0.89808244
0.8809888
0.8207084
0.8734003
0.16857304
0.15525222
0.30611673
0.9260791
0.90538603
0.74094194
0.7208199
0.060517464
0.032399293
0.034514528
0.049539536
0.086779065
0.07397736
0.06627286
0.7746809
0.7530629
0.78649503
0.84211725
0.73744243
0.11338993
0.10287154
0.12492471
0.1391523
0.133823
0.1560842
0.12400535
0.1281907
0.14409181
0.13552205
0.17894836
0.71588844
0.23303132
0.35575065
0.46506152
0.8471281
0.772863
0.5877371
0.55708444
0.69141555
0.587166
0.6134005
0.19646746
0.17128387
0.14022717
0.08288029
0.0774124
0.1507248
0.8235966
0.9036232
0.10896456
0.07250334
0.07502643
0.06658804
0.047347996
0.049797427
0.84805954
0.80706775
0.80901814
0.77817464
0.746341
0.072318636
0.038005766
0.078124285
0.089107886
0.06697151
0.16107346
0.8595242
0.24924012
0.11044267
0.08653049
0.23586261
0.34312493
0.427016
0.81495
0.7237608
0.8397905
0.82578725
0.71844214
0.8216248
0.7767999
0.5634217
0.5430291
0.53715974
0.45557794
0.15341061
0.20184498
0.3106062
0.4173661
0.42339185
0.25935805
0.21203107
0.1934734
0.20291397
0.40354696
0.41432142
0.32777387
0.42366087
0.39191934
0.47546226
0.54348403
0.45497432
0.35899496
0.38725707
0.30708322
0.17303032
0.17499337
0.19810092
0.2545869
0.3605178
0.22604455
0.22159101
0.24961206
0.28457576
0.39153206
0.25160915
0.25581324
0.26264903
0.26774973
0.44027105
0.4842663
0.4614335
0.34612054
0.41632193
0.5673376
0.6359006
0.80719453
0.7106922
0.63942105
0.3563215
0.2870734
0.33592469
0.20059836
0.16701216
0.16004743
0.23780045
0.3327737
0.4723405
0.77781945
0.81460696
0.5358753
0.60388374
0.5042752
0.35714105
0.21906714
0.26771387
0.5543948
0.75876933
0.8039717
0.75308436
0.26504132
0.1678892
0.1399167
0.18840188
0.19949456
0.23651062
0.47381157
0.531099
0.58122283
0.71275467
0.6055367
0.58052236
0.5802311
0.14606461
0.12508951
0.10151177
0.08631904
0.081169106
0.082714476
0.115097746
0.74910784
0.7452008
0.7342664
0.6670344
0.14524256
0.15210971
0.6174841
0.21612944
0.07853203
0.06351583
0.105849095
0.20828125
0.6987977
0.86067396
0.8840519
0.86274403
0.77995855
0.30762
0.2183588
0.19486322
0.35769096
0.20905082
0.1711473
0.159712
0.15373951
0.11954131
0.11074453
0.25801688
0.4294462
0.5451756
0.77320707
0.48594344
0.4352078
0.5320796
0.6809172
0.60425305
0.577809
0.54508364
0.55921274
0.7342104
0.66768825
0.1070416
0.06672105
0.12442965
0.1787666
0.1611383
0.106333114
0.67248505
0.70144427
0.85199153
0.8906699
0.41263723
0.25856754
0.7077326
0.6617919
0.12673731
0.10848762
0.115722306
0.7266576
0.7340779
0.7797931
0.77801704
0.79412925
0.80790883
0.78237855
0.79404294
0.7984992
0.81014526
0.8003317
0.7836809
0.727574
0.7303631
0.15582576
0.116070844
0.116422236
0.6860244
0.6532318
0.20643891
0.23072755
0.732779
0.8060877
0.13525441
0.11786086
0.09468543
0.06828143
0.07772849
0.11460603
0.8022335
0.73034203
0.87732685
0.8829438
0.839545
0.725206
0.6618014
0.14940327
0.12743963
0.10776967
0.11586812
0.10002423
0.10405274
0.13756192
0.13976999
0.12063774
0.17302337
0.14583676
0.1726802
0.13372338
0.13003145
0.11016837
0.123378925
0.1538046
0.81843567
0.7033889
0.65850145
0.14139917
0.14973497
0.68081725
0.14830779
0.11344569
0.10553644
0.07676597
0.051180907
0.065078385
0.7690416
0.7942098
0.90318274
0.8737767
0.90109897
0.8462093
0.7719555
0.77664363
0.7646178
0.0723031
0.1075566
0.12484917
0.13189457
0.107565604
0.119384885
0.08268806
0.075430326
0.60909253
0.68323183
0.8737389
0.88711506
0.8056347
0.90514505
0.90987825
0.84660316
0.50855
0.39918056
0.4793532
0.15936625
0.140613
0.35145408
0.1794153
0.1612658
0.4854678
0.47197515
0.48636293
0.52367306
0.72568727
0.3409997
0.26541346
0.32575184
0.2958141
0.27149785
0.6913427
0.72605646
0.76204085
0.80145365
0.68493736
0.62093645
0.17503726
0.166196
0.15762904
0.21466482
0.37983316
0.83701116
0.79755944
0.6394531
0.53381217
0.31325096
0.3789039
0.24161297
0.19603233
0.16561949
0.20651661
0.46827358
0.5577753
0.6651249
0.3925229
0.31421253
0.33523357
0.3115688
0.22992511
0.224495
0.31579515
0.52472585
0.35522762
0.41148508
0.45447552
0.41945288
0.24397881
0.17772843
0.1275853
0.15402032
0.15406115
0.5199483
0.24483895
0.20479527
0.22214217
0.5916221
0.59193367
0.21941529
0.1426414
0.11125288
0.09788573
0.66695124
0.18436064
0.12726562
0.15879542
0.647077
0.120287105
0.08995093
0.104429096
0.062032048
0.1248971
0.89120436
0.849477
0.87700444
0.9272195
0.9198742
0.05004344
0.032448165
0.029598458
0.06807441
0.16724107
0.87267023
0.16289565
0.27946305
0.6941963
0.82752824
0.6746206
0.13425496
0.08444437
0.12260867
0.7547874
0.23177831
0.15382183
0.05289473
0.04589001
0.09726731
0.14562467
0.9325425
0.84340626
0.81996447
0.043610338
0.036893338
0.03391216
0.033902444
0.04475464
0.07829318
0.79214644
0.20980287
0.15753616
0.25908288
0.73371106
0.17501882
0.123133555
0.1497355
0.11385653
0.085244365
0.0779177
0.76711625
0.66307205
0.16370566
0.09576849
0.16270995
0.8498541
0.8797061
0.11411418
0.068637
0.06708151
0.127696
0.114062786
0.058433615
0.09794491
0.18054107
0.8989637
0.7284229
0.7614535
0.7871281
0.8827367
0.8342125
0.81158584
0.85624033
0.15841432
0.06725518
0.066495314
0.08851312
0.13306482
0.1628485
0.13081025
0.09736072
0.6598804
0.628179
0.6337599
0.5971036
0.10595578
0.16136035
0.2218887
0.7273402
0.7663047
0.8529507
0.8388015
0.15909362
0.096915774
0.10547552
0.11125869
0.11880702
0.11468508
0.1642155
0.27850223
0.78774565
0.20794383
0.2539329
0.63016254
0.62182176
0.6443887
0.6005215
0.30416414
0.31653798
0.7226431
0.22658983
0.18918052
0.19107859
0.59330827
0.20936573
0.14413615
0.16947877
0.24170798
0.61100453
0.3090831
0.22745505
0.24534033
0.2606531
0.18385428
0.30810428
0.25375432
0.25316617
0.27649492
0.30478966
0.32292074
0.24504806
0.19395116
0.388955
0.4156145
0.4538237
0.49515888
0.41757348
0.35471112
0.51210004
0.4684132
0.26589102
0.2118359
0.28537565
0.26630336
0.32051417
0.5793262
0.35031545
0.29974326
0.29245797
0.3475434
0.4840195
0.31695786
0.33237168
0.31024265
0.40537253
0.24818122
0.2821046
0.24037488
0.22034182
0.29838523
0.30671278
0.2792469
0.36157137
0.43448058
0.5995119
0.5582871
0.6346931
0.5179487
0.34395498
0.2872265
0.29033157
0.2489306
0.24702437
0.19320017
0.29960325
0.44093877
0.45412144
0.49932462
0.21884874
0.18490417
0.22557457
0.26991695
0.18012509
0.16297597
0.7973709
0.71914893
0.827178
0.65442353
0.5240788
0.4999193
0.552046
0.6833043
0.8512417
0.87023866
0.791959
0.17755944
0.13615341
0.14570515
0.17303237
0.3535327
0.34631208
0.76846343
0.6856518
0.15131193
0.10812646
0.120159246
0.10906168
0.08464685
0.0897548
0.7073916
0.72749525
0.7656983
0.880381
0.7799294
0.7642725
0.23163424
0.18895744
0.1317804
0.06624697
0.08035152
0.8227821
0.8646998
0.79800504
0.07577149
0.057185978
0.11008694
0.20840333
0.27617556
0.8486139
0.67518455
0.18184814
0.21361469
0.27826226
0.1771934
0.18191054
0.14327177
0.11222397
0.116456315
0.18016222
0.5511956
0.6311184
0.8121933
0.77699053
0.80496967
0.36492446
0.2568551
0.13588993
0.10671374
0.13531445
0.4518294
0.46687123
0.45313552
0.2865405
0.2897155
0.3401699
0.52958083
0.36727673
0.33976775
0.29289868
0.19234802
0.19108912
0.15684155
0.1907793
0.5947048
0.6192723
0.6139233
0.5889179
0.5245252
0.23687294
0.18779546
0.1982709
0.20949134
0.41402614
0.37157857
0.37882626
0.45061415
0.5251572
0.6470802
0.4775392
0.42285126
0.4337691
0.44657496
0.23625982
0.19263949
0.42796004
0.5698341
0.58103514
0.3049319
0.2265876
0.22186448
0.24398956
0.24929541
0.2837572
0.5716713
0.74720216
0.7332597
0.54632527
0.5707441
0.70821667
0.4687883
0.19157021
0.106035806
0.09880479
0.10807872
0.15033919
0.78174454
0.6390201
0.59898597
0.59611624
0.6203574
0.6469595
0.6531218
0.15375307
0.11839894
0.12860344
0.13817392
0.13708644
0.1732318
0.43874437
0.3908068
0.35983303
0.34124562
0.3677068
0.4530625
0.7416329
0.81307864
0.69698477
0.8337263
0.83395976
0.72913504
0.40661737
0.15636767
0.12142566
0.1870923
0.1990638
0.2470097
0.55816215
0.2200625
0.2014724
0.14148013
0.13065977
0.69512826
0.72826684
0.580167
0.51086104
0.45200023
0.45392933
0.54808056
0.6383495
0.7397102
0.66372937
0.14697924
0.105066285
0.07512702
0.20310447
0.79113436
0.80016977
0.90761954
0.9134153
0.86163217
0.57202786
0.10585913
0.23440626
0.2909413
0.37712717
0.8111848
0.6592017
0.7685217
0.68723625
0.8454167
0.8770304
0.87638193
0.3113054
0.19569524
0.14370312
0.18737674
0.2061209
0.7684688
0.20192556
0.09678466
0.046145175
0.03816699
0.057550397
0.75531584
0.061950747
0.030293608
0.04372578
0.112905085
0.96534723
0.9638373
0.8897425
0.8631794
0.04199829
0.02111872
0.018678406
0.019155564
0.024124604
0.031559926
0.0511127
0.10121472
0.1273355
0.7729807
0.13633159
0.08146327
0.17001873
0.21555774
0.1555164
0.19190519
0.18255022
0.103892304
0.24664801
0.735148
0.8312017
0.55376303
0.22776006
0.12866871
0.1723518
0.19931561
0.6571185
0.64287823
0.80525875
0.84363943
0.8097894
0.6458391
0.7468213
0.71987545
0.56212664
0.41266727
0.2458216
0.31305334
0.20999919
0.16762929
0.17052853
0.22118156
0.33440256
0.5849126
0.7219342
0.54178613
0.5419389
0.6860064
0.5678737
0.30333492
0.42557263
0.43640897
0.2866675
0.62886053
0.14760953
0.10392756
0.091566294
0.08136052
0.09510786
0.17385717
0.15420373
0.6292105
0.6016511
0.70087624
0.83922756
0.814556
0.7869556
0.2802178
0.17226513
0.14597425
0.7592846
0.08631347
0.053263247
0.044733122
0.050579045
0.08204924
0.87181026
0.1558808
0.051561836
0.034273032
0.028778601
0.024435308
0.022169115
0.023026561
0.030290343
0.07368517
0.18270417
0.9666227
0.91205484
0.9653608
0.9057313
0.88616717
0.93886054
0.062935635
0.01991384
0.014546656
0.014197384
0.014761796
0.015364937
0.01840867
0.035847142
0.9144174
0.13505058
0.2136378
0.9299796
0.92081094
0.072844006
0.032860618
0.038638625
0.042278595
0.03057771
0.04470844
0.0979862
0.17151542
0.8603783
0.88461614
0.7396575
0.117160976
0.06072647
0.07015542
0.18053141
0.78820646
0.09482396
0.043097693
0.053625356
0.7831952
0.7967673
0.83200705
0.82917994
0.8053919
0.8175906
0.044582717
0.03723769
0.028184297
0.03928021
0.06229696
0.06643019
0.09655561
0.7455836
0.13442954
0.071927026
0.098239034
0.12043805
0.104013376
0.12797973
0.19243489
0.7620328
0.16342968
0.14344533
0.156403
0.18556201
0.6577368
0.65930873
0.13153538
0.0875932
0.10768518
0.6747106
0.7416272
0.8070917
0.6778968
0.13725746
0.09518179
0.082775995
0.67816204
0.734788
0.1722232
0.1722215
0.21117158
0.8460914
0.8836667
0.75566226
0.6799412
0.73375803
0.14992322
0.08735215
0.12364936
0.51815057
0.577136
0.5207512
0.26543754
0.15060273
0.1483094
0.20614451
0.22747162
0.335233
0.35823268
0.35383314
0.4447394
0.43232444
0.30173352
0.11492547
0.080576934
0.09819004
0.20900173
0.9221415
0.93639797
0.90750414
0.63428146
0.041115247
0.049177144
0.087360665
0.12279586
0.7564654
0.25410348
0.20479739
0.1750979
0.17334522
0.28196895
0.69923407
0.54002637
0.41464853
0.13322957
0.15560874
0.19759198
0.2603078
0.53114694
0.72702104
0.16283903
0.0950467
0.06602716
0.06792538
0.056074273
0.046871196
0.05628099
0.74845004
0.11581551
0.049775604
0.063127324
0.6935898
0.75155544
0.8168225
0.9188911
0.88480914
0.9259408
0.14636824
0.06908447
0.06172966
0.05484659
0.08430741
0.07804103
0.08417221
0.11999276
0.11779965
0.12521833
0.1536795
0.22641921
0.1478954
0.15278237
0.16085967
0.13090497
0.08411123
0.08359235
0.16075428
0.27798036
0.87213504
0.88571215
0.78244436
0.8115669
0.74520624
0.66618234
0.72946656
0.81679755
0.77078
0.7325435
0.72431624
0.776193
0.19765574
0.13469145
0.12150017
0.12328684
0.15680504
0.5852707
0.6201034
0.15416703
0.1230944
0.109387174
0.11694958
0.21570528
0.17837104
0.10799041
0.77061343
0.8655984
0.88263696
0.9089742
0.89164644
0.8817685
0.8998411
0.8704559
0.80154437
0.13383026
0.1120656
0.11326484
0.11273703
0.5437015
0.228005
0.32466185
0.29670453
0.6734579
0.8185886
0.4621105
0.21283714
0.1482312
0.12381329
0.10958501
0.64217645
0.6325278
0.7701127
0.6291675
0.6380371
0.686631
0.86577946
0.8243764
0.2998607
0.38744822
0.6316339
0.171637
0.13280404
0.12701264
0.22437431
0.32578942
0.21942252
0.23979445
0.30346596
0.6727204
0.41730773
0.52634853
0.45428807
0.23815611
0.21486418
0.23765565
0.2927433
0.49648577
0.49041107
0.42672756
0.40775347
0.37511063
0.41170612
0.46124077
0.5901992
0.58233356
0.72893786
0.7618418
0.7111304
0.5393529
0.33661273
0.23544244
0.19936518
0.22134116
0.26217526
0.36457714
0.34595197
0.6153528
0.4780829
0.44147164
0.25449416
0.22644831
0.47289738
0.37175357
0.3661442
0.43579236
0.22943631
0.19508252
0.14826548
0.24115844
0.36262542
0.54893446
0.7815862
0.5561766
0.6235672
0.7790549
0.6520046
0.7440317
0.46515885
0.4947656
0.17637308
0.15814508
0.23994282
0.7844091
0.39072084
0.22293665
0.2088378
0.6112588
0.2150149
0.18531378
0.18865785
0.701741
0.20936356
0.12073346
0.08969682
0.10074517
0.6802657
0.11265282
0.1142043
0.13178486
0.21738647
0.66335183
0.6305098
0.21412499
0.2218229
0.82164663
0.4955934
0.14603592
0.33133554
0.8990567
0.9176164
0.89256567
0.53008384
0.117866285
0.24719837
0.8831463
0.9048476
0.28679004
0.16070886
0.8313494
0.12994958
0.116937295
0.08917389
0.09850522
0.634182
0.07028228
0.05282792
0.08522622
0.14449483
0.7713561
0.13426778
0.12801898
0.14849007
0.13797872
0.10053662
0.117724665
0.59963137
0.12321514
0.13385072
0.14513093
0.4999408
0.37355095
0.70548534
0.61015415
0.5533252
0.63501936
0.40292826
0.32650736
0.3798283
0.5770528
0.2716061
0.27800676
0.37780705
0.36986783
0.42239505
0.5266767
0.6203731
0.48103577
0.49341017
0.5759653
0.76871395
0.8110374
0.7534526
0.25017387
0.17916158
0.26204988
0.22453
0.5360576
0.26250497
0.27523118
0.24655093
0.26705357
0.61474293
0.22633553
0.12449005
0.5437949
0.559117
0.66022694
0.8379478
0.8423778
0.38810942
0.44021568
0.82698464
0.7777141
0.38628098
0.30569947
0.20298304
0.13796808
0.11497487
0.11615057
0.11879185
0.1253579
0.18578504
0.21109325
0.23151822
0.27626836
0.34103215
0.6748525
0.31833965
0.4927326
0.26952067
0.23368229
0.21954322
0.2607827
0.61384106
0.72690547
0.21153277
0.19231507
0.61608577
0.7314397
0.6863562
0.83031356
0.8266125
0.7271295
0.7373415
0.5859209
0.5172547
0.5504821
0.73348165
0.72078985
0.8253527
0.6974426
0.18749039
0.11452201
0.09892218
0.08284142
0.0930826
0.80942744
0.21388426
0.0698663
0.047249913
0.094107434
0.8395125
0.79907066
0.8308888
0.9242929
0.93639326
0.93197
0.08549168
0.08122496
0.052267548
0.059586808
0.8620851
0.06758064
0.028623808
0.022013566
0.024783889
0.05479706
0.08560759
0.9554985
0.977589
0.9808431
0.96309096
0.9328199
0.08731955
0.028039634
0.02294461
0.023050888
0.029715296
0.06912158
0.8850551
0.10041886
0.07793611
0.052450165
0.057489164
0.84573954
0.87915623
0.063654296
0.041106816
0.04775775
0.18577707
0.7533305
0.765814
0.07990939
0.052898467
0.092364796
0.10778918
0.16204678
0.7545446
0.710205
0.67633975
0.77321774
0.69306225
0.68164766
0.79234153
0.11639014
0.08881691
0.11586365
0.18426143
0.85562944
0.208875
0.098839805
0.061656687
0.064950414
0.1329951
0.08292207
0.09111302
0.12770271
0.83221084
0.75755423
0.77996045
0.8230691
0.8866609
0.84153825
0.7991859
0.7929288
0.24633062
0.108363174
0.113174014
0.13636178
0.7757827
0.7307808
0.12144803
0.07694536
0.12893501
0.27038774
0.7409281
0.12575588
0.16387266
0.15479273
0.16257453
0.5852279
0.5299385
0.25192544
0.23264837
0.6695602
0.7988211
0.5603936
0.47468275
0.56685036
0.5614919
0.5476093
0.3362552
0.65962243
0.30745143
0.21528073
0.16251548
0.24411738
0.25007457
0.4653397
0.4776948
0.5021412
0.5886409
0.77405536
0.78436786
0.6446213
0.7427303
0.6941074
0.4151953
0.3276391
0.25789893
0.25318545
0.244581
0.21244682
0.19375707
0.3966957
0.5510785
0.5795015
0.71863157
0.693974
0.49267045
0.20165512
0.17701402
0.46303073
0.31713608
0.18925005
0.14047433
0.14230566
0.7483008
0.90334755
0.9276581
0.87655216
0.18960312
0.089076065
0.074082725
0.12016048
0.15440531
0.19392702
0.24599352
0.26624238
0.5356954
0.29776183
0.2503528
0.20467374
0.16330634
0.19779661
0.24474452
0.29902756
0.70096725
0.77767015
0.66467893
0.67726856
0.61428803
0.5982192
0.23224515
0.16332349
0.18987636
0.14880584
0.34225985
0.36490744
0.55128986
0.2855555
0.25780568
0.19440043
0.4337761
0.47593206
0.71365124
0.62536526
0.28900453
0.18517534
0.15706222
0.21011968
0.21048182
0.27992785
0.371248
0.6530125
0.63647896
0.5677898
0.46846536
0.2626694
0.2674252
0.41479644
0.45333952
0.28774163
0.23609513
0.2803231
0.43974122
0.40904662
0.43312514
0.3180166
0.45172766
0.5900989
0.39206672
0.36886185
0.42291066
0.49900505
0.3147253
0.25434625
0.36139563
0.5083463
0.69645315
0.60501325
0.8055217
0.8042895
0.67100716
0.67503566
0.89144313
0.9035029
0.8750385
