0.91043866
0.9038258
0.87881875
0.77469057
0.7177678
0.7224223
0.7335845
0.7338709
0.7626052
0.33235797
0.32519966
0.36494145
0.6912505
0.22056913
0.17039026
0.15050632
0.13724518
0.16885217
0.88148713
0.3084808
0.21709272
0.17232154
0.22199234
0.85636824
0.7888476
0.74843156
0.8407824
0.7551442
0.7514348
0.85163856
0.2202587
0.06169955
0.045848258
0.05992284
0.7966269
0.4140858
0.90555114
0.853084
0.9011464
0.7178679
0.6033884
0.20802581
0.70857906
0.060039848
0.036891356
0.04587414
0.077792734
0.8379265
0.91518754
0.81957954
0.79506993
0.08634469
0.044938847
0.04025152
0.044605754
0.0364562
0.03557367
0.053747326
0.13922724
0.2502284
0.9331905
0.88012725
0.70335996
0.64214426
0.10802917
0.06489846
0.05215748
0.09371529
0.086548634
0.0716197
0.069886744
0.12295959
0.8704826
0.76163983
0.21922515
0.23018658
0.27102357
0.32709056
0.945703
0.9155704
0.82281417
0.9105423
0.061281204
0.022453567
0.01659822
0.014576077
0.01412323
0.016651262
0.048670318
0.10047224
0.16258249
0.9781908
0.971375
0.9659945
0.9521316
0.115155764
0.041076355
0.029004905
0.024308363
0.023987588
0.025073597
0.026645202
0.03185031
0.05793417
0.9093345
0.09028266
0.051539406
0.04074475
0.036073055
0.034367923
0.03532376
0.043257613
0.09945676
0.89195484
0.8838175
0.15326558
0.055971067
0.056975313
0.15063302
0.859824
0.895498
0.8591554
0.21451356
0.1137535
0.12715764
0.52867484
0.53378063
0.53302616
0.18003969
0.12483648
0.11364679
0.61793697
0.67818063
0.57618517
0.5534166
0.25403732
0.19711582
0.13051173
0.11355967
0.13907206
0.22161737
0.7224804
0.69086343
0.6770967
0.82074916
0.82253075
0.8279429
0.7403909
0.19894177
0.09244376
0.09317066
0.12571877
0.2082988
0.3342857
0.71675706
0.73097515
0.65879935
0.4729313
0.5375149
0.52164394
0.4842203
0.4794895
0.60945165
0.49983534
0.57171935
0.5561741
0.5149805
0.2836679
0.20188802
0.19097525
0.4122025
0.59872365
0.53552616
0.38287172
0.26974863
0.2373157
0.2658176
0.36333415
0.47564825
0.28573638
0.2704653
0.42605338
0.25409207
0.2384512
0.27677363
0.31743446
0.3406684
0.5713628
0.63659847
0.70644146
0.6574379
0.6264622
0.5935119
0.5882677
0.5812787
0.5440594
0.37447417
0.29937512
0.21941453
0.21615042
0.28297275
0.33764884
0.35763517
0.2556665
0.30692273
0.45206517
0.6814137
0.6675508
0.6187212
0.39759648
0.21140358
0.25977
0.3360541
0.35400626
0.31572127
0.53603506
0.5325926
0.47435355
0.6495752
0.65460825
0.62243086
0.35548115
0.43081754
0.44671595
0.44988978
0.5756446
0.42949966
0.3976099
0.4105718
0.42986003
0.6392711
0.40395406
0.31204748
0.17746
0.1661863
0.25661862
0.55309075
0.6151533
0.63843554
0.587332
0.7125037
0.7331906
0.78800046
0.74863553
0.6123385
0.57107604
0.5281591
0.48493898
0.4492004
0.5274325
0.5913092
0.24661222
0.315913
0.36316
0.78943455
0.17523417
0.072580375
0.07713805
0.090748616
0.100887366
0.088414595
0.07044187
0.063137636
0.08415892
0.6490089
0.07037028
0.060953375
0.122607335
0.9022666
0.90953267
0.91569364
0.81994396
0.06270911
0.04861671
0.115132816
0.8422602
0.063537255
0.039822496
0.047867987
0.109840035
0.8021417
0.14717343
0.095027685
0.05809251
0.081375726
0.118751675
0.8183219
0.19461966
0.15310365
0.16036718
0.6884808
0.72038287
0.7672651
0.77151257
0.75062686
0.7521941
0.76554173
0.7055497
0.5817858
0.65251154
0.66631377
0.6701821
0.10452996
0.08581886
0.087847084
0.116870545
0.20427027
0.69463617
0.8523513
0.87885594
0.8770601
0.8507086
0.78692603
0.6307721
0.5468914
0.44888008
0.23264086
0.24563444
0.2817327
0.47320703
0.50946194
0.61707693
0.7080816
0.599319
0.55324316
0.44142395
0.47229314
0.49434033
0.17987157
0.13194256
0.13568802
0.3712027
0.4410976
0.4830608
0.35347933
0.47305217
0.4414426
0.3548585
0.21243986
0.17892398
0.24066521
0.65096104
0.28921
0.20232588
0.14760287
0.1219217
0.13829908
0.23471425
0.8006766
0.76906335
0.85950834
0.8502878
0.3340981
0.38630953
0.41387874
0.77309954
0.73721015
0.7009472
0.6659395
0.6570721
0.34922677
0.30263975
0.21445537
0.16887413
0.62590843
0.10413112
0.05526367
0.07681598
0.10715965
0.19759814
0.31146345
0.890075
0.22433744
0.66316146
0.7181468
0.88731116
0.8796022
0.6803325
0.5870092
0.2598495
0.849998
0.15121163
0.11087237
0.08065279
0.08825368
0.07238217
0.063458964
0.08708213
0.7170133
0.7579121
0.83397305
0.75663626
0.7237508
0.8225487
0.15250993
0.13401914
0.21699901
0.69433093
0.75191325
0.86123085
0.83450526
0.8532782
0.7553142
0.6438192
0.6626896
0.18486935
0.086678974
0.07150637
0.082387805
0.11597453
0.17928037
0.8431439
0.8511464
0.10956034
0.046870776
0.049879175
0.04322726
0.038803235
0.0721229
0.08555633
0.12997012
0.0977663
0.10957067
0.101623066
0.091869555
0.12924416
0.87206465
0.26623487
0.7638115
0.8868913
0.111612245
0.054180976
0.055344198
0.09458422
0.9081391
0.91510814
0.8733924
0.91281456
0.8437745
0.81193966
0.8034028
0.88430583
0.120165616
0.059550878
0.05297639
0.08636984
0.89336956
0.8973766
0.07857061
0.059511356
0.076982416
0.7900325
0.2685817
0.17027138
0.10794655
0.111219525
0.17057298
0.7768969
0.7033535
0.71927774
0.26316413
0.25859776
0.8519291
0.08451356
0.055763926
0.09593105
0.13737945
0.27018008
0.21669735
0.10728496
0.10618192
0.15715165
0.23544997
0.8233435
0.7428495
0.5840776
0.5271619
0.5552685
0.5535391
0.56684357
0.21014759
0.21591221
0.23641846
0.73735595
0.66041493
0.69278014
0.3998319
0.21403708
0.21641833
0.2882182
0.2829838
0.35839632
0.5896734
0.5784492
0.5223854
0.24293552
0.51640546
0.17795335
0.18168795
0.2949332
0.43803415
0.477624
0.516848
0.7162313
0.58163977
0.47872332
0.4306751
0.22293678
0.16866983
0.16416621
0.21641813
0.45339778
0.48110738
0.6177076
0.58721596
0.3137028
0.27595285
0.3866314
0.26305872
0.22770776
0.25551617
0.6514516
0.5696321
0.613794
0.53169733
0.44466874
0.2201537
0.18194409
0.5179063
0.5351677
0.59748787
0.7534227
0.61097157
0.5785264
0.7235628
0.5578184
0.45312694
0.14561799
0.26445436
0.29265627
0.38019177
0.5220573
0.5533186
0.6431127
0.4847927
0.48333007
0.5824809
0.2844524
0.22300822
0.29598653
0.39514026
0.5174738
0.49618876
0.32449597
0.34110054
0.49705297
0.46864998
0.46771
0.38441926
0.44700637
0.24883707
0.29582384
0.7469219
0.426207
0.20571207
0.21828662
0.4503504
0.92021316
0.91261894
0.8577916
0.25895303
0.15855896
0.15668741
0.21340872
0.67726094
0.24767229
0.2198949
0.49819142
0.27648196
0.16244504
0.13317433
0.276029
0.49132234
0.5345718
0.7437829
0.7098544
0.69172585
0.5362378
0.3338451
0.20320015
0.15142877
0.17666027
0.5413748
0.52290934
0.22760648
0.19764693
0.17127918
0.21432719
0.39826506
0.77502984
0.4423638
0.35574073
0.34525067
0.20768799
0.18028368
0.24834974
0.43312046
0.8247495
0.9476046
