0.8442587
0.7251651
0.8165602
0.7934385
0.84585696
0.86800593
0.8635623
0.8374272
0.81701344
0.80364007
0.512703
0.34673163
0.42073527
0.4834908
0.5223896
0.5239514
0.548197
0.79557365
0.46335328
0.42680272
0.44299877
0.50848985
0.77486837
0.6654349
0.71505344
0.4999301
0.4999431
0.5757717
0.6486448
0.7600528
0.59626377
0.5850319
0.7535543
0.6650734
0.108476415
0.0826124
0.07099379
0.07424504
0.09023816
0.1658323
0.8720758
0.94184506
0.16792467
0.06564863
0.059017118
0.03377459
0.033694223
0.061255075
0.16113524
0.9220285
0.82067657
0.79117435
0.8029708
0.9071378
0.07076713
0.03712657
0.03178543
0.13081281
0.9545698
0.96263075
0.8514712
0.85090554
0.047640186
0.028206808
0.024330134
0.025255159
0.027950441
0.036837906
0.07314349
0.8959769
0.074748516
0.042525843
0.043650534
0.078533165
0.86371064
0.091042615
0.04920908
0.040971063
0.04406431
0.077298984
0.18175803
0.928925
0.9328107
0.9396184
0.93167883
0.89013886
0.67167616
0.38432983
0.1650463
0.14564534
0.16421194
0.3713797
0.23605303
0.21844779
0.2596905
0.3314921
0.80713135
0.88799435
0.8979066
0.801075
0.7195092
0.7661572
0.66041684
0.6206777
0.7251752
0.3139438
0.23478176
0.6582646
0.7544852
0.6366324
0.5759626
0.5840328
0.6565356
0.12291666
0.09527916
0.09769706
0.09154119
0.10000497
0.73263425
0.84761083
0.9396858
0.92918223
0.8461263
0.89309716
0.87787485
0.8067269
0.79235524
0.7847419
0.8202102
0.1413839
0.111675195
0.13420475
0.17710693
0.6512041
0.120694965
0.08780558
0.08014309
0.11017386
0.78365165
0.12654491
0.10948712
0.12328383
0.06147503
0.045680705
0.03879006
0.033905167
0.037493713
0.062321223
0.09318681
0.13774909
0.9494131
0.9365466
0.94968325
0.11053065
0.044188023
0.022646047
0.023218544
0.0490935
0.12833548
0.8922092
0.058826685
0.030915778
0.03344674
0.06814307
0.12988633
0.7695054
0.07706552
0.036790837
0.052421402
0.089546345
0.8025076
0.44845045
0.93028224
0.9473103
0.9499675
0.9336635
0.87232476
0.5987462
0.11690547
0.07652092
0.071327135
0.07965092
0.20111138
0.6489923
0.6449463
0.8412546
0.14133008
0.09468691
0.12294655
0.6684664
0.6790289
0.84995407
0.7221618
0.115547225
0.09692138
0.106419496
0.6629935
0.8191746
0.85750246
0.7047885
0.11678016
0.1058641
0.14777179
0.8397745
0.18776017
0.110020995
0.039586812
0.031105913
0.046371788
0.10436435
0.15214735
0.8946082
0.8731385
0.8474634
0.7956023
0.8286598
0.15869313
0.09801459
0.06054064
0.043056086
0.05109649
0.15019765
0.2125891
0.17414977
0.10819457
0.107706375
0.6872021
0.6742875
0.82548344
0.3458647
0.2705179
0.32949734
0.3645936
0.3078186
0.8380304
0.7527985
0.82300454
0.6629629
0.6329026
0.6479301
0.60966545
0.21232046
0.6726249
0.68853635
0.07606506
0.06487429
0.05390534
0.06237934
0.09127536
0.10784682
0.10404775
0.08820181
0.093138464
0.76777285
0.76833814
0.8110392
0.81596535
0.82224536
0.24193932
0.14040397
0.11556977
0.82041717
0.8138833
0.86841685
0.9290614
0.05648193
0.024156054
0.019071067
0.01928869
0.035641737
0.080386885
0.11996868
0.13943473
0.9302093
0.07764132
0.047531076
0.9340915
0.9498326
0.9801893
0.957291
0.95817417
0.03453988
0.018767033
0.02392374
0.037907645
0.03534857
0.028069261
0.03990955
0.095023446
0.8783802
0.09027955
0.07989698
0.83058196
0.8811952
0.852658
0.10654891
0.08654099
0.15385614
0.8927243
0.9251875
0.92593956
0.106286794
0.094979174
0.17946362
0.26854447
0.7923668
0.10666887
0.08511325
0.072316356
0.059299674
0.09171309
0.73498136
0.7748042
0.2690198
0.7286696
0.7420794
0.8079849
0.24654983
0.21262595
0.21833596
0.22473972
0.22580469
0.19958071
0.112031445
0.098075315
0.13375221
0.1940663
0.14498979
0.124122806
0.14359865
0.6626954
0.13136305
0.10337301
0.0760891
0.06707264
0.07092389
0.65305126
0.20741598
0.6227685
0.68646526
0.82664734
0.7734242
0.8819081
0.81314534
0.7784288
0.86182797
0.9095637
0.89728665
0.85549766
0.8412042
0.9078048
0.9116317
0.88599926
0.8458353
0.14718625
0.08841018
0.09369236
0.13516729
0.12671109
0.14605534
0.6270143
0.23940332
0.28388306
0.46593007
0.7607848
0.79198897
0.66339993
0.6306508
0.6021975
0.6081048
0.5647572
0.6012171
0.67359203
0.123847365
0.10291101
0.11970687
0.14019719
0.70476013
0.66514194
0.78434753
0.06756554
0.041768707
0.109328434
0.19163625
0.2401859
0.17439094
0.080969244
0.094497345
0.7703119
0.21838163
0.78989327
0.10055622
0.039529458
0.028984066
0.03431321
0.062077265
0.12235834
0.92274386
0.957343
0.96798843
0.9698267
0.9566971
0.8900817
0.8510878
0.9033111
0.11783227
0.07412622
0.06674942
0.04789982
0.038859107
0.050896306
0.08740445
0.79494876
0.075345665
0.08267121
0.11640668
0.20099023
0.30338416
0.86580855
0.15202795
0.10164161
0.10243684
0.63989174
0.22054316
0.3356742
0.18498613
0.114299834
0.12258612
0.19244038
0.42085245
0.4253866
0.7539464
0.24735785
0.14836131
0.3607479
0.6686675
0.6125527
0.6340326
0.74426484
0.58519423
0.4181264
0.41151762
0.26761773
0.33269936
0.2454198
0.30862775
0.3270489
0.47888005
0.40842524
0.43507415
0.62338847
0.82851684
0.80042356
0.29037112
0.20309086
0.28056824
0.2724612
0.30292743
0.8893986
0.06911816
0.03440524
0.03642624
0.08708077
0.07550838
0.08431752
0.042756032
0.05788574
0.947206
0.9646267
0.9668851
0.07156031
0.03316914
0.047561705
0.19087195
0.8683254
0.09152995
0.044653025
0.035599798
0.062335163
0.109372616
0.15260161
0.14123647
0.2392819
0.3780842
0.86279047
0.5231362
0.47794098
0.5716334
0.65512335
0.86799014
0.79422474
0.8864687
