0.77497065
0.29291314
0.27671087
0.245249
0.32396564
0.38705426
0.4262068
0.40294006
0.36724052
0.2691806
0.35008112
0.58904845
0.74235713
0.7951252
0.73962253
0.52495897
0.3961185
0.3473642
0.29257047
0.22080213
0.31074813
0.52785385
0.5624164
0.55252576
0.33741793
0.3420954
0.3269958
0.2616552
0.22126627
0.21541578
0.22291696
0.2810627
0.7524839
0.3126089
0.20046838
0.24058202
0.74737275
0.6969943
0.8279624
0.7143362
0.79782134
0.17773034
0.14287047
0.14284731
0.13238463
0.10739633
0.13710716
0.65186536
0.7481309
0.536207
0.45718375
0.41849697
0.48477575
0.5956682
0.68742996
0.23036458
0.2047555
0.24162163
0.59522533
0.34506652
0.21873496
0.17568429
0.14561187
0.0764186
0.09705911
0.7671293
0.8297824
0.79558814
0.7812909
0.8052843
0.122611344
0.0825896
0.1032102
0.15772681
0.24733104
0.22558363
0.22046857
0.22712272
0.5847547
0.21804413
0.15487619
0.119748585
0.10657919
0.09216435
0.07272384
0.06274532
0.081482545
0.10846041
0.6967658
0.7829693
0.7412825
0.70325804
0.79273134
0.69969964
0.6354579
0.5794474
0.562644
0.64786893
0.8072657
0.804506
0.6075555
0.6139566
0.6247913
0.11477919
0.065421365
0.089894935
0.69952714
0.65366024
0.11783213
0.0537654
0.02766193
0.022794066
0.034383632
0.09463327
0.9400964
0.96270156
0.9560688
0.94828933
0.91766393
0.088749565
0.032043613
0.024708323
0.026412709
0.031035347
0.048447847
0.768245
0.68114
0.08313255
0.050713778
0.07838581
0.8115117
0.8803802
0.1093209
0.05984462
0.0690842
0.06308668
0.059065938
0.093855694
0.09632054
0.104432516
0.0954884
0.1022414
0.11760961
0.54334897
0.5659536
0.5334638
0.5046367
0.5707508
0.6295709
0.7904549
0.8609184
0.8815466
0.8830174
0.8646134
0.7799759
0.5716856
0.54888713
0.530395
0.6060462
0.8013213
0.87679964
0.88957125
0.8463781
0.7037471
0.7505566
0.6161278
0.54193705
0.45320043
0.43534034
0.4061531
0.36715633
0.41913214
0.4694041
0.59760314
0.7759407
0.7789335
0.65155417
0.7198448
0.6097878
0.7301218
0.26179573
0.24346974
0.31421468
0.36757523
0.27271685
0.88678306
0.8930989
0.15836494
0.066597015
0.04332976
0.043847986
0.057214458
0.06333817
0.052566007
0.04447796
0.04177167
0.07996823
0.1442083
0.12759948
0.869667
0.87658113
0.90566814
0.8116158
0.7503789
0.65019846
0.07708689
0.040278796
0.044102672
0.13923241
0.87699026
0.14583579
0.06649123
0.034725405
0.04015637
0.09376652
0.110779084
0.08072491
0.12018344
0.12729505
0.12149964
0.15219949
0.19979483
0.4123839
0.15403982
0.10624629
0.121262245
0.3559165
0.58289534
0.51729083
0.5256067
0.65383464
0.7995974
0.75609183
0.70010465
0.6418209
0.5735303
0.13439633
0.12601852
0.1176134
0.146481
0.79200625
0.7903803
0.48075294
0.485658
0.40240845
0.42923886
0.3326117
0.24553686
0.297226
0.30586627
0.37963462
0.3410964
0.37459052
0.3612729
0.3661484
0.390026
0.3538524
0.4627227
0.72430164
0.6399051
0.49695855
0.6704762
0.5497814
0.54335725
0.6573109
0.45284015
0.39208448
0.18459138
0.1662103
0.16666248
0.17717335
0.23863274
0.32951388
0.52940625
0.5560313
0.4002159
0.29919592
0.21947134
0.20287985
0.19134048
0.18002819
0.20112438
0.38116086
0.362063
0.41529337
0.5082973
0.41840863
0.43426886
0.33093673
0.33705157
0.30291602
0.33945534
0.21113826
0.1858982
0.18196753
0.20697713
0.56145453
0.13020308
0.10169182
0.11593488
0.13088286
0.06809541
0.07991101
0.7367871
0.7987209
0.81738865
0.8125684
0.12435661
0.12038366
0.124040395
0.12034293
0.1214939
0.24577104
0.791993
0.70045453
0.62803733
0.5395127
0.375959
0.35235882
0.43606046
0.5219215
0.60116947
0.72756916
0.73850167
0.6276767
0.5869327
0.55542743
0.59534556
0.38876188
0.2994467
0.32585096
0.31661636
0.23990975
0.26188225
0.24990985
0.19950168
0.2762691
0.38031527
0.78819054
0.7271186
0.6868875
0.70830995
0.61193585
0.58412904
0.22407171
0.2869844
0.55786484
0.5663755
0.61199474
0.6289898
0.7525379
0.70389915
0.24183993
0.13946544
0.09568273
0.10863519
0.1857688
0.23179908
0.8147778
0.095178224
0.06636429
0.035737783
0.07719899
0.87487614
0.9008623
0.91991264
0.05759162
0.029800888
0.027920017
0.034470517
0.045490876
0.05835189
0.07370701
0.11118086
0.8980035
0.9027216
0.8977617
0.1998256
0.1586988
0.066677995
0.077229045
0.67641824
0.67785656
0.74335223
0.77419955
0.076042004
0.05039579
0.05489925
0.072786465
0.09281116
0.10317696
0.0996195
0.099902175
0.111890376
0.13417363
0.16823845
0.759762
0.22229016
0.19089621
0.23507002
0.52252674
0.67774785
0.5939316
0.48317444
0.38036263
0.43166825
0.45177582
0.4412157
0.36368698
0.3995921
0.5358305
0.6551669
0.374734
0.33133033
0.26720038
0.20228535
0.17212328
0.15949507
0.17337689
0.26459667
0.3872064
0.45667747
0.5655467
0.74947846
0.7568006
0.33837986
0.26452735
0.22794776
0.4196142
0.25181362
0.48772183
0.20388515
0.15701114
0.11183532
0.1035086
0.13201858
0.22114292
0.6871784
0.67679715
0.66820157
0.65302193
0.09029446
0.0605454
0.074946456
0.086866565
0.11997434
0.8382874
0.28344542
0.20423572
0.6718337
0.13425657
0.10240221
0.08837692
0.072418965
0.078843296
0.68430316
0.13314454
0.1048622
0.7542593
0.88181037
0.3059247
0.13613747
0.083186634
0.05664271
0.05766428
0.081998646
0.10388908
0.14069913
0.8133376
0.2667139
0.32238752
0.39326966
0.85047877
0.7344255
0.8319522
0.76201063
0.68144107
0.7475222
0.771901
0.80566365
0.8117431
0.8141664
0.7972065
0.81959945
0.8175189
0.8323064
0.8306171
0.83977145
0.85479885
0.8619816
0.86356366
0.85032505
0.85966206
0.17647254
0.10590315
0.07100018
0.064682364
0.07479311
0.07905173
0.06782918
0.089754835
0.1500871
0.16773464
0.15711293
0.7893495
0.72623813
0.7412655
0.63422656
0.16140981
0.14996263
0.6844027
0.15566577
0.19507746
0.28979674
0.830408
0.3442674
0.21720716
0.6390695
0.3052661
0.34826756
0.68809795
0.17314474
0.15045168
0.10864504
0.08781202
0.12286085
0.82642126
0.81674856
0.7673014
0.6978296
0.7235345
0.28045222
0.17975013
0.12129094
0.10099638
0.09619244
0.09271541
0.11407403
0.684156
0.26365954
0.24707805
0.23115335
0.64856625
0.54109496
0.61056906
0.7946731
0.8725482
0.8735977
0.82030857
0.6921802
0.63497674
0.2126246
0.17267439
0.17851111
0.20071132
0.09756344
0.06384702
0.0655253
0.7229224
0.74697274
0.8583446
0.77346736
0.7353673
0.70562875
0.07335275
0.05504564
0.045824964
0.06356833
0.083625846
0.10099404
0.2017305
0.74461156
0.69950956
0.62890095
0.5508724
0.49593782
0.40718994
0.1062188
0.072797835
0.058288123
0.067275874
0.14062053
0.7825765
0.9001761
0.8435615
0.8998117
0.2494809
0.06946337
0.032011654
0.035644572
0.10473215
0.92038095
0.8790394
0.907692
0.77613825
0.065767966
0.035920944
0.031263947
0.05279265
0.10602876
0.79559076
0.805613
0.8711529
0.74240303
0.18426538
0.11263695
0.07802293
0.07263686
0.14073023
0.578455
0.18791877
0.29095653
0.15601
0.09393574
0.067226134
0.06659203
0.09290987
0.13680209
0.7834533
0.7586549
0.82274896
0.8510499
0.79622436
0.7859058
0.87823284
0.8922266
0.85438347
0.8027956
0.7521045
0.73739505
0.22064611
0.13184543
0.082044154
0.06830908
0.083505705
0.06582528
0.09113596
0.15331848
0.47814932
0.41081378
0.538808
0.1613574
0.3812737
0.28779095
0.33199337
0.14728963
0.06332406
0.08789355
0.11614618
0.6822158
0.15644346
0.18117283
0.16261482
0.09759882
0.103531174
0.07110624
0.86987317
0.90673
0.87514484
0.8420976
0.78972834
0.8123612
0.041823868
0.031367082
0.03594495
0.054546922
0.07364346
0.09507599
0.7341559
0.10807675
0.06909185
0.10711786
0.85987544
0.8504309
0.87769574
0.7968704
0.1304942
0.08872689
0.0875427
0.09245557
0.13302086
0.76591504
0.68254405
0.73335415
0.81780446
0.6966193
0.579378
0.5913735
0.17250082
0.09724714
0.0893948
0.18637355
0.8667262
0.9043516
0.17428061
0.18884932
0.17692274
0.23151387
0.8287113
0.9037421
0.92902106
0.10815742
0.05629644
0.04725242
0.05879792
0.7594578
0.38714698
0.30095413
0.87888753
0.26123396
0.08928121
0.09265739
0.7798688
0.9113702
0.8477354
0.091936745
0.03387843
0.026281364
0.026806436
0.04198169
0.87496156
0.42754567
0.94090873
0.9536097
0.9445853
0.85980785
0.9226116
0.8654694
0.22611055
0.82847905
0.0727737
0.039370295
0.03869119
0.041562222
0.082751036
0.7821534
0.74032605
0.11480773
0.07160696
0.111704096
0.7059033
0.18234016
0.2811737
0.8513412
0.7128342
0.099657625
0.08568773
0.11423118
0.12855162
0.75403476
0.8533247
0.5349288
0.4689702
0.30467528
0.33847186
0.71757746
0.17815368
0.19869298
0.16102241
0.21755862
0.19978277
0.21717818
0.2545978
0.31143957
0.7138761
0.8378922
0.7397234
0.84576297
0.1657866
0.1080149
0.089017384
0.6370489
0.73879486
0.8865592
0.88997275
0.6235711
0.14060201
0.08676782
0.34190053
0.8126367
0.85345185
0.60277385
0.48353216
0.26308858
0.27791774
0.6330771
0.314825
0.23158564
0.20342737
0.15294307
0.2950465
0.40390584
0.5526984
0.53182775
0.28161937
0.24907482
0.25326598
0.24065544
0.25432476
0.33272517
0.45291585
0.73436743
0.72794914
0.5515152
0.63621825
0.4626816
0.21098064
0.19401784
0.19482099
0.38401666
0.43481594
0.3072145
0.20797165
0.6139436
0.5570172
0.48873878
0.5213147
0.2634339
0.30257773
0.21497491
0.20253378
0.24817102
0.32947534
0.38852897
0.84662014
0.8488452
0.78708607
0.4609072
0.18960874
0.18967862
0.21220198
0.27705255
0.44569474
0.6392985
0.605412
0.5498897
0.53236574
0.42959633
0.4005137
0.19177556
0.18640196
0.15325862
0.13509683
0.16718748
0.5936637
0.59773004
0.6396368
0.7294585
0.87335265
0.8771434
0.58041257
0.24019352
0.11437961
0.18088245
0.20598976
0.41995725
0.46703795
0.5615138
0.61536866
0.60153747
0.5107043
0.25546297
0.20705044
0.44707173
0.31555688
0.26848182
0.46581274
0.33135316
0.4339853
0.3416746
0.33958882
0.2746913
0.24729908
0.40107566
0.2887686
0.25827897
0.428931
0.33037353
0.2953861
0.31337333
0.44784918
0.38132423
0.31534034
0.35304242
0.34686592
0.3903773
0.313592
0.21846354
0.2751857
0.38299954
0.33642858
0.24140406
0.2833129
0.16812806
0.22373793
0.14394134
0.20390636
0.23078649
0.22235827
0.41244516
0.7958322
0.3137186
0.27116024
0.36578283
0.19911349
0.67821765
0.29096
0.15445346
0.101734154
0.16257484
0.730227
0.8935834
0.89773595
0.7127828
0.7097097
0.8013939
0.2762216
0.20492381
0.1994638
0.2846608
0.87380403
0.86747056
0.8312642
0.2230309
0.14952676
0.25964665
0.2949143
0.879467
0.9282622
0.9340699
0.90307724
0.8345089
0.2420004
0.16764349
0.12539156
0.13055755
0.43774173
0.38658696
0.515227
0.66066045
0.24907503
0.2066303
0.2066816
0.2102204
0.2320283
0.28814018
0.85827315
0.8725613
0.604349
0.53031605
0.50903106
0.13377382
0.11952745
0.15045297
0.63058585
0.68283606
0.8262733
0.76363134
0.72938806
0.7080387
0.66434324
0.6385845
0.14558318
0.1180534
0.19952482
0.68199104
0.5530421
0.5407727
0.3825526
0.47956592
0.5265907
0.7255162
0.8574875
0.8605079
0.74091345
0.8458041
0.8461754
0.79412925
0.32356834
0.24660146
0.18616605
0.13419037
0.12664221
0.12542658
0.0848391
0.07681522
0.109860554
0.49567655
0.110205635
0.11137989
0.15647003
0.7769613
0.9447877
0.963205
0.9521436
0.08824856
0.025395468
0.02215211
0.028433034
0.03070131
0.03132091
0.04185218
0.79611915
0.78788066
0.78778243
0.7996972
0.8072336
0.06710363
0.04766085
0.07287089
0.045257047
0.03593471
0.030601874
0.03240401
0.05216303
0.8929447
0.90667295
0.057667457
0.030547908
0.03023628
0.094459794
0.26916295
0.97422224
0.97767955
0.95286477
0.95875424
0.09998762
0.02560295
0.019733926
0.022286976
0.064705886
0.92623
0.89274985
0.08056929
0.027489789
0.021181336
0.022697806
0.023940671
0.022623474
0.030331137
0.048773997
0.82917494
0.8407001
0.9229722
0.86796767
0.8498697
0.13593346
0.12469811
0.05527014
0.054012965
0.06467962
0.10293632
0.13172916
0.073864095
0.07665339
0.8478478
0.8433684
0.88724476
0.06911647
0.029693814
0.020981837
0.019289117
0.021817472
0.04231406
0.095244125
0.92665064
0.8612246
0.93491924
0.8937119
0.8848573
0.89697987
0.94868493
0.91391766
0.912388
0.09125447
0.03996218
0.028531052
0.028137958
0.033179082
0.0423021
0.066643246
0.8316641
0.09265866
0.0511668
0.04330825
0.054127812
0.112814374
0.8023248
0.9166492
0.9101146
0.8529778
0.8702011
0.8274028
0.8003719
0.8081416
0.8457156
0.78504163
0.195223
0.18421584
0.2319866
0.877893
0.9087456
0.9058725
0.84655875
0.84294045
0.7886081
0.75056946
0.35582525
0.30208933
0.2914032
0.68557084
0.20585516
0.11086458
0.0863807
0.10891424
0.1987146
0.29390758
0.7730742
0.8675055
0.84170187
0.69139636
0.6595078
0.65869373
0.06722865
0.078374855
0.12105974
0.09588282
0.07316619
0.061528515
0.07388112
0.81967807
0.4795146
0.82055867
0.07312481
0.044265863
0.03597691
0.033297893
0.04088854
0.063559406
0.110412896
0.091763355
0.8522896
0.8381018
0.08898434
0.05426552
0.06993528
0.18543278
0.9140783
0.79048806
0.83091354
0.8341733
0.7635219
0.7918355
0.9009629
0.8164278
0.9200137
0.8302914
0.8910261
0.14491035
0.048780646
0.03852055
0.05832498
0.8404348
0.9412151
0.9323781
0.8390761
0.065327026
0.035342444
0.04076588
0.043956425
0.045706734
0.07182698
0.066714
0.0650608
0.12225758
0.81161785
0.10438483
0.05050597
0.11372053
0.14832184
0.093043596
0.085924625
0.1520183
0.8453242
0.83049726
0.26442876
0.10801832
0.090508044
0.10652324
0.1948682
0.29051426
0.40645292
0.20683502
0.19093147
0.13389003
0.09069092
0.1457824
0.7887427
0.67946357
0.6368558
0.6527985
0.6305038
0.8121096
0.1770437
0.13029696
0.12561068
0.588034
0.5426085
0.5423223
0.56510174
0.62501836
0.75853795
0.7310259
0.7177416
0.82308924
0.8676234
0.43217945
0.2955372
0.67116094
0.08596218
0.076571375
0.06118484
0.0649352
0.09566173
0.07283157
0.07624612
0.81034094
0.4651342
0.9177929
0.112137966
0.06958155
0.03953824
0.026641408
0.03299788
0.85177886
0.8505455
0.95545083
0.9373646
0.96350956
0.9516542
0.9380899
0.9026741
0.8964063
0.040328506
0.030706527
0.03521188
0.025536157
0.030255781
0.07618419
0.84705424
0.07189758
0.0443468
0.05205805
0.101068586
0.07213178
0.083924346
0.17760266
0.84954697
0.19878072
0.2068894
0.8145664
0.14014137
0.07923982
0.06258629
0.06493009
0.16328877
0.34201425
0.875493
0.6732044
0.61541015
0.12707332
0.08328899
0.12079201
0.20380269
0.90449834
0.93686515
0.25278932
0.080000825
0.07257133
0.7740169
0.07330881
0.04162258
0.03823395
0.055052403
0.106677055
0.91292346
0.08626272
0.060761765
0.029883366
0.026830582
0.033271916
0.058878493
0.8223883
0.94631505
0.95092666
0.8327757
0.9269979
0.11347759
0.051548593
0.05127479
0.89649034
0.89413077
0.9447454
0.93735516
0.9510294
0.9181507
0.05195011
0.04836846
0.15390654
0.9013666
0.11731869
0.036597174
0.024417957
0.023652345
0.031934645
0.078118004
0.9238079
0.82623947
0.8585596
0.123314895
0.05526984
0.041288067
0.04191474
0.06795674
0.8272753
0.7450975
0.081969
0.06636162
0.13529018
0.8799919
0.08033745
0.056597732
0.071659066
0.11229102
0.87041575
0.12946886
0.06388504
0.06488558
0.053073708
0.05688736
0.103295326
0.7020622
0.8726767
0.42005694
0.160249
0.12286158
0.08930148
0.6486288
0.48711526
0.17660928
0.15632893
0.72871155
0.100367114
0.09295158
0.1751703
0.095334075
0.065492816
0.064716026
0.067458615
0.06810962
0.780452
0.69269574
0.68653893
0.78607225
0.89293975
0.8625647
0.8457803
0.8390224
0.8772883
0.08004052
0.054318268
0.12335101
0.18945532
0.9118954
0.9008601
0.12926899
0.11091095
0.13334928
0.11086931
0.67629635
0.2473019
0.18386306
0.6862167
0.84284383
0.83796066
0.5861607
0.56345165
0.21899681
0.1294609
0.112616725
0.12674665
0.78003377
0.61624753
0.57116234
0.60093874
0.6583611
0.79715306
0.69209284
0.62929696
0.07875879
0.056486104
0.08102214
0.13007441
0.6296535
0.7580484
0.59968555
0.1312181
0.15629877
0.6971304
0.37574372
0.19438924
0.121123925
0.068494394
0.04759025
0.03845483
0.03921761
0.059893947
0.8022345
0.84543335
0.86850363
0.859658
0.8528912
0.8751905
0.11825862
0.058394875
0.048990116
0.08607999
0.63544947
0.076597266
0.13015226
0.19022547
0.24765587
0.73180914
0.685895
0.60077703
0.18056162
0.18261558
0.54233617
0.55057895
0.70395786
0.70303893
0.64961386
0.7966286
0.8242218
0.7166532
0.7455635
0.6554471
0.53109884
0.57794505
0.7172762
0.72286683
0.83958787
0.8758305
0.84947807
0.7449894
0.6653641
0.64761835
0.668769
0.66975164
0.72453415
0.13646622
0.068293616
0.072389916
0.09915082
0.13692479
0.19193676
0.1863618
0.34915337
0.90051067
0.7758091
0.82985914
0.6399614
0.6328485
0.65305156
0.65154356
0.5613349
0.56786364
0.60718024
0.7140659
0.8211417
0.77755886
0.9060491
0.9127585
0.85349125
0.7044769
0.16864999
0.14547978
0.14465062
0.23195817
0.21246865
0.7115771
0.19751789
0.1530447
0.400383
0.7855205
0.7991736
0.5934149
0.49500865
0.22355077
0.16260724
0.2591302
0.22964026
0.18009154
0.1865449
0.44511747
0.37806752
0.8421673
0.8180779
0.59083015
0.5463958
0.560346
0.7563045
0.59305245
0.5448436
0.6314774
0.79126257
0.79204416
0.2636108
0.17675637
0.20348196
0.17346328
0.1417413
0.14035825
0.13309307
0.5845985
0.26611108
0.3505038
0.8163053
0.72414273
0.75985986
0.8156367
0.12140069
0.07470678
0.10733879
0.1401397
0.46353906
0.87708586
0.8315244
0.64508575
0.70388997
0.44742715
0.14322093
0.25641772
0.18535703
0.1896821
0.18685931
0.29468846
0.2635683
0.21129
0.15137044
0.5199038
0.48719114
0.5950661
0.6939236
0.5971738
0.55113596
0.5366276
0.5838731
0.16412167
0.121246345
0.100834906
0.1316769
0.2182963
0.8415969
0.7604076
0.8433274
0.6673433
0.612638
0.632957
0.8223433
0.83495665
0.63908356
0.62931544
0.6375478
0.7486507
0.6349563
0.118814155
0.12379621
0.14305632
0.2426098
0.5559512
0.7353418
0.70997334
0.120214306
0.07223359
0.057018444
0.06919477
0.15532006
0.13574302
0.29734734
0.89526397
0.8900212
0.91800964
0.8369422
0.17704354
0.08836007
0.0697179
0.07755151
0.0882114
0.6568845
0.2691633
0.20036905
0.16784327
0.13315673
0.34502643
0.38711357
0.1954438
0.18635768
0.5808434
0.6688401
0.85935646
0.8627777
0.6208268
0.098154955
0.06996913
0.064569205
0.14321285
0.8843546
0.79311746
0.93522936
0.95059854
0.085506424
0.042128224
0.05501575
0.031097775
0.043834753
0.08901427
0.09200348
0.103898704
0.101080194
0.8830299
0.757176
0.918326
0.94463485
0.9234671
0.93254554
0.9056677
0.8933087
0.89028096
0.17651129
0.15826742
0.14669304
0.11374201
0.09470624
0.08663445
0.08575185
0.10185898
0.16284032
0.7434516
0.8754877
0.86015314
0.58846265
0.5129592
0.4053806
0.19073942
0.3689465
0.44457504
0.52523375
0.86134315
0.8947337
0.8592023
0.29442212
0.3050207
0.23863435
0.26740623
0.30945343
0.8836652
0.8996076
0.8422319
0.821248
0.8616504
0.78701514
0.19732955
0.18940055
0.11133197
0.12118103
0.15332872
0.16185248
0.16575275
0.35382587
0.4714752
0.33173925
0.49994114
0.31425175
0.232812
0.15424874
0.14566179
0.17279686
0.7018891
0.84221554
0.89774865
0.7887244
0.33409482
0.15802719
0.09209261
0.07026216
0.06607396
0.73842055
0.6610919
0.83117074
0.936876
0.95096284
0.9286852
0.10554861
0.12198538
0.12249531
0.18725644
0.25786105
0.83066905
0.9041277
0.89706
0.82419354
0.22710876
0.14378357
0.1298166
0.5555682
0.6449871
0.89286625
0.9213294
