0.77935827
0.18896465
0.12070593
0.12041424
0.1367294
0.5641754
0.39958125
0.4736136
0.88421065
0.9418289
0.9408042
0.8771194
0.5922512
0.06085008
0.036363557
0.055376668
0.10127151
0.8841144
0.13416485
0.05191749
0.031054543
0.038785744
0.8623696
0.8681893
0.90347296
0.9507964
0.0631
0.030775335
0.038928647
0.02876158
0.032206252
0.058357224
0.0847785
0.13176343
0.87719107
0.76838964
0.75941384
0.7965722
0.76115465
0.7301446
0.68108654
0.7502757
0.7131382
0.13205118
0.11635794
0.11338796
0.11006518
0.17415129
0.7241506
0.7238592
0.683974
0.107776016
0.14167531
0.07127518
0.058034305
0.07820276
0.7217234
0.14381504
0.19153692
0.7998777
0.08246241
0.061552446
0.06316221
0.0472413
0.048975542
0.057711124
0.8639965
0.84285384
0.8947042
0.9315881
0.8564894
0.838181
0.05564185
0.051511504
0.03626954
0.030030116
0.0368699
0.062272348
0.8554399
0.84735405
0.8572488
0.31676146
0.22895774
0.6918724
0.203127
0.6626005
0.07454254
0.056072887
0.06347857
0.10729786
0.8567403
0.82119954
0.8670739
0.18575197
0.15153033
0.18944634
0.20315331
0.14379524
0.14678207
0.1447786
0.10805071
0.09526885
0.67595077
0.6905376
0.8651501
0.89609873
0.8183192
0.76969415
0.81021297
0.24100375
0.17070945
0.15216999
0.19375344
0.7619949
0.6624276
0.6779058
0.06740617
0.07719735
0.09732448
0.17639731
0.1652979
0.11498618
0.7874915
0.10482411
0.03914158
0.031111086
0.03958124
0.063226596
0.065342225
0.9195927
0.9024477
0.96398354
0.9664642
0.96229684
0.15380651
0.10793766
0.09490513
0.050316803
0.042151183
0.045130055
0.075796776
0.08352967
0.09851295
0.095176935
0.08635115
0.10700144
0.81105673
0.6929157
0.6615707
0.20281304
0.07436201
0.051903777
0.05761495
0.21648915
0.31846464
0.23818016
0.93682265
0.9355216
0.8513738
0.8870114
0.8564011
0.12663293
0.07685466
0.077297814
0.06602947
0.05467936
0.092994034
0.15165979
0.74867564
0.52617574
0.37606576
0.44855225
0.3544011
0.31348404
0.23260161
0.1459818
0.12347689
0.59514314
0.6007995
0.38166675
0.2605596
0.26004058
0.14240937
0.099142
0.07426844
0.0900666
0.13070028
0.7917344
0.8650691
0.17065288
0.07972747
0.056837834
0.04721638
0.04936381
0.065183714
0.14740494
0.86741424
0.8630639
0.8794553
0.8966463
0.8628041
0.22360389
0.14236037
0.084462106
0.09031414
0.73682976
0.8190048
0.7366779
0.7551447
0.8862527
0.93019104
0.8375702
0.16345376
0.054393727
0.04301586
0.040050372
0.037387718
0.0508092
0.12261334
0.8751806
0.8804331
0.8566958
0.90279627
0.29755294
0.16381662
0.25226137
0.86790174
0.85015565
0.8625874
0.8586565
0.8320735
0.7634187
0.81062657
0.826375
0.88140213
0.078632705
0.05098916
0.101638705
0.10273146
0.052462284
0.052545242
0.09004896
0.07957533
0.0813135
0.11865293
0.78760713
0.85280865
0.8010181
0.18876304
0.16663253
0.1337814
0.08381282
0.07327161
0.08712975
0.76892483
0.79152143
0.90365165
0.90135634
0.8408089
0.11397639
0.07757726
0.08545558
0.058103103
0.09789313
0.9230862
0.94138455
0.9280924
0.8500831
0.08254801
0.05070893
0.06946068
0.11322255
0.1739802
0.69827116
0.5903786
0.6480598
0.640138
0.73098254
0.22819775
0.10803325
0.11090417
0.15639976
0.25010753
0.31204948
0.8459543
0.34243166
0.24637422
0.2823239
0.6504682
0.6924242
0.3696908
0.17068993
0.10160821
0.1567434
0.17637652
0.16890721
0.22590035
0.22586033
0.5910011
0.5822673
0.5795579
0.59292275
0.6833135
0.3077187
0.3301704
0.49807847
0.5662275
0.54804176
0.72699744
0.6264734
0.58364457
0.5524271
0.7071123
0.7087565
0.8228719
0.808698
0.688839
0.79308194
0.7700222
0.58917993
0.36598983
0.41556385
0.39718407
0.2441307
0.1876251
0.23457792
0.23893031
0.5087368
0.57962775
0.36421153
0.26367927
0.21897519
0.5351677
0.54929304
0.5847115
0.8485971
0.5909893
0.499388
0.49610227
0.90332544
0.9060514
0.90403706
