0.7322095
0.29087088
0.21953112
0.2255699
0.4511346
0.5435095
0.73973215
0.7976426
0.7611154
0.39254156
0.38509485
0.42458427
0.3422936
0.33987617
0.44048408
0.4009482
0.51963055
0.48169157
0.299159
0.22440588
0.3412067
0.2854049
0.44345084
0.5269557
0.5292971
0.45257688
0.5279972
0.43454203
0.485033
0.7753282
0.8208314
0.7824358
0.58939236
0.5346968
0.47227988
0.6119751
0.54851234
0.6615126
0.4884429
0.3378288
0.34096122
0.36004624
0.2741729
0.29658046
0.32278332
0.52189285
0.67756784
0.7443503
0.6111842
0.31974068
0.25851828
0.1871869
0.17309536
0.16486812
0.13874523
0.43989798
0.4425664
0.48773926
0.5982789
0.75945854
0.7001064
0.67703086
0.19786628
0.11504465
0.06734425
0.043640625
0.04377684
0.0801252
0.1789626
0.80618536
0.8195085
0.10425956
0.07223601
0.0515572
0.044015698
0.042496234
0.03929248
0.03900592
0.05614742
0.10311301
0.7677503
0.83559495
0.840319
0.82160836
0.81181926
0.78485745
0.18665127
0.17548214
0.22698694
0.8063344
0.8204346
0.732199
0.7038754
0.65095454
0.19393453
0.15940216
0.68960166
0.102286294
0.11345107
0.12183236
0.10712938
0.10142449
0.085835084
0.10380994
0.804416
0.7802867
0.79365116
0.7433354
0.8057391
0.817413
0.82428086
0.8204621
0.8311119
0.8303351
0.8465771
0.82101643
0.75536317
0.77972347
0.14299789
0.14762028
0.132667
0.10994091
0.09770695
0.083822526
0.08676005
0.7659361
0.23813851
0.18453345
0.6650791
0.6420037
0.77881044
0.7910612
0.7888591
0.7973135
0.13657737
0.10342604
0.108235605
0.12749079
0.14316092
0.16655287
0.7787187
0.23605761
0.16602205
0.08709261
0.07810456
0.07944991
0.11558744
0.18119742
0.8114403
0.78025025
0.80468786
0.77840304
0.7712623
0.74871224
0.76707447
0.2522615
0.16719648
0.1090452
0.09706358
0.15242901
0.7862752
0.79469854
0.78641456
0.7680996
0.09999036
0.061885796
0.08277792
0.18524344
0.30094072
0.8320502
0.8406582
0.14397883
0.12194547
0.13483733
0.11517414
0.12614404
0.24041313
0.74712557
0.34794465
0.36850065
0.7662492
0.40624887
0.34279126
0.31233695
0.3114694
0.34301844
0.43670088
0.7390029
0.73035794
0.80400276
0.81715703
0.775684
0.63561684
0.6210566
0.42819986
0.45242533
0.52476674
0.29647395
0.2671241
0.32452887
0.31653148
0.423766
0.5449606
0.5640428
0.55771095
0.5124419
0.36936077
0.39848343
0.27342147
0.20543423
0.19754228
0.18663271
0.20775522
0.2866049
0.5205554
0.59077615
0.5340403
0.34412727
0.355377
0.40973902
0.51893187
0.6884392
0.3892257
0.22208044
0.16500989
0.1504503
0.16191782
0.23569113
0.4147794
0.81196874
0.84661454
0.72412324
0.74249387
0.22005776
0.13110478
0.11251346
0.14039287
0.17963138
0.47201625
0.4613247
0.15177742
0.12055297
0.1784044
0.39774528
0.8481453
0.79652756
0.7468071
0.69633496
0.14690919
0.08302418
0.07388765
0.11288371
0.4808296
0.29249424
0.47862726
0.4292685
0.5374687
0.5930635
0.08692617
0.08523731
0.11964426
0.20260508
0.27265385
0.88816005
0.31480125
0.2133919
0.12981881
0.17239036
0.63165486
0.69268084
0.06871164
0.031726543
0.025488919
0.033812467
0.83977264
0.8972483
0.9604487
0.96663296
0.96880394
0.9509949
0.9071432
0.81213665
0.03774454
0.041034605
0.06248545
0.08287607
0.70621073
0.7320789
0.09286955
0.08182518
0.082648054
0.11342548
0.14457658
0.101118594
0.07600352
0.08522695
0.08746659
0.07804849
0.09779345
0.102780536
0.15173197
0.6720262
0.7038357
0.63070405
0.53837603
0.6275268
0.5575944
0.43792704
0.4551883
0.40085787
0.46999365
0.48234263
0.46541315
0.4278463
0.30043858
0.3511959
0.68716323
0.58153826
0.21362112
0.12705916
0.10598194
0.09031987
0.0839012
0.095994204
0.18624966
0.74837947
0.8478576
0.781122
0.7947301
0.10300427
0.07370862
0.07229448
0.06769881
0.056887243
0.063679755
0.07386583
0.066692896
0.064371824
0.07103336
0.10415494
0.8253753
0.11347143
0.0810253
0.11987486
0.19896965
0.88076967
0.8330351
0.82569504
0.90294564
0.26493713
0.1704419
0.10525991
0.18918169
0.8166384
0.7594885
0.7855077
0.61237556
0.5993206
0.6293076
0.7923184
0.65818703
0.6360401
0.6283028
0.095682286
0.05541912
0.05525266
0.081222154
0.7927236
0.78389585
0.81462044
0.08470516
0.051082116
0.095394
0.22440815
0.8940693
0.895334
0.88014024
0.86201334
0.1913899
0.05783923
0.06928261
0.12586755
0.7642568
0.77742636
0.7454821
0.77488714
0.11050909
0.09962631
0.107620634
0.103917964
0.6265169
0.66876173
0.7175328
0.7394237
0.7432678
0.73546416
0.7289334
0.70924675
0.69719505
0.7315609
0.18480347
0.13511208
0.15193833
0.22703524
0.69748086
0.7025833
0.722782
0.66470975
0.62924695
0.6130664
0.580526
0.60719854
0.6244862
0.21470839
0.12821
0.078618646
0.12598631
0.6364924
0.73984677
0.69951
0.8443424
0.85482645
0.76403904
0.7896413
0.6773064
0.15251295
0.100751884
0.10387817
0.22485496
0.17200898
0.21148914
0.32314846
0.1997099
0.15962422
0.16556898
0.18462457
0.27137485
0.73616266
0.6319231
0.6371271
0.6890763
0.79708207
0.7783158
0.8004385
0.69018066
0.607443
0.66654944
0.5237033
0.5718888
0.5921814
0.7735812
0.7427124
0.5432485
0.5524672
0.5446243
0.4443443
0.12944224
0.13183115
0.2048604
0.23981792
0.3394504
0.65839446
0.7737969
0.7341486
0.34530774
0.21932548
0.16672544
0.12965946
0.26425835
0.31651306
0.6117915
0.76448077
0.56088465
0.32473814
0.2754913
0.45115092
0.4953941
0.44881728
0.46869108
0.48535347
0.60975784
0.34225726
0.27526984
0.29793075
0.43880168
0.538048
0.5209273
0.58387583
0.5215024
0.4660549
0.24706452
0.23323028
0.29449213
0.47384912
0.52638483
0.6474471
0.5372072
0.44886714
0.22282897
0.33175227
0.43608037
0.50125414
0.18461014
0.19396363
0.23902783
0.31814465
0.7676916
0.6331899
0.62235767
0.13967833
0.0956197
0.07914635
0.7003918
0.18061803
0.23049779
0.15410346
0.27183354
0.25615135
0.17156297
0.7274665
0.6105825
0.68857384
0.72770023
0.8153703
0.59216684
0.6250903
0.65245557
0.73171777
0.78977346
0.84445846
0.7719473
0.7277059
0.7194629
0.08339615
0.084470324
0.1012417
0.105323285
0.09923121
0.09761284
0.66034925
0.6034419
0.5496594
0.1764034
0.20441796
0.30830854
0.661963
0.6769212
0.72280383
0.35999498
0.4328118
0.39975598
0.28295517
0.3345385
0.26023692
0.3346193
0.25375682
0.31420627
0.6618031
0.5853394
0.22224313
0.21571061
0.38363016
0.45983678
0.76215607
0.29637638
0.09852591
0.06474276
0.054562394
0.09050985
0.7735856
0.1013468
0.15356477
0.06011008
0.064933755
0.093440905
0.9287623
0.8928798
0.9276878
0.1294931
0.09809826
0.069814526
0.049354173
0.086912684
0.6301836
0.2160152
0.7282637
0.7851073
0.66437006
0.63277066
0.115338676
0.06503479
0.21744083
0.27529532
0.775682
0.38752684
0.2861206
0.20807736
0.2348311
0.53901446
0.54868776
0.5120961
0.42886373
0.34487027
0.3442073
0.39885408
0.47982594
0.56142503
0.6600567
0.5202214
0.5051085
0.60146815
0.4251804
0.35196134
0.3744889
0.4076058
0.39703688
0.4556778
0.49796242
0.5589508
0.6848426
0.28200164
0.16856667
0.2176782
0.290418
0.46117204
0.36096996
0.50762975
0.29204893
0.3448418
0.4191229
0.18610467
0.32231992
0.28391752
0.3158573
0.33544746
0.4209256
0.28267792
0.29530787
0.50567496
0.47035274
0.57545644
0.3862312
0.44912523
0.17420901
0.15012334
0.15498197
0.15828404
0.18590663
0.68048143
0.58837914
0.59336704
0.63127565
0.72105384
0.32079378
0.3192104
0.27925032
0.34971097
0.5232044
0.8154883
0.74141926
0.5188407
0.43296373
0.38805157
0.36368987
0.22057658
0.5321433
0.39346743
0.40649462
0.3131746
0.43770033
0.47127238
0.7351001
0.88192964
0.9066745
0.85315645
0.54542845
0.13636331
0.09702936
0.5910071
0.09489364
0.12312718
0.11762832
0.5939362
0.6746112
0.7453938
0.8887527
0.92184997
0.9161987
0.8913165
0.7554736
0.19074787
0.1700707
0.078847714
0.049907025
0.055408202
0.067268424
0.08181463
0.14684828
0.79788524
0.11732194
0.110133454
0.79349047
0.17829831
0.16037364
0.23467992
0.93806
0.94511074
0.0702429
0.02880321
0.03553632
0.034410007
0.0436852
0.06602428
0.03935255
0.027449723
0.025234278
0.026719969
0.074206114
0.9802571
0.986967
0.98572457
0.97108555
0.055255413
0.019170348
0.015960222
0.016667306
0.020709578
0.028206585
0.049448885
0.90900666
0.11033983
0.06554204
0.06354227
0.08079113
0.8817074
0.1202168
0.08509141
0.11923262
0.779078
0.10823076
0.10224376
0.75963175
0.16607855
0.15896277
0.6865875
0.079931505
0.04738584
0.05298182
0.093262546
0.13862674
0.18882483
0.8709018
0.8652
0.7605295
0.6980763
0.6003909
0.68360054
0.65525746
0.12747075
0.091843784
0.10211524
0.55951184
0.10644885
0.13058433
0.63071984
0.6709685
0.6965533
0.72461206
0.73009276
0.34886456
0.26914394
0.15407434
0.19216973
0.25908133
0.6936994
0.4191061
0.699614
0.7015462
0.5729772
0.45867932
0.4332374
0.4078521
0.6410448
0.67756987
0.7018744
0.6948102
0.6977877
0.3090341
0.24563256
0.26784647
0.35117877
0.44650918
0.796661
0.7831509
0.7682273
0.64086986
0.52896756
0.5698899
0.70175254
0.6598594
0.31994504
0.2867906
0.20144251
0.22378488
0.33571264
0.6062285
0.54816175
0.4922911
0.21438876
0.21317776
0.29795712
0.5358519
0.8639522
0.84635305
0.7121626
0.68777686
0.43896443
0.3724184
0.2974056
0.24952477
0.29153842
0.34795967
0.3234213
0.52952015
0.7703418
0.5933543
0.2504182
0.19841923
0.7382024
0.2191979
0.116253555
0.07243967
0.10543288
0.35789126
0.4668162
0.7774395
0.123253345
0.06971541
0.06939365
0.087944195
0.7882306
0.100010544
0.1321489
0.06222669
0.04294881
0.032848638
0.03227655
0.04565479
0.119036496
0.91858435
0.9043229
0.9509857
0.90193665
0.8702648
0.9281083
0.8722304
0.067040175
0.027159963
0.01955861
0.019761227
0.022175489
0.036176253
0.08582519
0.15066779
0.90500706
0.23232125
0.8737762
0.8724142
0.8940929
0.83456236
0.9126232
0.9316801
0.9029385
0.8916795
0.07341376
0.046893258
0.033376
0.031839445
0.058646068
0.86974716
0.8942508
0.09645705
0.07304029
0.067899235
0.09636689
0.9013664
0.89615095
0.06912411
0.03767402
0.045821026
0.07159053
0.8342932
0.85609967
0.8860057
0.16974683
0.11613923
0.080450736
0.053158235
0.048597712
0.09287603
0.5884126
0.113708794
0.11084179
0.55436987
0.54275435
0.13554026
0.124115065
0.17698193
0.24418943
0.76557463
0.37984806
0.4070242
0.32220468
0.22231603
0.27308634
0.6970767
0.16518168
0.09244831
0.08431692
0.11282506
0.73705876
0.08425905
0.05796953
0.066710405
0.091125175
0.77549237
0.20820248
0.11890281
0.13759615
0.7946752
0.85937923
0.916559
0.91329527
0.87647015
0.7448017
0.82192224
0.83700377
0.86314005
0.8433959
0.7388539
0.821048
0.8271437
0.8041278
0.81019
0.09955518
0.08338168
0.15944605
0.8029109
0.8028646
0.7117537
0.7475581
0.10785115
0.062494565
0.054368492
0.08635014
0.844713
0.07651959
0.048550125
0.075496115
0.12773286
0.8488517
0.31297383
0.2410223
0.21106978
0.18736395
0.13926171
0.15963309
0.1750851
0.3617318
0.59747434
0.5170498
0.47716442
0.49129564
0.53567284
0.6759532
0.62162066
0.5652713
0.4754949
0.4177819
0.4086651
0.3822692
0.40390554
0.35965145
0.29940277
0.39792302
0.61940616
0.6459621
0.6023769
0.36031854
0.43741277
0.5624092
0.6611197
0.8030704
0.7743798
0.4984377
0.48257396
0.54766005
0.59038293
0.6032277
0.46458924
0.58729213
0.42307147
0.3554113
0.23877539
0.3055669
0.4017216
0.6371087
0.70044446
0.75745857
0.64047545
0.21742922
0.17283304
0.16918476
0.17354544
0.23476738
0.35734877
0.589939
0.5955823
0.55331075
0.45298013
0.425804
0.4610504
0.5068091
0.56098604
0.57707113
0.17154557
0.15385698
0.17688875
0.22998708
0.23889022
0.71624446
0.15920393
0.11037314
0.078797705
0.057713844
0.055894498
0.058132548
0.06272338
0.057741467
0.04903977
0.058337506
0.071379624
0.08245807
0.1206515
0.19294804
0.8238288
0.20383073
0.7186725
0.7002946
0.7922879
0.7248684
0.80757153
0.8353316
0.8485934
0.85600257
0.8729994
0.8717232
0.8796583
0.88635135
0.8699455
0.87055963
0.80207455
0.3465523
0.8591873
0.18194829
0.11118706
0.08757498
0.10766944
0.100408554
0.0781099
0.10647882
0.15942843
0.85923636
0.8520483
0.7850218
0.79829466
0.66835284
0.65482277
0.6824447
0.7998043
0.81339324
0.2612094
0.21033095
0.5460596
0.5401142
0.61992496
0.72686726
0.6625539
0.78896654
0.71358854
0.6630046
0.68817353
0.69785905
0.7308389
0.10073067
0.07183378
0.07972353
0.07425877
0.07696759
0.16164532
0.13224229
0.24424645
0.6700596
0.21629104
0.6764891
0.15957685
0.11020177
0.11592825
0.09522181
0.115916274
0.12389862
0.36850566
0.34588912
0.3471839
0.8608826
0.14426407
0.06352904
0.047959737
0.112035125
0.13510115
0.1266118
0.11873878
0.76953477
0.7099197
0.7503587
0.7353371
0.71782255
0.7509786
0.8089934
0.86872435
0.8638664
0.8697417
0.7904805
0.6721139
0.08655351
0.12867482
0.15235722
0.679876
0.097125016
0.102000706
0.11484122
0.2155404
0.4333582
0.41438913
0.2507592
0.15562914
0.17026758
0.68336123
0.76772094
0.754535
0.77402496
0.68483275
0.63465655
0.58447176
0.22297256
0.1640176
0.15328464
0.18953222
0.21676774
0.2881467
0.5537654
0.5049746
0.29688713
0.21673572
0.15049168
0.3106019
0.40131375
0.6531674
0.45618796
0.54438317
0.6328607
0.43941376
0.44795343
0.48357272
0.6248197
0.3633685
0.35755703
0.4050086
0.27365702
0.30512363
0.31895384
0.26995957
0.37047863
0.22265439
0.17666073
0.29128096
0.48892462
0.7900088
0.8470213
0.522942
0.2836747
0.20162977
0.31886584
0.35681555
0.78085744
0.23701686
0.10334232
0.083824314
0.1251584
0.1543694
0.12936705
0.8235868
0.11082191
0.17157806
0.21777332
0.21134965
0.13779409
0.84302765
0.10040288
0.06455942
0.09363521
0.72324544
0.4036009
0.32875726
0.79359657
0.7798663
0.8372486
0.23184857
0.097756736
0.101150565
0.15766793
0.8841046
0.8195047
0.7654336
0.7714203
0.7539873
0.855508
0.7939633
0.81334835
0.8297705
0.83908963
0.829041
0.88613605
0.8031597
0.8021124
0.100538045
0.05070513
0.054269984
0.10497731
0.77849954
0.13896331
0.14073157
0.72912544
0.10940059
0.052014552
0.036920305
0.0803742
0.109405085
0.13277307
0.12483966
0.12152572
0.7604431
0.7278899
0.094883785
0.09867199
0.12652355
0.116008386
0.11507109
0.14221129
0.18222517
0.17746285
0.20320725
0.27153894
0.18281792
0.16217503
0.23196836
0.7166548
0.81449866
0.73601943
0.79245734
0.68103933
0.6255201
0.23550916
0.23631343
0.79747164
0.8112088
0.33892214
0.17785509
0.1422709
0.20657633
0.37605074
0.4309564
0.6356153
0.2172058
0.20502214
0.28190538
0.46439087
0.5979706
0.47682807
0.39310727
0.24260579
0.23871979
0.2634434
0.60075414
0.6588494
0.71937245
0.8241278
0.72732896
0.8522641
