0.2166931
0.23342645
0.93874645
0.95900923
0.9609926
0.9533831
0.21299848
0.095881335
0.06263182
0.08161735
0.83163786
0.8967254
0.8244311
0.14477795
0.13054828
0.8786924
0.794333
0.9174024
0.07809857
0.03801539
0.032999396
0.059650578
0.93527794
0.95368916
0.9577649
0.060388893
0.023598272
0.020086708
0.018139882
0.019662958
0.033780973
0.9551434
0.9745421
0.9740199
0.9624193
0.07460524
0.031325504
0.021098083
0.020873362
0.027184246
0.04728007
0.8781326
0.9219074
0.7872176
0.19517499
0.18933865
0.9138317
0.93219715
0.21710482
0.05071234
0.041531183
0.057934638
0.86374956
0.05265702
0.028064912
0.022387238
0.0212513
0.022902403
0.030111894
0.10066167
0.9448779
0.95317847
0.25615805
0.047345575
0.030611757
0.07637829
0.94402575
0.970015
0.9784799
0.9381783
0.96292865
0.88541716
0.92902446
0.07368484
0.03184517
0.026911484
0.028163798
0.03769272
0.03559382
0.045812488
0.08428355
0.92912287
0.839795
0.048661094
0.029737327
0.025923915
0.027420433
0.03353822
0.05245745
0.10311941
0.9101314
0.108237736
0.08736223
0.78437555
0.9077371
0.85829157
0.797563
0.13323604
0.16343512
0.9193022
0.95230836
0.9623357
0.9357941
0.9025775
0.054651063
0.044196665
0.05978592
0.13759418
0.91223127
0.91020554
0.91896677
0.9311324
0.9111539
0.35430163
0.35665527
0.8863989
0.90877956
0.92822057
0.8567842
0.9199671
0.9307016
0.9287872
0.9307966
0.9293138
0.9289724
0.9308622
0.9305269
0.9295487
0.9281217
0.9333397
0.932695
0.92728555
0.937459
0.92543495
0.9307022
