0.3985492
0.37383372
0.39955667
0.61049706
0.51500136
0.5361034
0.46947148
0.17548378
0.2176824
0.39840338
0.38331705
0.3229766
0.37990078
0.8479588
0.864549
0.39443487
0.18340692
0.11675532
0.6909319
0.29935277
0.19902438
0.19045395
0.21473801
0.18720421
0.1317002
0.09095649
0.07691965
0.09110239
0.17646103
0.89054406
0.73967654
0.7126994
0.06412151
0.0455477
0.092839494
0.105410434
0.69749975
0.088313706
0.15028644
0.8088644
0.94355375
0.9455833
0.07567515
0.030942433
0.02884287
0.045978315
0.7965609
0.079218544
0.060406946
0.12111082
0.9259434
0.9559578
0.9230171
0.886127
0.89798915
0.9334503
0.09944655
0.038803466
0.026453126
0.023742246
0.02426064
0.028870117
0.048099183
0.85923964
0.90039283
0.815718
0.7826587
0.79559076
0.68074596
0.107971855
0.16640247
0.83081746
0.08057893
0.05679452
0.048408758
0.065005645
0.76536953
0.06630461
0.058356978
0.038417086
0.04202993
0.06627567
0.10651024
0.8376263
0.15145212
0.13116167
0.12567525
0.13447678
0.611122
0.08207022
0.07883966
0.13991958
0.6624598
0.52526253
0.66356456
0.15360041
0.111233406
0.08846332
0.080670714
0.063969344
0.054556586
0.080165796
0.28746125
0.8928312
0.13752759
0.09948546
0.079041965
0.06962206
0.62400687
0.15619162
0.659824
0.67336845
0.6779298
0.699696
0.6914143
0.28637567
0.80680484
0.07374169
0.07776689
0.11504269
0.065793596
0.07316094
0.07596127
0.057155326
0.070305124
0.1394539
0.1440544
0.08649147
0.08975217
0.5930516
0.2954366
0.7206655
0.583865
0.5351292
0.58309406
0.7519864
0.7630977
0.1834248
0.095847264
0.105739586
0.12218267
0.1786126
0.15427767
0.21212742
0.70618886
0.82191837
0.14038964
0.059244767
0.029768977
0.025599148
0.06115549
0.18325941
0.9624928
0.97168195
0.94931006
0.85202694
0.8571392
0.12588924
0.048106093
0.03160105
0.040138382
0.10110579
0.10867228
0.110845104
0.13890141
0.28412807
0.36760697
0.8975178
0.8061517
0.35880387
0.23909228
0.81499994
0.8002934
0.78438586
0.7448523
0.17442435
0.14849953
0.15056336
0.13043366
0.109290995
0.116865315
0.74278796
0.77145207
0.7389862
0.67177576
0.64768964
0.6406417
0.6319581
0.2606512
0.17592117
0.16142468
0.18015301
0.19136496
0.18383744
0.16925614
0.43436444
0.44961375
0.4675326
0.5627249
0.7512484
0.8191764
0.8018834
0.69158804
0.45844027
0.41978762
0.4972728
0.6427597
0.6611002
0.72913116
0.6476899
0.6217692
0.5439566
0.3054172
0.27529743
0.3271046
0.3068187
0.29682925
0.3061015
0.48021138
0.5163724
0.66639847
0.44287118
0.23555937
0.24681601
0.18726529
0.1944945
0.2106874
0.23066308
0.23179138
0.18500222
0.23375678
0.1969748
0.15061972
0.19391079
0.52746457
0.67157066
0.8028547
0.7504712
0.69783366
0.70903426
0.7234698
0.7383701
0.8544573
0.8633994
0.17220794
0.07284666
0.050822742
0.06092035
0.06976754
0.056825783
0.050896022
0.062188584
0.79265326
0.80576533
0.8565216
0.91610616
0.7509175
0.1325884
0.10692685
0.746465
0.06314664
0.08034451
0.058599167
0.050274186
0.0584213
0.16598782
0.8193985
0.79926854
0.7831848
0.8054548
0.74184424
0.74613065
0.8487055
0.86627716
0.8423426
0.15226176
0.11746682
0.1809847
0.66000456
0.7925646
0.7269446
0.8494912
0.86646605
0.8117004
0.61623436
0.5765807
0.59165543
0.6558327
0.24933594
0.1377622
0.118002966
0.10453567
0.10198279
0.09870802
0.10843681
0.6950782
0.6554886
0.1582098
0.107819565
0.65121686
0.6443602
0.7043092
0.8319672
0.72870016
0.6537837
0.1710324
0.22611028
0.80849844
0.7250143
0.082566075
0.050219093
0.107569374
0.19136013
0.10877602
0.12505296
0.13722186
0.13252513
0.12015933
0.110945515
0.29974154
0.65911466
0.1743702
0.6209482
0.087273285
0.103415646
0.25084326
0.76528645
0.09904424
0.056094613
0.040633984
0.052387763
0.116936654
0.89480597
0.86390054
0.8638376
0.07113069
0.031077003
0.029926982
0.04552447
0.06316524
0.7828178
0.13420524
0.10782783
0.12046574
0.55287266
0.1780825
0.6116126
0.38258135
0.73280513
0.80356276
0.15971275
0.107619524
0.13153604
0.7640829
0.72069025
0.68805355
0.15100275
0.10186474
0.12342599
0.6623309
0.22285122
0.17088565
0.15450704
0.23926745
0.8029028
0.33768013
0.7209903
0.7268741
0.77544004
0.79286826
0.68083847
0.34896204
0.8105481
0.24093495
0.18818906
0.28430545
0.36380267
0.8457532
0.7501974
0.15054499
0.124650426
0.16469961
0.65552324
0.7754308
0.70461863
0.6386547
0.22793767
0.14812425
0.16589564
0.1705037
0.21955918
0.5114873
0.60284346
0.6750766
0.8085732
0.80732
0.635979
0.6251753
0.77220285
0.8297903
0.80276793
0.8729791
0.86393476
0.8179912
0.6285541
0.21438786
0.15866747
0.5652257
0.1609309
0.12080147
0.08361452
0.0682024
0.7804288
0.9064424
0.9357777
0.8637172
0.8837444
0.763058
0.6976504
0.06457385
0.041526258
0.07040965
0.11511095
0.110991314
0.17869054
0.8399493
0.863921
0.78333724
0.529158
0.51249516
0.5381219
0.67085445
0.5410452
0.26198736
0.20935088
0.39037523
0.28901276
0.37890944
0.34277692
0.29875067
0.35061044
0.4231279
0.5057728
0.47120783
0.4970791
0.60639435
0.3911982
0.300238
0.25770494
0.27044424
0.27259454
0.35984036
0.3965319
0.38363314
0.38457108
0.25654167
0.31149712
0.4877944
0.7358418
0.72974586
0.45137194
0.3078782
0.21157037
0.3189312
0.47743246
0.6588887
0.68296564
0.5294206
0.49142748
0.6078689
0.4288535
0.2454021
0.24595831
0.24523506
0.32157475
0.39427942
0.64176077
0.607247
0.2521851
0.16925117
0.16555072
0.22649886
0.23701933
0.2178166
0.36694965
0.22738214
0.5368086
0.5870712
0.7505811
0.3064778
0.29911026
0.58344156
0.71712077
0.58638805
0.49116626
0.47569257
0.4742043
0.5448055
0.5592631
0.2245044
0.22529536
0.57391596
0.1703706
0.14912193
0.1279844
0.089850076
0.09770358
0.6946758
0.64885134
0.70848244
0.71083915
0.6118359
0.63697374
0.6699069
0.108544014
0.091105685
0.13919252
0.13567314
0.19505183
0.82221925
0.77971715
0.55158925
0.47848794
0.5075513
0.5370595
0.557029
0.57181555
0.14821649
0.10096821
0.1040767
0.1177566
0.119312495
0.11488895
0.07200205
0.7255172
0.70204467
0.8057417
0.8946692
0.8949373
0.7292699
0.070339985
0.049704764
0.05107407
0.057688907
0.07330586
0.09689995
0.16364834
0.6020839
0.50584793
0.3917716
0.437337
0.3932345
0.29487976
0.23970306
0.25507796
0.26645207
0.26112497
0.30790743
0.4171983
0.63708365
0.37391236
0.35253447
0.38001174
0.34125316
0.35000587
0.4016234
0.37914154
0.4087185
0.5303539
0.59247375
0.6014937
0.62172025
0.61095077
0.6382235
0.42268842
0.20999922
0.18980157
0.2135576
0.24031112
0.35259503
0.498231
0.58984065
0.49641058
0.58018297
0.7000095
0.7006044
0.6806404
0.64186084
0.6690207
0.6939625
0.7489355
0.71738094
0.5560674
0.51997614
0.6141771
0.392331
0.48448184
0.43593568
0.58102274
0.58193046
0.36750132
0.20711455
0.14926769
0.15576033
0.20241418
0.4216159
0.6657992
0.36250085
0.33006755
0.29596603
0.26379848
0.20288901
0.16174561
0.17166203
0.1767515
0.1991655
0.6007152
0.8323351
0.8822471
0.80848646
0.54725856
0.45837292
0.38991404
0.15698127
0.1498729
0.1430995
0.17729358
0.24337268
0.21650952
0.19459704
0.20522623
0.25431705
0.56964576
0.15809508
0.1441568
0.16210902
0.15811023
0.28315157
0.78198385
0.67455107
0.6305585
0.6286172
0.6376322
0.09771003
0.07827586
0.11889509
0.11232014
0.14127326
0.81100607
0.23064099
0.20656794
0.099730596
0.055352475
0.07569159
0.072580546
0.07008728
0.15953548
0.21589781
0.23424245
0.65184796
0.19751497
0.63559747
0.5947389
0.14890465
0.15981133
0.67204094
0.7802878
0.3674607
0.2302947
0.3426378
0.84340465
0.17450923
0.0759767
0.05002591
0.065579765
0.07778817
0.11996946
0.7779508
0.8759746
0.88453555
0.21947448
0.32601753
0.7454647
0.0977883
0.05168394
0.09742796
0.10849746
0.16476092
0.14693199
0.09448778
0.06465953
0.08402318
0.23415609
0.8677155
0.8628517
0.20625117
0.11516123
0.60204595
0.23815747
0.655908
0.62230825
0.11563939
0.29028308
0.23082998
0.091553286
0.08265198
0.12719858
0.79074967
0.82386917
0.2138434
0.21330613
0.8464231
0.8026049
0.882525
0.8717974
0.8570005
0.2647063
0.19984454
0.7362208
0.7825205
0.12558535
0.14983046
0.17975615
0.80846536
0.8086717
0.76523256
0.7474545
0.7246374
0.77119905
0.37592962
0.30283937
0.25557157
0.7136576
0.6304402
0.64451504
0.7445008
0.7006613
0.76915437
0.42688623
0.65578634
0.22759558
0.15582997
0.6511409
0.6567952
0.11687513
0.17045878
0.12276316
0.083694026
0.16172503
0.18992737
0.3306971
0.19075973
0.14416154
0.11750948
0.7163056
0.19353852
0.20453882
0.16033176
0.12747125
0.08896351
0.16555822
0.24753158
0.3597525
0.21950723
0.23965329
0.17479752
0.15984659
0.22932784
0.56385106
0.23266082
0.6140465
0.33403206
0.37291366
0.323763
0.24961258
0.1442776
0.14213143
0.19526349
0.19205655
0.23898615
0.26170576
0.55891496
0.29923186
0.28083408
0.21387383
0.242791
0.17583825
0.52251655
0.5528017
0.6274574
0.7604797
0.72171766
0.43335596
0.27718836
0.2544119
0.22451012
0.3713646
0.439529
0.4758159
0.35309595
0.49740934
0.73379385
0.6994558
0.6576149
0.41277635
0.26730484
0.25028828
0.17574377
0.19145286
0.2742526
0.19045968
0.31065464
0.28188196
0.24668908
0.47131184
0.50710654
0.51196027
0.51237965
0.380046
0.45817444
0.6647387
0.43470535
0.21318758
0.2319293
0.188156
0.1482823
0.28791243
0.28303513
0.34143263
0.3834041
0.37445354
0.41194904
0.38463187
0.32750368
0.26902607
0.22664681
0.20236917
0.23747474
0.43442324
0.537355
0.5753866
0.58557725
0.59781575
0.7289553
0.7650398
0.67275804
0.7638273
0.7452175
0.84367067
0.8414093
0.77465683
0.5891226
0.4763588
0.28168216
0.3666884
0.22164719
0.18417019
0.23516932
0.40019163
0.34139368
0.33805987
0.5970072
0.7732538
0.66550845
0.5529726
0.31037775
0.28320968
0.46779606
0.54915226
0.7776907
0.6872567
0.44550902
0.55323607
0.35928518
0.15733042
0.13656595
0.18520562
0.43253738
0.15098733
0.10359454
0.10697699
0.08253961
0.10942498
0.754493
0.43629614
0.8960971
0.9612311
0.96460295
0.95438087
0.9303205
0.083763964
0.028563913
0.028541919
0.027185079
0.025789967
0.026866356
0.037696376
0.059955835
0.88626903
0.08757415
0.050038923
0.08087342
0.17916918
0.93246025
0.9463787
0.94023925
0.8920725
0.8586772
0.88935244
0.8038228
0.7741702
0.76474327
0.09456963
0.044748224
0.04610757
0.15235528
0.8422033
0.053183164
0.037625328
0.06079148
0.07749155
0.90480703
0.10047142
0.08957119
0.93576694
0.9469857
0.9636151
0.057865616
0.022647522
0.019581044
0.020711672
0.031861268
0.07490856
0.91831195
0.09984488
0.03923127
0.036822632
0.08320471
0.77094585
0.11763525
0.04306229
0.03480099
0.05817709
0.8971121
0.93879074
0.9544294
0.13338886
0.10346246
0.040522695
0.03614717
0.06294092
0.86937493
0.84118897
0.8350872
0.8298066
0.8271269
0.0815719
0.049822994
0.045061983
0.04714945
0.07755378
0.79956484
0.7492604
0.77230054
0.08889429
0.055016417
0.09849303
0.14464128
0.77225286
0.90424955
0.91510934
0.88789684
0.8036044
0.78117603
0.7948028
0.8254356
0.8454256
0.85639876
0.85928637
0.89267397
0.8796454
0.8172232
0.8009035
0.8249695
0.22903189
0.14869131
0.09793054
0.09125571
0.80801404
0.7616533
0.88317305
0.85170865
0.66389906
0.136869
0.075543985
0.11067435
0.09372136
0.11559902
0.14225997
0.1936262
0.17527217
0.5274765
0.52603906
0.5201109
0.20367299
0.19851199
0.38834384
0.26210466
0.21205
0.26642722
0.8474265
0.81535465
0.7835575
0.7206063
0.64633834
0.19715656
0.185387
0.27528578
0.2333051
0.19766569
0.19162957
0.58632475
0.6698607
0.54997075
0.3338526
0.57164735
0.4759687
0.31902575
0.21712409
0.3811644
0.63169366
0.3883865
0.27575272
0.3037359
0.28306034
0.28460157
0.7432474
0.78653526
0.67481744
0.5037531
0.5592459
0.65837234
0.54212236
0.37166965
0.2995722
0.4024491
0.61901146
0.2905348
0.15315305
0.15157157
0.270899
0.28261006
0.32986152
0.3018837
0.35645622
0.36184984
0.21249217
0.1921809
0.18951866
0.2985884
0.45776844
0.38564682
0.17395633
0.3431739
0.4002061
0.60974807
0.9328294
0.9248641
