0.8193181
0.50386125
0.27602008
0.30020043
0.2861774
0.26591483
0.3828351
0.49536127
0.55733114
0.7508065
0.7676843
0.53537965
0.41847765
0.33940724
0.3205794
0.28040177
0.24541755
0.21969317
0.1987829
0.16236877
0.1376994
0.15672572
0.11773622
0.061611712
0.04894105
0.08625125
0.85080713
0.7084264
0.81253517
0.8698041
0.92414314
0.9052356
0.8164056
0.053935263
0.040751692
0.074017785
0.11793919
0.19449192
0.34665143
0.33179992
0.2809813
0.61743903
0.7979841
0.7581973
0.7380437
0.7559555
0.63688356
0.5096642
0.5867139
0.5910879
0.28247088
0.35326162
0.48144746
0.797821
0.53388083
0.51166695
0.47444397
0.48400733
0.5299439
0.65588486
0.56039435
0.51293176
0.5303916
0.67369723
0.583174
0.5308028
0.55089146
0.54265547
0.2702066
0.5452547
0.5691554
0.09824666
0.07941637
0.07099578
0.06916499
0.11044705
0.12517323
0.8931002
0.8344473
0.8173123
0.7726172
0.06928923
0.048660815
0.0464074
0.06499482
0.12353336
0.15579379
0.5900883
0.4726962
0.17802513
0.48027426
0.21916375
0.15510063
0.15045682
0.6963383
0.85592496
0.89358395
0.8524081
0.1700803
0.10658945
0.13400532
0.45119387
0.514359
0.5802663
0.72319204
0.38647223
0.26361027
0.24412207
0.26268032
0.6818791
0.5802591
0.21370393
0.14010994
0.10171908
0.14987506
0.5199787
0.24828064
0.28244314
0.7263026
0.37453213
0.27332196
0.16950615
0.09708278
0.05413444
0.052132703
0.13762963
0.28822628
0.9140998
0.80014193
0.7571275
0.07205015
0.04547277
0.05745302
0.08415473
0.10938246
0.886829
0.8079333
0.71227694
0.7385187
0.73958117
0.10995875
0.04707963
0.04262035
0.108708896
0.8876276
0.29040983
0.15089826
0.8095571
0.71194375
0.90506786
0.86812323
0.87389857
0.7799942
0.91218597
0.93403804
0.93744034
0.90613794
0.8642321
0.07294477
0.045865312
0.037025727
0.036216103
0.037408628
0.045727167
0.04816979
0.0728205
0.076818325
0.069685906
0.10189641
0.82141525
0.09116548
0.068393506
0.12189221
0.89839876
0.10248534
0.05861924
0.056111954
0.07025091
0.08456044
0.09451004
0.05809259
0.041444648
0.038571246
0.05237361
0.11837387
0.8772106
0.9083583
0.888477
0.20171873
0.13949186
0.06315785
0.10368068
0.16596933
0.24687909
0.8279122
0.91537386
0.9136758
0.13434848
0.06312242
0.04436711
0.0446852
0.7584891
0.77962893
0.8243184
0.8746611
0.14066204
0.1506415
0.13505974
0.14238206
0.83725375
0.19309534
0.14074025
0.098775014
0.06509279
0.09152287
0.15195502
0.8006169
0.73878247
0.69920546
0.66808677
0.65593743
0.6374854
0.15393707
0.12700894
0.08663533
0.09157944
0.6289827
0.31264535
0.77476305
0.6708366
0.6358704
0.6199363
0.6052905
0.6850659
0.75005263
0.77544504
0.3454909
0.6798275
0.10270473
0.10144997
0.18165444
0.14653629
0.119860455
0.11571892
0.15531342
0.26844013
0.802892
0.81967515
0.8733203
0.8873998
0.85992974
0.7607459
0.8136887
0.78668135
0.6841112
0.6544891
0.63138324
0.6215179
0.12660967
0.064588115
0.0549358
0.06510925
0.09903753
0.7734513
0.86812025
0.84019864
0.90681046
0.29430532
0.32648405
0.8890509
0.9254843
0.923219
0.8719534
0.6919371
0.15215345
0.14030726
0.6735959
0.8136198
0.8525777
0.70177823
0.17768203
0.13507809
0.10646759
0.10025605
0.14611365
0.097769395
0.11953837
0.15446477
0.1954866
0.2357574
0.37161466
0.839162
0.8176121
0.10895819
0.1211628
0.087633304
0.16534403
0.14129621
0.06864705
0.06793658
0.7870204
0.7915443
0.85222226
0.86891097
0.8773861
0.88908464
0.89340156
0.8914006
0.88907945
0.8800839
0.82210255
0.78936315
0.8096505
0.07845896
0.076183304
0.075094074
0.08861459
0.12009281
0.8034613
0.25147656
0.22826263
0.65931684
0.28694648
0.24277808
0.2515582
0.17013259
0.15368153
0.19075322
0.60702735
0.67324746
0.56983864
0.5235457
0.6275905
0.70889115
0.853481
0.84279144
0.625894
0.53077555
0.30208147
0.3483858
0.2946816
0.32684577
0.4666538
0.53120023
0.4939051
0.69731224
0.43647316
0.4518586
0.2218615
0.19917366
0.35047713
0.57319796
0.779443
0.57671034
0.52204835
0.6961332
0.52028424
0.21073325
0.17314787
0.275316
0.4039322
0.6070134
0.59696823
0.70813656
0.3137273
0.20932047
0.29476792
0.38069832
0.54860306
0.41156402
0.44059786
0.43318942
0.6361895
0.55427015
0.41209245
0.4720472
0.29364136
0.24013798
0.2826484
0.38095284
0.2701149
0.249712
0.3378588
0.43303517
0.71661586
0.6852806
0.8224587
0.8620811
0.8664614
0.84698987
0.7874919
0.61781657
0.59756833
0.65262395
0.33570278
0.34099153
0.38511685
0.29779938
0.43477243
0.48073688
0.5393069
0.72114885
0.70045847
0.7218186
0.78780687
0.7741238
0.6552953
0.7678913
0.7668137
0.64578056
0.7664836
0.60795504
0.5792997
0.27415594
0.1998052
0.20414609
0.27757633
0.16398355
0.12852724
0.11957619
0.11438306
0.10347043
0.112821564
0.8140376
0.6758246
0.7678842
0.8997651
0.9036718
0.6171064
0.44755515
0.55827075
0.4897952
0.10163491
0.08893445
0.14678736
0.27144134
0.94226223
0.931435
0.828165
0.13900018
0.080754876
0.0589683
0.050816283
0.059056167
0.8151889
0.28118166
0.41688228
0.89552546
0.79589325
0.7631098
0.78455883
0.06440682
0.032917216
0.025975075
0.02949035
0.0536207
0.12210142
0.9057913
0.9433719
0.7955898
0.8505037
0.859468
0.94382274
0.87819886
0.9478259
0.9484424
0.92011625
0.8801683
0.071797766
0.04431768
0.037462503
0.03850599
0.05671196
0.104568094
0.8945012
0.85629255
0.8625871
0.80134624
0.21118537
0.19884197
0.8532678
0.054372344
0.05046774
0.0722183
0.11996781
0.19562578
0.92444074
0.8366934
0.8724313
0.15688707
0.06809977
0.04582454
0.06775339
0.7334707
0.7763417
0.83449537
0.80620253
0.7798399
0.853247
0.8127076
0.807969
0.8893932
0.8360371
0.88230467
0.875714
0.12626356
0.073833
0.085274376
0.117758915
0.11861933
0.69502187
0.6626838
0.13837717
0.13750105
0.15234117
0.7428704
0.25624397
0.19790173
0.17726636
0.19959156
0.61625665
0.61299425
0.7016395
0.6906819
0.67801833
0.79885375
0.80128324
0.71040326
0.8262168
0.8256586
0.7753559
0.7579742
0.6619076
0.16626987
0.12015554
0.11601531
0.17494111
0.7494601
0.7565854
0.8427796
0.22110659
0.10951139
0.08132556
0.07216885
0.058343034
0.053852048
0.066431895
0.08820241
0.77559716
0.08821507
0.053681258
0.04682062
0.043851223
0.05841415
0.09007849
0.89903146
0.072743595
0.048986826
0.047251794
0.07933455
0.04280668
0.0494164
0.12401102
0.95275915
0.96364987
0.0707229
0.056457154
0.028803742
0.02430294
0.02447136
0.027284645
0.033718012
0.043637384
0.047241565
0.045218762
0.04406414
0.041146114
0.051366813
0.10586021
0.9335448
0.9189106
0.928446
0.95432997
0.17186043
0.1078197
0.07364464
0.084014356
0.18363142
0.9540814
0.9582027
0.9579229
0.95263755
0.94756114
0.93713516
0.07466662
0.03726003
0.05135952
0.092598826
0.16688769
0.92444235
0.82402766
0.05660127
0.030771017
0.026715362
0.032688737
0.031235157
0.027469233
0.026886871
0.030530361
0.053201318
0.8827272
0.880561
0.9385191
0.87692434
0.84164566
0.8362142
0.061865207
0.032511316
0.04071627
0.04494705
0.053739548
0.040952966
0.042809825
0.12709333
0.9330867
0.8386903
0.9312707
0.07881324
0.045634396
0.08535567
0.0885421
0.065399505
0.14353786
0.9595384
0.8969448
0.9591926
0.9659322
0.9434451
0.92994493
0.102638654
0.044639345
0.038347468
0.038500268
0.04070856
0.066401854
0.87629515
0.83561385
0.12539344
0.11364059
0.16920486
0.8539681
0.8462231
0.84064305
0.8186938
0.8258356
0.14948992
0.10716137
0.10074936
0.11818774
0.24839814
0.14625794
0.1716631
0.60339695
0.54649496
0.27008337
0.18971609
0.19986573
0.17524157
0.18425708
0.21140814
0.73668504
0.6510375
0.79033214
0.70637196
0.8140673
0.86042094
0.86678016
0.84801453
0.81608105
0.6125257
0.3745802
0.34261355
0.4540075
0.44543383
0.6386969
0.6982572
0.82286423
0.81480277
0.6280649
0.27135536
0.2938112
0.60534203
0.6822297
0.765338
0.6033159
0.5405335
0.49517068
0.24559754
0.25720426
0.6982443
0.31666842
0.22842818
0.4308273
0.15581027
0.16785045
0.19132937
0.28544906
0.38999408
0.8292007
0.86931735
0.51073885
0.6111629
0.5626599
0.27657267
0.43145043
0.37004083
0.41663966
0.44269788
0.6179082
0.8175491
0.89814955
0.5018979
0.25334418
0.1778717
0.620221
0.18082047
0.20864227
0.12959448
0.14182214
0.15427981
0.099145256
0.10285218
0.1619194
0.22315082
0.34704152
0.93956095
0.932974
0.91905516
0.1353989
0.03797313
0.03327788
0.053252045
0.11199558
0.91971034
0.9497142
0.93444866
0.78745204
0.88861865
0.069214575
0.032568082
0.031093685
0.047182634
0.8426531
0.91433036
0.066418104
0.030306205
0.02684557
0.03232121
0.107366964
0.94449705
0.88404065
0.8956434
0.95000535
0.8995277
0.9168073
0.8441245
0.05194743
0.027922587
0.0247802
0.028528305
0.08035311
0.9395901
0.91833025
0.36928162
0.90200174
0.16223702
0.04478848
0.030920647
0.03212635
0.031016435
0.034340154
0.05636781
0.096696496
0.8093968
0.107030116
0.107669
0.090508506
0.071686424
0.08394723
0.15833095
0.8465014
0.7752146
0.67817146
0.33565772
0.43324226
0.14517963
0.11722791
0.14832637
0.27253255
0.70995295
0.8846846
0.876536
0.7325937
0.718814
0.80158097
0.14373854
0.087716885
0.06110999
0.051944826
0.05288006
0.065020934
0.073533684
0.09816777
0.08304707
0.115449406
0.89920664
0.8309318
0.116844855
0.08126846
0.06494129
0.052494023
0.05912782
0.78691113
0.7748049
0.8359712
0.9112902
0.1929883
0.051696043
0.046737995
0.060473096
0.11927786
0.89003354
0.5073046
0.70607316
0.2942361
0.7568928
0.21601623
0.21131529
0.24007626
0.78865814
0.8478151
0.8313325
0.84874684
0.16083527
0.17864023
0.24242894
0.91391176
0.86013126
0.924922
0.2606168
0.12218376
0.09152316
0.78038824
0.8139038
0.16865034
0.16225864
0.17039078
0.81129605
0.32260457
0.75707054
0.30877197
0.8639038
0.057776894
0.035068404
0.037422806
0.051781166
0.10437841
0.892161
0.82962656
0.8306412
0.85593444
0.077962674
0.05255695
0.05360739
0.05287874
0.061168827
0.86716837
0.869082
0.9325297
0.92577547
0.8981127
0.105263226
0.059071764
0.048808288
0.054441046
0.06788414
0.61823225
0.6427856
0.62331784
0.6167764
0.69464606
0.6485653
0.655582
0.77027017
0.27577016
0.2668162
0.7183063
0.83498794
0.093421355
0.06791465
0.08303239
0.090868406
0.11269375
0.67778164
0.1156287
0.11323054
0.620602
0.69652486
0.64453465
0.11099199
0.09042145
0.75049376
0.8851972
0.9669572
0.9744766
0.97221124
0.9465633
0.9142851
0.060954377
0.032091666
0.042649653
0.067216404
0.64084417
0.15978523
0.22107162
0.18845123
0.6027206
0.22936945
0.204288
0.62243843
0.72671664
0.38659224
0.54314584
0.7836573
0.6323977
0.6596003
0.78285223
0.722432
0.84025025
0.8598402
0.82340807
0.221619
0.22440858
0.15238804
0.11434643
0.107999526
0.35078567
0.88088244
0.23132645
0.121838115
0.12458407
0.13273509
0.13390483
0.19342825
0.1741933
0.8361775
0.8416066
0.8307878
0.84897083
0.47406352
0.40376267
0.7837557
0.76960844
0.78267866
0.74991876
0.38560045
0.37112135
0.81254846
0.87729347
0.87496847
0.7147494
0.6707768
0.1424011
0.10298398
0.15039752
0.24088763
0.32836258
0.3311636
0.3742926
0.66511345
0.23993799
0.16931544
0.17433442
0.3989505
0.46222588
0.53975594
0.7882748
0.52101034
0.23131563
0.14292784
0.15427965
0.29501578
0.65854764
0.60121846
0.60039514
0.74299526
0.7069838
0.47690788
0.31999782
0.25036532
0.18863986
0.21547943
0.4036048
0.30953258
0.2801572
0.28122243
0.28531933
0.35351008
0.63078624
0.35430264
0.37234455
0.4369817
0.717028
0.6572741
0.7817641
0.8003062
0.73606235
0.59815073
0.456148
0.41198516
0.39891174
0.42816418
0.6995548
0.6844066
0.4002355
0.35365456
0.41629085
0.30601385
0.25995052
0.34242263
0.22686899
0.24691854
0.4771654
0.5505714
0.6998821
0.71481556
0.51437634
0.49571633
0.4547827
0.503483
0.56601214
0.67549145
0.56304884
0.21579763
0.13663992
0.13242601
0.17914483
0.345679
0.24605452
0.2162506
0.59813374
0.16017814
0.097831495
0.09752072
0.63865656
0.5936607
0.5938754
0.5617228
0.53447086
0.64581543
0.69354564
0.8363501
0.7252948
0.15343894
0.085897975
0.07842137
0.5750748
0.23877966
0.2677128
0.5686739
0.5771115
0.5707969
0.52290905
0.43640602
0.45136923
0.5495502
0.72964084
0.5196479
0.5283034
0.5688382
0.094295464
0.08458541
0.1066074
0.22115564
0.6592913
0.6152747
0.15815018
0.22047818
0.48140773
0.9296785
0.09083582
0.060760796
0.08930618
0.03631462
0.028103493
0.0381571
0.88005346
0.87981486
0.915592
0.94349843
0.07811887
0.033873525
0.03217729
0.045297798
0.04955217
0.06838283
0.73281294
0.12317138
0.098243296
0.10501624
0.7938642
0.19831108
0.10572631
0.06449205
0.062228236
0.62891185
0.6481976
0.7632505
0.24161127
0.1069086
0.07140364
0.047655605
0.04728484
0.046602823
0.07644341
0.09566875
0.72051764
0.16027887
0.73184186
0.10029358
0.083696865
0.105889656
0.8863527
0.89000505
0.90299726
0.89447284
0.90442735
0.80548406
0.06631855
0.059048362
0.11287366
0.71375215
0.2678083
0.86358374
0.7905029
0.7888526
0.17898218
0.06721667
0.051620577
0.04001551
0.058624648
0.0860327
0.18145673
0.23880462
0.87938535
0.2503323
0.17076176
0.15254448
0.13307822
0.11751381
0.72325945
0.70135117
0.7802572
0.86274457
0.7897787
0.74303293
0.17679621
0.15369727
0.14271452
0.14637074
0.23907654
0.8616212
0.7730328
0.87896574
0.8905436
0.84032804
0.66127676
0.27019167
0.16088331
0.12363522
0.11414932
0.22665608
0.625245
0.5961668
0.43174013
0.53253025
0.7172377
0.55597204
0.5759207
0.6234627
0.3884533
0.31648883
0.1333263
0.08376005
0.082015
0.16248293
0.74968636
0.7392062
0.74260706
0.85438836
0.23649971
0.12514617
0.09103034
0.09004063
0.12404511
0.22084907
0.74146956
0.7229598
0.47997785
0.26793432
0.30007353
0.60250443
0.6691721
0.6530353
0.55781245
0.66745156
0.6617591
0.6920448
0.5988681
0.4899866
0.540628
0.65675527
0.5604915
0.6283369
0.44613647
0.46825826
0.64776516
0.5930839
0.59922224
0.17545064
0.1618373
0.14890337
0.099914536
0.07054718
0.077271074
0.7221738
0.6076149
0.09683541
0.14869577
0.21626168
0.8273363
0.93042773
0.9261146
0.79901654
0.8623387
0.12519853
0.0701303
0.083848074
0.6228138
0.6630483
0.10469376
0.09526014
0.11751632
0.1749978
0.27411938
0.34846434
0.78009236
0.7426244
0.8213226
0.098901965
0.09231318
0.08480443
0.11316817
0.08617263
0.06606092
0.0696826
0.053753663
0.0502661
0.052332234
0.06318618
0.09885122
0.17431729
0.91693586
0.93215764
0.6421303
0.62002707
0.88369626
0.74616253
0.7287171
0.7744346
0.86625963
0.346943
0.33071688
0.7360337
0.5817331
0.105234444
0.26751506
0.1883382
0.632603
0.17043146
0.14721116
0.08586889
0.22465014
0.3989929
0.8998406
0.8678547
0.68644404
0.17212151
0.096744925
0.11931084
0.13596097
0.2526789
0.7660936
0.6286083
0.52433705
0.24587539
0.15121001
0.1609326
0.11080856
0.19561827
0.67918694
0.73319817
0.663097
0.60427547
0.067098424
0.13562378
0.17163973
0.2531165
0.13198005
0.11755758
0.5523876
0.24595378
0.65221244
0.5304122
0.12455598
0.15839832
0.6657229
0.6924399
0.10302154
0.045229003
0.039249666
0.03925528
0.057764262
0.80262387
0.750382
0.9390578
0.9405257
0.8430934
0.9380945
0.9426185
0.94851863
0.9368121
0.8436054
0.9271988
0.921593
0.85969067
0.8950433
0.8617548
0.09542433
0.06252397
0.061752856
0.089537516
0.87394005
0.8669519
0.89246076
0.37411848
0.4572424
0.92621
0.87824106
0.9209708
0.447652
0.39235306
0.92148423
0.8936024
0.8566276
0.14771758
0.059257206
0.043854013
0.05751805
0.83924365
0.8578919
0.9444615
0.9442746
0.09548446
0.03383518
0.024795571
0.034820188
0.0689652
0.8277188
0.83779514
0.31630966
0.2755492
0.85100275
0.89772063
0.13049412
0.07664297
0.059274994
0.053035058
0.06170398
0.081993684
0.17034635
0.87574726
0.91155076
0.91631216
0.89080954
0.85009557
0.8189011
0.767983
0.86087996
0.87860954
0.8758599
0.8640724
0.8562545
0.84791756
0.7578557
0.7132458
0.70685107
0.7227176
0.70482
0.8081252
0.8506681
0.8176672
0.7533022
0.20705618
0.16638643
0.13223737
0.07207325
0.089742996
0.1305643
0.7776812
0.77795833
0.7610246
0.8583748
0.7929282
0.70354044
0.5951803
0.6328788
0.61043495
0.68730634
0.80014604
0.7397852
0.14996096
0.08539548
0.08510996
0.2476024
0.20828916
0.16054086
0.16632627
0.118410535
0.18818887
0.21677352
0.24716692
0.39582008
0.30476364
0.38012695
0.5639771
0.648574
0.72722757
0.40234947
0.390957
0.23461807
0.21936695
0.38985282
0.3407139
0.3718982
0.5960414
0.38769552
0.3663493
0.36456993
0.33645964
0.28163332
0.31166822
0.58920145
0.62873805
0.6094154
0.4638375
0.45931926
0.47164485
0.46596867
0.55128723
0.60248244
0.59530693
0.67409414
0.11935012
0.11380941
0.13098007
0.18237755
0.74031425
0.80155545
0.15688057
0.10119749
0.61825603
0.21245097
0.3347019
0.6819161
0.73848236
0.77234095
0.80397445
0.82476264
0.7534039
0.667578
0.64931226
0.2570694
0.15002368
0.10814084
0.0962723
0.72751236
0.794051
0.45979398
0.33799517
0.35188013
0.30610666
0.79765755
0.7888437
0.66437274
0.6274401
0.7553125
0.7029948
0.50328606
0.50018793
0.5576834
0.81295514
0.8677932
0.8197835
0.6370934
0.6236837
0.7858216
0.6592449
0.06494695
0.071881995
0.07536967
0.08188677
0.16517451
0.21954596
0.18059975
0.88421047
0.16588391
0.06862496
0.054887656
0.051402934
0.10189598
0.05590561
0.04421839
0.042761795
0.0487938
0.08616506
0.88776326
0.20829305
0.1490093
0.09244293
0.069698736
0.059207942
0.10165945
0.8332533
0.8252145
0.057989713
0.03766342
0.035467524
0.045196183
0.111531995
0.90912056
0.8363539
0.13512288
0.12185652
0.29861912
0.8882529
0.15545988
0.14665039
0.8957171
0.9019129
0.92046773
0.9371693
0.9253529
0.8957388
0.14522125
0.10980729
0.87828314
0.82841367
0.92139626
0.10901012
0.03812002
0.03141668
0.03166613
0.03824153
0.03863315
0.041255347
0.06516017
0.92259884
0.9441978
0.0826277
0.036795385
0.033380333
0.0332025
0.038322568
0.04283577
0.040782332
0.045801777
0.070095606
0.76848835
0.07766941
0.07178985
0.1526491
0.8020019
0.7809471
0.4270264
0.7440196
0.71398664
0.20780097
0.16690424
0.70570034
0.24223599
0.36549932
0.82447064
0.12840487
0.07491588
0.040345993
0.039784197
0.0841246
0.885531
0.89060426
0.8584474
0.85247034
0.066505745
0.03238067
0.030178364
0.043926742
0.08091569
0.79066783
0.21415697
0.18320948
0.758737
0.16274181
0.14384504
0.66128564
0.6175024
0.28749624
0.72744393
0.7521074
0.8256985
0.7970245
0.7810767
0.793979
0.76113844
0.19752361
0.17705597
0.1834292
0.19139892
0.19358958
0.19351181
0.19918378
0.18834011
0.11789121
0.11394997
0.20806028
0.79004025
0.7203365
0.29002383
0.24423562
0.34271076
0.7635031
0.25310138
0.11415927
0.10162568
0.09153895
0.12676996
0.18046264
0.87436557
0.8871846
0.83995634
0.8457647
0.70954835
0.6407539
0.69391274
0.7261365
0.85014606
0.2273786
0.11272506
0.12153153
0.17669055
0.23201552
0.26562062
0.7821442
0.7362648
0.84599763
0.09868013
0.07421433
0.090209566
0.22697093
0.91479063
0.9222624
0.9230604
0.8887437
0.810004
0.79748654
0.8512139
0.82844573
0.8398264
0.8722413
0.8715825
0.85176814
0.26724333
0.15717803
0.09143023
0.11820879
0.5825282
0.5333958
0.5536791
0.51078665
0.3849274
0.2962181
0.1956114
0.20543115
0.19411871
0.52925545
0.5907219
0.68527114
0.83889025
0.8437657
0.7414981
0.43926802
0.23543592
0.39582974
0.35073167
0.39157122
0.2645737
0.29160368
0.30816433
0.39192382
0.48368615
0.62979895
0.80822855
0.808958
0.7053098
0.50608927
0.3848482
0.41195226
0.40593636
0.5261099
0.5323323
0.46096843
0.64168143
0.5402652
0.44851616
0.2337468
0.17297357
0.1904876
0.3217019
0.46682602
0.69777995
0.82244456
0.8417055
0.7968921
0.6081171
0.38852632
0.25855023
0.20316598
0.19894081
0.21094562
0.438059
0.5736122
0.46436542
0.4810086
0.66536415
0.6141293
0.70958424
0.6191356
0.573701
0.16080974
0.13745548
0.098348886
0.07733537
0.07719092
0.06727382
0.06781829
0.07111281
0.08351019
0.7569808
0.08366696
0.056345824
0.05991152
0.10143989
0.20324698
0.8592601
0.9164309
0.89302444
0.90583104
0.85087854
0.75230426
0.7291696
0.7598578
0.071852036
0.045566384
0.04309815
0.052358348
0.10503255
0.79376644
0.74872553
0.71852916
0.69427246
0.6780439
0.76553285
0.8840393
0.81771135
0.93298614
0.9320486
0.887867
0.30721745
0.88482803
0.068833284
0.036221705
0.027023375
0.027364299
0.040511638
0.088526435
0.11948448
0.122155
0.936744
0.9401599
0.072114915
0.030604115
0.029009426
0.21271744
0.9715208
0.9772231
0.92513174
0.93856543
0.1002587
0.03030499
0.02324008
0.023013832
0.02939695
0.037603345
0.046733145
0.06372714
0.87985003
0.0832434
0.097154394
0.048263267
0.041905254
0.053672
0.7465454
0.76278377
0.7582543
0.7579993
0.7619102
0.7910151
0.84171194
0.8478689
0.91481906
0.9363412
0.1658029
0.121971816
0.10519242
0.053391214
0.047882654
0.053689122
0.07619562
0.08201931
0.12258612
0.23038378
0.87909025
0.16004202
0.14305906
0.78485495
0.71985936
0.72797763
0.15843233
0.13418362
0.09149734
0.14351201
0.18582988
0.3650813
0.4118169
0.81415313
0.6883599
0.67373514
0.79035544
0.75188595
0.578752
0.5652857
0.59251547
0.71643835
0.5903704
0.55201066
0.6336322
0.7572128
0.73748773
0.863891
0.8695253
0.14281419
0.065640144
0.06265932
0.07698762
0.117751494
0.8947066
0.9046085
0.7946965
0.8945599
0.87701535
0.7600213
0.8251962
0.73048794
0.82284945
0.7414111
0.68652314
0.62827903
0.1508807
0.155692
0.28510937
0.17816217
0.16959526
0.51336896
0.4779721
0.5284328
0.4685335
0.35887963
0.36083537
0.52833915
0.5925436
0.57430774
0.80796146
0.6911206
0.6532486
0.55786
0.63913107
0.7360924
0.61319107
0.5486798
0.38267943
0.37506166
0.6220112
0.5329311
0.5742927
0.8199614
0.8769286
0.77671206
0.9143642
0.90383124
0.8690632
