0.7726276
0.6087534
0.5266115
0.48387232
0.4628778
0.5231799
0.60045993
0.8044298
0.8479144
0.7150582
0.6227815
0.50565445
0.46701664
0.46086788
0.4670925
0.12409781
0.08890608
0.095558144
0.12785834
0.7244629
0.84932613
0.7526896
0.6903366
0.11854993
0.09126183
0.116680294
0.20041017
0.76686126
0.75764096
0.40440544
0.32073116
0.4649428
0.33327872
0.43304515
0.40004298
0.35485148
0.4003344
0.61297125
0.34126946
0.34899548
0.51287574
0.61167884
0.8079255
0.8403981
0.80689687
0.6586601
0.514099
0.2987727
0.29907253
0.30525908
0.32645682
0.37094298
0.55249983
0.32933968
0.36665013
0.34717152
0.22305326
0.20231982
0.24890004
0.31821543
0.38270074
0.41055608
0.26936412
0.50162905
0.5217394
0.59341395
0.17692378
0.121371426
0.10544626
0.09380796
0.094026975
0.13655043
0.2688207
0.90976614
0.826259
0.24446453
0.07704473
0.047410116
0.032156862
0.026459515
0.031364452
0.052082792
0.12321062
0.885313
0.9360598
0.8907077
0.86447316
0.90448225
0.82431155
0.107813224
0.05539141
0.06257092
0.08062407
0.7059373
0.064902544
0.06863805
0.07436915
0.120166786
0.6892667
0.68302983
0.7070869
0.08263577
0.04618481
0.053079203
0.09870432
0.7559014
0.73193026
0.25284734
0.76798654
0.12210025
0.06628013
0.06403286
0.043104365
0.02854843
0.02822863
0.051728625
0.1089403
0.93518674
0.9361413
0.067577355
0.029669302
0.03259146
0.08020171
0.9527559
0.9408972
0.9463681
0.9248964
0.0949711
0.053723108
0.03252399
0.04503495
0.8183694
0.74709696
0.8132263
0.056526132
0.036500633
0.03099102
0.029861461
0.043757033
0.04611891
0.041975323
0.042774357
0.06732486
0.7755139
0.6617258
0.059037223
0.042240843
0.06667378
0.13175352
0.92271745
0.9236304
0.90088165
0.7649303
0.07140065
0.044143695
0.04896566
0.08694981
0.12532756
0.20377836
0.17697555
0.14512765
0.11024727
0.10655809
0.14173397
0.64930934
0.15654576
0.42810184
0.6783948
0.816677
0.691938
0.11496245
0.07862869
0.21024013
0.16071591
0.5526993
0.13686056
0.15123232
0.2705762
0.87785023
0.7769291
0.9139583
0.89894927
0.7577985
0.8078721
0.16487628
0.09412144
0.1040426
0.5851433
0.14930612
0.13552287
0.13055728
0.14834413
0.7315395
0.34675905
0.3040835
0.523735
0.13507576
0.23986676
0.24231216
0.24243306
0.66122484
0.5292319
0.4838526
0.2437363
0.26644686
0.3482873
0.7637295
0.69482917
0.6933182
0.11146414
0.084620744
0.1085081
0.13834597
0.2936093
0.27182055
0.8623203
0.78390074
0.7354563
0.6745273
0.26049647
0.650803
0.2063488
0.18314527
0.1421975
0.1312487
0.12241241
0.68187994
0.49427447
0.2781879
0.26342407
0.5528878
0.6390105
0.5114419
0.42973635
0.2263102
0.199619
0.39489523
0.541495
0.52545923
0.25713736
0.21404669
0.24871118
0.280156
0.31447873
0.41487348
0.40117994
0.45040864
0.38713732
0.2973096
0.457101
0.53831637
0.6875843
0.691496
0.39756685
0.2534617
0.17792334
0.22529896
0.26947442
0.46794763
0.39989066
0.3177259
0.26438403
0.28504038
0.44491944
0.57102615
0.3706574
0.28107595
0.32250854
0.3524703
0.508937
0.47168422
0.4835895
0.5324437
0.44126424
0.48448873
0.3686392
0.46561033
0.58874553
0.67733145
0.6032593
0.5815903
0.5478899
0.10949548
0.09863434
0.07057537
0.047359727
0.055743534
0.04595968
0.03055562
0.033927064
0.05594108
0.9376419
0.8603532
0.96951944
0.9478258
0.8255844
0.7801681
0.032829497
0.025699167
0.04863914
0.05425554
0.0655548
0.07777054
0.08026941
0.091937095
0.17476593
0.8505432
0.89284885
0.67146754
0.5949901
0.3485338
0.32019728
0.72789097
0.6733109
0.35410544
0.45582592
0.40579364
0.18087521
0.11775007
0.087941244
0.064101145
0.053293135
0.051386923
0.040874436
0.062806964
0.06459342
0.14220013
0.9105992
0.9168098
0.83644307
0.8744217
0.788929
0.7875968
0.777007
0.9322916
0.95548683
0.9474237
0.910209
0.7340868
0.052591443
0.043351684
0.037085403
0.055914015
0.058408193
0.0596003
0.063479535
0.093402505
0.74334615
0.84998715
0.801537
0.8211998
0.20416692
0.15998068
0.15653858
0.19122812
0.7092013
0.10316883
0.10210162
0.097346075
0.08517222
0.0812536
0.7469471
0.43470025
0.89622205
0.9315615
0.9195199
0.08376125
0.060640987
0.1257391
0.8716386
0.107796706
0.09933353
0.057715196
0.06876625
0.77542436
0.9175037
0.920756
0.8061799
0.7844827
0.7750388
0.8692247
0.8432288
0.8092363
0.6758111
0.73512596
0.7729575
0.83446187
0.8894253
0.84650373
0.81497043
0.7723399
0.09409238
0.058931466
0.0678255
0.16530567
0.89974165
0.8832865
0.6878696
0.13895883
0.10606636
0.11183099
0.7037233
0.7674142
0.5964817
0.15425974
0.6595809
0.3095259
0.35646877
0.38229072
0.32953528
0.18446419
0.31166622
0.30691674
0.19953614
0.13855301
0.07911949
0.15679178
0.21686241
0.6709279
0.80290496
0.23512937
0.18479432
0.1559307
0.51185167
0.51966816
0.46183214
0.57860476
0.53844535
0.25614187
0.28076404
0.2043179
0.5328638
0.12154684
0.14424565
0.21702537
0.55730444
0.5650306
0.5205301
0.46684256
0.39515898
0.12935227
0.12660086
0.11298296
0.11653658
0.18342029
0.7351515
0.8823979
0.72982913
0.13271558
0.06979905
0.05397233
0.06712415
0.10251911
0.86231446
0.7131431
0.6560449
0.6330494
0.126678
0.07021872
0.14974684
0.5611377
0.1639646
0.15272297
0.5606581
0.5425524
0.5042647
0.19529909
0.17937241
0.2853198
0.17401364
0.15098336
0.24725816
0.3729393
0.7437345
0.37357712
0.35593864
0.23302011
0.21015756
0.22976969
0.38393617
0.6501159
0.6338053
0.7512374
0.63714874
0.54919976
0.5511383
0.7228859
0.63410604
0.6091206
0.65502185
0.11147078
0.09212421
0.07943254
0.100030765
0.14625233
0.8686437
0.12596835
0.049763966
0.03718075
0.05103894
0.09824052
0.90468746
0.8407494
0.9315707
0.14546137
0.12852848
0.8194059
0.8420222
0.05119945
0.02921801
0.02516112
0.023421455
0.02197926
0.020772181
0.020482145
0.021366997
0.026749384
0.058359925
0.06157156
0.90757746
0.9206659
0.93727183
0.92864406
0.8927583
0.8626234
0.21252142
0.3190985
0.9182435
0.25348598
0.8610125
0.03912654
0.024128625
0.019740064
0.018555302
0.020194145
0.023104575
0.028609015
0.047600865
0.875737
0.94015306
0.88913184
0.8341536
0.15161139
0.13182709
0.78784513
0.061895512
0.05183388
0.059214395
0.053796392
0.05662835
0.08060948
0.11825148
0.10933866
0.08871502
0.08181414
0.14141738
0.16571122
0.22576256
0.49414307
0.88430786
0.89409304
0.8687371
0.7890863
0.7611175
0.7679411
0.76334816
0.74312603
0.36764306
0.2505631
0.15972918
0.22308859
0.5754788
0.6170827
0.58165705
0.5560088
0.48908457
0.463586
0.41914377
0.4407806
0.64108366
0.29595572
0.26265466
0.23682106
0.18237114
0.15332852
0.15873359
0.19305515
0.48691884
0.5459075
0.53534925
0.58562523
0.589956
0.16947316
0.1099246
0.0971382
0.09600587
0.12440812
0.66103774
0.6986132
0.85892045
0.7174171
0.21034265
0.17663133
0.08772847
0.073105395
0.05668792
0.034176096
0.054183625
0.10448378
0.19324149
0.9030638
0.94602734
0.123755634
0.06790215
0.05625572
0.052290455
0.058689784
0.91283363
0.89465076
0.9311416
0.10456888
0.05978486
0.05287167
0.043729722
0.053508896
0.04760793
0.042014085
0.042455126
0.05427876
0.11744735
0.20876017
0.28722072
0.81555825
0.70144427
0.56143296
0.2417768
0.21640886
0.244845
0.35806757
0.7465176
0.8352996
0.84715366
0.7490936
0.65558237
0.68953913
0.5718099
0.3648355
0.28830937
0.22487879
0.42779237
0.24116741
0.21362126
0.20850448
0.1823484
0.15996586
0.15580995
0.21279532
0.342716
0.8448814
0.90249217
0.8889571
0.7601854
0.8011658
0.6743769
0.6678523
0.11982489
0.08066701
0.06271909
0.07113431
0.09680624
0.14819406
0.2497255
0.9527757
0.94800574
0.9504487
0.10506899
0.04000424
0.023717536
0.01946505
0.020248214
0.031953525
0.7727948
0.748383
0.7891362
0.91554135
0.92442393
0.838466
0.7950311
0.9585105
0.9604053
0.9410159
0.9250179
0.048051365
0.029576428
0.022413904
0.023189401
0.043037925
0.07344481
0.8562553
0.9057088
0.1445248
0.14563923
0.08271396
0.057723545
0.09185465
0.16758466
0.21124423
0.13971084
0.10894794
0.1296527
0.8855945
0.8955176
0.1474494
0.07389046
0.049519245
0.038826138
0.05965887
0.17071424
0.9141057
0.8752797
0.9242704
0.16897939
0.09667926
0.098108135
0.061322197
0.06990181
0.7588793
0.74495715
0.7587239
0.112579845
0.09496171
0.8297374
0.90871185
0.8635953
0.9433773
0.9363551
0.8940364
0.7654209
0.12688467
0.13550326
0.87765616
0.8576311
0.8894227
0.8941649
0.8795152
0.84603524
0.082947746
0.05064102
0.053951953
0.07151707
0.10015515
0.87244123
0.8676896
0.90188146
0.8539814
0.8551112
0.14680727
0.07154922
0.061960224
0.10230398
0.15628977
0.24715132
0.8878806
0.79097533
0.39302084
0.74587065
0.33038187
0.40355077
0.6723006
0.64332205
0.68435895
0.7575583
0.6586853
0.67499083
0.84444255
0.84995604
0.72537744
0.76085514
0.18023333
0.11601079
0.13041615
0.19610363
0.32249683
0.3763851
0.2484932
0.16847366
0.15606745
0.20066707
0.3438652
0.7327203
0.7219542
0.8331966
0.88383967
0.89135766
0.8736973
0.8134367
0.6571558
0.43977565
0.29868317
0.26960352
0.54190606
0.6042357
0.38017148
0.38143107
0.19079608
0.12782794
0.10852522
0.123335734
0.24371226
0.6508253
0.15287127
0.15182012
0.8400976
0.17456833
0.14051047
0.15453377
0.07095556
0.0691604
0.11532811
0.8840093
0.10432368
0.052319646
0.04268342
0.050673585
0.078231715
0.872907
0.09288379
0.053921938
0.07056996
0.10265458
0.75196487
0.9112907
0.90260065
0.890519
0.8777115
0.92934996
0.90838397
0.78120863
0.7489065
0.8427045
0.14013955
0.05064471
0.042228766
0.08061189
0.79926777
0.776245
0.11237158
0.11596524
0.05395922
0.06068004
0.15024696
0.89721996
0.8800874
0.7220887
0.67867273
0.6776196
0.09352705
0.118417524
0.14218906
0.10724944
0.82076854
0.8863753
0.91196954
0.8433319
0.7910334
0.71404517
0.7182959
0.691423
0.120756105
0.06251331
0.05662353
0.14288677
0.89332867
0.89472723
0.09051186
0.05843419
0.055937957
0.08481429
0.13266826
0.14591901
0.11358873
0.1384825
0.80947953
0.7803639
0.8027404
0.7362551
0.68304545
0.6592645
0.43902987
0.361835
0.755773
0.64533234
0.26944283
0.2680355
0.60498387
0.59448415
0.5193728
0.55772316
0.5860877
0.59075177
0.586292
0.5957528
0.23735702
0.21854013
0.63605195
0.6644518
0.35330436
0.37914982
0.6016058
0.59114075
0.6546393
0.7335185
0.7938027
0.80766046
0.82157046
0.7464598
0.6330743
0.29973808
0.1978555
0.14889255
0.14989224
0.187591
0.30442157
0.450383
0.62840194
0.26869407
0.23636733
0.35274744
0.5747081
0.54843366
0.48021042
0.2817399
0.24529082
0.23968087
0.315737
0.573253
0.64993376
0.54167384
0.47611326
0.29906824
0.27464226
0.3434857
0.51699024
0.549
0.5761822
0.7242448
0.7362612
0.56181496
0.28791445
0.21627569
0.21391883
0.31363368
0.43727142
0.31720835
0.2967399
0.5748468
0.352398
0.33081302
0.38666207
0.46692932
0.40891472
0.34123236
0.27959406
0.49102125
0.23512867
0.5844567
0.13060823
0.08615109
0.12736785
0.23380457
0.5700503
0.54965043
0.4982475
0.5660074
0.71841383
0.88552684
0.90864813
0.85586494
0.231525
0.12116479
0.07793193
0.084797665
0.56438464
0.54138666
0.3338286
0.6283904
0.3830736
0.47739255
0.531343
0.41981378
0.22167486
0.15941708
0.12089178
0.097918674
0.17052335
0.73777544
0.857042
0.7571593
0.13377632
0.07958918
0.121249475
0.29673886
0.90801585
0.9017663
0.80875397
0.6999433
0.62381107
0.5123772
0.52226114
0.55600274
0.61505187
0.16610299
0.12839031
0.10102594
0.1397512
0.5438103
0.510025
0.551206
0.6513214
0.852822
0.8552715
0.32207513
0.33887067
0.19219396
0.5596168
0.15505344
0.17944102
0.21476603
0.82178694
0.26274028
0.15776515
0.24559337
0.2878606
0.83093846
0.8560386
0.7949579
0.76232946
0.7330173
0.74654454
0.09897813
0.076998256
0.0991869
0.13689445
0.15488288
0.20905596
0.18953542
0.6763592
0.20321785
0.17160825
0.17074138
0.40864494
0.42820475
0.6186521
0.8539235
0.8991724
0.83559114
0.5171449
0.3614872
0.14818847
0.107782096
0.19700639
0.29305723
0.53012735
0.6595672
0.46500412
0.20787674
0.16936077
0.588051
0.56418705
0.21080571
0.19142881
0.741908
0.12322468
0.0947066
0.058005754
0.040438674
0.04250428
0.040771924
0.03918462
0.047607604
0.8359724
0.12643768
0.065058336
0.08550657
0.839651
0.85851794
0.89862514
0.91161984
0.93621844
0.9482935
0.11930706
0.0729544
0.0722256
0.0459227
0.05579233
0.7641461
0.08761516
0.04830103
0.056443237
0.074129574
0.12113381
0.1650567
0.09934146
0.11368327
0.7725532
0.7796984
0.17163464
0.097569145
0.09865132
0.13260853
0.16164443
0.20626381
0.17410977
0.14358805
0.11969221
0.120118864
0.18812154
0.78518355
0.7905032
0.680148
0.5378125
0.4942426
0.47223935
0.5880497
0.75355345
0.75960517
0.3330127
0.24080633
0.26347283
0.5426367
0.17024094
0.109056056
0.070505
0.060462207
0.088986486
0.7710311
0.7666803
0.7854586
0.7820366
0.76474243
0.74090207
0.21772054
0.14945161
0.13009876
0.1192704
0.12542035
0.5812966
0.13313752
0.091267884
0.122682855
0.24166578
0.4799717
0.7989713
0.82483506
0.4710068
0.27442375
0.23480491
0.31614736
0.49568832
0.3544579
0.29303947
0.39272925
0.2387218
0.18183775
0.16717009
0.36901954
0.4687716
0.64870137
0.8238776
0.8228751
0.6524702
0.39623797
0.41794133
0.2748439
0.36285785
0.6152516
0.74905664
0.280068
0.20224668
0.15154347
0.22671202
0.41031328
0.3218316
0.33627546
0.7880096
0.44648856
0.54156107
0.68312615
0.8714291
0.90366155
0.8684391
0.6202264
0.5176811
0.4732093
0.4294696
0.41024578
0.6283558
0.67101306
0.091240086
0.060212977
0.0631573
0.13868329
0.09487421
0.06668675
0.07621072
0.12827429
0.87423587
0.88328993
0.933212
0.93629044
0.16790372
0.051754277
0.05016435
0.15630619
0.84868014
0.11859074
0.082272574
0.14257075
0.84401435
0.08764538
0.07004981
0.07036644
0.81109
0.09360301
0.06364675
0.062244624
0.9152523
0.9350687
0.9505529
0.9407703
0.0750202
0.046148077
0.053062722
0.6987842
0.1902766
0.7616727
0.11606559
0.13826102
0.77193636
0.079438545
0.07234986
0.08231994
0.06696193
0.054794014
0.05609931
0.10142727
0.7499101
0.72409207
0.6814746
0.09139392
0.04832723
0.047646094
0.12236193
0.26362512
0.9112385
0.7375171
0.8014157
0.7998964
0.79260665
0.80197835
0.83312654
0.11812233
0.068889946
0.04033822
0.038026787
0.05275319
0.7350012
0.759685
0.91448945
0.9245426
0.8889748
0.7233252
0.7049076
0.69961256
0.75729775
0.121877596
0.11944705
0.12055749
0.15974513
0.14518297
0.108885944
0.11199354
0.15785287
0.71961266
0.6880196
0.70898485
0.7546459
0.7516342
0.73342353
0.72108084
0.8455689
0.84255177
0.7594052
0.77214473
0.31083238
0.23101519
0.25227845
0.25739643
0.73635113
0.64682806
0.20883039
0.14460894
0.12667276
0.15891002
0.63269985
0.7436162
0.375266
0.22593726
0.15317981
0.1404956
0.16902143
0.15307218
0.16321492
0.19267763
0.79149085
0.18483904
0.105857834
0.069420554
0.090570115
0.08761317
0.10365454
0.67313343
0.57345563
0.6008506
0.7307485
0.78372955
0.29942802
0.58300674
0.12748632
0.22929017
0.29424357
0.8432583
0.7849279
0.73135453
0.7342067
0.18766323
0.08080826
0.080335595
0.86187774
0.81767267
0.8933317
0.8094018
0.07683411
0.05851465
0.10125995
0.10145021
0.11230094
0.115239255
0.8047617
0.82157236
0.8720243
0.7609091
0.15482241
0.20632087
0.20812559
0.8797765
0.89059085
0.26186785
0.10575219
0.081207626
0.09602181
0.75817585
0.73351425
0.7443517
0.72554606
0.81559664
0.4703993
0.18848269
0.10034897
0.11884083
0.09918813
0.14130758
0.5503456
0.1942693
0.17440043
0.41342998
0.64664036
0.41091165
0.39647874
0.28282675
0.34328413
0.7035061
0.6576683
0.118303105
0.08453826
0.068806306
0.07471703
0.11479584
0.7839782
0.82136965
0.2939792
0.4737693
0.8992847
0.45972225
0.28489953
0.8547716
0.1852779
0.12568542
0.2424804
0.82504636
0.07047558
0.038223542
0.037128583
0.0486367
0.10074712
0.8401162
0.13081476
0.07634648
0.06546808
0.08868761
0.7595
0.25530165
0.7055593
0.10874103
0.10873755
0.75902253
0.8152817
0.110488564
0.068339854
0.08037072
0.7917119
0.3739902
0.91704655
0.85623753
0.88333607
0.9291707
0.8483185
0.8366435
0.8981351
0.08561637
0.04916601
0.0619716
0.15716891
0.92407846
0.8483076
0.8447074
0.13079856
0.10719614
0.7563175
0.22857101
0.8158582
0.06357524
0.054583
0.0713736
0.085669495
0.060812954
0.046440102
0.043496884
0.055873677
0.09101117
0.90419513
0.837625
0.14689384
0.13557357
0.17705223
0.88893294
0.07760119
0.047486912
0.05849325
0.12534495
0.90516895
0.9193006
0.16734326
0.08907612
0.08325995
0.08470937
0.127853
0.8404812
0.7952369
0.19785847
0.17748736
0.18074171
0.26648822
0.81306446
0.8117184
0.79845667
0.8072794
0.7558912
0.696967
0.66765314
0.6022526
0.16440618
0.17134975
0.17859824
0.2251411
0.3844096
0.81044036
0.16861449
0.12797517
0.157788
0.63012195
0.37346366
0.19733688
0.13043669
0.12874871
0.59221655
0.17632873
0.15228361
0.664576
0.719264
0.073137626
0.0491263
0.08113524
0.11920135
0.09875318
0.06470379
0.099407695
0.81260747
0.93503004
0.9659473
0.9450226
0.812359
0.90913314
0.05306779
0.029569034
0.02946429
0.055414494
0.8410627
0.82607067
0.77850544
0.85918236
0.082674526
0.031201838
0.022012109
0.021180077
0.022759529
0.051973823
0.9317588
0.96567273
0.9711546
0.9236189
0.8769043
0.2926739
0.8901481
0.07112852
0.031042095
0.024215564
0.026274992
0.069521524
0.9155706
0.880979
0.90886426
0.79708743
0.07446021
0.03217164
0.029502343
0.057485864
0.76252204
0.8175283
0.85406244
0.87778926
0.832896
0.8173854
0.11777271
0.10446315
0.09266644
0.06321596
0.076952726
0.09854859
0.73281354
0.8134575
0.8774166
0.81613076
0.7900271
0.83119994
0.20050655
0.15631767
0.10266258
0.15516609
0.16263063
0.12245209
0.73761225
0.82871026
0.85653627
0.7528509
0.34736976
0.2189648
0.6710457
0.15377367
0.14223436
0.17820421
0.270996
0.8871708
0.90212697
0.9116362
0.8815854
0.7850355
0.751474
0.78013605
0.85609406
0.86836594
0.87945354
0.25922048
0.17152405
0.16069926
0.21743006
0.81086564
0.30222648
0.34015417
0.67843366
0.6679181
0.66670644
0.80020946
0.81171966
0.6838713
0.77590585
0.3585648
0.23269673
0.18668142
0.18481886
0.15863587
0.16393006
0.13281801
0.203368
0.15380596
0.24614954
0.18181339
0.3716886
0.27458656
0.34549662
0.248466
0.16975085
0.5234091
0.49899468
0.31495517
0.3345705
0.48196235
0.39869836
0.3918767
0.48811135
0.44792464
0.5041704
0.6145451
0.5089131
0.39392808
0.40255207
0.39940315
0.43120518
0.43848628
0.407892
0.23821609
0.16989888
0.19081992
0.35388693
0.46602198
0.37782964
0.36523414
0.6096298
0.40136108
0.397733
0.5063659
0.5372786
0.46507728
0.1867186
0.2549721
0.23123787
0.23557214
0.2222488
0.28484502
0.33540383
0.49323183
0.5046757
0.58490074
0.7605308
0.76151115
0.2154651
0.1541892
0.17632443
0.102815434
0.0818483
0.21123177
0.82881975
0.774159
0.9182352
0.25785267
0.1187633
0.13401672
0.0877104
0.06432527
0.07766731
0.8525983
0.15006456
0.18120037
0.13930842
0.13416573
0.8901413
0.81462026
0.7968992
0.80267006
0.8599698
0.1384699
0.13563812
0.104377255
0.09820518
0.6712381
0.66689837
0.09814813
0.074158825
0.15996361
0.14227751
0.14664575
0.10765661
0.099125065
0.12427409
0.24390933
0.22490758
0.11757358
0.13574083
0.067304775
0.05297229
0.059605937
0.1281026
0.93113816
0.8814896
0.8574268
0.7966374
0.06758388
0.08915602
0.051009733
0.065629736
0.7476935
0.8444632
0.16411681
0.11546668
0.11205054
0.11936581
0.14181413
0.2230904
0.8482085
0.78919435
0.80925745
0.6866502
0.6292133
0.57850534
0.6835575
0.6973736
0.7049608
0.20589663
0.11782878
0.11293821
0.12363224
0.14156781
0.23348333
0.7856135
0.1823278
0.18254542
0.63706934
0.11749083
0.11040739
0.09228406
0.08269242
0.09320524
0.7849303
0.3309892
0.3390168
0.4023258
0.77564174
0.7882138
0.84052175
0.79000634
0.66972756
0.68559766
0.60979944
0.2315715
0.6795427
0.096011125
0.092056334
0.13637964
0.6669361
0.8952439
0.85184807
0.8500143
0.9198951
0.90961236
0.8826824
0.13810521
0.077048
0.09795629
0.75278306
0.2611144
0.6216711
0.6271536
0.74639153
0.61362875
0.5793096
0.59466773
0.20655924
0.23368259
0.2551653
0.16535561
0.19546099
0.36469215
0.21014164
0.17911173
0.55768126
0.26759803
0.22409524
0.2151755
0.2822837
0.49512663
0.42892256
0.18023928
0.13389371
0.6274607
0.5960625
0.5953665
0.60532296
0.876918
0.9414155
0.93603677
0.8796595
0.69785464
0.6247827
0.087262616
0.089777395
0.11086509
0.19210994
0.33337873
0.18687367
0.18446928
0.17837128
0.17155482
0.21246639
0.6571724
0.74181074
0.6597452
0.6977099
0.9051715
0.9309221
0.9227928
