0.7660548
0.6188356
0.19465911
0.14781442
0.116381325
0.10487447
0.08982124
0.076006375
0.06716092
0.06537477
0.077307075
0.6249956
0.78282934
0.8619949
0.9287846
0.9352401
0.25665718
0.1015988
0.08672407
0.25999686
0.18388198
0.10177612
0.08877737
0.07432252
0.057735875
0.06055025
0.06944737
0.08426248
0.09585453
0.0780527
0.10953176
0.17301866
0.7912637
0.7500372
0.16410933
0.059771203
0.03970884
0.05443719
0.79527074
0.76439255
0.7725617
0.8046973
0.068858705
0.047036618
0.04145348
0.044112362
0.037488054
0.05432355
0.084267974
0.15922484
0.20610917
0.92805517
0.29135504
0.20202287
0.14897957
0.16996497
0.90278083
0.863954
0.8088627
0.77611685
0.7938683
0.8013435
0.82710546
0.8482341
0.06569338
0.038704526
0.047927402
0.106035315
0.8961777
0.084349394
0.043648314
0.030566972
0.029869985
0.06309644
0.88292456
0.05490445
0.03527014
0.059090465
0.11675095
0.8719595
0.056210425
0.035467315
0.0528422
0.16567707
0.94426024
0.94849944
0.23428197
0.11706832
0.041738093
0.034809556
0.032365106
0.037086133
0.07172046
0.1349014
0.54939485
0.12687965
0.11693103
0.16494949
0.727702
0.620532
0.32101098
0.2494514
0.2298994
0.36710495
0.69461584
0.61844486
0.5807211
0.5757055
0.59732187
0.6381313
0.7175822
0.41130364
0.29090974
0.27723652
0.31613553
0.272877
0.1881519
0.14828818
0.14764327
0.15176883
0.1499452
0.18515277
0.6891732
0.8002481
0.7881706
0.652313
0.69861764
0.7323958
0.7938019
0.43708652
0.38903308
0.30101734
0.3136016
0.60903645
0.20928365
0.19639955
0.28782713
0.54169613
0.7277678
0.73733443
0.78513277
0.76355267
0.65952003
0.5032497
0.32249865
0.26080692
0.2745537
0.33497182
0.4736219
0.6317426
0.3372449
0.3174547
0.3502444
0.35689548
0.46523967
0.46092445
0.22635601
0.20275004
0.21561158
0.5399091
0.17037833
0.10796011
0.13095252
0.13616526
0.24313545
0.81177205
0.6756284
0.60692686
0.5889841
0.5953967
0.25111398
0.27756426
0.12731111
0.11059391
0.13855027
0.7157855
0.29581824
0.29275066
0.21260925
0.25492486
0.26514766
0.28787753
0.2622453
0.1985577
0.17684795
0.20667979
0.4436692
0.50397044
0.45965087
0.64384335
0.30482876
0.22610086
0.24417523
0.39440048
0.2856094
0.32611278
0.44668776
0.57474947
0.5380455
0.46619856
0.27693996
0.4280036
0.22056131
0.2242113
0.23056962
0.23295099
0.19845028
0.24009433
0.4898636
0.29591227
0.23343457
0.1593972
0.16285951
0.16653486
0.17392887
0.24158597
0.22805052
0.1824554
0.27629274
0.74016845
0.8733435
0.85202235
0.67320263
0.15455954
0.13026495
0.18536377
0.32635126
0.76434624
0.22784793
0.1260992
0.09662107
0.08774653
0.109310135
0.70158654
0.7353145
0.7705463
0.2626499
0.09932743
0.09315712
0.20067887
0.39128652
0.80353856
0.16889358
0.07913694
0.06827291
0.07347906
0.07716782
0.10409826
0.81770974
0.7812563
0.82257825
0.8775503
0.8631289
0.24562393
0.2393295
0.22357787
0.13527533
0.111980066
0.13604423
0.1310918
0.12498493
0.19332016
0.11972444
0.08768589
0.12162889
0.6169403
0.59200776
0.59335315
0.5875522
0.27083796
0.64067584
0.1485722
0.1372575
0.13319743
0.1807969
0.56993484
0.21092927
0.6710202
0.6912105
0.7950516
0.6536019
0.26179132
0.6384107
0.16171366
0.14217913
0.12190093
0.30647638
0.659125
0.13702343
0.14167841
0.14913622
0.17314374
0.24077784
0.8489457
0.86452043
0.30837208
0.13738677
0.112463355
0.65818834
0.7846834
0.8414503
0.37114224
0.25085515
0.6457218
0.23290992
0.32244086
0.7524117
0.77714133
0.30945706
0.19901219
0.099092625
0.09305867
0.13185245
0.773451
0.818472
0.86229223
0.83571434
0.82411885
0.78448737
0.10124359
0.050451197
0.063755654
0.12327068
0.21452251
0.80339485
0.7729842
0.290589
0.23871489
0.6892469
0.30587754
0.32187223
0.7151973
0.1678937
0.13957438
0.17427503
0.62683284
0.69951665
0.71112895
0.18346025
0.16506268
0.12452057
0.17622751
0.7902805
0.751372
0.7606609
0.29188454
0.12692975
0.10175949
0.118142895
0.12812974
0.15405038
0.6652272
0.65726936
0.17122455
0.09234839
0.099861935
0.11592288
0.7041397
0.69279826
0.83909106
0.7663448
0.7231056
0.7634399
0.17469439
0.15036614
0.12549062
0.1199843
0.6004793
0.63462895
0.79726267
0.8145313
0.39522016
0.26755005
0.59361327
0.113574356
0.106264055
0.16512154
0.28022054
0.7178772
0.21081623
0.15003437
0.26174846
0.7609946
0.82496053
0.1231713
0.14825428
0.21219456
0.89279336
0.9322194
0.25257477
0.102961846
0.048357666
0.04288764
0.033776164
0.030294236
0.037362788
0.092013605
0.94450605
0.97146094
0.969242
0.9579734
0.101240635
0.039668273
0.026810037
0.052071553
0.061866537
0.76859385
0.30431083
0.36121738
0.36586016
0.88773113
0.8426443
0.59594095
0.13558134
0.27450132
0.22400175
0.6210634
0.21852739
0.37639838
0.42689303
0.27818754
0.19815032
0.2084951
0.20746508
0.44359428
0.3011536
0.48842716
0.49557453
0.43517128
0.42544013
0.44057006
0.453268
0.31776378
0.5510437
0.36565167
0.21472959
0.33354145
0.38912475
0.63224083
0.5215194
0.43729073
0.4150539
0.31901854
0.20061935
0.26692155
0.17460589
0.25154975
0.18106589
0.24965388
0.39416978
0.55614364
0.30258167
0.22555849
0.2925299
0.2271862
0.2233728
0.28946242
0.2319882
0.2234956
0.24629137
0.3112138
0.4182794
0.45460284
0.4081834
0.20617017
0.23998983
0.49890465
0.5981617
0.72933674
0.6884375
0.77326787
0.65599394
0.54382694
0.30735323
0.2637279
0.41474918
0.64775944
0.55189806
0.3407637
0.25579235
0.25472444
0.27657637
0.43313238
0.46076366
0.47581226
0.45867553
0.55827326
0.6117968
0.2638514
0.34092015
0.14224298
0.08289185
0.04636958
0.044399202
0.09386825
0.16065495
0.108590424
0.93203527
0.95554554
0.95589197
0.12060586
0.035033874
0.0336677
0.07310081
0.67810696
0.093163
0.058411315
0.14999628
0.19135416
0.34830463
0.25546148
0.30809495
0.8743272
0.9186033
0.89474297
0.74899983
0.77620715
0.28130627
0.24101183
0.45742354
0.58619756
0.8359843
0.84465
0.5813562
0.62120265
0.8223835
0.54126406
0.6025132
0.80712813
0.6600672
0.6851773
0.9025338
0.9100728
0.8811925
