0.8489075
0.30669788
0.3308305
0.35138935
0.2934566
0.37354323
0.64918745
0.7042051
0.83179617
0.72679675
0.6544032
0.71691257
0.6745764
0.74121785
0.7249003
0.52320564
0.46961492
0.47868595
0.5499964
0.77313507
0.8569873
0.8701359
0.7896596
0.82495534
0.74957556
0.4603344
0.26567528
0.21962133
0.23045833
0.4718746
0.6874486
0.48607194
0.6380945
0.52059925
0.46416885
0.727934
0.2781318
0.2492573
0.33010754
0.6479563
0.45783898
0.26487985
0.28643605
0.75621057
0.6106399
0.33077994
0.26193136
0.6595425
0.10194801
0.06988169
0.08387346
0.109287314
0.12480948
0.11810365
0.09664812
0.075155266
0.06360426
0.8764704
0.875343
0.9310422
0.90261394
0.91257423
0.7739912
0.81313366
0.062150996
0.07742586
0.07290899
0.07127261
0.075345404
0.08237014
0.07105045
0.04275423
0.048029985
0.09776633
0.21078703
0.9085385
0.87051165
0.76679873
0.7140534
0.7090716
0.13351627
0.0946531
0.054574028
0.071034566
0.0928804
0.1225583
0.15846063
0.15443942
0.23880981
0.8649402
0.81063926
0.833274
0.10684318
0.060457043
0.037303265
0.045199327
0.7552011
0.8665077
0.9334905
0.897533
0.88385177
0.92129564
0.9166407
0.8336551
0.81153667
0.8384361
0.11393882
0.07685616
0.0792134
0.10654947
0.74712986
0.25031906
0.16660763
0.117442295
0.10701755
0.116915025
0.11418947
0.11337986
0.11412723
0.10808726
0.6576796
0.70590204
0.8287054
0.84371454
0.8077378
0.652495
0.197263
0.19015928
0.21299236
0.73923683
0.72592825
0.8746842
0.8955019
0.8630245
0.6847036
0.1422988
0.10983645
0.19113596
0.11442003
0.12421711
0.7392705
0.8220188
0.799442
0.29680732
0.15926279
0.1573713
0.7238514
0.7369506
0.404625
0.75031346
0.24853532
0.15058883
0.08352124
0.10563345
0.32350853
0.918868
0.8782779
0.8799773
0.82619447
0.18969607
0.09332611
0.08378097
0.16868308
0.18761994
0.72866434
0.45490208
0.88306475
0.8821349
0.81908864
0.60194236
0.17227575
0.13555247
0.11874617
0.16129948
0.18028575
0.18987046
0.395384
0.57773995
0.87656265
0.81655097
0.65367717
0.5671981
0.5053588
0.59975046
0.46975097
0.37305504
0.19631578
0.258728
0.4600419
0.3220773
0.22156212
0.42283747
0.1989128
0.38664088
0.49762145
0.73974895
0.7176489
0.37298512
0.26234308
0.22786255
0.29020318
0.6189017
0.50724137
0.3697516
0.43351454
0.3360993
0.4622135
0.38115346
0.37757027
0.43058667
0.6826953
0.51452327
0.24839108
0.1983032
0.21085313
0.22662209
0.23806813
0.47762296
0.63841087
0.59341514
0.55100656
0.5429418
0.6416445
0.51881325
0.11115325
0.088769
0.10313356
0.18664032
0.29769054
0.86078316
0.8606226
0.7510427
0.6958726
0.6899889
0.79795706
0.7790898
0.50411683
0.40833935
0.12714832
0.0982163
0.11948046
0.09119382
0.08915912
0.11681618
0.2173417
0.1539835
0.7148929
0.6843552
0.7340197
0.8327783
0.3947177
0.36632487
0.7288105
0.3933984
0.80393773
0.41292214
0.41856658
0.8069715
0.8946567
0.9113871
0.84598535
0.8912401
0.8681176
0.900267
0.9165229
0.9037261
0.79393727
0.90301883
0.87533283
0.91512716
0.9249981
0.9197494
0.8718071
0.8632777
0.8173176
0.8934734
0.9241352
0.92449576
0.84697944
0.9131177
0.9131701
0.8436294
0.8986269
0.8542284
0.8486771
0.92565095
0.92411536
0.93038106
