0.89988333
0.83069944
0.89052373
0.9438732
0.9421093
0.87707376
0.9160077
0.9120849
0.248297
0.18326558
0.20291616
0.76747876
0.85081905
0.8413436
0.8315966
0.8839137
0.9178538
0.16672486
0.15222742
0.13147673
0.13875085
0.106493644
0.08543466
0.07434414
0.06350299
0.062659435
0.066274405
0.058910653
0.058530193
0.051629983
0.07046085
0.07879101
0.085318394
0.097639665
0.9133099
0.08278647
0.058923047
0.055788357
0.07533238
0.13848938
0.9306407
0.91938305
0.31197047
0.29457155
0.9157622
0.93376243
0.94912416
0.88946354
0.9146095
0.77027434
0.13944311
0.1814265
0.8971254
0.9160148
0.06899689
0.036310967
0.02983339
0.02817547
0.029061029
0.0375169
0.043759577
0.04300017
0.037674565
0.03639101
0.03884855
0.041855007
0.042997587
0.061029594
0.8682709
0.75572276
0.8493851
0.8114473
0.93058854
0.9462996
0.9524903
0.96073836
0.94465977
0.87911373
0.873291
0.9078366
0.06625275
0.045702994
0.040973425
0.049872067
0.06658095
0.0780602
0.07192075
0.07977356
0.78787965
0.7886376
0.82234275
0.13185099
0.2836567
0.39198202
0.8707731
0.68734777
0.085444115
0.06074834
0.0620617
0.06935682
0.10449047
0.79886067
0.84523904
0.83453333
0.86620176
0.75676167
0.7336723
0.086087115
0.11363947
0.13566573
0.119251914
0.11569582
0.15788525
0.88195145
0.22281542
0.1013662
0.1134937
0.121904925
0.8760837
0.79573447
0.9223001
0.91661525
0.83375704
0.8678415
0.7695515
0.7603755
0.1366549
0.1724632
0.19938037
0.8232859
0.835601
0.1359372
0.07766299
0.113570735
0.92534256
0.93433386
0.92232424
0.10964036
0.07597493
0.16547085
0.88666743
0.89907134
0.3983046
0.3626872
0.360107
0.8348728
0.8101057
0.59134436
0.6606116
0.73912907
0.8171497
0.9219161
0.92367005
0.8942038
0.1898165
0.13601175
0.13690533
0.15656552
0.7885714
0.22858535
0.16635276
0.17414898
0.231848
0.4995084
0.556475
0.9073413
0.84467894
0.7029937
0.7050664
0.7968163
0.2854381
0.27439347
0.26487786
0.32434243
0.38820407
0.89227736
0.9090104
0.92863953
0.9329691
0.85223836
0.9070139
0.91360354
0.9207089
0.9260559
0.8675069
0.905009
0.920186
0.9207335
0.83964443
0.9084898
0.92120594
0.92578775
0.8635859
0.9159653
0.92085975
0.84623474
0.9163307
0.9188816
0.8299641
0.92057174
0.9239973
0.83970976
0.9289959
0.92882925
0.9202178
