0.8352143
0.6338622
0.6855036
0.7188587
0.7606128
0.7767243
0.7257901
0.67857885
0.6258052
0.72555685
0.8075975
0.827809
0.7563106
0.63850504
0.5220548
0.60291535
0.6870775
0.6518367
0.57809234
0.6502154
0.650496
0.5660836
0.40531966
0.3519097
0.48237887
0.49126607
0.72735155
0.6547804
0.61324286
0.54760605
0.427429
0.5050674
0.4774315
0.32130653
0.29585025
0.234193
0.41219556
0.29340106
0.3529404
0.45232296
0.4864748
0.4321755
0.44157428
0.3613575
0.34393284
0.357052
0.2526185
0.5504523
0.56498766
0.2016341
0.2161939
0.25240877
0.15640537
0.09531909
0.062403534
0.08889371
0.1282408
0.18313618
0.86602855
0.7511396
0.14091945
0.06392586
0.06303137
0.16600056
0.73861814
0.2540567
0.8689408
0.0898398
0.082309864
0.0706175
0.06905471
0.750691
0.8772955
0.90322196
0.9519264
0.22570305
0.16033193
0.13052186
0.13347563
0.78916526
0.2082307
0.77519673
0.08451195
0.05122458
0.05300593
0.09382302
0.11185153
0.06726832
0.062011864
0.09715584
0.13924165
0.81702906
0.08829107
0.08166833
0.1634418
0.2756812
0.8707722
0.85502946
0.4047943
0.4292375
0.44624725
0.73282754
0.8622843
0.860951
0.16359466
0.12276395
0.14305192
0.63571566
0.08715014
0.077309996
0.121271424
0.79343826
0.7670128
0.101561815
0.06831724
0.10076046
0.76328796
0.86641663
0.8072929
0.7137444
0.6840614
0.0950264
0.08706552
0.14785603
0.8406751
0.85986704
0.75430274
0.71343946
0.11463855
0.0975453
0.12000158
0.7314487
0.8277682
0.7731868
0.7515212
0.64865255
0.100689955
0.15941985
0.1757142
0.82495147
0.14866233
0.07669454
0.08730576
0.07518149
0.07621881
0.74820536
0.73818326
0.74245554
0.80753434
0.8738712
0.81639737
0.8225604
0.8189137
0.81280875
0.08307488
0.08158885
0.08815759
0.07451364
0.11701812
0.8192906
0.821679
0.8717423
0.7859405
0.13933887
0.080510445
0.09017606
0.20019852
0.1298097
0.11857112
0.6244603
0.63136464
0.7555342
0.37144968
0.32224494
0.29790124
0.634572
0.7125494
0.60902214
0.5240033
0.20367302
0.18416978
0.24818113
0.33267236
0.31438172
0.37066144
0.65571
0.39880547
0.35691285
0.37604895
0.43774727
0.4701694
0.2663407
0.4338231
0.35383207
0.38298392
0.19737948
0.20957556
0.3336777
0.8160791
0.89053565
0.89919895
0.21474826
0.15328006
0.40026388
0.66642135
0.71311444
0.10454598
0.059198122
0.082417496
0.120407216
0.87239724
0.81035215
0.79775184
0.79224885
0.807278
0.8260167
0.87719554
0.87721425
0.10381209
0.047762454
0.0638277
0.09952789
0.79647946
0.7307429
0.6699951
0.22369902
0.18313551
0.24490687
0.8667367
0.91171175
0.87814283
0.25142342
0.18226339
0.172551
0.13080314
0.13958818
0.20581649
0.8110618
0.76186943
0.8554869
0.7814647
0.777212
0.852755
0.8120489
0.5254999
0.14081053
0.1092873
0.2842827
0.5994091
0.7987762
0.7210216
0.8247978
0.20695066
0.13417898
0.30567348
0.8072208
0.8966009
0.19977541
0.059072983
0.055491354
0.7285249
0.6540132
0.9410428
0.95875984
0.9353486
0.8852397
0.12152631
0.088017784
0.09992284
0.7068137
0.74679554
0.17943685
0.26713794
0.20789807
0.15089029
0.11944751
0.1428693
0.19064981
0.7619997
0.3549887
0.28248072
0.3900166
0.73086226
0.7475731
0.88294417
0.9042381
0.8354546
0.85787666
0.7347352
0.6198009
0.56650645
0.57512146
0.6853577
0.78451115
0.7316721
0.30909187
0.23985876
0.23306572
0.5462928
0.23204319
0.36655277
0.22264892
0.21429838
0.58337986
0.4858632
0.5433351
0.25972944
0.26198402
0.3836013
0.41551042
0.47522473
0.50019723
0.8999826
0.90607154
0.9128683
