0.8199112
0.18707204
0.10945924
0.09108147
0.15328199
0.12631792
0.11675551
0.7619817
0.9037155
0.9600854
0.9634283
0.93864715
0.728438
0.68380356
0.06752642
0.05337458
0.04111431
0.051380593
0.77052027
0.7481367
0.8161095
0.88682735
0.8189861
0.1264646
0.10340053
0.07923791
0.18285567
0.88831806
0.8939259
0.7672923
0.09930484
0.10166373
0.12615831
0.08422585
0.06542326
0.05812174
0.05554436
0.06803891
0.103083074
0.14311957
0.9053905
0.20615883
0.062429838
0.055257753
0.6684188
0.7114149
0.7812127
0.9022001
0.93006366
0.90283924
0.8099439
0.9070927
0.844219
0.9277168
0.8987403
0.8743906
0.094861984
0.084984675
0.13017449
0.8705117
0.23801316
0.16479646
0.059655953
0.048579264
0.041415494
0.057312105
0.07709751
0.09066362
0.13840836
0.19299853
0.8443959
0.664873
0.70178914
0.7318829
0.81784993
0.8069749
0.67568773
0.37116802
0.3565367
0.24768241
0.17188658
0.678325
0.09919311
0.08845853
0.07113133
0.053622346
0.08179679
0.11686858
0.8335661
0.827716
0.8193866
0.76423925
0.10449202
0.07116537
0.08991291
0.8024385
0.2577684
0.12998621
0.11737171
0.61272657
0.14882155
0.16749077
0.18513644
0.19095676
0.1962898
0.17409411
0.16485138
0.15573287
0.1540796
0.13525574
0.10418888
0.11235446
0.15625358
0.84622407
0.76913255
0.79729253
0.891117
0.18248297
0.06307859
0.038835417
0.03376392
0.034998838
0.043529727
0.066233
0.107990205
0.9289435
0.9180835
0.828462
0.9149887
0.94456613
0.92544484
0.8138398
0.9026656
0.082787424
0.049422354
0.07803435
0.120819174
0.9211516
0.93078864
0.068912275
0.029254314
0.024434064
0.037514985
0.9294874
0.9478035
0.9310119
0.93275064
0.054607056
0.02851107
0.02687087
0.03918286
0.83793724
0.06128258
0.04211002
0.0646577
0.15363802
0.9349905
0.8573973
0.8710119
0.22851948
0.13738422
0.054819167
0.041235786
0.048499275
0.058253035
0.07455382
0.092471175
0.7652094
0.20690736
0.1389004
0.8418555
0.7520438
0.09155578
0.06603016
0.04928621
0.055564698
0.09477323
0.92788976
0.9512209
0.965085
0.9504234
0.93129396
0.09700191
0.1186558
0.13143508
0.040693354
0.029314142
0.041249715
0.8506569
0.858159
0.8835194
0.93905604
0.92308307
0.88935256
0.8601006
0.85479945
0.063246585
0.04269135
0.050054796
0.078894675
0.076057345
0.0664946
0.092142634
0.15780325
0.1454032
0.10141048
0.13201846
0.80040234
0.80111986
0.20789564
0.18324777
0.76953393
0.42121014
0.25902006
0.1990905
0.20621878
0.24691764
0.32467782
0.48785356
0.5150687
0.44093683
0.54925233
0.107578486
0.11614687
0.1758778
0.62415326
0.8413784
0.8606082
0.25040856
0.14856876
0.19829799
0.4345677
0.52160764
0.78815717
0.7979535
0.56918806
0.17647597
0.11443685
0.20241688
0.39947787
0.7061154
0.22854091
0.18561405
0.1732909
0.19988406
0.64331406
0.62462336
0.8170643
0.7637461
0.09467386
0.05578775
0.07106421
0.08379402
0.09240318
0.1355353
0.089260675
0.09583288
0.07130615
0.08187776
0.8982526
0.0651043
0.0641823
0.05905086
0.03353534
0.031046059
0.024813294
0.02796533
0.0682929
0.93779737
0.96595186
0.9768411
0.9750495
0.9700608
0.96464366
0.94800127
0.83534175
0.84038836
0.04537304
0.040897824
0.067879684
0.88923377
0.913737
0.0672575
0.0308557
0.029797345
0.042441748
0.08412515
0.9074873
0.09475182
0.03286196
0.029132763
0.043798875
0.0878863
0.1665172
0.19178347
0.89771086
0.18607695
0.08020421
0.07641884
0.73198503
0.88169706
0.9362949
0.5934312
0.4684877
0.8434963
0.8954604
0.8720081
0.83350426
0.89707994
0.90218556
0.78643143
0.8499446
0.923704
0.92143863
0.9283686
