0.43767294
0.36506665
0.36528668
0.4344343
0.5669163
0.4904852
0.28236824
0.24367116
0.42859903
0.62826705
0.56930816
0.63693905
0.76563
0.74348646
0.33152103
0.2460277
0.33230397
0.50981426
0.67479324
0.53226084
0.6402448
0.41739917
0.25547528
0.23338859
0.22131161
0.2696053
0.3352717
0.49704283
0.4862536
0.2524881
0.17849417
0.18288866
0.21101543
0.22870182
0.23451886
0.22565623
0.25517583
0.6412995
0.39164323
0.3301149
0.35249
0.51131535
0.5432142
0.47404885
0.41347167
0.2358409
0.20523627
0.47932243
0.49133036
0.46156615
0.5636769
0.5416049
0.5280555
0.3578898
0.33691773
0.39155686
0.37213635
0.3681243
0.22244817
0.22150497
0.2709842
0.42966187
0.76013184
0.546687
0.3124859
0.2242298
0.21639799
0.35451952
0.176176
0.34857288
0.7250394
0.7109621
0.6032763
0.6023536
0.64553136
0.1257187
0.11940282
0.075814836
0.06816269
0.10128141
0.14654267
0.20314269
0.86666113
0.8561663
0.1485157
0.1106253
0.12010808
0.72065187
0.8305146
0.8239472
0.8600664
0.77516824
0.73523843
0.82439876
0.24599132
0.07652507
0.07242892
0.66114503
0.73633325
0.83419704
0.88214314
0.8387189
0.8774461
0.22347893
0.082680926
0.059030343
0.065449715
0.056318358
0.062347982
0.15417092
0.7849996
0.31196114
0.28962356
0.5551537
0.4429092
0.18640214
0.37819567
0.7490742
0.7351864
0.5225442
0.19144297
0.13444765
0.15872352
0.61506677
0.8212885
0.8777585
0.84716845
0.24623385
0.190852
0.21103893
0.20697546
0.14894596
0.1268439
0.09229474
0.08264825
0.06979012
0.14834143
0.78604645
0.77811694
0.78774273
0.7335617
0.15686053
0.11455249
0.11072464
0.11525794
0.122037336
0.17583849
0.2863188
0.765773
0.68914235
0.32325208
0.26269686
0.27815148
0.26310354
0.23005988
0.16895366
0.12979387
0.1608425
0.6649631
0.8193613
0.8442341
0.72251683
0.6488555
0.667863
0.75814885
0.7286181
0.7681277
0.17985384
0.11612096
0.118194886
0.1718927
0.2755031
0.29563963
0.23207794
0.2628605
0.39113277
0.22824349
0.16854587
0.15146393
0.4676237
0.83052737
0.81774426
0.24195425
0.18207832
0.5438091
0.16420275
0.12763575
0.13474606
0.18158033
0.81981254
0.3177122
0.15927653
0.19027603
0.6773326
0.8653288
0.9163476
0.89317846
0.80004585
0.8170257
0.7523735
0.7260904
0.7386835
0.80388343
0.353417
0.2545088
0.26569816
0.7945711
0.17480768
0.10699565
0.095996305
0.11771977
0.6324187
0.6599488
0.32864317
0.3572456
0.790955
0.8654581
0.87665874
0.8254617
0.661043
0.79715014
0.55141723
0.5591244
0.4752936
0.42510393
0.8086558
0.7676056
0.5290817
0.47579584
0.5285768
0.64639896
0.32907653
0.40630654
0.375812
0.39344972
0.5408028
0.19873278
0.16069764
0.16872516
0.2589083
0.73682475
0.4473524
0.44356748
0.76845324
0.26182193
0.122735806
0.56760526
0.49969766
0.46698192
0.6073598
0.6959962
0.24833693
0.15427361
0.69912183
0.77521324
0.53068614
0.19451863
0.17031269
0.14532669
0.16350591
0.25586098
0.6567815
0.37164763
0.33951062
0.51985043
0.33232647
0.3850157
0.20418756
0.25786278
0.41552922
0.36178467
0.37717912
0.16556905
0.10479094
0.12764439
0.24754389
0.6513422
0.835368
0.83633775
0.65920544
0.21093617
0.23325591
0.17104919
0.13904391
0.13566272
0.11605142
0.12297119
0.10520594
0.10890753
0.09489807
0.10233866
0.11332937
0.15365565
0.80461454
0.11664061
0.071978696
0.114959344
0.7577576
0.9297668
0.9375299
0.111060664
0.02901441
0.02367995
0.01979799
0.021454647
0.051060416
0.8890301
0.911573
0.967101
0.9612045
0.15437482
0.044324446
0.023287375
0.020277029
0.025929444
0.035688266
0.77810764
0.70301735
0.77795917
0.87413514
0.27621648
0.27185857
0.17526825
0.87684786
0.06871844
0.031348836
0.028845273
0.051446427
0.9268071
0.9623365
0.9138149
0.9412234
0.059644625
0.028195895
0.026674088
0.04471358
0.8294449
0.05062474
0.028351424
0.026095001
0.022416068
0.035224307
0.06502846
0.93345594
0.93753916
0.9510363
0.20693965
0.12142382
0.05913213
0.036005627
0.03440258
0.05805851
0.06374063
0.08749038
0.08461721
0.07397961
0.06694904
0.08229032
0.13931032
0.5328781
0.60739356
0.7370637
0.15972112
0.0947579
0.08958478
0.099820025
0.679151
0.74695605
0.6412522
0.24489425
0.24232166
0.24505447
0.31445017
0.7755168
0.25770262
0.17039831
0.11307844
0.06277717
0.09224434
0.10177703
0.1299405
0.28340644
0.73943734
0.31515852
0.13735358
0.6752043
0.60895973
0.6200925
0.21172605
0.2487818
0.84044117
0.2289759
0.114725135
0.082682714
0.08396587
0.08218816
0.06845938
0.072498344
0.11870096
0.74252516
0.87393796
0.8925108
0.80150765
0.82317775
0.19247553
0.10661463
0.060171753
0.03534866
0.032587055
0.055147942
0.80998063
0.90837985
0.84531045
0.8227416
0.8764321
0.78947043
0.10446287
0.06639995
0.059191104
0.076037586
0.10600851
0.14370628
0.15242882
0.11598589
0.10684212
0.14816985
0.33528757
0.85874295
0.8978963
0.88646054
0.7941569
0.75512064
0.57104564
0.45619622
0.39226782
0.39255756
0.35242766
0.36560234
0.43186992
0.35020313
0.37670794
0.3792918
0.41689545
0.36760336
0.38678944
0.5007351
0.66943914
0.5405279
0.56745565
0.4492155
0.42664838
0.5569981
0.72215474
0.7100662
0.3060624
0.31629628
0.5028156
0.5308355
0.5440517
0.6735642
0.23876567
0.21611923
0.28914374
0.25823677
0.3444575
0.3701986
0.325414
0.34808826
0.45181516
0.77372706
0.8276691
0.7550877
0.5050903
0.42142135
0.3829123
0.5497382
0.77693135
0.86293817
0.87796795
0.8520856
0.7335554
0.8245816
0.8012991
0.19479002
0.11544957
0.09789384
0.10918689
0.6088609
0.57043767
0.51914555
0.6701551
0.7623587
0.25148112
0.18267834
0.18985896
0.27083203
0.6819863
0.5728033
0.55585974
0.6045866
0.7683029
0.8360819
0.85004294
0.8327798
0.7809625
0.6204026
0.72191197
0.53071
0.29836625
0.28503007
0.3673832
0.56711876
0.7748092
0.82380414
0.58847266
0.28357732
0.2392289
0.37286302
0.38815773
0.4132049
0.32865715
0.41142976
0.2976979
0.33405697
0.39088997
0.53138256
0.5890113
0.7893935
0.5372186
0.31001604
0.25240025
0.67370975
0.24900927
0.15687387
0.15782979
0.19400063
0.62711614
0.7655367
0.17163207
0.12132266
0.18440193
0.0746704
0.0611876
0.08402185
0.7964013
0.8343795
0.8939968
0.76663923
0.091421485
0.039241083
0.07226854
0.06890321
0.09269574
0.12853292
0.675104
0.74383175
0.2186728
0.19005813
0.15426907
0.17494404
0.2961392
0.38773748
0.45157918
0.35748237
0.33908898
0.3637287
0.40683934
0.42495
0.42572767
0.42187104
0.49296024
0.64460593
0.65844184
0.70814615
0.6601447
0.49279568
0.25659886
0.20145854
0.19831978
0.21768387
0.27366814
0.5561775
0.40577194
0.4098424
0.48678437
0.6240662
0.56912327
0.5884905
0.34889227
0.32422802
0.28663474
0.25847057
0.2032292
0.16400261
0.14203858
0.11400444
0.10646466
0.10753549
0.10841213
0.08318526
0.12062966
0.81764686
0.8093544
0.12208143
0.09939009
0.1334069
0.21522266
0.8655628
0.83358544
0.13071395
0.101383
0.73403656
0.83655334
0.8802177
0.80500704
0.8387541
0.16986248
0.14480147
0.6357907
0.62984705
0.23687704
0.11803012
0.06979308
0.08794469
0.7149451
0.8286669
0.83757895
0.24784066
0.22406542
0.7209343
0.8701692
0.907982
0.88533634
0.162784
0.13490346
0.6592153
0.77633166
0.15274115
0.12828685
0.11911626
0.22172245
0.8079948
0.90409565
0.8905737
0.7538962
0.6777499
0.13415587
0.074284144
0.051559005
0.049450025
0.7345695
0.76081944
0.82032925
0.8754012
0.8572769
0.15698676
0.10958146
0.10348995
0.09169278
0.0803863
0.14033805
0.12466991
0.107166074
0.116490826
0.13328741
0.2593039
0.20998836
0.22139277
0.15338351
0.14923725
0.07973553
0.06686807
0.11205798
0.71104795
0.851825
0.87579983
0.80432516
0.21074928
0.12183649
0.110223636
0.13211402
0.1631461
0.21186952
0.5753497
0.7136704
0.31587818
0.23692474
0.25101945
0.32337424
0.16262537
0.11438908
0.13504326
0.20738006
0.16018672
0.13488047
0.100793175
0.075498424
0.0639554
0.10603095
0.07950666
0.065716036
0.06835973
0.12343586
0.7749633
0.93679357
0.9366756
0.11686987
0.044560425
0.02749852
0.023006173
0.022578424
0.033379573
0.84551245
0.80023575
0.9686127
0.9536305
0.87960404
0.9227618
0.043777067
0.046735454
0.06859534
0.06456721
0.040249377
0.062328056
0.8076629
0.81903195
0.8667923
0.7550025
0.124598764
0.11418462
0.05629031
0.065671705
0.7953253
0.8806832
0.91093564
0.09178659
0.052783147
0.09889273
0.86157686
0.09403926
0.09321585
0.11204639
0.10993806
0.10730369
0.8322187
0.8190785
0.8517
0.8342339
0.92650706
0.9435679
0.9249572
0.92554575
0.13415325
0.07771324
0.072794914
0.081347264
0.04776818
0.040257744
0.057417437
0.1093587
0.88283277
0.18001989
0.19310941
0.8480251
0.094813436
0.08214738
0.09360673
0.10308627
0.08561925
0.11366689
0.0958653
0.07007942
0.095354125
0.15651917
0.13354655
0.11888028
0.13214259
0.16083834
0.1814308
0.7626876
0.88871795
0.9087422
0.85626173
0.57690287
0.10532315
0.08616103
0.15288755
0.7702363
0.8467777
0.7823403
0.7496048
0.83013165
0.8146697
0.41444072
0.2070264
0.14237766
0.13627055
0.14081049
0.20453162
0.58600956
0.5301007
0.6648611
0.5381246
0.537292
0.28647298
0.22563426
0.20524512
0.19464205
0.21452859
0.24777411
0.2364565
0.22119856
0.1810729
0.14984356
0.12956774
0.14460856
0.5083591
0.44794032
0.59560275
0.8647128
0.831541
0.13592957
0.093982
0.13278319
0.21401106
0.32943523
0.79537743
0.7947312
0.8253538
0.67326117
0.118198715
0.12204566
0.20354491
0.12711371
0.11401543
0.56712234
0.51481426
0.5206266
0.26746863
0.21452864
0.13845074
0.1268653
0.15929252
0.3129553
0.8671644
0.7930525
0.7546134
0.19535619
0.19584566
0.13812856
0.11355453
0.095989026
0.08120038
0.06680031
0.07567354
0.09092442
0.68679625
0.6530373
0.67901033
0.69979805
0.83855027
0.76050407
0.8419023
0.13500363
0.08533881
0.3169672
0.7498924
0.16193657
0.107081406
0.13881867
0.77154696
0.13150182
0.053296417
0.047991294
0.069872044
0.8992589
0.9467364
0.95730424
0.08735168
0.029093383
0.021852178
0.02399788
0.042060293
0.07197719
0.12930736
0.95077425
0.89849925
0.9118465
0.8796136
0.8855167
0.088433124
0.044869255
0.035757877
0.062170092
0.113885686
0.89208055
0.13671151
0.12955266
0.8889842
0.8634737
0.8138736
0.05939868
0.037192333
0.05852332
0.113136634
0.80254424
0.07657625
0.07017794
0.18698707
0.91564095
0.8787645
0.8302613
0.13691331
0.05204563
0.04319113
0.8244321
0.9225461
0.944745
0.8730659
0.8887719
0.05975971
0.029223893
0.0306226
0.04200296
0.052346084
0.06904612
0.11596749
0.86326134
0.17870687
0.13549763
0.7467736
0.77228814
0.8440489
0.19900501
0.13278253
0.13820018
0.08074043
0.07818826
0.0708919
0.07726363
0.092226274
0.106285796
0.25703323
0.770408
0.88153577
0.21709168
0.28828016
0.10214556
0.056072652
0.034272604
0.023944547
0.026723688
0.02560145
0.022002595
0.021572374
0.032023586
0.922095
0.89538264
0.97271603
0.95697266
0.069588214
0.03076536
0.023216413
0.024797814
0.030375607
0.047913667
0.048612818
0.058172867
0.09404142
0.106091596
0.23530062
0.87776375
0.85788816
0.75317615
0.7939066
0.24187277
0.20707278
0.27145362
0.86413324
0.9277448
0.9264952
0.8144743
0.8701443
0.8251111
0.15324792
0.11240673
0.1503194
0.72650075
0.6579434
0.7690651
0.5912068
0.5197556
0.17585348
0.13375607
0.16314046
0.27928272
0.18794027
0.17509677
0.35105607
0.63980174
0.7663403
0.5271644
0.41043288
0.12930542
0.11021327
0.11883105
0.22877705
0.5770428
0.8865759
0.8517718
0.6243916
0.4843852
0.1568231
0.3076651
0.2641079
0.5850697
0.20816459
0.21936837
0.30346373
0.84493196
0.8075337
0.5613174
0.43411618
0.47427773
0.50014454
0.61324805
0.78826034
0.51509774
0.46952423
0.24364594
0.6338705
0.3424333
0.23827346
0.21182747
0.14407618
0.17379422
0.18686858
0.3097094
0.55309415
0.7802554
0.30827895
0.2029764
0.16685392
0.3567524
0.4541731
0.68859535
0.6473375
0.7495004
0.5821476
0.6671786
0.251588
0.18279657
0.25735167
0.59103125
0.31924918
0.3179727
0.40559667
0.30363968
0.27772406
0.50063545
0.16381079
0.10030463
0.05958452
0.05605731
0.1326663
0.773359
0.89168817
0.86101526
0.91799015
0.89819455
0.6636542
0.5766225
0.15544492
0.071693
0.055379584
0.08983728
0.17849895
0.6987239
0.2229916
0.20755385
0.23239301
0.30062208
0.42529938
0.810653
0.83166474
0.659976
0.5823145
0.7750027
0.776824
0.45776406
0.23997498
0.18027753
0.5087885
0.5958423
0.8098287
0.8385878
0.7103508
0.7068073
0.20892896
0.15649651
0.21249534
0.46489868
0.59932935
0.3328565
0.30950272
0.29314613
0.26682585
0.23852566
0.24156064
0.39603028
0.5304408
0.49247622
0.2738037
0.2194692
0.2774577
0.39347875
0.18628405
0.21659532
0.25109395
0.256014
0.20670821
0.3833853
0.2436168
0.49828693
0.4832151
0.62689465
0.7591053
0.486873
0.50651205
0.40831503
0.4187789
0.47083655
0.7892373
0.75048214
0.21620652
0.14393564
0.12908618
0.38277084
0.17106222
0.24108942
0.6885707
0.8614288
0.9011776
0.8786084
0.69485414
0.6611855
0.7523233
0.58013624
0.19946909
0.16819613
0.6861898
0.14694014
0.16865867
0.36644566
0.79368037
0.8078145
0.5696256
0.130397
0.11982747
0.11047631
0.10262222
0.655314
0.61936706
0.13988805
0.22344756
0.07457686
0.042466104
0.056076866
0.0812879
0.03524413
0.029135348
0.058092233
0.8816548
0.9197595
0.94042575
0.86294866
0.06354066
0.023879236
0.030342251
0.03545241
0.05059424
0.063371025
0.060552716
0.07593831
0.117061764
0.66595155
0.12039269
0.0911353
0.16472137
0.16691187
0.52407694
0.5567016
0.6458426
0.7717114
0.17172725
0.08514442
0.0957709
0.080190174
0.068697385
0.05689572
0.0646001
0.10809587
0.7695216
0.8847889
0.8945299
0.11646086
0.040800214
0.03407561
0.063082404
0.60138834
0.14942844
0.7656129
0.89065385
0.9401495
0.090690725
0.031529114
0.022152275
0.0224709
0.019967144
0.017650947
0.019864684
0.05074819
0.9422773
0.9243704
0.9364267
0.9474769
0.048661403
0.021629045
0.019744253
0.04652302
0.042779647
0.034094986
0.030655008
0.045885216
0.1030705
0.83203447
0.12467194
0.060756106
0.0740605
0.12651153
0.8788136
0.7852731
0.104046315
0.09940187
0.112443835
0.15079167
0.19981757
0.6789877
0.11920379
0.09812782
0.08565765
0.7320789
0.8172044
0.85105014
0.23092806
0.11914314
0.08192323
0.1232684
0.69303685
0.7959006
0.74196625
0.83252096
0.7827974
0.8272691
0.31495762
0.2201424
0.21290527
0.3279121
0.7226858
0.5569039
0.5865079
0.7531652
0.7501888
0.86989087
0.86608267
0.25725845
0.0968512
0.036504768
0.035919115
0.032272484
0.04315332
0.044871673
0.88828534
0.9661478
0.9802418
0.9635433
0.91564554
0.07248689
0.025501864
0.024537772
0.031211477
0.05657255
0.07886737
0.13992369
0.62257123
0.18564346
0.13109274
0.5573616
0.24157628
0.31580925
0.4841057
0.88345987
0.7761802
0.2798097
0.10307449
0.17176796
0.88235116
0.8717492
0.72320616
0.070697345
0.07879544
0.09466812
0.12204865
0.12626225
0.15312757
0.62583643
0.2664213
0.27748016
0.5659665
0.60194546
0.7245913
0.506139
0.28423107
0.2669318
0.34300995
0.47809452
0.7614228
0.71604043
0.4220806
0.28672066
0.37275755
0.2690743
0.3800549
0.25657138
0.22690016
0.4618901
0.3805039
0.34179074
0.45024455
0.31189588
0.43443444
0.51441455
0.52277553
0.31454453
0.28163904
0.37340927
0.4725391
0.30272585
0.23408826
0.16253379
0.2133287
0.3897138
0.6118773
0.8066511
0.28534147
0.15971729
0.113578655
0.6645382
0.5087578
0.66671073
0.12802075
0.053661183
0.08140981
0.76591045
0.93203133
0.9422406
0.89937085
0.15381245
0.06185938
0.054416977
0.64448583
0.3710262
0.7651754
0.24098933
0.14267848
0.1409196
0.6072277
0.67618287
0.2852724
0.23934008
0.23922049
0.36831596
0.75405884
0.79784656
0.5706771
0.3517192
0.33212098
0.24714097
0.27101687
0.5191356
0.6101366
0.8017728
0.8380236
0.74238086
0.7419552
0.60704225
0.47658333
0.16099147
0.14493647
0.16778447
0.20981397
0.28147048
0.6095835
0.3804987
0.395262
0.35765043
0.31179953
0.2869934
0.27539876
0.33576888
0.35753548
0.42469376
0.6075317
0.26371202
0.24997465
0.26353034
0.3597313
0.4414051
0.58698905
0.56727314
0.4060464
0.43609625
0.2529459
0.24050932
0.26550075
0.34799573
0.6113236
0.25228605
0.3661664
0.560173
0.7465782
0.69434327
0.819171
0.7929145
0.6035228
0.106431395
0.07702403
0.11115257
0.19473505
0.16367064
0.121544555
0.116440386
0.12483075
0.09395687
0.06565116
0.05311283
0.054048516
0.057817534
0.050190873
0.03796164
0.034654997
0.06682931
0.16560668
0.8150666
0.84552914
0.85153866
0.13493164
0.09443198
0.091574565
0.73946697
0.059000935
0.031076122
0.0256672
0.031067953
0.03690739
0.06169582
0.13980547
0.8557538
0.90312153
0.19988325
0.06936833
0.042046078
0.08700734
0.13616171
0.64453375
0.23786765
0.277169
0.18193722
0.6865761
0.07276936
0.053177714
0.037829716
0.03379034
0.047319204
0.05529331
0.048037924
0.032733418
0.029151162
0.05252598
0.8574824
0.055442773
0.043439396
0.8725227
0.9609054
0.9773014
0.96142006
0.85401493
0.025959067
0.015537921
0.015317613
0.021132179
0.036073696
0.058311198
0.08487876
0.09851204
0.08143928
0.09387782
0.24587256
0.78621346
0.21822147
0.5676146
0.08133839
0.116102524
0.23041433
0.71301645
0.64063704
0.5755188
0.09908719
0.20010756
0.21337582
0.6960164
0.785878
0.6636317
0.68384796
0.2927355
0.15616216
0.2516301
0.77081424
0.14793965
0.085244484
0.07644424
0.29781732
0.27807942
0.8108495
0.88442963
0.7403157
0.7071946
0.103493385
0.070432976
0.083119236
0.08182563
0.13730094
0.7466064
0.831158
0.38951698
0.23196103
0.22562598
0.81519663
0.8474816
0.7484588
0.85444456
0.83845866
0.7496563
0.31650683
0.17926876
0.13137239
0.14847657
0.2001793
0.2950409
0.47532237
0.29666832
0.32849059
0.31437975
0.26613092
0.2623892
0.32572347
0.3517129
0.5967868
0.8148822
0.8830618
0.86994225
0.80308175
0.18457597
0.11764351
0.13361055
0.19518611
0.5947565
0.6705978
0.86202914
0.8460233
0.6021889
0.593918
0.7259279
0.6289519
0.59270746
0.30414528
0.21436232
0.22168143
0.3155772
0.7956332
0.79631686
0.66903657
0.71843034
0.65890086
0.6591985
0.80287635
0.8458475
0.81668955
0.37416705
0.26357937
0.5708877
0.23771276
0.2592953
0.14956824
0.13341896
0.6451261
0.7187052
0.8907788
0.92239094
0.3080753
0.11673661
0.08835084
0.74440145
0.8351642
0.7942017
0.858679
0.7379532
0.7678518
0.16698913
0.12285912
0.11965225
0.531956
0.46530336
0.49790844
0.5305744
0.6763757
0.2934932
0.23343815
0.21430138
0.41597047
0.37814027
0.4487015
0.5758789
0.52932125
0.52421075
0.39364263
0.43639427
0.2567677
0.2940816
0.5382643
0.55260813
0.43164328
0.530765
0.10241113
0.14097382
0.11285858
0.13320565
0.13169539
0.1716839
0.2371644
0.2889354
0.8992443
0.8594931
0.90883076
0.88823587
0.091963984
0.072412126
0.0608879
0.085774936
0.10527794
0.13819914
0.15981317
0.37172624
0.8187988
0.7669089
0.5436236
0.5581261
0.7235211
0.6930042
0.46339074
0.4705827
0.5800172
0.39891437
0.2548939
0.2425685
0.59131527
0.65895367
0.6511665
0.55949974
0.42780596
0.2612786
0.2325582
0.21510264
0.25801176
0.19854473
0.34445047
0.3244981
0.42876977
0.73681533
0.7123501
0.2899789
0.25594908
0.21010765
0.15153384
0.5881916
0.55540335
0.6206764
0.7175644
0.48735312
0.56104285
0.512028
0.29592368
0.43263897
0.38613746
0.4852709
0.25091755
0.26388386
0.19705966
0.26393375
0.5203487
0.6334548
0.52073467
0.5971432
0.41417426
0.36701548
0.33789682
0.45092753
0.30778527
0.28910285
0.2709368
0.52424055
0.4955646
0.3676342
0.30990288
0.2521291
0.24051267
0.22812632
0.2620494
0.28610575
0.26123694
0.27387586
0.1860611
0.3200522
0.40368307
0.6249365
0.3872789
0.36871082
0.3801475
0.57669485
0.28698513
0.2033162
0.283974
0.4833098
0.794087
0.8195525
0.7326359
0.42036492
0.3238275
0.37584013
0.27832198
0.23229815
0.23564963
0.39554176
0.70167255
0.71588284
0.595341
0.69143134
0.61340386
0.66179407
0.47653303
0.45784616
0.5965187
0.44535214
0.23297694
0.24494782
0.27076796
0.22140297
0.19142194
0.23225379
0.30625117
0.3701687
0.73608583
0.7334946
0.5509859
0.23696049
0.20360331
0.23058307
0.28754133
0.3567922
0.72571075
0.7173615
0.74255407
0.83202356
0.82978123
0.5319639
0.49323124
0.41684413
0.3161832
0.4713732
0.6382358
0.7860686
0.15955588
0.124959536
0.20931764
0.13129966
0.11016257
0.08800153
0.061584473
0.076780096
0.11970741
0.928594
0.94216835
0.93746036
0.15369305
0.14836961
0.09784233
0.8701887
0.9313978
0.93788296
0.90731776
0.09728666
0.045734286
0.07739804
0.68294114
0.7541434
0.56890315
0.22562602
0.25770473
0.819499
0.72082007
0.35347372
0.12092435
0.11409735
0.10600417
0.094209574
0.1852702
0.19878115
0.70844716
0.7719643
0.21811813
0.18671778
0.11839272
0.15679228
0.24951951
0.14979117
0.10433364
0.107960075
0.598249
0.674234
0.67962354
0.12549226
0.12551378
0.054140106
0.046724394
0.12283467
0.22296639
0.9018584
0.91163784
0.1304203
0.070027485
0.07114768
0.12008938
0.9182988
0.93467164
0.16526741
0.08199981
0.0488546
0.057091236
0.044045486
0.03305414
0.02688646
0.027649583
0.04056866
0.06560655
0.1052124
0.9304664
0.124758095
0.061226137
0.8568534
0.85476446
0.95773256
0.95528305
0.15176375
0.09157949
0.8583963
0.9090518
0.12946786
0.031888578
0.02251778
0.025946558
0.039690077
0.08548198
0.8636496
0.8588666
0.11415021
0.043347176
0.034027148
0.06997018
0.12585598
0.12708007
0.069500946
0.053747166
0.057153165
0.05745436
0.05495955
0.076964535
0.10401538
0.14799379
0.31467107
0.9180911
0.865994
0.68019676
0.13977817
0.09030049
0.06784901
0.08139759
0.08199348
0.061894752
0.066151045
0.20213144
0.2959064
0.9151361
0.9204301
0.85479575
0.8531332
0.88657457
0.83630913
0.84877944
0.2417339
0.124195814
0.09483029
0.09314047
0.10171797
0.13508749
0.623823
0.67448753
0.7798594
0.53106344
0.2901822
0.243625
0.2577836
0.41407958
0.25369322
0.19217695
0.417952
0.7609013
0.7938403
0.713999
0.5143246
0.29974294
0.22284149
0.246602
0.34795183
0.38164374
0.1975141
0.15579925
0.119158745
0.10204164
0.102578096
0.20926335
0.74347717
0.9074028
0.8894778
0.70465076
0.61584395
0.19163467
0.13464576
0.13178955
0.25914127
0.37418574
0.26136163
0.46288955
0.44780847
0.41207543
0.44640964
0.6044043
0.49927753
0.55422014
0.7011615
0.6144188
0.43371904
0.41753832
0.2154903
0.16524556
0.48267516
0.46653813
0.73813844
0.71320164
0.4797373
0.43496934
0.4747272
0.3680132
0.44179702
0.21821435
0.17094876
0.24471627
0.4554898
0.3219916
0.27191004
0.3987069
0.43182454
0.3589255
0.38196337
0.48682672
0.3912857
0.37241548
0.38259766
0.4737046
0.32375467
0.27735826
0.38375086
0.485225
0.62220263
0.5661018
0.65617174
0.32409924
0.43558004
0.22272608
0.25847033
0.20248397
0.17449646
0.24750721
0.39766085
0.88111264
0.865638
0.7427595
0.6969488
0.6897623
0.80878
0.80903435
0.6312518
0.1904768
0.12727302
0.106278
0.094940394
0.11368945
0.17489815
0.5330402
0.40061295
0.77163637
0.7604706
0.5741626
0.6544422
0.4750114
0.35375786
0.2610341
0.42064574
0.35577598
0.37376526
0.40288973
0.57087207
0.71536446
0.3014273
0.20805483
0.1811155
0.17447485
0.16846761
0.20288055
0.25354168
0.34945726
0.7909578
0.6907956
0.53408694
0.6905905
0.50565284
0.5001086
0.55754846
0.7721924
0.83664346
0.8097278
0.59145546
0.6893279
0.26613858
0.21593396
0.20711295
0.2249214
0.23955585
0.3300012
0.5488087
0.5881497
0.63391185
0.6584323
0.61169785
0.62221086
0.62529624
0.62558454
0.3957356
0.3712468
0.40739095
0.45425206
0.48941162
0.73107713
0.20385198
0.15993874
0.20668232
0.6061756
0.21987596
0.20651431
0.15455371
0.15036866
0.10477528
0.10051616
0.11278017
0.14700069
0.14530666
0.114372075
0.12612611
0.11459654
0.11639676
0.12206682
0.13163173
0.08547457
0.08549644
0.70234555
0.17683633
0.13825013
0.12880817
0.17645636
0.60905236
0.21604222
0.5395422
0.19741179
0.19276695
0.7800076
0.13982533
0.11451485
0.15988688
0.18797088
0.83377653
0.6698553
0.68248194
0.5539285
0.12591968
0.13225499
0.7641907
0.87894565
0.087956026
0.039350037
0.025486587
0.04957964
0.0737102
0.10720982
0.9154474
0.94830215
0.9674567
0.06985628
0.020703409
0.016099248
0.012416112
0.013957881
0.024778819
0.059111033
0.04778907
0.9629545
0.9489437
0.951437
0.96690816
0.10400771
0.03279257
0.025106974
0.024409734
0.025561698
0.029776521
0.06183322
0.049692716
0.052166484
0.07911869
0.11825339
0.07788134
0.06639567
0.08389506
0.8335478
0.86780065
0.16714288
0.16013816
0.74809265
0.7679725
0.8079234
0.88674635
0.9146298
0.5784722
0.5165333
0.88384336
0.10727726
0.0927059
0.100099735
0.10268505
0.62902963
0.2388029
0.6931533
0.28864795
0.29619536
0.3038233
0.29331338
0.7674109
0.122743696
0.11636388
0.128619
0.13191415
0.14632395
0.17415299
0.13479917
0.12014124
0.13375576
0.15166844
0.18643226
0.75991935
0.84726566
0.8234551
0.21874902
0.1922021
0.68738633
0.1221328
0.097183645
0.118169226
0.046868827
0.029691143
0.03335173
0.095927514
0.87487227
0.9691892
0.9634588
0.88923407
0.8397319
0.040951975
0.031783264
0.029358707
0.04656385
0.063609466
0.092106745
0.09643448
0.06866469
0.17353398
0.7413499
0.8160125
0.62861407
0.41753224
0.25632456
0.18391745
0.23041835
0.19661471
0.21444446
0.48576
0.32329994
0.2801017
0.23921499
0.4900395
0.44114888
0.30390614
0.29509485
0.46932456
0.35753444
0.31366488
0.34580657
0.36878017
0.5641121
0.4865682
0.31493422
0.4844971
0.2795339
0.21764585
0.20712744
0.1856641
0.10590211
0.15642117
0.61021256
0.5743049
0.122034244
0.088950805
0.08099004
0.0652531
0.045369335
0.047299556
0.08600198
0.7114193
0.926769
0.953157
0.920354
0.85360384
0.8653318
0.82684886
0.8208876
0.9099213
0.87652767
0.7081205
0.11146062
0.09359837
0.102187686
0.10185626
0.110075936
0.13532835
0.12952301
0.59457386
0.72389954
0.24311435
0.48625425
0.80273736
0.7738628
0.52238137
0.39948156
0.378786
0.13256627
0.09949659
0.083439134
0.106022835
0.24062006
0.60289615
0.8993384
0.7313829
0.6470298
0.599794
0.1661209
0.1382058
0.09908281
0.07912441
0.09170775
0.13546292
0.21424451
0.350471
0.25903785
0.39584944
0.20617726
0.17318793
0.21221197
0.18199553
0.21347506
0.7670455
0.14537539
0.11561833
0.11627685
0.16085769
0.83269286
0.12988509
0.06110867
0.06712844
0.094020374
0.90368795
0.9173186
0.82571954
0.7189759
0.059284538
0.05152259
0.17671481
0.25245732
0.90225464
0.292706
0.10021719
0.066526756
0.10926298
0.16148353
0.11612384
0.092553
0.097199574
0.12871213
0.19354774
0.88619816
0.0931451
0.05839869
0.056479618
0.06281492
0.8193448
0.8824947
0.09999184
0.045352396
0.08536304
0.11245902
0.8762914
0.93425363
0.7970947
0.8060957
0.05789851
0.030231647
0.043673303
0.054902285
0.8319778
0.8841204
0.13165672
0.06149498
0.19615781
0.22505319
0.68065053
0.12573987
0.122257724
0.07263913
0.80699545
0.90672773
0.9547775
0.9366738
0.12885746
0.0702375
0.14673929
0.0809947
0.0618306
0.05046083
0.066825025
0.26685205
0.8353733
0.9131942
0.80202734
0.097800516
0.13458008
0.18477054
0.16322245
0.14699626
0.066411875
0.061320443
0.05893021
0.0430481
0.04581332
0.04774232
0.040123772
0.034048673
0.035796154
0.06875547
0.78772664
0.9559463
0.9559031
0.8895788
0.8689628
0.86402565
0.9145904
0.1470753
0.072359815
0.038406633
0.032239642
0.032939833
0.06874173
0.14712921
0.123046495
0.10085461
0.110307485
0.6595275
0.2967347
0.31408465
0.8840853
0.92099714
0.11154869
0.06747906
0.08029688
0.17448963
0.8163959
0.93686265
0.9496167
0.9384046
0.87322
0.6596048
0.6462924
0.6845323
0.81486773
0.6581677
0.16020371
0.10128273
0.0743323
0.10381927
0.49258786
0.4568837
0.30007485
0.51069003
0.7779178
0.90337896
0.85152483
0.28612944
0.3550434
0.16867286
0.12286667
0.11864183
0.23517148
0.20610923
0.3613423
0.26211858
0.29947862
0.15264523
0.08340603
0.056662835
0.059184507
0.09629599
0.76383543
0.91614276
0.93124145
0.28944507
0.32203063
0.77321935
0.7893028
0.8151138
0.8375947
0.8822115
0.8569689
0.88005704
0.27965647
0.22329238
0.7545036
0.7974206
0.7032061
0.13108863
0.07145455
0.04739261
0.111604095
0.12283503
0.105296694
0.15924506
0.17513843
0.23569386
0.5563173
0.439432
0.39904076
0.44538933
0.69082
0.23225595
0.18862216
0.23158836
0.53080934
0.3384233
0.41533187
0.28921673
0.27034935
0.22361855
0.23943473
0.083069
0.06588118
0.057216205
0.05541251
0.073312044
0.11973882
0.060146004
0.050203253
0.080338895
0.045726854
0.05847682
0.033039834
0.027333384
0.024781527
0.023263335
0.021520564
0.01976428
0.018833674
0.019078758
0.020215143
0.037878
0.8497643
0.97942287
0.9860746
0.9488895
0.91499394
0.952819
0.035386696
0.018712362
0.014928007
0.014809335
0.01717658
0.03286486
0.1136601
0.9164474
0.07003405
0.033145323
0.051477987
0.1049441
0.24051933
0.18059991
0.07862565
0.053480517
0.07145433
0.8269915
0.81882185
0.85266787
0.8323141
0.8478697
0.058588292
0.030130854
0.04105984
0.07525425
0.12002703
0.8848392
0.89589643
0.93348944
0.91426855
0.86465937
0.1280738
0.078800745
0.082327485
0.09502224
0.14307074
0.7796373
0.5501412
0.48703703
0.43412718
0.29033673
0.39024666
0.23400149
0.14997682
0.19851585
0.15811954
0.14698075
0.188047
0.6216808
0.6733623
0.7306266
0.86753273
0.27905765
0.3240609
0.2685704
0.102585755
0.08099481
0.06693977
0.06636514
0.83296657
0.776174
0.8635799
0.8843497
0.2315328
0.22153655
0.15370952
0.8024676
0.1334995
0.12284772
0.12552649
0.11605157
0.53436655
0.5118697
0.47522688
0.16400836
0.15880999
0.24807394
0.65055704
0.77549237
0.6449189
0.31206918
0.24539529
0.19640161
0.1407626
0.16413058
0.27708194
0.24386448
0.3388471
0.28044152
0.2131208
0.12715344
0.20245723
0.13746426
0.17203887
0.28931847
0.27753475
0.34149125
0.3730008
0.49921066
0.4509277
0.21120667
0.20083404
0.74600375
0.4660901
0.75531566
0.72544515
0.07966869
0.06117762
0.053597827
0.05249183
0.046804007
0.050367486
0.06198427
0.05900244
0.05603858
0.066089004
0.10623155
0.80056447
0.90901935
0.31259564
0.31694132
0.8417701
0.26322234
0.8086884
0.8714506
0.8482302
0.8574857
0.28897747
0.79825044
0.28699434
0.15046245
0.7687915
0.088995725
0.070707634
0.08574085
0.076419
0.061759062
0.10396196
0.16893624
0.9005785
0.08441326
0.052785896
0.05138374
0.18472518
0.24229285
0.8514395
0.91490746
0.85710585
0.115225695
0.049368106
0.0450389
0.0725328
0.8501698
0.82394373
0.06028478
0.031056521
0.025074355
0.02392482
0.024253923
0.02644111
0.02711941
0.023479903
0.025011016
0.031872343
0.069541745
0.09250219
0.9562943
0.9734708
0.9751858
0.97520864
0.1472252
0.032416508
0.019233925
0.018456401
0.024097864
0.08793145
0.92811346
0.8689916
0.052223824
0.024865942
0.02085681
0.021423891
0.028324697
0.05914561
0.88643086
0.9135291
0.069996454
0.04486742
0.08772133
0.2232487
0.93391746
0.2056698
0.09209727
0.051484637
0.045217723
0.10156179
0.7537954
0.88467276
0.8920851
0.32986206
0.34099153
0.35320643
0.8932363
0.8179739
0.92119014
0.9268385
0.12229571
0.051989704
0.03337903
0.033327777
0.07221116
0.82270783
0.91911167
0.9447954
0.9132493
0.7518079
0.7879674
0.87866366
0.8562085
0.8535
0.8422128
0.8895304
0.20186393
0.10088848
0.06899523
0.095993966
0.086100735
0.7938602
0.8895739
0.91944075
0.85783654
0.2230973
0.2254835
0.26010883
0.50460166
0.13782331
0.120347135
0.11909108
0.15512075
0.61199015
0.7076598
0.644706
0.7209494
0.44736576
0.577637
0.40864614
0.26111108
0.21527971
0.24018824
0.23150697
0.2727073
0.30531678
0.10554093
0.09816831
0.10246896
0.113502376
0.14853802
0.06869316
0.045604486
0.06551053
0.1773329
0.87551886
0.8892994
0.9432704
0.2559701
0.0937894
0.046828434
0.041347794
0.042158034
0.05474057
0.6522107
0.6721314
0.7350787
0.85593706
0.5801289
0.3463896
0.3334493
0.30313027
0.31178293
0.117658325
0.11233022
0.09175825
0.09532747
0.1708773
0.9141216
0.9028332
0.83589613
0.86486083
0.71603996
0.74973357
0.7966959
0.07979048
0.11793521
0.122955985
0.06720492
0.09905381
0.11780768
0.20497397
0.7736287
0.8764487
0.31736362
0.36306867
0.15697047
0.093447655
0.049592566
0.052269008
0.115371026
0.14561847
0.79274476
0.64393175
0.21209563
0.159023
0.7734892
0.73085886
0.91033006
0.24907489
0.06420526
0.027916012
0.029847225
0.037723515
0.19996463
0.88926655
0.8620277
0.87229353
0.9264385
0.15160747
0.07591684
0.039707676
0.08194868
0.09695642
0.12266216
0.8376051
0.86075073
0.16849631
0.14587073
0.8006186
0.8890251
0.8918714
0.14772983
0.091290094
0.107327394
0.14296384
0.20471922
0.7867621
0.3744609
0.4583506
0.5770989
0.8042312
0.6777267
0.63444334
0.7648996
0.7038066
0.42565852
0.2216095
0.270456
0.27386293
0.5540809
0.63970774
0.46348062
0.2102819
0.18458113
0.30730122
0.45463294
0.64541715
0.57783115
0.36193648
0.36209017
0.7160358
0.87092024
