0.7587547
0.61904746
0.59988165
0.6266086
0.76015687
0.7014197
0.8019255
0.73301095
0.7566836
0.60243493
0.6032492
0.79384285
0.8148372
0.6785962
0.7872927
0.5105928
0.22311422
0.14718065
0.12907754
0.13141938
0.15183239
0.18291402
0.16584624
0.14754972
0.16304022
0.2894251
0.6381569
0.7429699
0.8584683
0.6778504
0.7767245
0.62410927
0.21317223
0.16839127
0.15532117
0.16217586
0.19329411
0.15203288
0.5621236
0.29558015
0.38252157
0.8431749
0.74216944
0.7282947
0.115661845
0.11133817
0.06461052
0.0517777
0.08701076
0.16573137
0.93122315
0.9441933
0.10552093
0.09689696
0.081072025
0.068611175
0.07432964
0.13491759
0.21447417
0.917455
0.87863576
0.80914235
0.7780625
0.8414444
0.7463208
0.77674454
0.7860073
0.7804886
0.82487243
0.90231717
0.92375827
0.19244443
0.11253088
0.057409987
0.065599225
0.10057204
0.08851791
0.11554547
0.7438131
0.07313608
0.050388806
0.0926482
0.78979623
0.25816467
0.2559934
0.2829614
0.82714593
0.84006876
0.8384211
0.8780899
0.22032389
0.1050418
0.06992283
0.06340949
0.07492466
0.0991372
0.11742981
0.107526
0.21360934
0.21737462
0.24432887
0.68877685
0.34118694
0.7138837
0.85518396
0.89116514
0.84283787
0.66177547
0.60877323
0.5400642
0.24814692
0.5746373
0.145972
0.14049543
0.19014378
0.8133723
0.1442637
0.10974859
0.10234126
0.087105416
0.056380685
0.042534493
0.05189876
0.11468129
0.93212026
0.23251629
0.0484755
0.025428092
0.021193864
0.02107804
0.020428473
0.020278815
0.020026099
0.032866806
0.9448445
0.9482847
0.9578565
0.9380816
0.95171064
0.04228295
0.020924192
0.020569557
0.027572418
0.06855398
0.8094055
0.0666574
0.034067955
0.05874945
0.0950477
0.7866033
0.12904601
0.1006082
0.7225442
0.74006677
0.10790381
0.09339536
0.12005784
0.15045324
0.151473
0.1669456
0.84500855
0.6862605
0.8180481
0.79878557
0.14991362
0.09644681
0.10551336
0.6050364
0.23837224
0.27491912
0.3631026
0.7584737
0.6830992
0.15903978
0.16129893
0.12525676
0.63370323
0.08100422
0.09783377
0.21062508
0.89632404
0.8741098
0.9116976
0.7505453
0.10571901
0.0516368
0.06116976
0.62740844
0.09630815
0.10705569
0.11822195
0.65423125
0.6768192
0.4059222
0.43587744
0.42558274
0.6907054
0.16530623
0.1358138
0.1637581
0.65446573
0.7707023
0.79532367
0.81370056
0.20502102
0.1152378
0.09513225
0.08275791
0.08215528
0.110875435
0.872719
0.110902414
0.069316894
0.08718976
0.8798107
0.1116186
0.052486565
0.07346504
0.05244418
0.0597855
0.07004568
0.07825622
0.8224285
0.070008
0.05660127
0.09450914
0.15669435
0.8895822
0.23266992
0.11961274
0.8425091
0.8760767
0.90111834
0.8889019
0.9085376
0.14323317
0.16842173
0.86611307
0.08979888
0.047104377
0.036422897
0.05917287
0.83374745
0.8176946
0.10763689
0.13395438
0.19067574
0.86664844
0.85044956
0.08613201
0.049417127
0.05249325
0.082040615
0.80121547
0.07266474
0.050368723
0.06803153
0.05287634
0.050380066
0.06629284
0.09338944
0.11869553
0.13729616
0.547971
0.24924508
0.18933038
0.26655084
0.72933763
0.74177665
0.7067419
0.8085916
0.45187306
0.42259187
0.39362028
0.8363934
0.8394343
0.8310667
0.8110404
0.83050245
0.86285836
0.84885067
0.836026
0.74141604
0.6595088
0.56178606
0.60776746
0.62448555
0.6336846
0.7630813
0.8280648
0.83040166
0.88241154
0.9046438
0.9011293
0.87371707
0.8195864
0.17137991
0.13087593
0.119639456
0.11720795
0.15373886
0.22247246
0.82712454
0.91188043
0.9238141
0.88156915
0.23008072
0.14537585
0.11367281
0.12537746
0.13287541
0.18653834
0.79130614
0.13388962
0.08168337
0.08380773
0.055681035
0.057719767
0.10948314
0.12354044
0.16638795
0.8763711
0.9365637
0.06536433
0.042605776
0.07145882
0.04183941
0.031919822
0.029026276
0.02879598
0.030564414
0.040268846
0.08503711
0.9387503
0.12545055
0.05251374
0.028885454
0.02216278
0.023113191
0.04573149
0.082053624
0.96412504
0.9764198
0.9694494
0.9453269
0.9318007
0.032225482
0.016588658
0.013778645
0.01624986
0.029250836
0.05639654
0.11528257
0.91881233
0.26075065
0.9010107
0.8129971
0.7795145
0.7998993
0.8138291
0.76072145
0.061871964
0.034093767
0.030191923
0.034823745
0.05042438
0.082455084
0.10546154
0.12616631
0.13443348
0.7089122
0.7514225
0.7589206
0.84806055
0.12478655
0.104597196
0.14155199
0.7121739
0.8125465
0.73498744
0.6864066
0.6762098
0.74359024
0.86296576
0.8667793
0.2880069
0.30188346
0.72400475
0.11388841
0.09822222
0.67659074
0.07397572
0.03610253
0.033019822
0.060063478
0.89022195
0.967839
0.972401
0.9600652
0.074087396
0.031817324
0.03433547
0.044071015
0.050988827
0.0730444
0.7523037
0.14640048
0.10709248
0.649558
0.6944917
0.6977222
0.6719155
0.59061146
0.6090603
0.6329288
0.6451247
0.20879926
0.11612912
0.095130645
0.62704337
0.60893726
0.66574013
0.53976643
0.48385587
0.32591456
0.2974797
0.3350999
0.28444177
0.4241442
0.36510423
0.66404784
0.2312022
0.2521343
0.51770097
0.6725481
0.606212
0.7457962
0.6575069
0.7025152
0.25372267
0.22850288
0.21489419
0.261784
0.29984105
0.33081087
0.41174394
0.49800336
0.488263
0.37557635
0.43031698
0.7414859
0.76674205
0.67449135
0.7879339
0.76128924
0.22832619
0.16026719
0.15883714
0.39788613
0.49000266
0.6808572
0.16600786
0.32278967
0.2770243
0.36706686
0.7705206
0.733863
0.906804
0.89630204
0.74652475
0.64618856
0.613181
0.115947455
0.11736807
0.120448574
0.13358524
0.580392
0.35868487
0.4549638
0.82119125
0.771208
0.7778845
0.8325167
0.75761396
0.36972895
0.353304
0.17076012
0.14102355
0.10874773
0.13379778
0.16607396
0.2888728
0.9152906
0.937028
0.9111965
