0.06285114
0.04036409
0.034626473
0.033940136
0.039232925
0.07631031
0.14794615
0.9299625
0.94671535
0.074171394
0.037436232
0.03706578
0.059645202
0.9137941
0.84455144
0.8708595
0.86852294
0.8551287
0.86816275
0.8605101
0.9338358
0.08234575
0.06657076
0.044202227
0.055083312
0.85072726
0.060014993
0.034120433
0.02887507
0.036227256
0.09502334
0.9294997
0.91348106
0.8666972
0.8904839
0.881523
0.91684675
0.89167935
0.07050684
0.03366694
0.029643873
0.04645701
0.06615888
0.866814
0.8243833
0.7849957
0.802204
0.8899645
0.08857322
0.040723465
0.026966233
0.024638783
0.041392237
0.9290707
0.89473635
0.9426539
0.9012442
0.9631137
0.9493214
0.9129531
0.039493173
0.022991247
0.020071598
0.021107394
0.027016032
0.032903075
0.030367682
0.023572857
0.023268757
0.025999377
0.033612013
0.04944065
0.89473903
0.8673068
0.9171833
0.91367555
0.94238776
