0.89627206
0.81805384
0.9057667
0.93317556
0.8906974
0.81539834
0.14460668
0.13654086
0.22277966
0.8951451
0.9274897
0.95180386
0.93828136
0.9215893
0.27940804
0.20529427
0.23577711
0.84790355
0.81836015
0.8812555
0.21167555
0.12084207
0.14205758
0.73376405
0.8483632
0.77677774
0.16507807
0.18150952
0.89014244
0.13402978
0.062119704
0.032451935
0.025132798
0.021240221
0.019651309
0.019001078
0.03118932
0.9472828
0.9727112
0.98779684
0.987932
0.983536
0.9650446
0.9087465
0.03401238
0.019486634
0.01822124
0.023836907
0.021108203
0.024339607
0.046503644
0.84524053
0.42182437
0.7827346
0.15577468
0.16824582
0.79599
0.87234265
0.8651531
0.85227734
0.83397245
0.084821284
0.08374619
0.06689875
0.094361745
0.113957286
0.905606
0.9371681
0.060552374
0.027689148
0.022469938
0.02124928
0.021569688
0.02235149
0.02379784
0.024140865
0.02447108
0.023622572
0.022904139
0.021893114
0.02080159
0.02019406
0.01951575
0.019030677
0.020113077
0.02345286
0.033663318
0.05366954
0.9410126
0.7435327
0.9530513
0.9499737
0.9523358
0.95086896
0.9491263
0.93875545
0.8894867
0.29479346
0.9052329
0.06720812
0.03949625
0.035418257
0.053211022
0.85966116
0.053265315
0.027301028
0.021213276
0.020021884
0.021587657
0.026080947
0.09192062
0.963331
0.9695609
0.9714376
0.1514821
0.045302283
0.032144673
0.024764923
0.020735325
0.025578354
0.037290998
0.061328005
0.8692002
0.94023126
0.9582506
0.93777734
0.88334686
0.88710606
0.083634764
0.06233048
0.04679908
0.065822795
0.116765656
0.78391486
0.81512034
0.8020608
0.8308327
0.8351155
0.8488359
0.86968976
0.85516745
0.8823765
0.91047317
0.9014315
0.8518766
0.7470119
0.11424777
0.08049994
0.08013387
0.09222038
0.11061677
0.09811666
0.8119123
0.8532483
0.8048309
0.7216434
0.25260717
0.74440646
0.16765507
0.15286067
0.13084972
0.08689287
0.100162745
0.14118361
0.18394107
0.2571904
0.87445796
0.9292685
0.90954226
0.67646325
0.5866325
0.5907709
0.6934046
0.5302677
0.16635936
0.20238014
0.3881453
0.89719105
0.9064235
0.32837617
0.13182138
0.068433605
0.057497215
0.05753381
0.6836302
0.75720125
0.8888454
0.9308878
0.1922358
0.10869153
0.107588306
0.16987318
0.1484226
0.81992555
0.8696102
0.7678991
0.7039647
0.62288445
0.68137354
0.11031084
0.11120972
0.14328144
0.16689786
0.26273108
0.87979084
0.8197052
0.881408
0.85124785
0.71045905
0.15070494
0.09388376
0.09457681
0.11034059
0.18837741
0.6389814
0.839927
0.8963662
0.8755961
0.7055695
0.8119523
0.7647778
0.45682943
0.4062414
0.4142359
0.5298819
0.7415132
0.77797794
0.5872188
0.52858114
0.58445686
0.7177636
0.5931881
0.5061889
0.22239928
0.16588329
0.18429938
0.3084698
0.37142995
0.552407
0.787654
0.8767576
0.87220013
0.7162845
0.7315091
0.42672634
0.18246625
0.1452448
0.19062576
0.38288158
0.19104558
0.14425339
0.14856951
0.23936984
0.21436884
0.4202606
0.6005822
0.62120664
0.75901777
0.79962075
0.6352533
0.58453095
0.5572376
0.5041774
0.5421211
0.5200577
0.5398028
0.48789468
0.46587518
0.5543839
0.6766089
0.82848144
0.84823745
0.7149187
0.66736674
0.15873228
0.108779676
0.09669323
0.10766787
0.7676829
0.85942286
0.9134013
0.10610118
0.04962337
0.048791036
0.086325645
0.9006804
0.0821815
0.03290872
0.023224978
0.020576661
0.0216568
0.02765785
0.026823483
0.049372863
0.911165
0.066748664
0.033726297
0.051760048
0.9444854
0.9474818
0.9551228
0.96154565
0.05726252
0.029990548
0.042126413
0.92020196
0.9417828
0.89157355
0.033557005
0.018076343
0.017693294
0.020800197
0.020895198
0.025652766
0.07205434
0.09926687
0.7621903
0.15652344
0.70368934
0.19703797
0.07006299
0.077735536
0.8445412
0.84836197
0.9477302
0.95223427
0.94236225
0.20932971
0.08652247
0.08855271
0.17448375
0.11748364
0.08733908
0.06878191
0.7056766
0.6587715
0.821171
0.7240381
0.121090956
0.07089696
0.09738069
0.092362955
0.16911303
0.1517273
0.15919335
0.89023095
0.37058833
0.16145815
0.08274936
0.07480994
0.17149816
0.112559706
0.5993542
0.62623024
0.645299
0.7139179
0.8214898
0.7628595
0.7439215
0.7526718
0.75171256
0.08940742
0.08006683
0.07939223
0.08483299
0.12513648
0.12663756
0.6240723
0.5168421
0.47253004
0.11721168
0.08842791
0.12819019
0.33139634
0.80559444
0.6501555
0.14953543
0.085222214
0.052571412
0.055275142
0.096679695
0.1436052
0.6663431
0.6965335
0.8521987
0.757035
0.8381243
0.76718235
0.7450662
0.8306821
0.15599672
0.10642891
0.07240289
0.07453398
0.6598355
0.5845536
0.6598872
0.14310805
0.1385642
0.68630254
0.37312225
0.89179534
0.80988824
0.066481076
0.034228005
0.028282862
0.026309807
0.02565975
0.0241077
0.02289512
0.024094371
0.024474604
0.025452299
0.030809281
0.0455305
0.8935543
0.21944308
0.82354575
0.94942784
0.9265627
0.9330023
0.9284089
0.8743861
0.9176364
0.9239764
0.31054315
0.902878
0.12283506
0.14303197
0.88877267
0.050199978
0.029404467
0.025332442
0.025448302
0.028301148
0.03329473
0.039569054
0.059262536
0.073886625
0.09199013
0.8589258
0.8059547
0.27416733
0.77262855
0.81725585
0.34255853
0.38874692
0.94879943
0.95846707
0.9461486
0.93117756
0.09572431
0.046374958
0.05164391
0.088741235
0.6567069
0.7190278
0.76354796
0.8613513
0.7541316
0.73147875
0.10127809
0.072667785
0.06694304
0.056284197
0.06993173
0.1325152
0.74057007
0.8106567
0.12568645
0.09038176
0.103027314
0.16261359
0.33181667
0.9278468
0.92619467
0.8722337
0.8703246
0.30972192
0.27082
0.117700495
0.10323521
0.1724975
0.6466661
0.47515458
0.42887437
0.3842553
0.5388052
0.63994807
0.469583
0.4596273
0.22983947
0.28380555
0.30121946
0.84888804
0.92252254
0.94660467
0.9353216
0.8861124
0.7316266
0.17901723
0.18478757
0.12586808
0.08671095
0.08484828
0.62916887
0.13823909
0.1609575
0.8447403
0.108297646
0.05511085
0.076109834
0.7307197
0.88827527
0.7482607
0.74283284
0.7746764
0.8715003
0.11719258
0.056749683
0.06288925
0.6260523
0.14910486
0.15966737
0.7957205
0.116600454
0.08595125
0.11146342
0.091897726
0.09938983
0.12381212
0.069949515
0.06469375
0.050025795
0.06036905
0.14164506
0.04690627
0.038984112
0.119118765
0.944391
0.95939463
0.88435113
0.92114604
0.8164489
0.03655318
0.023946177
0.023363547
0.062360533
0.08772389
0.04836311
0.037268084
0.034185447
0.035079196
0.056733135
0.03988026
0.044358607
0.10854425
0.13767885
0.13611172
0.09872274
0.047801446
0.04252404
0.06315505
0.8678775
0.8159565
0.8879046
0.94163877
0.11175005
0.092311114
0.15707041
0.15528205
0.8955768
0.90924656
0.8967231
0.8775117
0.90229785
0.84191173
0.8374193
0.7785078
0.845082
0.85449535
0.9048214
0.867039
0.84286714
0.86237323
0.093734406
0.051246446
0.044444572
0.04059727
0.03902104
0.04366941
0.050429165
0.05605761
0.07417799
0.08552871
0.078785196
0.06572023
0.060126543
0.0700112
0.15222794
0.9294293
0.90370625
0.8145427
0.07906186
0.053646788
0.058983505
0.058442432
0.06329876
0.05638573
0.05123431
0.09461273
0.8777388
0.9053385
0.90566176
0.8431208
0.88959277
0.88015264
0.8478782
0.11057587
0.08905596
0.1636999
0.14640585
0.19833262
0.31082356
0.2884962
0.7526708
0.74005854
0.8282744
0.6944736
0.608736
0.16789934
0.16021986
0.27276832
0.19638415
0.15337974
0.18459934
0.2165543
0.8218088
0.7726125
0.53578067
0.20436369
0.21523283
0.2575169
0.3487817
0.53012675
0.36405322
0.48370677
0.485094
0.48541358
0.50843394
0.50981915
0.48235676
0.4654511
0.4421868
0.41897726
0.35831496
0.40209186
0.48648033
0.63254124
0.75499874
0.42320058
0.27752548
0.19828793
0.18389544
0.16322735
0.18479528
0.15269567
0.14436187
0.58862734
0.676493
0.89482045
0.92305374
