0.8127716
0.75999147
0.7547331
0.6147022
0.502655
0.3691102
0.43179515
0.6959591
0.6283628
0.63896406
0.77722615
0.76270616
0.25727242
0.24036932
0.27688956
0.37488946
0.71989423
0.8788706
0.91173434
0.8819181
0.62245065
0.51643914
0.105993666
0.045442577
0.03708869
0.041642774
0.059573635
0.8538531
0.6112923
0.94032043
0.9456785
0.9416926
0.9068106
0.7068087
0.26965243
0.700113
0.055581458
0.031778302
0.031967506
0.04795711
0.11294915
0.860791
0.8368859
0.8275312
0.838524
0.7290164
0.6104063
0.14447412
0.123071335
0.1385195
0.16777028
0.6153616
0.7448755
0.71620786
0.4731365
0.4046082
0.40413687
0.3798283
0.39579332
0.22543639
0.20654808
0.24463187
0.4045805
0.39094853
0.41669747
0.3774137
0.32088077
0.31297144
0.37975797
0.63451815
0.48532024
0.4175011
0.3074324
0.38772348
0.45106593
0.62108964
0.60392874
0.571073
0.53640485
0.4635134
0.51152754
0.62226427
0.13552879
0.09723109
0.109766684
0.13782357
0.10098692
0.11193427
0.21532087
0.2943589
0.83639604
0.68926007
0.6334887
0.2235474
0.19725834
0.6048599
0.34151462
0.7663559
0.14075038
0.11028325
0.12813208
0.117624536
0.14454591
0.61181307
0.15705547
0.12465348
0.66463053
0.1898666
0.25653905
0.7477023
0.3514291
0.2239761
0.2498834
0.7234193
0.16994238
0.14787503
0.13342662
0.11940851
0.11803945
0.10518551
0.09640311
0.77188426
0.75122124
0.18342327
0.118194744
0.069949955
0.07546847
0.15753938
0.2197149
0.9204152
0.90893596
0.06123321
0.0349686
0.06290186
0.108210504
0.8898635
0.90591276
0.9358633
0.0946836
0.0473501
0.04709838
0.0756871
0.8674539
0.2100261
0.07756732
0.03612796
0.037765
0.07164434
0.15778278
0.9089378
0.89941615
0.89689845
0.12138339
0.12469405
0.10331812
0.091468625
0.10680585
0.15923627
0.18895727
0.7573486
0.14164734
0.116272666
0.09918682
0.08566941
0.09487564
0.13478242
0.21212262
0.74643785
0.14917026
0.11940193
0.12872557
0.14194834
0.11411775
0.112104565
0.63892883
0.35797146
0.47595507
0.75305474
0.6522818
0.5906922
0.3095153
0.24212278
0.25912467
0.70331377
0.56529844
0.55412436
0.5667844
0.19281219
0.13817038
0.13532372
0.17111512
0.21462448
0.33593866
0.2634568
0.25354666
0.3464032
0.3166515
0.5865328
0.20096771
0.18684912
0.25701126
0.42606658
0.5171318
0.47060323
0.24581727
0.18441099
0.21711096
0.24148265
0.2674074
0.525922
0.29815686
0.27228522
0.23222324
0.18330495
0.18712364
0.26974878
0.22446129
0.11976676
0.10965373
0.14181474
0.64224327
0.111878514
0.06956453
0.12439392
0.14396363
0.7772413
0.8613835
0.7713302
0.7134534
0.65371466
0.059959285
0.04843199
0.07104869
0.7185278
0.7366722
0.6980531
0.05860894
0.045378476
0.08384245
0.8222005
0.9059218
0.90291613
0.88412
0.8675515
0.87714463
0.8604978
0.09607105
0.072438195
0.056623586
0.06449798
0.098801546
0.07461657
0.07880509
0.091662824
0.10607965
0.09968929
0.10105965
0.1608366
0.17788193
0.19601543
0.7054111
0.2516383
0.3168077
0.4801368
0.5311632
0.25952214
0.18537408
0.17393072
0.16765755
0.16045788
0.16966832
0.26992956
0.6734082
0.6437827
0.75243884
0.69251317
0.25539234
0.23243195
0.46914563
0.42344663
0.4965621
0.5522843
0.5989506
0.6607351
0.6493447
0.65783674
0.48239386
0.3728236
0.30244783
0.37180373
0.3738714
0.3527517
0.37311783
0.41623202
0.412587
0.5314999
0.58783567
0.6694449
0.71220696
0.596327
0.57855165
0.5465942
0.48388782
0.36089605
0.21471329
0.18745926
0.34825176
0.5299059
0.38675997
0.3397825
0.3012422
0.22123551
0.19220404
0.2021566
0.24259953
0.26109323
0.41746858
0.4774882
0.5845982
0.6121704
0.67651063
0.70639193
0.5778441
0.31114453
0.22305508
0.21745038
0.25916547
0.33704266
0.39409825
0.41576907
0.42156112
0.3498085
0.24754785
0.24947289
0.27817476
0.3705956
0.42073694
0.34247774
0.3581108
0.29503098
0.31775492
0.29461086
0.38715136
0.44707775
0.4768489
0.45398387
0.40838948
0.29822633
0.31617185
0.28539854
0.3507016
0.5067032
0.4852192
0.5476437
0.5102619
0.3548452
0.2203221
0.19679059
0.22053991
0.26985186
0.264536
0.3348323
0.27806857
0.3673119
0.5872358
0.64836127
0.66573906
0.65471774
0.6593613
0.67604417
0.6667235
0.64816827
0.6199195
0.6251467
0.56256694
0.541921
0.47639492
0.5512983
0.62328374
0.53170425
0.5255231
0.48675144
0.6051925
0.41245735
0.26302195
0.27870253
0.258617
0.49175036
0.42747313
0.20610173
0.22381614
0.18373774
0.14801152
0.17775151
0.6291603
0.15366103
0.15616348
0.17900719
0.2569056
0.36845902
0.8537906
0.80343264
0.6156368
0.6823301
0.73960835
0.72463846
0.7233107
0.76523566
0.70761925
0.16907887
0.1711119
0.1850824
0.7039142
0.71976477
0.7758348
0.794754
0.7844073
0.72116464
0.7098705
0.70518315
0.27984133
0.30451238
0.3390529
0.82720613
0.8402526
0.8417759
0.7880959
0.7508719
0.72039783
0.7148439
0.76732594
0.21053138
0.1316463
0.099960215
0.100517355
0.13106789
0.6633911
0.11873293
0.08874914
0.10495527
0.10746477
0.14737852
0.7938315
0.67774564
0.19545208
0.18665041
0.21892004
0.56972814
0.731116
0.7145882
0.481054
0.4682843
0.38837978
0.26078686
0.26691946
0.39068583
0.48198706
0.6847488
0.5919589
0.50254625
0.43087724
0.5086816
0.5426756
0.36994088
0.36073107
0.27511367
0.22873469
0.36647466
0.42739436
0.43751132
0.34130687
0.2627733
0.19652012
0.14939985
0.13974163
0.17174067
0.12666418
0.121431574
0.11805124
0.14942145
0.16308454
0.11890211
0.10238546
0.6295648
0.7013733
0.7549029
0.87386656
0.27953792
0.13167216
0.15139453
0.8654188
0.8383847
0.92722434
0.9341583
0.9110398
0.7989447
0.70746326
0.67112064
0.0758645
0.0749507
0.09635452
0.120556735
0.28029907
0.3623671
0.8787394
0.67195386
0.5866192
0.6483516
0.6804482
0.680016
0.61340815
0.21040784
0.19795917
0.17254847
0.6428713
0.59059113
0.58926386
0.5763743
0.18941024
0.15588857
0.14794402
0.23719257
0.8745834
0.5020137
0.5055565
0.84597236
0.7960242
0.7583709
0.7256692
0.6872413
0.11115609
0.053439736
0.043348137
0.052582633
0.07409883
0.13488178
0.8341926
0.87853646
0.8228406
0.7871965
0.2315301
0.20009436
0.7364793
0.41481695
0.8503154
0.85679954
0.8326419
0.81249815
0.809791
0.8093439
0.7520782
0.6541698
0.277889
0.69916046
0.15412188
0.17790101
0.69398046
0.68141013
0.7342077
0.12758262
0.05840774
0.07901321
0.067288585
0.07542521
0.13786453
0.20649435
0.22335476
0.8379824
0.19288246
0.1489755
0.1752171
0.2646653
0.7078738
0.5718393
0.6152071
0.7000437
0.63982093
0.7870997
0.79674333
0.7487986
0.58460426
0.5372264
0.52679837
0.5427159
0.5947849
0.69489545
0.6397359
0.3075082
0.33587888
0.24452709
0.20796041
0.60158765
0.29239136
0.20318629
0.21718855
0.2829701
0.78487706
0.745771
0.6465807
0.57595235
0.22395462
0.23032033
0.315001
0.24612647
0.23182929
0.19642566
0.23582192
0.21158434
0.41752818
0.4080351
0.45535666
0.6469425
0.5552506
0.47959918
0.44060898
0.30416057
0.23258933
0.25538185
0.2548274
0.25190902
0.1858055
0.1839013
0.20832379
0.3094033
0.39125586
0.4829084
0.54322904
0.6693853
0.6290279
0.5880409
0.5867272
0.44975078
0.42264098
0.46200812
0.57707614
0.5765639
0.5987139
0.7281247
0.7441423
0.8225173
0.7973027
0.66911477
0.16320838
0.113857634
0.11543962
0.11660101
0.117036074
0.1073437
0.13790049
0.8474672
0.808389
0.8009338
0.7896798
0.8292841
0.13292721
0.16575837
0.16963464
0.16715358
0.1352872
0.107302524
0.21320383
0.89911747
0.8309262
0.80271995
0.7572917
0.07494128
0.040282615
0.08819449
0.13426016
0.24861962
0.18665075
0.16615425
0.6057308
0.60526806
0.62184584
0.11783367
0.118802615
0.21652324
0.2808741
0.35016805
0.22907741
0.19722295
0.53994477
0.5226036
0.5673379
0.682842
0.54592425
0.48944065
0.5213911
0.619395
0.82613194
0.8637465
0.8078719
0.15625584
0.11262917
0.10268881
0.09757146
0.13577725
0.6457945
0.6274217
0.6107098
0.6313441
0.67196876
0.62446934
0.33566988
0.18634267
0.11144598
0.07249663
0.18784359
0.22041273
0.2311238
0.31103465
0.35296816
0.3691547
0.44878012
0.52546424
0.4683074
0.25007257
0.23631866
0.21746889
0.2504845
0.3180595
0.4348768
0.42399198
0.48579848
0.3420279
0.41959646
0.70694834
0.7944391
0.79002625
0.67883587
0.60252124
0.6626471
0.5248379
0.36600778
0.31916663
0.38110733
0.55037993
0.6862003
0.6765456
0.5055414
0.35668147
0.27968097
0.21782151
0.22329994
0.3343644
0.451266
0.71985734
0.7212167
0.5964097
0.55315727
0.6683073
0.66907704
0.20728828
0.17075486
0.21353817
0.38574657
0.69678426
0.6751509
0.22679858
0.16115311
0.14018328
0.11843689
0.15476738
0.6761855
0.13361964
0.05587425
0.05567408
0.10074147
0.2116446
0.848322
0.9248545
0.918048
0.8587672
0.80161864
0.77821517
0.7557713
0.06877716
0.06157767
0.032638963
0.036116034
0.042868696
0.07255257
0.9202216
0.30136058
0.34943986
0.9457405
0.8915049
0.8607293
0.9176663
0.07368358
0.031303726
0.027690977
0.044752374
0.05505904
0.037261132
0.04405656
0.07748068
0.89881045
0.9237212
0.87893873
0.8742961
0.14508362
0.05816356
0.03048019
0.03121361
0.10411252
0.81272894
0.88205737
0.7633149
0.09218674
0.043034267
0.052718222
0.0816412
0.14891852
0.78731304
0.27993876
0.20744327
0.19749978
0.23265524
0.5899303
0.54640645
0.37543678
0.47556293
0.5084687
0.49450558
0.45902938
0.44471756
0.55878806
0.4887404
0.48578587
0.4424737
0.63970304
0.6554442
0.53700626
0.38163108
0.32639143
0.41754764
0.40849128
0.481842
0.49555913
0.6019025
0.46089542
0.49336535
0.49537432
0.47286022
0.43846604
0.51491016
0.34128648
0.37067947
0.34445134
0.2869652
0.2661616
0.2801924
0.48519847
0.6587243
0.32204595
0.26714787
0.26481104
0.26274708
0.24110961
0.23407222
0.2878719
0.68759036
0.62701774
0.81032217
0.778409
0.59225565
0.64254886
0.4268853
0.38273886
0.38820297
0.22321425
0.20699951
0.190473
0.1627713
0.14884655
0.17044407
0.23556149
0.75993586
0.20730028
0.18451595
0.25428778
0.62490195
0.7346308
0.8516183
0.86314565
0.8222388
0.26284856
0.24746752
0.6092544
0.7137195
0.25722012
0.3769657
0.7087929
0.785322
0.6690636
0.13283247
0.06171279
0.041417073
0.0758502
0.12254183
0.6551104
0.6842202
0.79841995
0.7089334
0.66733384
0.65458226
0.7195668
0.13745461
0.13739415
0.13474803
0.11532027
0.12943564
0.14085044
0.13886184
0.12402992
0.100821726
0.068818696
0.067239486
0.12784252
0.30056325
0.9058925
0.87654614
0.8062335
0.7718132
0.10915596
0.1199337
0.13499756
0.18027434
0.81926864
0.85945183
0.9233332
0.3967333
0.33762348
0.24191101
0.1721345
0.71800685
0.7473387
0.80367863
0.76607835
0.75206673
0.7970457
0.2889126
0.17261925
0.1284823
0.5904161
0.13513258
0.27690983
0.3746741
0.826003
0.6983235
0.7203938
0.28295502
0.23298906
0.14927395
0.13132341
0.19624929
0.27506462
0.31069386
0.8949888
0.87943226
0.8667719
0.7863731
0.7966733
0.2062246
0.12631336
0.11193035
0.11507352
0.13085079
0.66711867
0.3566935
0.35772038
0.82277393
0.8187939
0.4123839
0.24735071
0.5335809
0.5752187
0.7446392
0.7099042
0.76476204
0.31860545
0.1882723
0.14616138
0.49041894
0.5107889
0.60946333
0.36153287
0.18443283
0.1583883
0.1673914
0.19357347
0.2425136
0.41314074
0.7386203
0.8388165
0.82110834
0.72148424
0.66990197
0.65010226
0.20833667
0.13941433
0.16466394
0.13217154
0.08055492
0.05392625
0.0768742
0.720647
0.7516356
0.8112777
0.9205053
0.92804635
0.23712043
0.094751984
0.06946474
0.22966261
0.23553944
0.2875972
0.33049285
0.40643507
0.38252875
0.4624524
0.56469643
0.7564845
0.78517735
0.33356157
0.21912931
0.22919647
0.31031555
0.19118558
0.11395582
0.11787085
0.728939
0.7266692
0.8759008
0.83349246
0.7991302
0.82564014
0.14837942
0.120052464
0.12051673
0.13321082
0.26788312
0.26675662
0.35888967
0.7146875
0.8672018
0.878424
0.8262249
0.6983171
0.2668136
0.16388112
0.1951247
0.26317686
0.24869835
0.24910793
0.26865613
0.44563252
0.41823238
0.3093376
0.35653383
0.3185809
0.35936555
0.43225867
0.26603377
0.36667663
0.4147613
0.66428465
0.53500104
0.35110497
0.2850216
0.23843512
0.27395013
0.41467884
0.32684082
0.4208262
0.3669888
0.39331317
0.33787227
0.40484643
0.3308931
0.29802534
0.48661408
0.52507806
0.5393776
0.23921028
0.28634903
0.21361423
0.21233673
0.2544855
0.23357934
0.14594038
0.10365172
0.0818868
0.0825704
0.09564507
0.84028393
0.33317813
0.41004112
0.43687236
0.6998707
0.28560185
0.82819676
0.7843399
0.8469417
0.8014154
0.77044284
0.6711199
0.32962552
0.79704285
0.27210578
0.23909622
0.22720776
0.7680134
0.09490178
0.068675995
0.13199493
0.3285813
0.77351695
0.6028661
0.18853489
0.21630014
0.28806877
0.37021655
0.41732422
0.3848895
0.37962773
0.34556597
0.21995555
0.22662964
0.30218664
0.50905675
0.5897153
0.6977674
0.7110461
0.5657834
0.43815997
0.14967299
0.12578289
0.1223219
0.15480547
0.8050847
0.78746927
0.8855757
0.8785489
0.19668414
0.12619504
0.112326466
0.109786466
0.116326116
0.7334578
0.7063389
0.7197181
0.6741146
0.6779959
0.6845003
0.2070524
0.13349493
0.1362803
0.33324146
0.19066766
0.16716653
0.12398124
0.13555697
0.2654129
0.6995129
0.8256612
0.79905826
0.6163349
0.51195
0.39102757
0.29124233
0.2832413
0.34345388
0.4734791
0.7650639
0.5635669
0.26867285
0.18010458
0.16111125
0.23745976
0.3688758
0.60163987
0.8396022
0.7853383
0.6057659
0.50767016
0.564844
0.3939564
0.37608683
0.43477356
0.5483047
0.26944414
0.23085648
0.2946525
0.34673285
0.43056813
0.46786457
0.47001737
0.56327057
0.70558983
0.7114363
0.6037786
0.51728505
0.44636092
0.45939
0.47778824
0.50074005
0.5939949
0.51588595
0.44511116
0.32835233
0.41074637
0.2502379
0.29290867
0.25801423
0.21676141
0.21851882
0.3211975
0.35417983
0.6461151
0.8235313
0.86173964
0.787362
0.5428806
0.39068085
0.374947
0.43684387
0.5530202
0.7858081
0.79713655
0.6326108
0.54834545
0.17850181
0.18473312
0.20202924
0.22781944
0.25441372
0.84273493
0.13626328
0.06738854
0.15967032
0.83927464
0.92120767
0.86951846
0.84479713
0.9128548
0.9130598
0.8680177
0.72935283
0.71404904
0.754041
0.109088354
0.10461798
0.10771044
0.7506803
0.67581975
0.43637738
0.391791
0.2992122
0.3632166
0.25081262
0.24936143
0.36982054
0.2323299
0.16541573
0.14265835
0.25027168
0.47496095
0.78650314
0.75909823
0.3466657
0.31347257
0.34308794
0.40409184
0.5002119
0.45279315
0.48066223
0.60503423
0.5538501
0.6014744
0.7780599
0.79991996
0.61375743
0.6618276
0.5144364
0.5069216
0.5613706
0.6393441
0.84261936
0.86098725
0.66664994
0.23412113
0.19370605
0.6471936
0.87125164
0.92782515
0.898836
0.3419988
0.256258
0.82726693
