0.13508947
0.08518642
0.08358516
0.15569016
0.9143788
0.940181
0.95692563
0.9404498
0.82900995
0.9104723
0.8755932
0.73988
0.3027108
0.36862198
0.9099515
0.9113627
0.7930365
0.12844326
0.050814778
0.032937787
0.03450749
0.05260847
0.13421823
0.95633596
0.96238196
0.95584506
0.09195823
0.025573893
0.018736692
0.017770248
0.019891089
0.034539223
0.1521912
0.9455213
0.808711
0.92285246
0.74630344
0.06914375
0.052425086
0.074598216
0.85408324
0.051652998
0.030005049
0.026936982
0.02460797
0.024958292
0.02688425
0.028397504
0.035475325
0.09630591
0.9466661
0.05737129
0.02696333
0.02069989
0.01896988
0.018670857
0.019339586
0.019828076
0.021565165
0.04429987
0.9650209
0.983521
0.9853998
0.97936386
0.0458682
0.020879408
0.017276587
0.016802007
0.017587004
0.018428085
0.02084398
0.032085482
0.049643546
0.9162095
0.046916183
0.022948422
0.020013796
0.029274799
0.0715492
0.94387555
0.9596863
0.9673803
0.96783596
0.15038303
0.03410428
0.021578692
0.025145406
0.05657742
0.9160032
0.08190979
0.026141448
0.019972987
0.04624194
0.9587594
0.9752876
0.9591964
0.9651437
0.95250285
0.038046006
0.019377587
0.017068494
0.021582838
0.021794112
0.018812303
0.022511544
0.05755425
0.9487855
0.87906647
0.9291941
0.08696187
0.033781584
0.02344587
0.02154065
0.02380433
0.038248785
0.09188246
0.94242036
0.91980916
0.17661166
0.15056463
0.8763546
0.06585605
0.032967508
0.032556273
0.05942654
0.05191706
0.06644843
0.7908047
0.9212218
0.9608201
0.078959465
0.029907078
0.023503995
0.04473603
0.86314523
0.9617228
0.96837693
0.055384673
0.02215985
0.018504014
0.03068564
0.036987573
0.024441592
0.028745767
0.03350937
0.12418711
0.9726898
0.9604995
0.9422789
0.09992955
0.031113314
0.024167607
0.022652829
0.024346033
0.029662356
0.041135952
0.08385904
0.1289186
0.9459702
0.88150555
0.08542155
0.04509783
0.05157078
0.045933146
0.04596809
0.06836141
0.88330036
0.784185
0.8814259
0.8992238
0.88655144
0.9238003
0.9447918
0.94913137
0.9404332
0.5738017
0.6348537
0.9292571
0.932327
0.94725776
0.92779905
0.89487964
0.92561966
0.94289386
0.9438853
0.8735298
0.93492174
0.94053996
0.94451296
0.92136264
0.93848693
0.9427789
0.9077431
0.9379752
0.94052726
0.8869017
0.93854874
0.94087666
0.8835542
0.94177264
0.93647826
0.93230796
