0.8704435
0.674796
0.45430085
0.44240916
0.6922445
0.44726932
0.3977905
0.41527364
0.43211725
0.45512068
0.3862614
0.3583125
0.4898499
0.5977788
0.8126168
0.8783525
0.8788394
0.85376906
0.59609926
0.24803174
0.14961886
0.2389415
0.2970012
0.35196653
0.68994856
0.45754296
0.3364754
0.14518078
0.14392617
0.22004047
0.30340138
0.48419744
0.7132901
0.7462487
0.891825
0.85417134
0.6416183
0.7511628
0.56850106
0.091894224
0.107237585
0.12140265
0.16609432
0.12104691
0.088980414
0.06556886
0.055275757
0.06021112
0.05254276
0.048137806
0.08788046
0.9071178
0.88304406
0.88052404
0.8340419
0.81301993
0.8301428
0.086604394
0.046657186
0.042763587
0.034774695
0.03136281
0.038126085
0.07956951
0.7546754
0.12727562
0.10409807
0.105348006
0.11744135
0.1461717
0.80656683
0.5533487
0.39788184
0.3517252
0.68735754
0.2398973
0.13985856
0.14457044
0.13943619
0.1048494
0.19540115
0.7056384
0.72594804
0.7595387
0.7389831
0.70899314
0.6461365
0.609428
0.58685404
0.6030073
0.6975376
0.66610646
0.6457087
0.19662789
0.18458031
0.68353176
0.6721517
0.83750653
0.84767115
0.7288943
0.78442883
0.21325515
0.18010397
0.5620486
0.562018
0.601611
0.75621754
0.77135575
0.861864
0.8880599
0.89351285
0.8727853
0.78940785
0.7466146
0.79476666
0.14494798
0.08021132
0.10910024
0.123902254
0.10912878
0.08899545
0.06855098
0.08094175
0.14683072
0.8396953
0.75081766
0.8238107
0.73213065
0.23625739
0.22196278
0.10421052
0.07266144
0.0481844
0.04240953
0.042341977
0.049763042
0.053498257
0.05901349
0.8495126
0.86652863
0.92670214
0.8541318
0.80990905
0.76086825
0.059507877
0.06483252
0.05407357
0.051404446
0.04856639
0.051502742
0.31314462
0.8640407
0.8657848
0.1486318
0.131862
0.20435221
0.6082519
0.79231673
0.8061721
0.47389302
0.5097022
0.6693476
0.7288593
0.9022627
0.81233436
0.49950144
0.3830171
0.15459143
0.15334159
0.5191159
0.1337842
0.10742845
0.2643467
0.2954798
0.8306653
0.31768054
0.48844692
0.75807333
0.73197305
0.6584161
0.66764873
0.16237631
0.085326396
0.07620893
0.08726085
0.08868601
0.12392407
0.7612337
0.2588657
0.29718065
0.7120701
0.69698906
0.51255274
0.26945153
0.25700122
0.2314906
0.25115672
0.41356573
0.62550455
0.690861
0.5626945
0.40435117
0.44773662
0.4895112
0.45896664
0.4450009
0.43928126
0.4718844
0.28748596
0.25026074
0.22100501
0.27402255
0.21775372
0.26090297
0.3172507
0.536935
0.7603441
0.62121564
0.5412019
0.45900097
0.52967066
0.4987881
0.5126548
0.5814354
0.63876045
0.70468086
0.62656176
0.5954123
0.5226851
0.165217
0.14145721
0.13769723
0.1021858
0.06367994
0.06770294
0.07805042
0.12601751
0.8786538
0.93244666
0.9287255
0.7777697
0.27807236
0.1982487
0.06510871
0.059106432
0.04873116
0.078974426
0.118425176
0.07389237
0.056254447
0.11278589
0.7268499
0.31906834
0.8579145
0.14570077
0.10477657
0.11259828
0.06920633
0.06973478
0.79421675
0.72662544
0.07921389
0.08590141
0.051733386
0.053577412
0.08585875
0.08377713
0.18105271
0.89126647
0.7106521
0.08289045
0.108301744
0.10930781
0.80176765
0.8279716
0.23433837
0.1839017
0.14896831
0.1746675
0.866914
0.4025376
0.8371304
0.90765053
0.9167948
0.9202379
0.8997365
0.8166795
0.82512754
0.8553222
0.43913206
0.856665
0.20409195
0.14578685
0.12620641
0.13993746
0.7940375
0.61362696
0.06481313
0.057759784
0.1135214
0.9191892
0.9100155
0.18622935
0.18869965
0.8857061
0.08803831
0.0809002
0.04093252
0.039171297
0.042282894
0.036664467
0.03465323
0.04729729
0.085805014
0.17943664
0.88239175
0.770453
0.092081
0.07531787
0.13433802
0.12793952
0.05669041
0.05338206
0.83704484
0.81292224
0.8394559
0.84631
0.82768154
0.050967414
0.03807269
0.05728094
0.07769105
0.0763475
0.072224796
0.77364826
0.75898296
0.84586006
0.7284931
0.28147426
0.7631306
0.17709367
0.076108225
0.0585216
0.09842942
0.67536604
0.105691485
0.111072354
0.058577076
0.07379529
0.10934167
0.21668233
0.92531145
0.9225771
0.8829392
0.6710955
0.0808781
0.036496263
0.049403407
0.09473649
0.12777275
0.26661146
0.31933025
0.2782306
0.8204661
0.7606775
0.55134887
0.5478997
0.25051004
0.1467134
0.1377323
0.17301737
0.6591127
0.83742595
0.9049678
0.43231675
0.24471773
0.63457555
0.08217286
0.045308176
0.060463406
0.07371268
0.10615804
0.86258346
0.7740053
0.07946687
0.03959915
0.04481601
0.058676567
0.79301405
0.7591343
0.8581381
0.90805036
0.86247724
0.9114341
0.05805664
0.033457007
0.028188856
0.047141705
0.9126437
0.94342357
0.9536354
0.91498756
0.81512487
0.8315793
0.112226844
0.11263853
0.06822894
0.05906392
0.0853373
0.6562259
0.28866792
0.31513643
0.78778285
0.3183677
0.2529932
0.20658046
0.27489075
0.6432883
0.60541826
0.5497761
0.5292078
0.68103504
0.60859585
0.547133
0.59882927
0.44551823
0.43526
0.5128938
0.56992406
0.76122653
0.8491784
0.8614225
0.79392564
0.60257334
0.5868668
0.7350982
0.75830007
0.63568217
0.7451931
0.7107345
0.52981377
0.60165936
0.27991673
0.24568078
0.35636586
0.57961494
0.6096634
0.336035
0.25547394
0.36536053
0.3717872
0.27407315
0.25926334
0.2512542
0.28545138
0.4404511
0.233289
0.20937094
0.20669465
0.19397631
0.38497043
0.36286896
0.36642203
0.5213131
0.64229083
0.850338
0.8426685
0.6931359
0.75968724
0.1779424
0.090405434
0.0558832
0.042230446
0.042047087
0.0451456
0.048165552
0.07029721
0.19016409
0.9176929
0.13303952
0.08183826
0.6707789
0.071400255
0.05623418
0.7331009
0.7746454
0.95519257
0.9037111
0.8658321
0.8554153
0.04247965
0.022655487
0.020682653
0.025105054
0.028825233
0.050293665
0.08130281
0.097890414
0.09073121
0.7933878
0.7648559
0.15065849
0.07175379
0.09247713
0.21732913
0.661376
0.67131436
0.13185607
0.0976022
0.087425075
0.13293502
0.1806309
0.09314946
0.07302223
0.10096535
0.6661884
0.09398843
0.08154016
0.15874466
0.8392678
0.8049445
0.79816204
0.14185022
0.1594528
0.12380161
0.7749488
0.88348025
0.09039952
0.048771985
0.05227837
0.09391372
0.7892068
0.76475674
0.10508184
0.06110061
0.064637356
0.806319
0.8963044
0.881266
0.860929
0.789868
0.782634
0.8478611
0.05829243
0.030942235
0.024689045
0.024654636
0.029665355
0.052505434
0.109619014
0.16719757
0.9354629
0.9248277
0.9339348
0.91321284
0.7892205
0.7872374
0.9000416
0.8094415
0.8055034
0.9278148
0.94008523
0.94508886
0.9324537
0.9056082
0.15693946
0.0740002
0.052296836
0.047282886
0.039043948
0.03755021
0.038863722
0.06912641
0.94343406
0.9498167
0.9097443
0.9375302
0.85973334
0.0592162
0.026760275
0.0214722
0.020491062
0.019558048
0.023612611
0.068276085
0.924839
0.926783
0.890302
0.8812048
0.80535036
0.13368924
0.10533487
0.12637433
0.84731084
0.9026608
0.8946963
0.11493487
0.050900158
0.040942445
0.043988977
0.05227381
0.08569049
0.122844145
0.16541566
0.18522717
0.14729272
0.16224156
0.69304854
0.1561915
0.07559287
0.11757989
0.21112178
0.7754885
0.8433573
0.890772
0.8512368
0.8702054
0.30077985
0.12223164
0.08387014
0.12140234
0.5747403
0.13932969
0.12274416
0.19519873
0.77868694
0.66272587
0.6033279
0.57926685
0.19944781
0.14182761
0.1322408
0.60541713
0.61346126
0.74309576
0.6083539
0.68308544
0.5000442
0.49322063
0.5545196
0.74806845
0.27373025
0.32585078
0.2502923
0.61066407
0.8020099
0.8587424
0.294847
0.33803073
0.34352046
0.23663056
0.18407115
0.6463125
0.15016945
0.25164092
0.20064625
0.18870494
0.8651156
0.12622869
0.06545665
0.06080664
0.07801888
0.08854077
0.77311647
0.76901144
0.808015
0.8655592
0.34705392
0.2144053
0.71358776
0.12837403
0.12329476
0.7274382
0.8786629
0.90664995
0.79869634
0.84844553
0.24786246
0.17781654
0.7959652
0.36632147
0.42576084
0.7261563
0.7182698
0.849426
0.89625347
0.8695855
0.7713242
0.7774239
0.29505196
0.710103
0.14664473
0.14778727
0.098146625
0.098043725
0.14777273
0.27049857
0.17331104
0.15683132
0.14694017
0.41177657
0.34796706
0.3118133
0.25348687
0.58271223
0.63324916
0.72415745
0.63309366
0.35550922
0.2974935
0.24737182
0.18174009
0.14703968
0.24486388
0.28779438
0.4753569
0.25583833
0.3080365
0.32128033
0.48161548
0.37933788
0.65913254
0.5140047
0.28963727
0.26601177
0.23833372
0.24612264
0.21266377
0.26609787
0.3188174
0.81356335
0.87725556
0.853306
0.71603817
0.45881474
0.3876912
0.4775456
0.4903458
0.3234047
0.23039626
0.21673284
0.209021
0.435458
0.5192396
0.62113184
0.5181678
0.44817144
0.2514587
0.21142498
0.2680178
0.29521778
0.43892446
0.5348325
0.6483913
0.57847404
0.52990127
0.41733754
0.43985498
0.3838711
0.39630765
0.5095802
0.47464326
0.63900256
0.75575435
0.673761
0.4365325
0.28321487
0.31615117
0.5894338
0.7121623
0.30220455
0.20294814
0.1488666
0.17768776
0.12678216
0.11871585
0.1813571
0.26063094
0.43560195
0.511047
0.6607212
0.77151275
0.28626326
0.19280927
0.18316531
0.7674474
0.21574478
0.113766335
0.06818036
0.07160701
0.11025507
0.21136668
0.23041847
0.1432175
0.115187325
0.09715989
0.07958083
0.07036968
0.058841474
0.082510434
0.12693195
0.7057137
0.085983455
0.05388881
0.05089577
0.08079941
0.13384397
0.8962282
0.20872736
0.109980576
0.04346647
0.049411226
0.13660982
0.92877525
0.91382724
0.95101637
0.16355021
0.030620037
0.025229314
0.04401604
0.08601019
0.83402133
0.77385795
0.21858217
0.117841795
0.7121805
0.0745567
0.05519503
0.08763799
0.5174704
0.14568233
0.66141826
0.69927514
0.71038145
0.25116366
0.12261895
0.07091276
0.06571891
0.06745023
0.81249076
0.16922438
0.119547084
0.12869604
0.8861808
0.9096245
0.062872246
0.028469086
0.032161597
0.075490475
0.1530141
0.936497
0.8905157
0.90429974
0.23238981
0.1277257
0.05504558
0.04472629
0.0636139
0.90238035
0.8227208
0.8706887
0.07365662
0.06956928
0.035824154
0.04656611
0.047163364
0.051134363
0.0750386
0.083356366
0.90090775
0.92859685
0.12008875
0.056425296
0.052458126
0.0708342
0.043470822
0.07657948
0.15274651
0.19163477
0.8515194
0.7392561
0.65262187
0.1555694
0.16452734
0.59414136
0.16031104
0.13348575
0.11249724
0.15668386
0.5859141
0.6165733
0.1582637
0.11691727
0.35875073
0.5608538
0.45424187
0.51031023
0.5297938
0.19642149
0.2700777
0.3543996
0.8060133
0.18653926
0.16928774
0.116205044
0.07170492
0.14594968
0.13100529
0.30756855
0.7514685
0.23986885
0.18194094
0.10371816
0.13157144
0.22225021
0.8234226
0.17881754
0.14983663
0.10342779
0.06268597
0.0603008
0.06261099
0.050515886
0.09294702
0.13887268
0.8351805
0.7022568
0.70037466
0.7634815
0.9042097
0.1610319
0.21953432
0.19258723
0.14288428
0.8088021
0.064781494
0.0351398
0.03306198
0.0522698
0.11089909
0.16938043
0.9086614
0.94579697
0.9277458
0.8411737
0.7876871
0.809782
0.8401759
0.17813483
0.10024963
0.055875804
0.04831883
0.049833763
0.06141932
0.8093498
0.7444193
0.14033861
0.09191721
0.0890659
0.093304254
0.71575207
0.6790211
0.81995183
0.74561214
0.70929873
0.05669296
0.074923046
0.08603097
0.06424569
0.21566576
0.864662
0.91791785
0.57808
0.46779618
0.15256959
0.21420293
0.13943873
0.082031876
0.04978188
0.0733278
0.7739921
0.8168258
0.83630747
0.043775905
0.056359373
0.068980366
0.09732398
0.044771608
0.08584492
0.16157945
0.8889946
0.8704429
0.8893614
0.8598443
0.92700547
0.18828842
0.09463669
0.07793697
0.062230214
0.059933677
0.056395255
0.08443975
0.097622044
0.09727031
0.088729955
0.7949209
0.81696326
0.69193536
0.22699875
0.14211695
0.19180949
0.23559648
0.38463286
0.8068185
0.49282476
0.24759068
0.22969727
0.32840902
0.2492751
0.31876305
0.6480293
0.43762514
0.50757456
0.26943487
0.20859267
0.1737752
0.19394489
0.22719392
0.51621366
0.6067685
0.78800887
0.79948616
0.60858834
0.27700177
0.19666444
0.24147862
0.27493134
0.35709402
0.58700526
0.7305895
0.6952814
0.4606632
0.35130858
0.21299595
0.17337085
0.2572773
0.4375767
0.5870051
0.6000786
0.4665297
0.6533186
0.31163183
0.28494534
0.55708057
0.6904882
0.1682365
0.14384614
0.14178361
0.56974405
0.7279086
0.88417447
0.89006823
0.67328763
0.11019948
0.051180344
0.071492426
0.6442415
0.59403324
0.5943304
0.5559727
0.24293034
0.21841289
0.26247638
0.7886904
0.58060896
0.5337066
0.47889686
0.40224606
0.1938633
0.15956911
0.4332731
0.7463622
0.17775132
0.16977754
0.16339368
0.20706709
0.67434204
0.72066796
0.8977113
0.89249796
0.7293852
0.6699858
0.31416526
0.3188086
0.16832195
0.17369105
0.54792714
0.5852268
0.67306226
0.86041486
0.87795943
