0.8690715
0.11114609
0.054023594
0.05284682
0.07932321
0.77092093
0.7763378
0.927285
0.89666563
0.93486094
0.9366415
0.9127844
0.9223753
0.83314264
0.9114755
0.9330342
0.9220451
0.93395144
0.9410771
0.94288844
0.89972496
0.87446773
0.92671025
0.9235272
0.09637463
0.0526552
0.04170526
0.0411138
0.05084932
0.09484758
0.938733
0.9394689
0.9565446
0.27856597
0.11755224
0.058376044
0.06935526
0.7882134
0.109395206
0.12337811
0.78465414
0.9298264
0.14131567
0.036557328
0.022937668
0.021077706
0.022619877
0.03289901
0.91365826
0.92577004
0.94875896
0.9505345
0.93947047
0.9385599
0.94577277
0.9235508
0.055353772
0.046933684
0.025154147
0.024472082
0.030345613
0.06878411
0.8860162
0.11136087
0.06888395
0.113610916
0.097602814
0.9019735
0.058946345
0.03346924
0.033347562
0.029203603
0.029087137
0.030285824
0.035219967
0.032507934
0.03685907
0.06095729
0.06648989
0.92496055
0.9398291
0.13767305
0.047095012
0.04174173
0.07141011
0.9397115
0.9380781
0.9508856
0.95787966
0.09365052
0.04593065
0.03478863
0.1273416
0.93942124
0.95072716
0.9552255
0.9234932
0.8712697
0.8955046
0.069823876
0.031924177
0.023385273
0.022048602
0.023825306
0.030361565
0.08640883
0.9521799
0.95293874
0.96429336
0.960435
0.9150341
0.91122043
0.880002
0.069015376
0.036138665
0.028437993
0.026430832
0.027033923
0.03170816
0.043615457
0.069438
0.9033813
0.8863399
0.8849744
0.9102072
0.8955328
0.90361804
0.9025729
0.9022611
0.8799768
0.86607164
0.0783308
0.0455532
0.042029355
0.08897454
0.9050905
0.0651807
0.030102601
0.027487662
0.09096596
0.95991194
0.97581077
0.9689757
0.95418155
0.12789828
0.032453075
0.023110365
0.021543646
0.021600049
0.023691481
0.027764123
0.03970546
0.8563818
0.80896425
0.865743
0.92917514
0.93913424
0.11008527
0.0635789
0.06884701
0.114131555
0.89819485
0.85099316
0.81717324
0.73384124
0.7796627
0.7725696
0.91933364
0.93335456
0.83115184
0.859264
0.93854445
0.93638
0.9359289
