0.9183364
0.8392619
0.90715015
0.94822186
0.93567675
0.8532909
0.79699385
0.8224237
0.90643275
0.13657553
0.11006074
0.08755333
0.06359413
0.08516184
0.8939082
0.072342135
0.037929587
0.0321565
0.03483379
0.07895967
0.9165989
0.16278772
0.058835752
0.034427915
0.03055836
0.07306579
0.9336769
0.9289741
0.95173246
0.9528556
0.9362497
0.93546474
0.9420877
0.927718
0.93588066
0.9413271
0.92460793
0.9318174
0.94205785
0.93926895
0.93913233
0.9546349
0.9312661
0.9477403
0.95172125
0.9198657
0.9288933
0.07367171
0.051009875
0.055013586
0.14847761
0.21323873
0.90827215
0.06329501
0.03583033
0.03550423
0.06332067
0.8001303
0.24459486
0.8359955
0.054403435
0.032124538
0.03255363
0.06361074
0.12800042
0.92880005
