0.85985476
0.8797652
0.86435395
0.8569687
0.8758226
0.8185456
0.5091621
0.12670837
0.101524204
0.08791562
0.08420437
0.6495845
0.22509149
0.28958055
0.87966144
0.87897855
0.9155847
0.8906495
0.1833341
0.11661536
0.6964668
0.17143786
0.14945562
0.20849888
0.2972319
0.7895808
0.796546
0.67109895
0.3170897
0.4075076
0.37755668
0.22885069
0.22349867
0.20091265
0.31633273
0.416627
0.630668
0.6747637
0.6702732
0.66653347
0.3468727
0.22250217
0.20240754
0.23286247
0.33856988
0.5768178
0.6423204
0.68286693
0.7946694
0.73828095
0.8094935
0.82228
0.7665197
0.79831016
0.7738168
0.44641563
0.40988514
0.37249154
0.40807205
0.4488627
0.76192373
0.7449283
0.81556815
0.7691488
0.58959055
0.6719595
0.5390106
0.56374854
0.73110205
0.762808
0.3411593
0.2682668
0.33836254
0.7602598
0.73533094
0.83696705
0.80475247
0.6522395
0.62240005
0.69766796
0.14805399
0.14517836
0.1617598
0.2988611
0.8365604
0.71035075
0.8294354
0.8132686
0.70587605
0.8378532
0.87189925
0.88940203
0.8974721
0.89472663
0.8713007
0.70469904
0.6952834
0.17469558
0.12007002
0.12906308
0.14016847
0.09167077
0.10045572
0.71840143
0.11162308
0.08636662
0.05886471
0.05005797
0.07797753
0.846014
0.92962575
0.94427747
0.8844325
0.9125615
0.10081665
0.09571738
0.039810702
0.04676298
0.1430842
0.6728634
0.16407113
0.21910611
0.8345667
0.14720549
0.09768756
0.0839411
0.093090124
0.08380337
0.065651335
0.06250589
0.10913766
0.90135634
0.86058736
0.890148
0.12721783
0.09715717
0.088631384
0.088354565
0.09632245
0.73889416
0.7211553
0.8124347
0.7482769
0.83419
0.8045514
0.26754504
0.1869655
0.15950115
0.15582813
0.13358499
0.13276641
0.15321049
0.2033104
0.85090053
0.8870165
0.2948262
0.3174163
0.29507077
0.3447414
0.89612335
0.9119427
0.92078096
0.9171801
0.90742344
0.8614833
0.759994
0.79649884
0.7298697
0.7261451
0.8721565
0.8558948
0.76471424
0.8875982
0.8901864
0.8102318
0.8981143
0.89928
0.8106891
0.22209239
0.0818759
0.054160886
0.052884255
0.09061494
0.88466054
0.8867349
0.8692157
0.77702105
0.8778585
0.8835512
0.86624265
0.8615801
0.8496666
0.86210656
0.8889962
0.7499094
0.76715934
0.0857052
0.05033957
0.0771254
0.09339806
0.091078505
0.06853675
0.060945112
0.097516984
0.8575917
0.92766607
0.8609785
0.81745774
0.10168227
0.11845929
0.21194781
0.8796178
0.8619325
0.82276094
0.7066297
0.74173945
0.10980643
0.08853217
0.09208956
0.10402974
0.07791896
0.058523484
0.11857422
0.10867404
0.066762604
0.10789378
0.107909665
0.1149092
0.52444303
0.7360307
0.23817219
0.13535334
0.12257207
0.122910656
0.119147636
0.145308
0.58314294
0.25848016
0.7275706
0.8446668
0.17155321
0.079430155
0.04457619
0.035977855
0.036426257
0.038275834
0.03476673
0.036293317
0.050365478
0.08822601
0.16280748
0.9406125
0.93473125
0.8396317
0.93314314
0.91972524
0.82101536
0.8732672
0.072567165
0.048883833
0.055044077
0.7871508
0.08458411
0.068724744
0.11139678
0.92186373
0.9563847
0.94107604
0.91028506
0.9139285
0.11112672
0.08212558
0.07941992
0.7791043
0.08616016
0.05821488
0.08040906
0.8523016
0.8293485
0.85348016
0.9018754
0.7975805
0.8028154
0.8329961
0.8902665
0.104640126
0.050023492
0.03824563
0.03805851
0.044500712
0.05303404
0.05369226
0.04644422
0.060389094
0.1181261
0.23164873
0.92445254
0.8121258
0.14401954
0.13184316
0.12620175
0.09912251
0.106645115
0.15616924
0.28771558
0.6392318
0.14964968
0.12305764
0.14130737
0.80475974
0.33781138
0.30075118
0.56817573
0.63062006
0.8395762
0.8992049
0.5867254
0.56570494
0.8054324
0.15516593
0.092341915
0.12276535
0.56433386
0.716837
0.62032115
0.33261958
0.36062208
0.3017514
0.3476659
0.2860087
0.44901133
0.5326749
0.79107976
0.87785137
0.8837413
0.8345575
0.72707444
0.26616856
0.17419548
0.17513134
0.2521096
0.57796866
0.30197722
0.25109664
0.25500765
0.29311544
0.380125
0.6962594
0.7088766
0.46438769
0.28266585
0.32258642
0.53805447
0.6000224
0.6311453
0.74759644
0.71419626
0.6737681
0.6886318
0.48099896
0.32737026
0.36000967
0.521573
0.60739285
0.5649991
0.7583494
0.74059445
0.29504856
0.2504659
0.25663164
0.25738686
0.3495521
0.5751426
0.6725559
0.8266713
0.8104855
0.6614601
0.6794628
0.695175
0.7866471
0.7378098
0.49479586
0.43335629
0.64217526
0.22254997
0.16969658
0.16824228
0.39163104
0.84741306
0.8759212
0.67959124
0.64869577
0.11039617
0.06825871
0.07109388
0.08613964
0.066463314
0.084470004
0.9055514
0.908936
0.8408433
0.9404182
0.94836867
0.9162432
0.5748916
0.044245046
0.020316117
0.021012217
0.025731383
0.037082404
0.06875727
0.88864917
0.918805
0.92864347
0.88421
0.715223
0.79781234
0.113452844
0.056598537
0.04497447
0.03848573
0.03926418
0.05941744
0.09579803
0.90767235
0.9448713
0.9550182
0.06784382
0.024187375
0.017506285
0.02214362
0.044902008
0.07139752
0.101730034
0.9193082
0.92556036
0.9239987
0.8893487
0.13012527
0.06815934
0.04628997
0.037656005
0.03767499
0.06161207
0.7514327
0.85967296
0.15311204
0.11630674
0.14462528
0.13460897
0.13632864
0.122170635
0.07527402
0.060134184
0.082874514
0.74092895
0.7706733
0.86566025
0.12266939
0.06010278
0.08860594
0.150012
0.7550716
0.6449237
0.7246277
0.78408766
0.8863888
0.8959309
0.90085167
0.2770406
0.12466208
0.11039305
0.70520335
0.6397914
0.63503236
0.66689587
0.66513824
0.63284427
0.68214786
0.6964503
0.11553437
0.07433429
0.11429572
0.77603096
0.81964296
0.83709514
0.771117
0.1287678
0.07600941
0.0864147
0.7169653
0.8000812
0.8098724
0.8063354
0.7922462
0.75671035
0.72904706
0.68843
0.18528819
0.14867985
0.14100775
0.7427544
0.85370344
0.8944819
0.8621541
0.72854775
0.27619037
0.18826453
0.17226382
0.57015365
0.22509116
0.6296659
0.65446776
0.7556906
0.17517586
0.20061596
0.23831865
0.3774506
0.3576335
0.23052728
0.56975394
0.545081
0.58076304
0.24175404
0.2768579
0.29347438
0.71979815
0.2569887
0.152408
0.35499042
0.42905274
0.3324986
0.3158571
0.66400903
0.5286186
0.54909635
0.637355
0.2616179
0.34564254
0.30623072
0.35561237
0.64420193
0.47380385
0.48224273
0.57380927
0.39541054
0.35327947
0.3698945
0.36884263
0.2977939
0.3494464
0.29466
0.51822567
0.3347363
0.20564194
0.3300293
0.288498
0.2909552
0.2556487
0.19735809
0.29543585
0.64780635
0.836913
0.8669122
0.8104895
0.5825584
0.33479363
0.24073826
0.24264987
0.25503302
0.63084984
0.5500439
0.62484443
0.41420212
0.36811388
0.20564322
0.27426824
0.49614498
0.34988716
0.26353273
0.42493674
0.3229881
0.34731042
0.25609586
0.18417013
0.46618572
0.5285664
0.67243457
0.64706355
0.7289751
0.609893
0.5722707
0.5324773
0.5364212
0.43153268
0.39233407
0.62939554
0.30518973
0.25410962
0.25652453
0.3469494
0.57207817
0.45648822
0.44130874
0.41388348
0.4358884
0.4907775
0.6393687
0.62864965
0.6282833
0.69541657
0.48415157
0.36948407
0.37227514
0.4206366
0.12221264
0.10823645
0.08505694
0.05842812
0.041744534
0.03413347
0.03856178
0.7869193
0.7724443
0.93688166
0.9594227
0.92446446
0.8792643
0.887625
0.07153783
0.048030283
0.04660966
0.058797017
0.07709562
0.09041029
0.17850097
0.78718936
0.80819285
0.3907007
0.22366802
0.10542684
0.11213338
0.14445952
0.21264096
0.1633448
0.66116697
0.3000759
0.670405
0.6808245
0.18182601
0.1260198
0.08734293
0.06162843
0.07230816
0.84311134
0.7895531
0.8243655
0.89919025
0.79444844
0.7564796
0.08831165
0.06628975
0.11306604
0.12239475
0.13316566
0.5644833
0.16072667
0.16221789
0.28057346
0.34121194
0.7515607
0.8605921
0.3766472
0.310873
0.753331
0.5520486
0.53979075
0.48430875
0.14781776
0.39454943
0.7419631
0.765592
0.29763317
0.217912
0.17307682
0.19413202
0.6839426
0.74569833
0.31668577
0.20495656
0.09705671
0.1340119
0.24877258
0.83339524
0.90643203
0.91161776
0.81978714
0.76979285
0.20093636
0.09290525
0.098136134
0.13281296
0.20947155
0.7300995
0.7705619
0.873615
0.9030057
0.8799564
0.7307787
0.16953143
0.12990895
0.082743056
0.081985034
0.13550636
0.85521257
0.8147694
0.90127933
0.8480816
0.874838
0.27568582
0.1270189
0.1034275
0.112429254
0.13049488
0.55083907
0.28904822
0.57166594
0.29168743
0.27644444
0.23958445
0.20858762
0.38962987
0.22713108
0.37898874
0.52430046
0.7246603
0.84385705
0.80871433
0.63601685
0.5806655
0.65679795
0.5093966
0.62089324
0.42945075
0.3708457
0.56736606
0.7356846
0.664695
0.7172374
0.098256715
0.08117732
0.08388399
0.06957396
0.072381444
0.08082769
0.7906267
0.1331216
0.17387031
0.10080515
0.07842702
0.09642067
0.21891142
0.8692307
0.8262951
0.8435082
0.88830537
0.24860911
0.31093132
0.76973724
0.70692426
0.13502449
0.14597543
0.8211721
0.92509377
0.929594
0.8210109
0.868339
0.13393936
0.122332215
0.78756076
0.79756516
0.3106973
0.22367153
0.8384793
0.8478316
0.7811454
0.8064361
0.09260324
0.05471912
0.059704687
0.08542434
0.09499916
0.13536972
0.86844635
0.1043299
0.058106653
0.1489633
0.257061
0.29129294
0.18895097
0.1375379
0.087861456
0.07718794
0.15624072
0.1876278
0.27246493
0.26324213
0.293583
0.831544
0.81594783
0.67761064
0.5640576
0.5120114
0.49443695
0.5260348
0.78273076
0.91730165
0.9497883
0.9465011
0.9238959
0.88993704
0.10858081
0.049228184
0.04189763
0.04484201
0.050401516
0.06766459
0.14978498
0.20070639
0.9153215
0.89744216
0.8400845
0.82172537
0.82674325
0.8160595
0.8726204
0.24724449
0.14460628
0.14602943
0.8494144
0.80221695
0.8931837
0.8996074
0.86170495
0.83858794
0.83818835
0.84442395
0.8446301
0.8698466
0.8693454
0.86710733
0.8271572
0.7938686
0.86543745
0.8162543
0.22502384
0.13818192
0.073408864
0.099407114
0.7841176
0.75904596
0.7581254
0.78394943
0.15284054
0.1121244
0.13287073
0.20726292
0.78415054
0.72232753
0.8490521
0.7214047
0.77955914
0.24315767
0.18267676
0.17480195
0.44347903
0.47101772
0.53177726
0.63701266
0.7657969
0.6110284
0.5472123
0.42364413
0.19578119
0.2149451
0.26188892
0.30276743
0.38765776
0.44901973
0.20574895
0.14554396
0.38498372
0.4405689
0.59603757
0.8763754
0.94074786
0.96049553
