0.7832113
0.83026475
0.7397279
0.6359734
0.6166211
0.6047775
0.56864655
0.6595003
0.56650263
0.59283406
0.68282473
0.30367446
0.2691493
0.23803645
0.2011871
0.1908518
0.20440581
0.32071182
0.22172508
0.32400164
0.6777039
0.6215109
0.39156458
0.23154889
0.20453706
0.48528022
0.29555616
0.28960767
0.45110056
0.5009868
0.39885214
0.43261737
0.63974285
0.14911556
0.07779978
0.0921134
0.17982906
0.8338119
0.8374676
0.8264956
0.785696
0.7220693
0.69584996
0.13479921
0.07865838
0.07681532
0.15626265
0.47783652
0.25921673
0.61865234
0.10648735
0.06425954
0.06584407
0.12171317
0.14974134
0.8966742
0.8613252
0.83213365
0.79223096
0.114701554
0.076999776
0.046521764
0.052765563
0.09856676
0.67542845
0.21736714
0.5509474
0.59798896
0.654907
0.7604996
0.5690036
0.14305347
0.14561537
0.22433606
0.18355083
0.69490474
0.14087912
0.13233896
0.15736906
0.08820999
0.06112856
0.07462195
0.10171106
0.14201552
0.14659174
0.08333092
0.07602477
0.66947395
0.6071452
0.6449599
0.73089504
0.8684725
0.8969502
0.90786076
0.26512676
0.18839276
0.12796529
0.6777404
0.70050067
0.8575427
0.84256
0.6236299
0.5978016
0.5779562
0.6363091
0.23003636
0.32399836
0.3378737
0.76586163
0.8647642
0.7521745
0.76108396
0.8325907
0.111046836
0.052719668
0.07116456
0.09768646
0.09043537
0.073318675
0.062367227
0.750761
0.72429764
0.7628192
0.82773143
0.7602397
0.14898868
0.10705877
0.10665216
0.09387034
0.074386396
0.088884324
0.14374626
0.21778212
0.80774283
0.16554315
0.07495052
0.1299117
0.22968654
0.81300426
0.65494704
0.6523029
0.77296233
0.6276139
0.074997164
0.06978106
0.13961273
0.21532471
0.8460905
0.863174
0.77886534
0.52814096
0.4753392
0.4469075
0.4647409
0.22399417
0.2000915
0.19713691
0.23527291
0.2637424
0.4593654
0.51130867
0.2667268
0.32014677
0.48079747
0.27844346
0.16398257
0.09963892
0.19811052
0.30370057
0.7030315
0.84697294
0.8465832
0.67579806
0.5824451
0.10322468
0.12749672
0.14756548
0.12211522
0.16444027
0.43602213
0.28576905
0.26234818
0.3377644
0.42980877
0.70454687
0.56485134
0.5298319
0.6891744
0.28998682
0.17649586
0.11963097
0.50660926
0.45313996
0.57451487
0.3198727
0.50481665
0.20660359
0.16400287
0.5774673
0.4999582
0.50316584
0.4305389
0.4655649
0.48128492
0.40386546
0.53087384
0.5253968
0.6530428
0.73291785
0.18739355
0.13287155
0.121652134
0.27632347
0.8371595
0.8650346
0.8125873
0.2441151
0.17135741
0.16149344
0.40253446
0.52900714
0.6457037
0.8127993
0.85558987
0.79579955
0.6161157
0.67652154
0.55730474
0.65405107
0.5191369
0.5235017
0.50225776
0.17584011
0.4646065
0.47441277
0.18844122
0.09073924
0.093352
0.1943073
0.10926687
0.08855493
0.19547153
0.11021842
0.07373236
0.07239192
0.08357775
0.83342195
0.8830125
0.27713558
0.37236738
0.7622703
0.79987484
0.8755314
0.7992367
0.7290187
0.14157872
0.119340576
0.68696606
0.602321
0.30483258
0.82926357
0.11820996
0.11599022
0.59748435
0.07292401
0.06147981
0.06365507
0.09956157
0.82153124
0.8155575
0.85206354
0.79287297
0.21844871
0.09689237
0.07136001
0.091382265
0.12351493
0.14462352
0.163839
0.8138941
0.76304024
0.7026942
0.5841052
0.26990184
0.28506142
0.34591937
0.40556467
0.61060506
0.46136996
0.52108026
0.48292026
0.3622952
0.28235424
0.42887586
0.38366076
0.35924107
0.35679147
0.45907053
0.6623653
0.46889147
0.42241615
0.4974167
0.33729395
0.39973333
0.5718056
0.66657037
0.5852001
0.5143002
0.30323267
0.39291692
0.5224652
0.7021233
0.7455929
0.72296774
0.6799805
0.67166245
0.40547374
0.282467
0.2471797
0.2948956
0.3686974
0.7171322
0.32692596
0.14630495
0.1274919
0.15366451
0.5438274
0.64909655
0.8327256
0.72795695
0.1768868
0.16518997
0.10826989
0.14272548
0.12915547
0.80628955
0.1753582
0.109212935
0.064399555
0.04981931
0.08745224
0.22514918
0.9592258
0.9462809
0.7979789
0.78498036
0.04610922
0.026207961
0.029467031
0.0604206
0.100751184
0.14856015
0.8283897
0.2110827
0.78065354
0.8479514
0.14838976
0.07890317
0.06712572
0.07311768
0.7647917
0.7974124
0.80143195
0.75528604
0.8443755
0.21249112
0.11315363
0.11381584
0.20144403
0.7059862
0.7819182
0.64540184
0.7521983
0.5848704
0.55329335
0.5927817
0.7098596
0.19619487
0.15550597
0.15333906
0.14530617
0.18543375
0.7445261
0.25712195
0.13573639
0.10526267
0.074798286
0.05468016
0.057135694
0.65709865
0.20317976
0.45299086
0.87774336
0.27422628
0.7797144
0.08085849
0.051266458
0.07847343
0.059139956
0.11020791
0.061281696
0.051184762
0.057246923
0.07641078
0.118594766
0.91612625
0.92896956
0.91868126
0.21269318
0.24839096
0.75195014
0.71722084
0.4581121
0.7734441
0.26246557
0.18747135
0.71468085
0.14555758
0.14611857
0.17795919
0.8857488
0.8231813
0.8175214
0.83307534
0.12263875
0.057265054
0.051828947
0.06274337
0.7963619
0.13204145
0.14616151
0.7873449
0.8116101
0.81779623
0.8440917
0.91684717
0.92580175
0.89228714
0.8482186
0.3038365
0.23767915
0.86536217
0.090386495
0.056924246
0.10865104
0.19494464
0.8692175
0.63873154
0.12669644
0.23806469
0.23658793
0.7909424
0.24719766
0.26544327
0.7875452
0.35475618
0.79104584
0.88677925
0.3166981
0.2150887
0.7975579
0.069032535
0.039883446
0.03682628
0.056107223
0.07055875
0.06841897
0.07837255
0.09530135
0.104764275
0.09926927
0.14153357
0.8444078
0.18277559
0.22649825
0.78104067
0.0964562
0.06817367
0.13283281
0.3421304
0.81425714
0.71977234
0.25378355
0.24544525
0.6653149
0.15963596
0.1153809
0.13710801
0.15229681
0.1595633
0.61135656
0.63724804
0.7310781
0.67469424
0.63099045
0.66695917
0.74029344
0.703645
0.66263384
0.78744495
0.33728606
0.22032607
0.2607175
0.22894038
0.21155848
0.78607595
0.68936867
0.12271725
0.10283263
0.13134845
0.1558552
0.7106075
0.15753044
0.12736528
0.61849326
0.73131454
0.887461
0.89401853
0.7710393
0.07060428
0.05546096
0.061334405
0.84118634
0.89687616
0.9182634
0.80949813
0.12024616
0.06672197
0.18475994
0.70139325
0.8086674
0.2128901
0.18362412
0.6798543
0.42190513
0.29453284
0.22377709
0.18006994
0.48148042
0.47617033
0.4175465
0.53040856
0.38869828
0.3137111
0.30626652
0.46391323
0.42359534
0.42990392
0.60738415
0.3613096
0.28576997
0.2890591
0.40141603
0.6023392
0.90270925
0.9057707
0.8704195
0.7339297
0.4167949
0.2870806
0.23852013
0.21018109
0.39285794
0.47687846
0.6088188
0.46608144
0.29680264
0.21406393
0.38411373
0.3647114
0.46942896
0.7486259
0.7429601
0.58901453
0.51663285
0.32237124
0.2606134
0.2321004
0.26904306
0.34151062
0.60239387
0.48217085
0.45535624
0.41587475
0.4405264
0.45895708
0.42994794
0.38126382
0.31020957
0.23560745
0.21270975
0.54180044
0.5091188
0.37916714
0.32458085
0.3867813
0.27021116
0.27493528
0.522917
0.78126353
0.80044526
0.66508096
0.64091253
0.08560988
0.099721715
0.12328826
0.14041257
0.1297921
0.11093635
0.6830443
0.6657185
0.69113654
0.7253669
0.7420487
0.73207504
0.24489665
0.27879423
0.31301013
0.14557092
0.08239921
0.10204971
0.6322404
0.6108206
0.65646684
0.11359081
0.065459274
0.120066784
0.15240845
0.25024465
0.7045537
0.76894355
0.90655094
0.90233773
0.7668982
0.87341994
0.8272938
0.8826125
0.8121251
0.8648892
0.8278218
0.85135937
0.79143465
0.7629165
0.19932951
0.13560584
0.10392165
0.10106022
0.16897422
