0.8409682
0.6641451
0.7706269
0.6796457
0.3842536
0.32387742
0.6431611
0.5282263
0.5651825
0.71752185
0.51350486
0.4697674
0.30029947
0.344231
0.3766597
0.6606261
0.76081276
0.6590618
0.6051462
0.47406307
0.5770723
0.1731957
0.23177245
0.24983841
0.20926113
0.78793484
0.7823899
0.8207514
0.3808018
0.27940732
0.30908298
0.31849483
0.7098954
0.73403
0.71351475
0.5753572
0.65406054
0.7736929
0.81538427
0.7460194
0.7168589
0.73924214
0.6745934
0.13312592
0.11370699
0.16719143
0.26072758
0.83786196
0.8455969
0.8616155
0.8342446
0.8280079
0.3033086
0.26382777
0.23595288
0.2737485
0.80218774
0.7638789
0.8048708
0.6746202
0.6370116
0.18410823
0.12461651
0.094498724
0.099594675
0.118556514
0.7239052
0.74625266
0.76296973
0.7542173
0.1339064
0.13249867
0.096388504
0.10688669
0.13699897
0.67173344
0.29702732
0.31566215
0.15117891
0.09114147
0.07222707
0.06512894
0.06869038
0.074331135
0.091749795
0.11687411
0.86013263
0.8083847
0.086223155
0.083698735
0.087625995
0.090184756
0.78903025
0.09265174
0.07325347
0.766624
0.8421726
0.8831299
0.8890742
0.95492584
0.9524464
0.88301766
0.84019655
0.04393198
0.02464413
0.023517177
0.03730427
0.0643147
0.06666877
0.8134547
0.76646435
0.7071702
0.7722182
0.77939695
0.77946347
0.08983249
0.1340771
0.06830453
0.04279283
0.04415342
0.06496935
0.07017163
0.07796608
0.107658446
0.15540022
0.68655485
0.25218514
0.144872
0.13458243
0.13482185
0.1784039
0.1407119
0.13063316
0.6553048
0.17122617
0.21850044
0.62619317
0.58843416
0.62464976
0.6572434
0.7043223
0.7012811
0.08048558
0.05909659
0.056567814
0.061078478
0.07875873
0.10746771
0.7848437
0.72265655
0.069242485
0.07327323
0.08387983
0.09699204
0.8517476
0.79647774
0.8007149
0.91607875
0.9436895
0.9459067
0.9310278
0.8430966
0.80761737
0.8885465
0.739683
0.74701077
0.12111153
0.11046656
0.07828995
0.19162145
0.8960826
0.25774312
0.08750997
0.042663354
0.04539521
0.09011312
0.12003335
0.14116117
0.21246718
0.91971695
0.8674961
0.36931056
0.8506542
0.1455586
0.05714791
0.047625393
0.1522884
0.885814
0.37293002
0.23287524
0.07462174
0.0774831
0.07758871
0.87820905
0.8540663
0.8785877
0.8702222
0.04359347
0.037357938
0.040172108
0.069438405
0.13264234
0.86462915
0.08086408
0.05214714
0.069557205
0.15509732
0.16921185
0.8353253
0.61986935
0.28946766
0.47468188
0.8291554
0.21901992
0.15378095
0.59020615
0.67179894
0.8139343
0.31462225
0.24032082
0.8402642
0.8879709
0.88343906
0.7726435
0.8702455
0.8438173
0.7059445
0.27045587
0.14991774
0.16092974
0.2121468
0.20106322
0.2171944
0.2771596
0.2755751
0.38968766
0.7154493
0.7567541
0.838936
0.82543415
0.73179406
0.3795021
0.3508563
0.2446686
0.25862348
0.34580073
0.59343857
0.5667232
0.5437504
0.4298979
0.41467565
0.64657056
0.57341516
0.49857447
0.39590555
0.14337067
0.12379022
0.14028363
0.19589949
0.6575889
0.80239606
0.552343
0.26305902
0.1368045
0.0953441
0.080324754
0.084855504
0.15067112
0.3032668
0.39758402
0.87112755
0.09860226
0.04876871
0.06681958
0.13414542
0.89338934
0.9455143
0.93615055
0.18866606
0.06947747
0.034774642
0.033332273
0.035833895
0.054494355
0.064699255
0.065046445
0.060924932
0.06295794
0.067443535
0.05717641
0.04846887
0.040931165
0.037797816
0.04626319
0.056758545
0.88736
0.86184555
0.29891178
0.90467834
0.92988974
0.8671389
0.9462952
0.93727446
0.897314
0.30121502
0.8898271
0.7914476
0.043278676
0.02624089
0.023795867
0.039733447
0.08765783
0.17687218
0.9499294
0.9400159
0.91125023
0.7303645
0.21446733
0.7653626
0.18820806
0.16511586
0.092062436
0.05587256
0.06549241
0.057304535
0.05506057
0.055236764
0.14565784
0.27691635
0.92560613
0.8957136
0.79328996
0.09188007
0.0756138
0.086844936
0.12539868
0.13714717
0.09977057
0.098035045
0.73988676
0.63881147
0.10896203
0.10907409
0.18203956
0.90453446
0.93550324
0.36711985
0.20053348
0.06949016
0.07685821
0.811132
0.8736063
0.8078424
0.918047
0.30408514
0.083851546
0.07605714
0.7957201
0.72371966
0.8210601
0.82218224
0.94415134
0.9250192
0.9162165
0.09339158
0.04684065
0.07162909
0.8026628
0.9328354
0.9452854
0.9058245
0.79721266
0.06830157
0.055981457
0.06882898
0.12390161
0.7600292
0.0662489
0.055137604
0.062114604
0.08113395
0.095830955
0.122030064
0.14071539
0.13616478
0.17536318
0.26923856
0.62428474
0.5041614
0.15193275
0.098423064
0.21889533
0.25276062
0.8045911
0.5450838
0.48439977
0.343941
0.41249183
0.4633845
0.4103117
0.8985035
0.9040581
0.8897954
0.8002001
0.82440495
0.74345744
0.144798
0.1274364
0.14803217
0.17127141
0.24869242
0.30770394
0.22536993
0.20750372
0.1657225
0.12494943
0.10746958
0.25012514
0.3472233
0.8821141
0.9057219
0.84906065
0.89396566
0.8621947
0.689954
0.62007767
0.63103366
0.6643197
0.6999434
0.79675204
0.42526466
0.23954992
0.16132905
0.1222268
0.13674167
0.18735391
0.20380823
0.4854611
0.46096665
0.3417103
0.31858748
0.24326345
0.26135504
0.2827679
0.4974649
0.44325307
0.54571563
0.48266917
0.5047092
0.78471154
0.70363355
0.31215313
0.22005974
0.23560221
0.33193952
0.5947933
0.635295
0.67558384
0.7158106
0.7590719
0.86856127
