0.91098315
0.77630335
0.8234543
0.84385407
0.87836474
0.924867
0.92255825
0.84152186
0.8745304
0.88863915
0.8689276
0.8034044
0.84200925
0.863544
0.8720176
0.89133465
0.86793333
0.8554366
0.8229832
0.17198898
0.18874693
0.83725697
0.07929759
0.06837457
0.047892056
0.04154121
0.042859875
0.03165286
0.0252242
0.038112782
0.9436099
0.92996997
0.94897157
0.92462677
0.9331465
0.90259326
0.8216827
0.85405374
0.04368003
0.02958144
0.02872239
0.042126887
0.0565713
0.054276716
0.065125234
0.08693531
0.7193097
0.09709871
0.0711105
0.121743366
0.15188341
0.11438596
0.09056354
0.07792327
0.07282034
0.11010224
0.7507386
0.8581206
0.20175064
0.096776165
0.076454155
0.13400091
0.9320842
0.9434209
0.8764215
0.91892093
0.06509589
0.026752628
0.024949754
0.024562713
0.025316812
0.03816552
0.08373358
0.12299396
0.10943654
0.083162814
0.11453344
0.9152338
0.14129384
0.095418595
0.095601
0.7882827
0.06889444
0.049286485
0.059545916
0.05380095
0.08568415
0.8197192
0.8795536
0.1422323
0.11629594
0.76419747
0.7538051
0.20025899
0.1460548
0.746322
0.15186746
0.17757864
0.27484348
0.89044356
0.7940559
0.099357694
0.08579842
0.11245134
0.8977223
0.85501635
0.05717416
0.03715019
0.035491988
0.04498046
0.080429755
0.10038694
0.12526919
0.9351668
0.94820535
0.9489801
0.19060746
0.18226337
0.13781066
0.8700181
0.86096215
0.87611854
0.88326126
0.17117964
0.10619664
0.1622658
0.91688955
0.9190604
0.94191223
0.51371413
0.4024226
0.33450556
0.8488257
0.8174634
0.8223943
0.8278974
0.80125254
0.78456485
0.108707234
0.123052165
0.11020438
0.0991737
0.8446518
0.18180113
0.10366693
0.12463301
0.8643772
0.82471853
0.87143296
0.1288483
0.05109522
0.04189252
0.06814718
0.113115534
0.8497168
0.7562509
0.13760051
0.13690118
0.83884007
0.74392617
0.13662456
0.12266158
0.7728447
0.10580399
0.06601746
0.09077052
0.7072884
0.12983559
0.13462421
0.09706883
0.055449147
0.05967942
0.09494465
0.14826447
0.83141243
0.7847549
0.7439342
0.83374244
0.75683653
0.13667539
0.12684323
0.15141752
0.12518576
0.113931365
0.09203882
0.072387956
0.62985945
0.64769065
0.7460703
0.8766492
0.890564
0.46001282
0.15549393
0.083582856
0.10847647
0.15574522
0.29971978
0.28644896
0.28825864
0.1935048
0.15056844
0.3534802
0.31551567
0.40930152
0.8289091
0.84303594
0.74098605
0.80927444
0.10375171
0.12936595
0.1906348
0.17370838
0.89256805
0.11055842
0.05094431
0.02766456
0.023672547
0.02587172
0.03750087
0.092745304
0.87778956
0.97445494
0.97241914
0.96526575
0.05232623
0.021265274
0.017683573
0.018838538
0.023407787
0.039879013
0.8622495
0.25582275
0.86510354
0.11646094
0.12048102
0.8523142
0.06564904
0.044122133
0.031467717
0.03991314
0.86620975
0.19121224
0.31942993
0.96838814
0.975551
0.96398234
0.8796187
0.035875827
0.022113932
0.021352634
0.029443536
0.06844517
0.13121092
0.9216615
0.27875477
0.13296267
0.7819859
0.28813398
0.84044427
0.053743087
0.045658495
0.07731823
0.06100668
0.058257286
0.07144743
0.7910713
0.08320611
0.04770022
0.048335906
0.10689159
0.8608879
0.8620907
0.9184665
0.79701513
0.23033665
0.28698465
0.8595183
0.15797207
0.25781998
0.8879051
0.8783351
0.78770524
0.8580109
0.15736423
0.1411411
0.13765828
0.14236842
0.1201292
0.1181372
0.17350642
0.13018675
0.09308737
0.1122479
0.3418124
0.89476234
0.9301929
0.9169561
0.68184996
0.1788434
0.12862599
0.057642587
0.046602465
0.061814096
0.09551459
0.16746499
0.82605624
0.9294491
0.8939062
0.9106471
0.8949041
0.86373943
0.9035885
0.8867971
0.8703778
0.9067111
0.90641737
0.862147
0.8624498
0.8742832
0.80662495
0.13180391
0.08190349
0.07020759
0.06830968
0.11945199
0.73427993
0.7273224
0.86300635
0.6858607
0.7062246
0.8789896
0.88193643
0.8494215
0.93887126
0.93798435
0.9159871
