0.6963063
0.5358913
0.47774723
0.52277136
0.70525587
0.6935321
0.8212978
0.8083809
0.86361915
0.8563074
0.7810956
0.84824294
0.84173805
0.7937256
0.17199075
0.13074099
0.14442094
0.13369243
0.13872057
0.097676344
0.11112649
0.22437632
0.9000259
0.20897172
0.1861931
0.09005727
0.07563173
0.7863411
0.7311692
0.7572847
0.6956786
0.07002511
0.03394273
0.054564815
0.120660804
0.8001185
0.88044
0.28209034
0.10721462
0.098601
0.12594527
0.22180575
0.24931835
0.4642679
0.79012144
0.84246165
0.8110838
0.7772185
0.33591655
0.25394103
0.28639722
0.7617779
0.7754509
0.47687215
0.45803759
0.44798705
0.6715808
0.54713506
0.26836172
0.18045373
0.16380441
0.18070021
0.22010769
0.22249836
0.2097847
0.1858833
0.16942424
0.16348064
0.17061742
0.20765458
0.3029261
0.725323
0.45872024
0.4959501
0.7482494
0.62215614
0.5331687
0.41696304
0.3661054
0.3697126
0.4507476
0.46190146
0.20759575
0.16526678
0.11207832
0.08982236
0.10201771
0.109759174
0.11610714
0.15513453
0.22489834
0.31853193
0.8635865
0.6915183
0.1201299
0.056777474
0.047180172
0.062886365
0.67626435
0.5873612
0.17149644
0.6443725
0.6895694
0.78099906
0.81130326
0.35045105
0.74985003
0.8276907
0.088489644
0.04359795
0.048889164
0.09739199
0.7691644
0.25641853
0.23650794
0.20468351
0.13375235
0.09309377
0.06609351
0.06355407
0.082754575
0.11273818
0.11405167
0.15690091
0.15027162
0.19086485
0.25123122
0.34874532
0.5909986
0.55861795
0.5348104
0.5161512
0.651683
0.7200397
0.7232326
0.6945446
0.5698261
0.62617946
0.21674845
0.11956485
0.09794348
0.12357835
0.21233301
0.6384041
0.70956105
0.7206424
0.68941414
0.6516365
0.5225901
0.48423624
0.45821398
0.37506548
0.3331505
0.26068357
0.25911224
0.21612778
0.21204925
0.24055612
0.48103166
0.5173176
0.46057892
0.5629165
0.5788713
0.54497755
0.43450287
0.524861
0.5492276
0.58697075
0.6196538
0.6361031
0.64204276
0.6394054
0.635757
0.68568003
0.64684546
0.63518167
0.27989116
0.19436502
0.10548108
0.082787886
0.08708731
0.14488822
0.7101805
0.76711816
0.8832014
0.8681502
0.6983428
0.65272146
0.07348428
0.039117575
0.03878841
0.1018247
0.20886858
0.2925314
0.89554024
0.7881999
0.62704885
0.6678773
0.6771622
0.6054132
0.71117115
0.7423764
0.74934614
0.76256835
0.77567226
0.062007144
0.041317884
0.06680772
0.06957243
0.032288093
0.02736832
0.029841352
0.07357766
0.96161634
0.9609649
0.96704125
0.07939907
0.024635993
0.019759089
0.019832492
0.023087444
0.027477875
0.02782343
0.03206245
0.041846666
0.053606365
0.04656895
0.033444654
0.034231707
0.049338978
0.760848
0.8306173
0.87517476
0.87241673
0.8629411
0.78753674
0.077574775
0.039972283
0.036996637
0.058082595
0.08153426
0.10566757
0.5845322
0.4480712
0.624216
0.6975499
0.7592847
0.7611914
0.76858455
0.67158043
0.6162735
0.25049365
0.110960096
0.08548697
0.09143368
0.6003443
0.5732543
0.64883286
0.65851873
0.6619145
0.6647524
0.66457856
0.6559275
0.14893487
0.09315147
0.10976857
0.23855999
0.8116174
0.3302386
0.20355822
0.14903136
0.14431147
0.1801417
0.11582538
0.08500913
0.057082172
0.061600283
0.093661055
0.7429732
0.73628753
0.08833399
0.07561962
0.07914571
0.15172078
0.8381698
0.321206
0.19563246
0.7590081
0.67780685
0.71833473
0.81431764
0.8636425
0.8720902
0.87816113
0.81025016
0.08214572
0.044086132
0.04545309
0.06232311
0.099015735
0.09068191
0.10620637
0.09235734
0.07878398
0.16129772
0.17221786
0.13213679
0.15173464
0.12870416
0.12093883
0.15727259
0.80525047
0.71092755
0.62037706
0.57292295
0.5707868
0.60423464
0.6685671
0.8378577
0.88439065
0.8700425
0.76464796
0.7311587
0.2524027
0.14456248
0.11787667
0.11233034
0.71856266
0.728703
0.29880035
0.2168631
0.17431137
0.078257464
0.0474677
0.052511968
0.8032813
0.82616544
0.88160056
0.8928276
0.90028656
0.776816
0.21991825
0.7391874
0.057588205
0.06448136
0.080156304
0.08019394
0.13992098
0.7313473
0.71271664
0.21464118
0.14510567
0.13091223
0.18640687
0.6793605
0.1896205
0.11762525
0.10757213
0.180187
0.30361953
0.7487767
0.4067387
0.40438613
0.25795087
0.24490139
0.32416764
0.2756828
0.3204676
0.24468872
0.43169305
0.35292125
0.32541174
0.44771436
0.38367006
0.5655285
0.543618
0.73771125
0.24306309
0.14426069
0.12412813
0.14662339
0.22463778
0.73951876
0.69401395
0.6585098
0.22808531
0.23916137
0.1559462
0.11120536
0.08584535
0.092336394
0.30464485
0.6967209
0.20957087
0.19779335
0.7022276
0.0869879
0.074233085
0.05735793
0.06330746
0.06589663
0.08932535
0.74017084
0.6841704
0.10982221
0.08446137
0.757272
0.755253
0.7965018
0.75380576
0.10285618
0.07328326
0.8428475
0.9299133
0.9470816
0.83131886
0.050634295
0.04045089
0.037777722
0.03200205
0.036079135
0.13398568
0.6655673
0.101962626
0.21876381
0.72227573
0.13187766
0.09964549
0.05430192
0.09454198
0.10856324
0.10748221
0.15287356
0.63203245
0.6535532
0.7134876
0.5253343
0.45016837
0.12950404
0.10215027
0.21435955
0.3826368
0.48475543
0.83750546
0.3019607
0.19033931
0.5947463
0.66698974
0.5936655
0.6235343
0.6366267
0.646612
0.66893977
0.18335941
0.12772031
0.12529083
0.14376521
0.13843797
0.13446842
0.14616495
0.18282957
0.24528934
0.1727151
0.14208302
0.1649076
0.1471964
0.1759398
0.86753815
0.89149755
0.8592372
0.6592419
0.6757011
0.67785066
0.76556003
0.6913372
0.6947278
0.74939275
0.6870034
0.1966308
0.18734477
0.20271395
0.22696717
0.24148244
0.18761908
0.15691733
0.57537895
0.58763146
0.20404908
0.26767492
0.21410204
0.17984726
0.28865716
0.69866025
0.6696974
0.6090546
0.15507334
0.17207485
0.30314046
0.3021599
0.35869828
0.6436408
0.12868416
0.109389246
0.15523025
0.5991734
0.21934192
0.14272624
0.106940754
0.08581091
0.72039574
0.66176486
0.7329914
0.8311375
0.8364028
0.8156909
0.79388577
0.7618003
0.7368053
0.73327905
0.7255246
0.70404166
0.6545188
0.08609225
0.09913968
0.1561363
0.22951648
0.64120096
0.18378024
0.14537956
0.1928419
0.79854834
0.7924977
0.659079
0.5683673
0.16071598
0.09717862
0.2036784
0.20322898
0.2482558
0.48207024
0.6564752
0.3836278
0.26094657
0.24205667
0.5199365
0.4875767
0.39192915
0.33041546
0.2834811
0.36879045
0.42536154
0.4848556
0.51955515
0.55075425
0.6659785
0.23226899
0.18347943
0.37040427
0.44046578
0.3816449
0.69027907
0.6503443
0.15435304
0.20762269
0.11657885
0.16054623
0.13208863
0.1442701
0.10650808
0.09785785
0.8687362
0.7477813
0.15060502
0.0549261
0.036184162
0.06817933
0.10220579
0.790839
0.19297345
0.13109748
0.11087646
0.13599771
0.16472062
0.20290796
0.8100694
0.07015789
0.06121526
0.08409813
0.841705
0.80924565
0.83683574
0.81735355
0.07256339
0.081577934
0.10819613
0.85590374
0.26592615
0.24685208
0.1600794
0.06336871
0.048635826
0.07140772
0.85074186
0.8309914
0.8412337
0.11279662
0.09967921
0.14192417
0.8817318
0.06511686
0.03383129
0.030369552
0.03829107
0.04849746
0.065914206
0.06857009
0.08398154
0.08361354
0.11580465
0.79817367
0.26684785
0.17567383
0.14336555
0.12415055
0.13153669
0.6246738
0.6180198
0.57409286
0.16623816
0.15371393
0.60122097
0.1564518
0.11368957
0.112258784
0.15370736
0.29862466
0.81154895
0.23588161
0.19924577
0.28089634
0.21190734
0.1637896
0.12040862
0.0818863
0.214677
0.5451212
0.56451565
0.27104586
0.31424662
0.25721616
0.44643652
0.32898065
0.57790715
0.38575506
0.26336774
0.16981475
0.09773644
0.07480063
0.10504375
0.8231131
0.79814684
0.8096207
0.8529841
0.70764214
0.6585153
0.12768267
0.061608255
0.06628945
0.09562758
0.11605022
0.1387874
0.65119696
0.5586072
0.7198668
0.27719074
0.20928879
0.36248583
0.7209088
0.56109935
0.4816468
0.59070176
0.601812
0.57728314
0.4475553
0.42680758
0.45010233
0.14154072
0.24390817
0.16821066
0.16787532
0.5732134
0.6753075
0.8075709
0.14349253
0.10850225
0.10425546
0.6756918
0.7305631
0.07963107
0.060346
0.053289462
0.11944386
0.07768876
0.049899023
0.032559723
0.028925642
0.041636176
0.84201896
0.83370954
0.94518983
0.85985255
0.84768075
0.82935685
0.93783176
0.92489874
0.060898107
0.030178579
0.023402479
0.02619506
0.025755174
0.042383965
0.072377555
0.07583323
0.08634894
0.06315438
0.05554397
0.1329714
0.7825041
0.8933298
0.7808656
0.1215017
0.09153998
0.09565524
0.1363512
0.7803522
0.77320427
0.72993755
0.32844657
0.26850304
0.24339171
0.30145955
0.63752997
0.54097646
0.44168973
0.5451223
0.62322885
0.27700397
0.22280419
0.41150495
0.1917355
0.21719085
0.25859883
0.46531576
0.678637
0.6774943
0.64995784
0.5977801
0.541268
0.47310403
0.6154371
0.67318076
0.69533336
0.3969717
0.2903464
0.22427654
0.55435985
0.3879193
0.6300197
0.4278674
0.44952348
0.6470889
0.60738677
0.53664804
0.49088657
0.33656377
0.26260015
0.228763
0.2396749
0.28325805
0.30653965
0.35068592
0.43621668
0.6721912
0.7210467
0.54870826
0.5143793
0.6164506
0.75758976
0.7304263
0.6010093
0.40964255
0.22856385
0.19193514
0.22915223
0.58151543
0.4744524
0.507619
0.509527
0.5051411
0.29794306
0.20778547
0.18480796
0.23775674
0.43899515
0.45617244
0.46794954
0.47665027
0.247019
0.21046096
0.20340824
0.18883663
0.170677
0.14423575
0.15529944
0.17236707
0.14598331
0.14996044
0.1632512
0.8053259
0.7550298
0.75329155
0.70040697
0.6641969
0.15863316
0.060630467
0.05558895
0.12637135
0.87217087
0.9163042
0.9209977
0.8790732
0.7041286
0.61423457
0.10252403
0.110349536
0.17718759
0.8492104
0.80645376
0.8049765
0.2953417
0.10532475
0.08437125
0.06112407
0.06724783
0.13861373
0.09919736
0.084475204
0.6890056
0.22927612
0.6848336
0.7181209
0.07612189
0.052434422
0.06575258
0.1610506
0.19493854
0.21938342
0.24287309
0.84635496
0.40752235
0.8603548
0.85298467
0.846297
0.81796235
0.8028731
0.79269546
0.11137859
0.05697879
0.05089463
0.05554675
0.05206426
0.0518681
0.05567896
0.10068491
0.84757084
0.83329266
0.20958138
0.7135393
0.086584106
0.06632258
0.07853315
0.07462773
0.07438085
0.6098464
0.68132436
0.6915217
0.6987404
0.6832398
0.66789234
0.6388284
0.655401
0.06466273
0.04219428
0.057845473
0.12215732
0.85395175
0.92046285
0.9122153
0.1600476
0.14576228
0.07484558
0.04597622
0.057469305
0.0590736
0.07446481
0.1647692
0.75052524
0.68858564
0.73295987
0.78649855
0.21282336
0.24853669
0.19108722
0.22677462
0.68767107
0.17045888
0.092638634
0.12963134
0.1412066
0.15631063
0.11163301
0.170285
0.7180776
0.77686524
0.27160683
0.13507013
0.112968475
0.16748518
0.53571177
0.6181887
0.7395037
0.29739782
0.24379922
0.5897929
0.2711191
0.12923071
0.08252639
0.053401247
0.028780412
0.02353002
0.12087052
0.9120453
0.9772455
0.9803376
0.967709
0.91919434
0.6844768
0.03633383
0.026737988
0.024808627
0.037043765
0.055821054
0.07017135
0.11800247
0.739979
0.7908387
0.5457813
0.22016338
0.23413002
0.12997982
0.10046762
0.14548627
0.20379011
0.6218671
0.57622147
0.8273481
0.27301645
0.16290462
0.122032836
0.49783516
0.26784536
0.4091662
0.50000906
0.8135335
0.32605693
0.6448582
0.6030013
0.59589297
0.55890137
0.5382734
0.5716691
0.5896247
0.17263888
0.16258112
0.31956485
0.7208101
0.16513668
0.076510794
0.054289166
0.1052975
0.15166585
0.9040923
0.12926526
0.053728275
0.056696683
0.06396685
0.073685154
0.09953199
0.081545316
0.056163236
0.08871021
0.11955403
0.81608546
0.7832274
0.7869388
0.7585045
0.08817511
0.04807308
0.048799157
0.13085742
0.17352064
0.906525
0.9238772
0.8998383
0.8992847
0.8608719
0.8957992
0.18620905
0.10232366
0.04700182
0.05462107
0.1373972
0.91853124
0.8686892
0.85507655
0.11544019
0.053079687
0.041679632
0.06837533
0.8503125
0.14708793
0.113158286
0.10156758
0.071832806
0.04883217
0.058367338
0.8656708
0.81942856
0.8720248
0.15168485
0.0717799
0.039750982
0.034878757
0.039180417
0.04593344
0.0678923
0.12393481
0.86389935
0.8203499
0.82915145
0.8415426
0.8317737
0.82815325
0.7853167
0.43858773
0.7947935
0.25546288
0.18562639
0.1288796
0.11246508
0.14965019
0.22731137
0.79921013
0.30422926
0.20317072
0.15088364
0.12809402
0.20377913
0.6219705
0.4774538
0.45694625
0.38240457
0.43770278
0.37769428
0.4376373
0.39145684
0.42492825
0.4766439
0.4634731
0.36262035
0.41583014
0.4675377
0.47592127
0.4130269
0.36267632
0.28883556
0.3428893
0.38245
0.52787226
0.6111059
0.44589013
0.46097836
0.44171515
0.27756596
0.1912687
0.1902847
0.25253922
0.31936467
0.1951976
0.18693882
0.1875591
0.19075346
0.1899224
0.45005623
0.53606945
0.5659431
0.5645756
0.59644836
0.60106295
0.1682638
0.13879767
0.14660943
0.19924727
0.15174815
0.1251642
0.10200194
0.07951882
0.06679037
0.05834951
0.07512749
0.119958
0.08284202
0.05569415
0.052010447
0.06570577
0.069737494
0.058525335
0.047676396
0.07273513
0.7654942
0.92638856
0.9208937
0.93847704
0.89571756
0.85883147
0.8604618
0.110464446
0.08331525
0.1031427
0.09155441
0.04267006
0.036547866
0.07388796
0.16405143
0.10331169
0.089430556
0.740385
0.091499984
0.04780333
0.070702896
0.14622882
0.26986706
0.8786938
0.86182374
0.85508364
0.08900285
0.03615115
0.026168926
0.04075478
0.041531786
0.049485564
0.060622096
0.8105142
0.762291
0.83680594
0.80787575
0.87040615
0.3737394
0.28661022
0.10585473
0.055483583
0.058199264
0.04868534
0.049803123
0.107956536
0.1990891
0.8141956
0.19998683
0.068117954
0.049576327
0.06864633
0.1298502
0.6866998
0.79295915
0.82707936
0.8563057
0.80654234
0.7960513
0.15419737
0.13352723
0.22198525
0.7480253
0.7695941
0.80215305
0.08972376
0.08846743
0.113257915
0.14173403
0.21647273
0.8476629
0.8072752
0.7814876
0.7488987
0.7219194
0.65620714
0.73215634
0.74538285
0.7507178
0.72759724
0.71106035
0.7120822
0.12785791
0.10733005
0.08131914
0.0733637
0.08351403
0.7475718
0.8287891
0.85670614
0.77358145
0.7513821
0.2987798
0.17482165
0.17601779
0.686738
0.805356
0.8232424
0.74164915
0.793799
0.78545606
0.24032801
0.13662928
0.1030298
0.109384276
0.24043433
0.6609064
0.31096065
0.24147229
0.58888465
0.5880053
0.30991322
0.3492798
0.36113387
0.6997144
0.27537313
0.12567097
0.08463441
0.12990665
0.219503
0.7184894
0.7161842
0.69641984
0.66550905
0.29971284
0.22313905
0.15964821
0.6340446
0.5407726
0.18080412
0.42379442
0.38700196
0.6809263
0.6896082
0.7675738
0.70702827
0.70116323
0.7196771
0.7213516
0.7845164
0.47882202
0.39179567
0.31266162
0.78567713
0.75661016
0.3388454
0.45973152
0.39802697
0.76472807
0.6184575
0.15687332
0.10301391
0.18699531
0.25137317
0.4520945
0.7027535
0.28411275
0.19339414
0.15603496
0.16048314
0.14534028
0.18556893
0.28578532
0.29423988
0.3714835
0.34711388
0.5214694
0.4843292
0.31001496
0.28236628
0.21960916
0.20101018
0.48600385
0.36855784
0.34113288
0.44844842
0.33232957
0.28860825
0.33786234
0.3985442
0.44989932
0.5075206
0.36604625
0.2787235
0.2166279
0.25527695
0.30044273
0.24345712
0.17945962
0.29901633
0.45085213
0.3410732
0.4775886
0.5941512
0.40658706
0.31785262
0.25956193
0.20249848
0.3814382
0.5782425
0.47578436
0.50776345
0.51764584
0.58198255
0.54908454
0.626873
0.6083433
0.52123517
0.3642622
0.37689036
0.40569657
0.4468925
0.41976947
0.38424796
0.3440117
0.20346402
0.17468457
0.25567693
0.42954272
0.6579554
0.7555114
0.7151816
0.38950256
0.24524407
0.21145225
0.17763466
0.2450522
0.42334774
0.25261363
0.2901693
0.3218465
0.47243518
0.6623927
0.85790676
0.775005
0.46232307
0.22435923
0.27302182
0.31118566
0.7355654
0.7261509
0.87041193
0.8650097
0.7690051
0.35673228
0.29392704
0.31062093
0.34482667
0.6721772
0.5677616
0.59934545
0.8514246
0.9037965
0.79844874
0.9226776
0.9376908
