0.8356487
0.6912735
0.7418922
0.7782782
0.8081711
0.8430486
0.85706764
0.8224613
0.7008576
0.6153943
0.67447793
0.7286145
0.7735377
0.82832277
0.82551813
0.74271035
0.6501712
0.7224461
0.6416686
0.4905699
0.19969185
0.19384252
0.17956482
0.18886614
0.5115249
0.571592
0.61049294
0.5858507
0.46993706
0.46499148
0.4987983
0.16802885
0.14966595
0.18472478
0.6796765
0.8118437
0.2258939
0.13815257
0.060096428
0.05277539
0.08453882
0.083857246
0.84310573
0.81776094
0.85113025
0.8529949
0.8353558
0.8868625
0.088820055
0.05252986
0.03855583
0.026614783
0.047128484
0.095739484
0.7360591
0.876141
0.432977
0.19319667
0.1488107
0.16240385
0.1536869
0.16045734
0.17995963
0.25205457
0.7564522
0.6262211
0.40791172
0.23621233
0.24906054
0.36109233
0.34010592
0.7811603
0.3539769
0.3974088
0.82915485
0.8571272
0.20277002
0.08435676
0.06310129
0.094591804
0.16761167
0.88756514
0.8296881
0.92481494
0.89519775
0.64073676
0.6080199
0.6507571
0.7442239
0.17804506
0.09762182
0.09037748
0.09623089
0.15987876
0.6662967
0.7478699
0.84597373
0.28107357
0.25873613
0.6150834
0.15495762
0.093666814
0.062079158
0.08280241
0.09399765
0.19065887
0.25729826
0.9061382
0.93497574
0.93852115
0.90090865
0.7123351
0.6376468
0.6313471
0.6502886
0.65631014
0.6945001
0.8137221
0.71082455
0.7067254
0.7069829
0.057276655
0.048767027
0.063285
0.10074575
0.16381025
0.9104316
0.836016
0.17610615
0.12751655
0.070372015
0.046762217
0.06696648
0.81819195
0.7884506
0.9527168
0.94693786
0.90244645
0.034267213
0.019953964
0.018067615
0.03155133
0.05522889
0.062387954
0.043036442
0.031786326
0.026751341
0.024847718
0.02520124
0.051999718
0.97657824
0.9784962
0.9829459
0.9748658
0.049026262
0.017841525
0.014349993
0.013868317
0.01564578
0.025647597
0.05129695
0.0972257
0.9333603
0.8275362
0.8588398
0.11919802
0.04265874
0.032381244
0.05253078
0.88816535
0.9249948
0.90023476
0.8919757
0.9078696
0.10342012
0.06629394
0.0437533
0.05359254
0.08731681
0.8686786
0.9016867
0.08723724
0.047191456
0.04717917
0.058339495
0.115785636
0.91779405
0.89845204
0.09913351
0.0582369
0.049829036
0.06860312
0.6206504
0.07449712
0.06220424
0.110438325
0.79437333
0.7884941
0.873177
0.08622471
0.061122514
0.061641503
0.12220819
0.10669641
0.8622859
0.09286684
0.037457965
0.029452536
0.06924596
0.93387926
0.9754556
0.9721994
0.9065911
0.9246688
0.07329648
0.033731416
0.028051546
0.049931113
0.7075952
0.12543012
0.06869097
0.09329628
0.06400503
0.1003118
0.082225434
0.10183234
0.16886647
0.16256778
0.13208157
0.15605633
0.14246504
0.50028676
0.1572148
0.114092216
0.1094157
0.5531124
0.59257853
0.7741557
0.24887142
0.2129543
0.321039
0.32875496
0.36990273
0.88511103
0.7993374
0.8876922
0.8659041
0.70111275
0.18639949
0.10595082
0.082265034
0.07880738
0.08700864
0.705917
0.7932526
0.6735602
0.21553448
0.19206066
0.23020074
0.5325692
0.25520772
0.29567307
0.58453023
0.64787227
0.7901735
0.7785504
0.58595866
0.4899384
0.52825385
0.5560803
0.7444307
0.7546621
0.47794363
0.46025467
0.4945455
0.5804044
0.71229243
0.66975224
0.65639836
0.64985573
0.625043
0.17022061
0.13561384
0.12569737
0.12489877
0.19110061
0.6016098
0.65358514
0.6842356
0.106811225
0.06719605
0.04946174
0.04098641
0.047487475
0.07467276
0.08656872
0.83562887
0.9296994
0.062123276
0.033038136
0.055528533
0.14739811
0.95663106
0.94999826
0.8080147
0.04958076
0.07439738
0.039235532
0.028937453
0.030605914
0.05980324
0.10593167
0.13978095
0.09623866
0.08002841
0.100201555
0.6508026
0.6093799
0.7258465
0.5336881
0.16525923
0.13214189
0.47761476
0.17969468
0.15615582
0.18238781
0.51141196
0.17331207
0.24228662
0.36952886
0.37576842
0.70224816
0.71255064
0.84874064
0.7860979
0.7285223
0.7439234
0.6627699
0.11609939
0.11884745
0.1801987
0.74105483
0.8445632
0.89987415
0.3874866
0.26001883
0.23777977
0.6994622
0.7875843
0.7534541
0.7484144
0.79060405
0.7378234
0.82407546
0.14256734
0.11124873
0.06148789
0.048405126
0.04503789
0.044628937
0.05242599
0.08899946
0.087968074
0.15177234
0.1561676
0.10124754
0.15528527
0.11926984
0.8354141
0.0742875
0.051986046
0.053118818
0.086479284
0.78664887
0.07620953
0.049596786
0.05065778
0.11429354
0.88820976
0.8169317
0.93763417
0.9377109
0.933134
0.91142076
0.8178156
0.82020956
0.8748459
0.81790924
0.22614996
0.16712436
0.7880382
0.06586912
0.05490638
0.08204724
0.8347382
0.15498848
0.10104104
0.070002265
0.056386672
0.06536006
0.8529191
0.22556254
0.26931956
0.33693156
0.9115308
0.86692506
0.8949452
0.88348716
0.8889183
0.9034811
0.90335786
0.8718317
0.88683033
0.18380128
0.15473549
0.14111345
0.84408975
0.06924041
0.062081248
0.084456526
0.10662307
0.07273034
0.06478681
0.05375084
0.048613016
0.05690422
0.10260714
0.8591695
0.8364379
0.1007815
0.05771086
0.048106443
0.062194284
0.73954415
0.2627082
0.680347
0.10538234
0.0674727
0.115414985
0.6776919
0.15035495
0.115639746
0.13323185
0.7117619
0.80874896
0.7329372
0.26808372
0.2180627
0.2146646
0.7472295
0.80718446
0.7517374
0.14581001
0.12367184
0.08777311
0.07277364
0.17207544
0.24006504
0.4221342
0.46643215
0.8998609
0.8897744
0.84705555
0.67655617
0.6096302
0.14181763
0.12458413
0.19498466
0.79275864
0.75212204
0.8223105
0.64235145
0.14657615
0.09435836
0.115084454
0.60937
0.7620901
0.5874094
0.41494465
0.31459716
0.26898932
0.45043838
0.21143714
0.41355255
0.23902683
0.18585032
0.20374367
0.5524309
0.61254156
0.69258654
0.34693617
0.3659821
0.4170329
0.37270615
0.6673512
0.5679478
0.5424017
0.61068213
0.50524706
0.42360026
0.1442853
0.121705614
0.54064286
0.6619095
0.8238386
0.32625285
0.13709326
0.07214581
0.05375908
0.07941572
0.078254685
0.09845936
0.857765
0.15065303
0.12101958
0.1690771
0.19238648
0.81006
0.8974867
0.8538782
0.8385234
0.917284
0.06828089
0.032689173
0.032527585
0.030063966
0.07631946
0.9271849
0.94956744
0.95511055
0.84885883
0.92837375
0.9339091
0.9246583
0.88569486
0.73953843
0.3109889
0.85764396
0.094873875
0.05609262
0.06728717
0.06734796
0.09822534
0.17499653
0.9095169
0.3351873
0.0845306
0.06015991
0.07200258
0.7965309
0.7993226
0.8026726
0.7449099
0.097794764
0.051044893
0.08693454
0.12809423
0.87232757
0.18961878
0.20480548
0.856981
0.8915929
0.8529874
0.5974189
0.13178673
0.14279865
0.32349816
0.29231095
0.61033714
0.3240539
0.38546014
0.2427442
0.53825486
0.18333213
0.13524187
0.17933835
0.29670823
0.6339659
0.73287934
0.5764656
0.45940763
0.2475686
0.20805597
0.45269656
0.5225202
0.7440354
0.75945824
0.57643837
0.55760205
0.6093795
0.79488605
0.86449224
0.8331361
0.65861756
0.59553367
0.60190064
0.7916869
0.19807948
0.15154424
0.12370281
0.10340917
0.11523965
0.14496882
0.90623426
0.9094536
0.14441806
0.14087076
0.12543379
0.22985017
0.94135326
0.9438667
0.94074744
0.88587403
0.85278314
0.844027
0.8175797
0.13605008
0.08674395
0.08434747
0.117311135
0.78372467
0.87672496
0.91075253
0.32581288
0.28882888
0.29852894
0.4391908
0.5789758
0.543054
0.92513835
0.9119387
0.90855986
0.83216786
0.90979654
0.90033174
0.9043627
