0.80040014
0.6290666
0.67458385
0.67516136
0.70249933
0.7769143
0.7017471
0.2830511
0.17419225
0.17299595
0.8115804
0.26077604
0.20202363
0.24871078
0.21845627
0.6812224
0.53190756
0.52264905
0.58173436
0.6359933
0.7317694
0.8684674
0.7761787
0.75189734
0.09036143
0.07492348
0.102007486
0.17334953
0.8422973
0.12329687
0.09071681
0.17506348
0.71438855
0.8510147
0.8953974
0.8792104
0.7490883
0.8217782
0.80937606
0.66668487
0.6875777
0.69571745
0.66668606
0.80037874
0.8631108
0.8607861
0.79410446
0.80131567
0.8574896
0.86925983
0.8350921
0.72798187
0.6614287
0.6255485
0.17465729
0.15379642
0.14205077
0.12590094
0.08815927
0.06387856
0.06394694
0.09694225
0.79314053
0.8799946
0.81387484
0.738022
0.6465937
0.69872475
0.689319
0.19311889
0.191802
0.2007532
0.77167314
0.1722851
0.12014367
0.095025234
0.0996428
0.15523039
0.5473455
0.55900216
0.5251255
0.27644512
0.29313868
0.38409203
0.19815104
0.15051173
0.1457244
0.1759336
0.28585026
0.5357427
0.85648817
0.8955774
0.87604165
0.43830842
0.28541443
0.28729665
0.4642127
0.5702305
0.20086934
0.15342113
0.123837754
0.087229446
0.09284142
0.08147626
0.0855054
0.8198424
0.9290474
0.940697
0.7041676
0.08616796
0.04404115
0.028232738
0.037879262
0.0511815
0.78033996
0.7923062
0.8140644
0.7938991
0.73593974
0.062096197
0.041590635
0.033645824
0.05508873
0.320857
0.9071869
0.7756636
0.6729448
0.059363607
0.04167945
0.07105673
0.14808483
0.26042664
0.8078287
0.33750978
0.18174367
0.12968634
0.12692003
0.14738473
0.16524008
0.20521034
0.26047868
0.26409906
0.20714648
0.14484411
0.10133589
0.061758853
0.057101607
0.13177454
0.21592604
0.8653926
0.7202904
0.25643095
0.318083
0.9169572
0.9384551
0.11337162
0.030982502
0.021415243
0.020659491
0.023797715
0.051859062
0.7753062
0.811412
0.9205732
0.8187221
0.81846756
0.8244562
0.8770654
0.9263838
0.93078196
0.16291979
0.087783836
0.09532076
0.7606139
0.073100686
0.05092344
0.065987885
0.81456035
0.90420306
0.083389476
0.09594722
0.056469962
0.043291394
0.049192667
0.070336975
0.113789596
0.14002185
0.16992158
0.18830748
0.14445901
0.1266515
0.1191311
0.13531081
0.12796214
0.09937035
0.772699
0.79459786
0.74534184
0.7388041
0.09233372
0.07080739
0.10413421
0.20660694
0.7730014
0.114753604
0.07762687
0.06840669
0.08281262
0.102842085
0.16769408
0.87019134
0.89184374
0.9105456
0.29747012
0.17583758
0.66904753
0.19767734
0.22674157
0.7725401
0.46174964
0.91367763
0.10914432
0.08712745
0.040310968
0.028574917
0.033240587
0.048517823
0.048898317
0.11119164
0.9487036
0.8839026
0.82111645
0.94094104
0.94939786
0.8756691
0.94301367
0.9140727
0.8848872
0.057077546
0.043814495
0.035213407
0.037519723
0.05215393
0.07489551
0.07407924
0.09498587
0.8732299
0.29514524
0.7253806
0.136557
0.104429215
0.68474776
0.32826877
0.45609456
0.90083015
0.8718411
0.5534649
0.11012643
0.21587202
0.80869454
0.15035899
0.18960544
0.18948035
0.21233644
0.71331155
0.15750353
0.09118129
0.07417703
0.11155576
0.8394079
0.8485474
0.8063888
0.7811144
0.14033976
0.1032288
0.11287656
0.15400557
0.21980695
0.221041
0.12220612
0.09672323
0.2037836
0.36595103
0.8970582
0.9084789
0.7916141
0.6967897
0.6507844
0.11337004
0.09598191
0.108532295
0.16456825
0.7263503
0.6637739
0.6394527
0.7717506
0.7014652
0.75781053
0.66348815
0.6540183
0.6492278
0.81825006
0.8391836
0.7667155
0.8190535
0.7772976
0.7823008
0.6628765
0.6697343
0.782264
0.77990663
0.4831802
0.44376972
0.4297208
0.46507826
0.4042535
0.3326012
0.34902442
0.46397766
0.8263218
0.7919264
0.8585528
0.8596673
0.82342744
0.70263344
0.7929
0.74548495
0.831577
0.7786204
0.59742063
0.20994273
0.1443494
0.13369784
0.24719153
0.23135503
0.23253019
0.6159332
0.857215
0.91796434
0.88355035
0.6942376
0.7100597
0.54352707
0.28082642
0.3033546
0.4148819
0.90463644
0.9064629
0.8655837
0.67279035
0.10204743
0.053974595
0.046521336
0.06736561
0.11607209
0.90599954
0.21999113
0.05881015
0.046191543
0.06380244
0.037831135
0.03489947
0.050941177
0.8455428
0.07354533
0.03590902
0.02755553
0.029775918
0.050725833
0.8424977
0.9520607
0.97271246
0.9739266
0.9724354
0.9325998
0.8529617
0.8712661
0.87193114
0.027885137
0.015081672
0.012380403
0.011469737
0.012187265
0.01208878
0.013232674
0.03214147
0.08887279
0.96801466
0.9646609
0.9508132
0.09647871
0.041050218
0.040555056
0.07971734
0.068281844
0.05747835
0.06702745
0.08703501
0.7746427
0.8202593
0.76950383
0.81876856
0.20785663
0.15685672
0.12543882
0.6660906
0.5590105
0.59271157
0.6371748
0.8017174
0.84964365
0.8265832
0.28085083
0.30085596
0.3304923
0.44121033
0.64525634
0.55562896
0.5703781
0.5572662
0.09785002
0.040499885
0.026228981
0.02808539
0.04014787
0.87416726
0.9649477
0.98260844
0.96870095
0.9382242
0.07693169
0.024377216
0.019384995
0.028898379
0.056890693
0.08617365
0.14087594
0.17073724
0.16370459
0.45315236
0.5937258
0.67949617
0.4822133
0.52415675
0.47363877
0.41081077
0.38841483
0.2724061
0.31113705
0.50834537
0.60305035
0.6782328
0.787649
0.7512931
0.6172112
0.30790815
0.29148546
0.28532842
0.24927676
0.2051901
0.14008306
0.119566016
0.10555074
0.094734445
0.12241721
0.14562465
0.09830862
0.096069045
0.72522986
0.1462952
0.06486798
0.062853664
0.07239357
0.06536459
0.074774824
0.93755037
0.87301433
0.89822733
0.9609168
0.9531875
0.94264114
0.08547661
0.06121425
0.0503585
0.04559649
0.055304226
0.08747512
0.70609105
0.6843729
0.18969949
0.14737025
0.106559165
0.09042279
0.09676314
0.77334315
0.74419767
0.6798863
0.70215946
0.64151686
0.16491574
0.17052187
0.62630224
0.33016625
0.45910883
0.5176586
0.90527403
0.17045537
0.06779167
0.07874071
0.12029102
0.10712547
0.05679234
0.06427619
0.77740306
0.76664954
0.9297906
0.94196236
0.8802862
0.93237513
0.84058553
0.922903
0.11356438
0.050290342
0.032842357
0.028963385
0.030516855
0.067419276
0.13739635
0.93771803
0.9389669
0.9242747
0.8627209
0.8746063
0.77410346
0.73761064
0.11587123
0.09138229
0.073321395
0.10728183
0.08553826
0.123462595
0.12924409
0.24334243
0.27672365
0.8705804
0.12092527
0.09350992
0.06973869
0.058265124
0.15596193
0.88848096
0.9529793
0.93893504
0.850919
0.92030543
0.9352746
0.059010476
0.030816495
0.022711622
0.018603446
0.020069996
0.027374912
0.05768852
0.8999992
0.86044866
0.94048846
0.934853
0.24111713
0.09832799
0.11790331
0.91511226
0.9436596
0.9438109
0.8372144
0.8191555
0.8677888
0.77108777
0.07129935
0.054372378
0.10251765
0.7951978
0.7959864
0.18313676
0.08221159
0.049030304
0.04339742
0.111176945
0.13018434
0.07855439
0.6994243
0.7104439
0.75270295
0.87073964
0.7376887
0.191915
0.23586957
0.14475662
0.13837293
0.1682407
0.1627543
0.14139414
0.1330209
0.19889195
0.82287556
0.8075343
0.6142751
0.5217249
0.5197942
0.63870096
0.79620415
0.7148205
0.7015495
0.07912543
0.04988548
0.05011433
0.050881572
0.081059836
0.12035972
0.06670182
0.057861213
0.08445304
0.14677186
0.9068339
0.37815857
0.30299616
0.8684908
0.8410811
0.85441065
0.866821
0.8179026
0.75648576
0.3222153
0.35413012
0.8746386
0.0915039
0.047745403
0.03512377
0.042891048
0.07207179
0.18094084
0.8796891
0.8830688
0.33521548
0.13017458
0.08442706
0.12198442
0.55078137
0.53830564
0.5183917
0.44120163
0.40655527
0.5019569
0.6332456
0.08730464
0.10203552
0.087915234
0.106391974
0.6718166
0.8294914
0.7746416
0.83684456
0.89702135
0.8878415
0.1151562
0.06266487
0.068932526
0.19635004
0.7150078
0.60823417
0.5613621
0.587043
0.26997268
0.11940781
0.11202218
0.5901294
0.71525085
0.8974071
0.9337388
0.8793788
0.5087803
0.42335433
0.34614363
0.18146995
0.22205514
0.27340728
0.82280266
0.1885325
0.120203264
0.13317433
0.23130369
0.24122623
0.9172858
0.9366736
0.28442892
0.06210404
0.02633742
0.029405447
0.07266973
0.8874843
0.87833273
0.9381334
0.10466056
0.041058917
0.033551995
0.034390114
0.06817429
0.7423698
0.7283755
0.8100623
0.18824011
0.12605333
0.13310021
0.24819537
0.4282899
0.8407194
0.6988208
0.7821496
0.4504764
0.22440138
0.22219649
0.33694738
0.49431923
0.5739951
0.52218133
0.28178126
0.37023687
0.34999207
0.35797969
0.23716666
0.26639128
0.2249207
0.2364656
0.22083358
0.14643675
0.1756869
0.2490234
0.18285869
0.17663968
0.2893208
0.6914718
0.12209083
0.11887357
0.65263706
0.10734722
0.08368245
0.07296227
0.109060615
0.11301247
0.8019945
0.8071541
0.839385
0.91451937
0.9244155
0.8800706
0.6223972
0.60009474
0.68381846
0.8087669
0.78490967
0.7007584
0.24009497
0.7112219
0.14917675
0.15209816
0.1647933
0.12941284
0.10730122
0.10527723
0.13005365
0.1285053
0.12344265
0.13989267
0.2357277
0.20340829
0.6628378
0.7308297
0.651693
0.5710007
0.48761407
0.56809145
0.09555455
0.07911686
0.1252958
0.23311457
0.9284156
0.9468099
0.12870732
0.04527208
0.031239819
0.029657228
0.04017549
0.07305563
0.07429394
0.87836915
0.94200665
0.95524174
0.9235658
0.14447324
0.1183809
0.7983177
0.7765143
0.8807615
0.80370957
0.79135364
0.77129906
0.92399657
0.94015783
0.92415607
0.84201294
0.8111215
0.8372078
0.16161066
0.07029653
0.03609148
0.029704748
0.037977874
0.9217592
0.9390678
0.97011876
0.96086323
0.056565538
0.02301963
0.036488533
0.049951315
0.03431643
0.040336847
0.07622969
0.9140498
0.8227447
0.9236064
0.9249634
0.8869952
0.14055443
0.06347965
0.045155305
0.068712115
0.12628017
0.6879802
0.8932356
0.9129686
0.6149564
0.5419993
0.8269725
0.7735782
0.20793825
0.1186455
0.08779525
0.22951534
0.53699386
0.6440691
0.78283113
0.6231661
0.6171593
0.2291374
0.08202318
0.052249707
0.0744997
0.082484916
0.13921459
0.8712607
0.9309242
0.93578607
0.1873398
0.1222245
0.050519004
0.06065208
0.08466899
0.13181776
0.81575376
0.63243854
0.11959255
0.11476718
0.11272471
0.09468008
0.115319885
0.6261657
0.11788322
0.08232803
0.13432167
0.10802427
0.11151024
0.1800544
0.745314
0.16128731
0.21761128
0.20662864
0.12741962
0.6662834
0.19331668
0.21041115
0.8252691
0.70994776
0.73937947
0.737769
0.06321569
0.038757376
0.03533885
0.04201416
0.054789
0.086570464
0.103736915
0.8459891
0.78500175
0.81874514
0.93788314
0.8726153
0.83581245
0.8589062
0.9150972
0.8677423
0.06043787
0.036336154
0.029478963
0.03937841
0.05873134
0.050016746
0.07015984
0.7803989
0.7460723
0.091557465
0.061766073
0.119734995
0.84884953
0.89684
0.8688611
0.851981
0.8154756
0.14599848
0.1742274
0.18397744
0.7560635
0.76764876
0.7978411
0.8097595
0.8297045
0.8137175
0.81820995
0.8017641
0.7998679
0.8074276
0.8070773
0.80667114
0.81633055
0.857081
0.8683349
0.8309223
0.8549489
0.86843115
0.1831806
0.085860915
0.076848485
0.72345346
0.7494775
0.9003323
0.92770886
0.9003734
0.7495517
0.676415
0.15970035
0.11453686
0.094821565
0.64079875
0.1865526
0.30317652
0.30228093
0.7622666
0.85287887
0.7995566
0.8648408
0.8806736
0.18178742
0.15058054
0.17444076
0.73618984
0.85716355
0.8912744
0.8407991
0.52895087
0.12305971
0.14743055
0.52049804
0.25293586
0.2642827
0.30954695
0.3536908
0.7211123
0.3825857
0.27064294
0.2544871
0.27221256
0.26183334
0.26061553
0.5283658
0.31001678
0.2415195
0.21931191
0.29305783
0.41566008
0.74734277
0.65569717
0.8000433
0.8044015
0.6928555
0.82593006
0.84862304
0.83849406
0.780806
0.6197164
0.530762
0.51315457
0.5171558
0.5710877
0.74219257
0.7767126
0.6549885
0.70363396
0.57999814
0.48303846
0.4266466
0.40786555
0.4555914
0.5905359
0.7979085
0.84787333
0.79455537
0.6052409
0.29191697
0.22853641
0.2600792
0.2502485
0.19070084
0.19788896
0.25332665
0.27408597
0.45894802
0.46025887
0.43879655
0.29329258
0.330505
0.39924976
0.57630295
0.56836003
0.27136457
0.1731947
0.2017741
0.25236407
0.21695012
0.1950365
0.16111986
0.17047867
0.59921044
0.87543416
0.9590418
