0.8398831
0.73482364
0.806399
0.7217975
0.8072814
0.74378467
0.7259911
0.69796443
0.81019044
0.77946395
0.8407805
0.8128835
0.7891058
0.823576
0.88040704
0.87628967
0.83435166
0.21057811
0.14158176
0.12748867
0.4682404
0.48679778
0.57698345
0.6619243
0.827122
0.68148446
0.15085675
0.08622533
0.09763942
0.6332609
0.17089008
0.18501905
0.31448278
0.8028221
0.08846803
0.045507092
0.05260839
0.110989526
0.118762426
0.08050591
0.056521047
0.9116399
0.8982718
0.92761594
0.9169136
0.94823366
0.038692433
0.024226313
0.02409195
0.031903878
0.028466376
0.033611
0.052539684
0.8335586
0.17640626
0.18336101
0.24605384
0.8692104
0.7831587
0.72937894
0.72196746
0.7232832
0.7535501
0.8682093
0.24997847
0.10141737
0.05080275
0.04669319
0.0541001
0.74999636
0.6968798
0.7063363
0.72117645
0.7576319
0.79881746
0.8106472
0.9147711
0.09142679
0.05393637
0.04849337
0.059210446
0.07576547
0.05707975
0.050785217
0.074928775
0.7484711
0.71848834
0.8379764
0.8458966
0.84971684
0.8107943
0.75378853
0.27722654
0.21154062
0.1919802
0.5380039
0.31399912
0.3420942
0.26230705
0.12219752
0.12149723
0.14649092
0.12491281
0.08590212
0.09674765
0.16896757
0.8724662
0.91474044
0.90707344
0.8722246
0.8463992
0.19997853
0.18163808
0.19015993
0.22551054
0.7936564
0.81601244
0.82982033
0.80724686
0.8330423
0.8025094
0.8338116
0.7995613
0.7683304
0.6928235
0.6918523
0.8114297
0.85957783
0.8654612
0.8511945
0.8529009
0.83724034
0.7792911
0.66088885
0.76652515
0.7938016
0.8060626
0.78290206
0.72715074
0.65821534
0.60956657
0.52549154
0.55608034
0.5968183
0.21489954
0.15289111
0.1459912
0.20755887
0.29930437
0.87237906
0.9301931
0.9432748
0.9236562
0.8500089
0.71530926
0.59452724
0.05733701
0.05305866
0.06307927
0.061534695
0.053932928
0.068352565
0.117215395
0.7871653
0.77210355
0.09771143
0.07983552
0.14926091
0.6928958
0.6594286
0.73259115
0.76488763
0.88709253
0.7728167
0.7793499
0.08018992
0.08645811
0.07978019
0.11075677
0.065290384
0.0739648
0.14328389
0.1366448
0.10002015
0.06278052
0.09118267
0.095986985
0.058349926
0.068210125
0.08393469
0.1134022
0.73056406
0.8947797
0.7512292
0.05529462
0.038614117
0.031413328
0.042420056
0.08530204
0.9106951
0.05760718
0.022365423
0.0196595
0.10349977
0.973241
0.97864497
0.93152934
0.953876
0.073863104
0.024108918
0.018806618
0.023021713
0.048080727
0.041547842
0.042366892
0.08713767
0.11212936
0.8231331
0.25486296
0.13060223
0.10607075
0.08253584
0.07001507
0.09384487
0.5704973
0.5242598
0.4498582
0.13737759
0.090751775
0.08271997
0.23698147
0.8223883
0.86596024
0.48769498
0.7594973
0.866235
0.87425476
0.78802854
0.48099834
0.7740407
0.5009252
0.10313986
0.09960997
0.094444655
0.1154685
0.48642057
0.5600201
0.5754884
0.5530985
0.66257346
0.5527749
0.57776374
0.74480206
0.7754661
0.61346483
0.4690766
0.41780397
0.4285495
0.5214837
0.6962556
0.60308135
0.7409679
0.6413627
0.12656373
0.09285525
0.1244685
0.28342167
0.15212233
0.107881136
0.100340955
0.71081376
0.6485071
0.657995
0.65652204
0.60725987
0.6513774
0.77023953
0.16588984
0.11559437
0.14193998
0.2018192
0.8887256
0.90206665
0.8725367
0.2519908
0.12890191
0.08307149
0.59781814
0.48982146
0.46564326
0.41466296
0.18865371
0.14307259
0.22795482
0.8369988
0.16929449
0.10662201
0.07209938
0.04088489
0.04875255
0.05085962
0.052916244
0.85321146
0.90978926
0.8803106
0.9542796
0.9477743
0.9079153
0.803276
0.05621524
0.039718013
0.06663362
0.5941829
0.2888809
0.798803
0.13572602
0.12975861
0.20102966
0.76439184
0.6886345
0.12024772
0.07087062
0.07654327
0.082735695
0.69211763
0.7084781
0.64473915
0.6962877
0.10739361
0.054895725
0.12232701
0.14220135
0.7294953
0.8297011
0.7890485
0.17620116
0.12619309
0.10491835
0.12732516
0.10342881
0.78187025
0.10472416
0.13244094
0.05107855
0.043444354
0.054751277
0.8681022
0.90189254
0.91806453
0.9352935
0.9274399
0.8804702
0.048673846
0.025744006
0.026572378
0.06294927
0.13434641
0.8473969
0.8168977
0.16571297
0.13038397
0.1443659
0.15751225
0.20916903
0.8521273
0.8580599
0.87079304
0.8420513
0.828794
0.8416933
0.8388345
0.8273008
0.80340415
0.8026539
0.8053738
0.79736674
0.7954215
0.20695037
0.13095848
0.12970373
0.71761084
0.8516384
0.90003365
0.13702205
0.09242128
0.07137193
0.07674329
0.12694588
0.2213594
0.93235505
0.93575704
0.8743277
0.33471334
0.19444065
0.07674542
0.06745957
0.10616313
0.14505519
0.74168676
0.8669352
0.8934169
0.17436475
0.11253492
0.09767614
0.07482928
0.60800594
0.2698394
0.2732805
0.8576171
0.16233855
0.09944452
0.08163166
0.09970891
0.77052265
0.83721113
0.112415366
0.05576821
0.03879202
0.03412618
0.03355131
0.047178354
0.06621996
0.10092885
0.9265954
0.79629105
0.8276405
0.9223659
0.89602953
0.9310277
0.90977436
0.8919872
0.89902043
0.8862725
0.8605413
0.13710275
0.111108944
0.07451291
0.09843427
0.8298186
0.06657237
0.042125367
0.06139186
0.1086239
0.07559194
0.07481893
0.11965841
0.17628771
0.13422935
0.1388487
0.7512495
0.15896693
0.13952184
0.22612126
0.25222534
0.85579634
0.8168715
0.89597684
0.87212217
0.69069713
0.29102734
0.1353412
0.11404657
0.11662818
0.27022535
0.73586076
0.6345312
0.5495134
0.3276639
0.3478025
0.24672934
0.2904687
0.38241842
0.5048693
0.81153417
0.77080816
0.5942429
0.623672
0.6304174
0.71283716
0.5053862
0.38265058
0.3436543
0.34558502
0.43277717
0.5727357
0.6883606
0.9032951
0.9375699
0.93293375
