0.7683261
0.27884477
0.22382441
0.273389
0.6148608
0.35535455
0.36411405
0.3695894
0.34520513
0.43574965
0.5569573
0.6331544
0.7997755
0.78575605
0.681679
0.57190704
0.647209
0.7733002
0.82155
0.524209
0.28850302
0.24214078
0.2908362
0.7659613
0.67559695
0.8085906
0.6581635
0.24617216
0.18926252
0.18564911
0.6497364
0.12369644
0.08390358
0.08350446
0.11889077
0.7086902
0.67082715
0.70387655
0.7999884
0.07276492
0.043548193
0.04702237
0.06721794
0.06214338
0.78155893
0.78260016
0.8540088
0.7890158
0.83890474
0.8753801
0.92898476
0.9093714
0.8970878
0.08831528
0.04170283
0.03530913
0.046939593
0.10680065
0.8354184
0.8912343
0.22917588
0.09147949
0.06532415
0.08611395
0.6660703
0.1767443
0.16805372
0.14372948
0.62056595
0.5637813
0.12610655
0.13099954
0.23274386
0.7445023
0.26737708
0.1609365
0.06293486
0.05042513
0.7281645
0.7680544
0.92453295
0.94054365
0.93627393
0.095207535
0.07637855
0.10554623
0.15866995
0.7339024
0.2043743
0.10215781
0.12543882
0.6261778
0.66522443
0.7031895
0.70540094
0.118755914
0.088392965
0.042820945
0.028435137
0.027516602
0.048463963
0.85097975
0.93853235
0.9776579
0.97929037
0.98069257
0.974895
0.9498222
0.929141
0.04548848
0.042674433
0.024836127
0.031863607
0.1328165
0.26775622
0.8794638
0.73680437
0.65753025
0.11702769
0.10893095
0.099952124
0.10035982
0.61124384
0.5265973
0.51027876
0.5126048
0.5552252
0.2868939
0.45450452
0.42366868
0.3074209
0.39718685
0.43086654
0.392877
0.7836326
0.7643482
0.2416323
0.1256009
0.069413885
0.054677363
0.068375364
0.716505
0.7426895
0.88118327
0.8032394
0.8083628
0.17154849
0.07898315
0.06536028
0.09150287
0.0946332
0.7869347
0.13150276
0.08224536
0.7701199
0.83807427
0.92780346
0.9091743
0.91689426
0.80462337
0.07855085
0.053372305
0.044032548
0.04517739
0.08369552
0.09287147
0.08659199
0.11279171
0.10109618
0.08706956
0.1267553
0.32948324
0.6866747
0.8510719
0.8109653
0.29471803
0.23825021
0.68312764
0.21336578
0.1778811
0.52227163
0.51511574
0.20419388
0.2305899
0.1054182
0.068291485
0.085804045
0.1310655
0.8791585
0.16577177
0.10030966
0.0467732
0.040553015
0.039365582
0.052595127
0.87844384
0.1789694
0.86699444
0.8839299
0.9104591
0.9661533
0.9657737
0.9236218
0.8466652
0.03148291
0.022915345
0.04456001
0.053771336
0.05433221
0.11052967
0.19650255
0.8853543
0.72129947
0.18530354
0.06554482
0.075132735
0.08972486
0.124814
0.3447952
0.714462
0.6100156
0.14727178
0.12976265
0.50596565
0.19914125
0.18998095
0.65074813
0.51155
0.4818919
0.47202554
0.16602443
0.1521607
0.20696476
0.73280406
0.5432914
0.8923694
0.106792614
0.06571348
0.045215853
0.0461821
0.081241384
0.12331741
0.8372909
0.89941806
0.13708182
0.10255161
0.14640574
0.10419019
0.8204264
0.88486755
0.85242295
0.83270395
0.84544915
0.0692084
0.09173689
0.08243281
0.040311772
0.03861759
0.062125318
0.9097923
0.849157
0.933711
0.072571486
0.028757151
0.022200106
0.09323283
0.9637819
0.97805834
0.9656636
0.95872426
0.90477103
0.06466715
0.031684566
0.03168094
0.0580205
0.86316997
0.06253991
0.030379122
0.027220821
0.033282142
0.052520424
0.07392949
0.8207755
0.09170894
0.06645271
0.10783904
0.12688757
0.9088235
0.24355361
0.15558265
0.11087525
0.10595217
0.06376779
0.097317174
0.6894706
0.24252354
0.7573987
0.29640484
0.25592145
0.13295403
0.08576396
0.08201781
0.10689097
0.52552587
0.66744953
0.7207347
0.80216396
0.7375656
0.77867496
0.7047734
0.60553396
0.55129725
0.5264293
0.15648083
0.10894483
0.11558995
0.14903368
0.6024847
0.7191877
0.82416105
0.90501535
0.88999474
0.8047528
0.17995614
0.08968055
0.08426887
0.12501168
0.5351552
0.61432344
0.8018043
0.82488704
0.7618402
0.2667075
0.19329144
0.17468013
0.14878163
0.13837926
0.15669307
0.23321857
0.7128942
0.27090886
0.23952831
0.29520544
0.27595505
0.51493794
0.7727768
0.7563137
0.71926564
0.7596111
0.5982571
0.16805398
0.15325671
0.14225192
0.122815855
0.1324529
0.49246207
0.4231202
0.45038426
0.4894214
0.42896354
0.678388
0.46805513
0.3011969
0.28289172
0.28681988
0.29242656
0.4031078
0.71666044
0.7977585
0.74767065
0.68836033
0.740386
0.7553816
0.55973196
0.41542393
0.37525707
0.56089824
0.31521907
0.32549983
0.4351904
0.76361173
0.6344634
0.5090804
0.5194005
0.3570111
0.325755
0.4785978
0.31338194
0.2066938
0.20471378
0.25898176
0.49817434
0.7188543
0.35225222
0.1962956
0.16092207
0.18497634
0.31297556
0.6272209
0.85761774
0.5297464
0.8125758
0.5959002
0.23412184
0.18868104
0.54046303
0.15851253
0.12912215
0.124518014
0.15107828
0.6625081
0.6895796
0.10277669
0.08305904
0.07402288
0.071163915
0.06898565
0.069649674
0.8159691
0.076155275
0.10293987
0.14781046
0.93709224
0.9469231
0.9371692
0.16815063
0.057052046
0.028098786
0.02819455
0.029356513
0.042874966
0.058688812
0.09696551
0.16221905
0.9079126
0.8139344
0.81049854
0.8719738
0.30270243
0.21386231
0.10439023
0.109115615
0.6650024
0.22140117
0.29276767
0.67705077
0.85044247
0.86704683
0.8216584
0.24620675
0.12887986
0.09090915
0.105546676
0.12360864
0.13902837
0.19401595
0.77157927
0.5762731
0.58988965
0.57181686
0.1666067
0.14551945
0.6415796
0.75979394
0.6888567
0.6501314
0.65124506
0.64053214
0.19005413
0.15783258
0.08349612
0.0672997
0.09894318
0.75651616
0.7539225
0.123711035
0.18970169
0.092734866
0.094592355
0.1173253
0.12558873
0.075400986
0.07090153
0.10843557
0.81475973
0.11294296
0.09653645
0.07768287
0.13099161
0.81359345
0.08937183
0.07405689
0.12864918
0.79125345
0.7323064
0.8032472
0.80200475
0.08988307
0.09585203
0.124795236
0.8557759
0.9043512
0.8874222
0.065822236
0.031410504
0.026252376
0.028700769
0.08400287
0.94145703
0.9343307
0.9380219
0.88522357
0.2984136
0.86932343
0.07640297
0.05676226
0.04511325
0.06345931
0.83319306
0.79472625
0.07725214
0.055098187
0.08047539
0.83203745
0.84137017
0.80347836
0.08093131
0.055821594
0.09077368
0.7870808
0.12189227
0.065827206
0.054832943
0.059959285
0.717222
0.69998544
0.7943696
0.921868
0.9355184
0.90552586
0.7294565
0.09005897
0.049614213
0.110444464
0.16165446
0.8664506
0.28806388
0.19161722
0.12668663
0.123871796
0.20746922
0.732579
0.83580333
0.3166417
0.171013
0.137935
0.7610266
0.25438726
0.25520036
0.121526025
0.12709981
0.13067372
0.100490205
0.12298202
0.6341817
0.2230118
0.2062336
0.1646407
0.82530177
0.38659027
0.11995884
0.09767872
0.08947628
0.66302824
0.12441777
0.06205538
0.041849233
0.038905144
0.15671322
0.93030286
0.93088514
0.2728219
0.81713444
0.07793759
0.034980495
0.02713287
0.033616457
0.13105802
0.16836615
0.089608684
0.052409645
0.07313498
0.9143752
0.88554204
0.95091414
0.11900656
0.06370246
0.26572293
0.3062297
0.92829037
0.15301917
0.04439807
0.032228313
0.044271644
0.060603283
0.07408908
0.7851412
0.06767264
0.10274048
0.11476113
0.12571469
0.1339555
0.7261528
0.12335975
0.07924595
0.12513214
0.21798927
0.9128208
0.9122054
0.8664223
0.1773508
0.10067325
0.20558871
0.2112021
0.5917122
0.18516499
0.17753308
0.1532308
0.5609504
0.2751312
0.23074433
0.46361122
0.52415365
0.46566334
0.42487392
0.4382287
0.27424735
0.18685545
0.119682245
0.28887
0.48325303
0.28528473
0.24070583
0.20349011
0.3839691
0.33848694
0.17123137
0.14693674
0.11953566
0.08488125
0.063483104
0.054608908
0.08659289
0.1422313
0.060097817
0.055782676
0.09959262
0.8541459
0.8494262
0.85449517
0.7850417
0.05119365
0.052722603
0.069180354
0.117174156
0.8565368
0.6551964
0.10471718
0.11113716
0.6166874
0.18740386
0.19598271
0.15344153
0.20017943
0.30814192
0.33743078
0.1461991
0.11820221
0.55737257
0.18434729
0.20544647
0.28057194
0.7861689
0.6774799
0.30574498
0.13647053
0.12570645
0.22117144
0.12473831
0.12290922
0.7213901
0.8613545
0.7921887
0.8686274
0.7398047
0.6542103
0.59702814
0.52055126
0.13288572
0.10335496
0.07303778
0.11233386
0.1264092
0.1410642
0.7793258
0.8689062
0.8751441
0.16808054
0.0987384
0.059270885
0.053452026
0.72728884
0.70292187
0.9211779
0.95134085
0.0764273
0.04693576
0.044166975
0.037509307
0.03545041
0.057115052
0.11365875
0.9386229
0.9203505
0.13983579
0.10344622
0.87552315
0.066199936
0.028164327
0.022696301
0.026708072
0.06996033
0.86777437
0.95839226
0.95331675
0.8729767
0.80972004
0.06849629
0.052022737
0.087432645
0.69364035
0.14534993
0.1352618
0.69149715
0.12904759
0.09406297
0.70637006
0.7413917
0.79444176
0.8238519
0.87198234
0.8137658
0.18324783
0.07174073
0.09005299
0.21005516
0.24711955
0.18906872
0.13513295
0.6213557
0.6471245
0.87211
0.87035286
0.7507222
0.8490542
0.7831784
0.348389
0.37166747
0.1712434
0.16518258
0.33783925
0.2451686
0.21089323
0.42217296
0.3286761
0.30234733
0.61952066
0.7486189
0.45686623
0.6165642
0.5905376
0.16227543
0.11469213
0.17631131
0.2044859
0.299392
0.20777062
0.61526525
0.34170312
0.45138928
0.44061637
0.897247
0.91256183
0.90239197
0.82147866
0.72874
0.6720734
0.2438516
0.164195
0.12404454
0.13330862
0.18095636
0.31885517
0.21899164
0.22195496
0.19590205
0.20581688
0.18923576
0.1597172
0.1828469
0.63841224
0.62858135
0.43702072
0.30398807
0.28317106
0.81761557
0.9064759
0.9184147
0.8498662
0.9173855
0.9063501
0.90830123
