0.8116867
0.571885
0.5234915
0.5760619
0.6645801
0.7786292
0.796193
0.7829087
0.7735785
0.73166156
0.46383327
0.3650956
0.28944847
0.24067509
0.20467125
0.3635876
0.46858335
0.69835263
0.67022794
0.6465427
0.57115614
0.7131662
0.56547904
0.21799731
0.17676482
0.14984778
0.14448436
0.17184839
0.24150608
0.59393394
0.62587315
0.17432246
0.12023694
0.13112506
0.6623759
0.1300247
0.0971889
0.09957198
0.13987641
0.08891196
0.72398883
0.60047996
0.080318406
0.1081427
0.81053424
0.9267245
0.83079636
0.8193186
0.045797043
0.024255503
0.02957908
0.034755833
0.050365202
0.09501133
0.12871933
0.7761023
0.11710624
0.09675898
0.10382818
0.09815532
0.12242772
0.07868472
0.05395991
0.04552956
0.061576452
0.0390998
0.031357218
0.028649433
0.033527043
0.033725347
0.82452214
0.87382287
0.9508445
0.9536473
0.093621105
0.0758164
0.07706716
0.7255315
0.04940885
0.037444588
0.04509284
0.0690235
0.050972953
0.05139884
0.06554477
0.09011219
0.086692706
0.097449124
0.13052005
0.86133724
0.08560715
0.033059277
0.028455585
0.036598522
0.091612116
0.8440351
0.8128997
0.85412
0.9023224
0.1219051
0.060330708
0.035997782
0.029645976
0.03713721
0.052557908
0.05751505
0.10074971
0.87276554
0.88801503
0.824162
0.6259029
0.5767951
0.52409923
0.15142483
0.1618123
0.14026275
0.124303974
0.13778017
0.14553055
0.1632209
0.20639138
0.8725985
0.114217825
0.0624763
0.04110936
0.04655565
0.07242655
0.7693779
0.10834328
0.04672824
0.037345927
0.0369482
0.05281308
0.08970962
0.9152063
0.94405305
0.95703727
0.9227679
0.8806169
0.8882944
0.9148499
0.89959896
0.9011556
0.896211
0.9158601
0.8412603
0.82860875
0.05505042
0.04243168
0.033896156
0.0330032
0.038041912
0.09134007
0.82630235
0.108820476
0.07629541
0.037317023
0.03842716
0.049920145
0.07735823
0.096384935
0.09884489
0.09928463
0.09651069
0.08113881
0.11323262
0.17479993
0.77462065
0.70396626
0.28013012
0.23891172
0.21160682
0.1853763
0.26429218
0.28667918
0.64705867
0.28738272
0.24523379
0.168528
0.6116249
0.5932825
0.6178377
0.25824702
0.3237024
0.8010401
0.82670313
0.84412485
0.8144173
0.74298096
0.28511876
0.19435523
0.06294761
0.05971195
0.0841555
0.12737736
0.15427293
0.8404447
0.24055673
0.31768844
0.8871752
0.8391392
0.89851075
0.87973
0.691216
0.19820876
0.18258962
0.7831222
0.79630506
0.8140354
0.2516862
0.15598649
0.09019556
0.08050418
0.11725034
0.8416427
0.889501
0.8826882
0.7646344
0.86141604
0.8270879
0.62199813
0.47690672
0.5424808
0.583307
0.60151756
0.7503737
0.6904035
0.6844788
0.6828422
0.7351482
0.53217137
0.53649235
0.49817228
0.21806797
0.24369763
0.33953372
0.7900828
0.56154513
0.5080529
0.29061326
0.24782704
0.22189328
0.19202554
0.17307574
0.14726402
0.23706493
0.59216833
0.6106411
0.2691815
0.16053756
0.5299198
0.4272796
0.5110137
0.44138068
0.5415663
0.22828935
0.15910386
0.5646688
0.22404844
0.24644874
0.18864144
0.17213981
0.40881878
0.60139066
0.53484076
0.5400193
0.33878133
0.25986844
0.22815017
0.17703421
0.14106373
0.17614275
0.18309033
0.2951106
0.25717196
0.29059297
0.3337084
0.46657276
0.6601371
0.76671124
0.6295943
0.5396956
0.41626433
0.29707527
0.4544694
0.3800693
0.299364
0.3015475
0.26953733
0.1998285
0.20191646
0.2650478
0.38896367
0.3972034
0.4727048
0.7118802
0.65848875
0.545575
0.54931986
0.5609126
0.81304324
0.8386746
0.7069761
0.7498449
0.49711013
0.15344894
0.108711824
0.12396438
0.13032101
0.15981825
0.3767612
0.55559254
0.2690974
0.5529603
0.17537297
0.18677604
0.17550881
0.608601
0.66295594
0.85887176
0.89712656
0.3037747
0.15310681
0.13262776
0.41013572
0.8757183
0.8371585
0.56211084
0.52552706
0.52499884
0.4465508
0.14141023
0.16219261
0.62166625
0.72981733
0.6358002
0.6529687
0.66033125
0.84188694
0.1780043
0.1099284
0.05863487
0.052129228
0.07817705
0.86851
0.7744628
0.709056
0.07944885
0.03153955
0.029769374
0.08442745
0.16098054
0.9266072
0.93620044
0.9388928
0.9170867
0.87307465
0.7057202
0.06936243
0.08979747
0.12254153
0.10251238
0.096545756
0.089584686
0.08275286
0.10088578
0.8308435
0.7062953
0.7549518
0.83709544
0.8096819
0.84700644
0.7573393
0.68086386
0.67616713
0.6823826
0.71909285
0.7591617
0.12050496
0.09384906
0.13067237
0.07545374
0.079687506
0.10061001
0.10506832
0.08235632
0.07094932
0.09876531
0.8149536
0.88839513
0.89165395
0.85563827
0.1672117
0.13201755
0.117019646
0.10425192
0.101176135
0.099322245
0.11017032
0.19485776
0.32205614
0.87499976
0.8806435
0.79659384
0.74631566
0.73892635
0.7796094
0.72409296
0.74281687
0.22337416
0.12719068
0.08823812
0.1606316
0.2541311
0.7621151
0.34417668
0.27236056
0.14535514
0.15228093
0.20452982
0.14958675
0.18075238
0.41605863
0.53951186
0.6068069
0.48272094
0.37508658
0.23680167
0.18196002
0.22293995
0.30466765
0.23562755
0.17268004
0.4138251
0.5140969
0.42774644
0.36653784
0.41409197
0.2641547
0.40633288
0.65717554
0.42915758
0.36707678
0.42472357
0.25404835
0.24638876
0.4526392
0.5773055
0.30798718
0.27040976
0.23868087
0.17553593
0.22215717
0.39423788
0.26429802
0.32859316
0.3650874
0.45312008
0.6524282
0.4589808
0.18298177
0.1694195
0.3710998
0.41975194
0.838817
0.851755
0.24380091
0.11714535
0.06817326
0.15420459
0.23161435
0.1422037
0.11096605
0.11141508
0.8708174
0.8237826
0.89448994
0.8207618
0.8019502
0.83047146
0.16916725
0.10676267
0.7699647
0.8144322
0.35498667
0.18859336
0.11889891
0.100675546
0.07636355
0.1704231
0.5653974
0.1644175
0.22171932
0.49992284
0.61382127
0.58048713
0.23518111
0.17531751
0.1896968
0.23697327
0.18682475
0.1473019
0.4322002
0.5291246
0.5281633
0.59868073
0.62383056
0.16523334
0.12908839
0.12141206
0.390282
0.77576
0.6543622
0.61645776
0.5882517
0.15168476
0.27810964
0.28320032
0.35811812
0.91797984
0.923774
0.8796465
