0.47295558
0.32122868
0.31853044
0.2609996
0.29104948
0.36703312
0.8218665
0.81615305
0.8889524
0.9107653
0.9093054
0.8682141
0.65314794
0.53909713
0.4621632
0.5118835
0.108049855
0.08395056
0.06064473
0.052791376
0.06456011
0.11436488
0.77125704
0.77644587
0.77509445
0.7548925
0.723518
0.7338723
0.7076621
0.089641504
0.058320552
0.073066466
0.14458875
0.12602106
0.1672932
0.61857903
0.19258745
0.11325568
0.081782125
0.08173888
0.11330441
0.21872638
0.82689023
0.13550857
0.09965636
0.6396443
0.08608008
0.09701518
0.14085732
0.18699546
0.70557946
0.7932487
0.81727
0.8010834
0.78364086
0.73506963
0.7421365
0.7421445
0.76887614
0.83773446
0.8582203
0.2200416
0.15067324
0.114810936
0.13993895
0.6474923
0.12768865
0.113112934
0.63195217
0.10904507
0.17246145
0.11077398
0.06295125
0.0951001
0.1263901
0.5581821
0.57079697
0.61964256
0.64364535
0.7905794
0.19283774
0.09091347
0.07985158
0.1581275
0.6653731
0.80312014
0.21200304
0.21325251
0.52410614
0.4536739
0.55097544
0.5785903
0.71340495
0.82090056
0.4642357
0.33539855
0.630318
0.077373356
0.11699874
0.13268128
0.18126447
0.7990766
0.7331319
0.676748
0.5730781
0.68571436
0.57447344
0.116550386
0.10893084
0.1456536
0.24733418
0.8242883
0.73933727
0.7159429
0.7467833
0.11944204
0.061638437
0.045434237
0.04005088
0.042381383
0.066915534
0.057967365
0.8211618
0.7645096
0.8350423
0.92106783
0.96339405
0.9427898
0.8659171
0.8944316
0.88733774
0.078953825
0.0399793
0.03770395
0.067950495
0.0915746
0.06675266
0.10279842
0.67892784
0.6919643
0.23017853
0.096688606
0.11118833
0.15643202
0.84042543
0.84570885
0.1900938
0.14312184
0.15944041
0.2350596
0.24553302
0.11912839
0.075710036
0.0728375
0.8507859
0.8908705
0.82087773
0.7904462
0.050628074
0.03375452
0.042661473
0.08766243
0.15338756
0.7176282
0.21074702
0.21627845
0.2928775
0.8045646
0.8281541
0.7685168
0.5141837
0.49461132
0.42355543
0.5077427
0.5659882
0.60410595
0.6860115
0.56112677
0.4217632
0.17188428
0.15431005
0.15462786
0.21153156
0.32544917
0.49976686
0.38923264
0.4562742
0.2407413
0.20932648
0.20788021
0.41276675
0.19738312
0.18644519
0.14846787
0.1983798
0.15369716
0.11080223
0.15052234
0.15458615
0.14293425
0.25388825
0.44901025
0.54141605
0.73671466
0.83042634
0.22048604
0.13728803
0.117950715
0.12961748
0.2131257
0.139293
0.64227015
0.5794151
0.14463812
0.107699364
0.10832327
0.8056264
0.32493395
0.75701153
0.09009893
0.080961175
0.14676963
0.081345834
0.05663091
0.045939595
0.04390358
0.043307006
0.05341163
0.064527474
0.039216533
0.044648867
0.11531162
0.91307014
0.96548617
0.8885374
0.8948631
0.05010654
0.025597721
0.023298899
0.039378084
0.058466427
0.06016036
0.81751966
0.7911475
0.83859134
0.86277443
0.8885717
0.8385541
0.893981
0.07585299
0.051969882
0.08730322
0.86480993
0.93035734
0.9188117
0.74685204
0.06374247
0.077295564
0.10632492
0.87044126
0.7748129
0.77540547
0.820223
0.8769918
0.7410917
0.07887367
0.042992566
0.045488793
0.11787055
0.110755436
0.09754533
0.12640318
0.5920865
0.15732571
0.572975
0.6323185
0.67992866
0.71050847
0.71476257
0.7264571
0.78795046
0.31512624
0.20994039
0.13891877
0.1538138
0.24608754
0.79184806
0.8745676
0.88876957
0.85515743
0.75469357
0.72540534
0.7457963
0.6359712
0.5748011
0.60783815
0.70035136
0.6341653
0.6774995
0.8208284
0.8567022
0.81977916
0.69763297
0.66959256
0.28724644
0.23162322
0.2535885
0.2952906
0.26471448
0.63062024
0.16712971
0.17779724
0.44450483
0.7534484
0.63583314
0.21653897
0.14762382
0.16990702
0.10448767
0.11055831
0.19632389
0.61396986
0.32825536
0.3889455
0.44194415
0.51098335
0.23399091
0.17621267
0.26302728
0.522053
0.24047546
0.22476482
0.26606965
0.18224058
0.25111845
0.16694023
0.18560098
0.30762118
0.25021306
0.33365503
0.4927749
0.5001152
0.34158325
0.46606252
0.2643957
0.18125148
0.27496976
0.38055983
0.66468704
0.82393676
0.79164135
0.55915785
0.41966853
0.1129918
0.11415061
0.10109718
0.57272196
0.18186854
0.35068452
0.32836848
0.8459418
0.1786227
0.09026399
0.07615757
0.07885638
0.85219485
0.94851416
0.97564495
0.96673
0.9469551
0.16611354
0.05833951
0.031783428
0.026729792
0.041197155
0.071900055
0.14378077
0.78509337
0.17098515
0.088834934
0.3220178
0.79776025
0.81598705
0.8958844
0.8576504
0.54098827
0.19211389
0.30327183
0.2491765
0.2517397
0.318755
0.3739529
0.20607598
0.20436801
0.30868146
0.38162208
0.5887917
0.8531236
0.8435064
0.7250535
0.6143463
0.29279152
0.21232648
0.17972319
0.1650053
0.1949867
0.39475682
0.40031856
0.40375555
0.35104996
0.2511448
0.30011597
0.3623993
0.37771365
0.30946118
0.2073123
0.16378406
0.16976444
0.22323017
0.2943987
0.37517327
0.45764923
0.6592527
0.51546586
0.32732832
0.3781407
0.478463
0.58647126
0.79516
0.7598075
0.41301256
0.14845571
0.18775757
0.29602122
0.70950645
0.24251671
0.14061004
0.13322577
0.12907279
0.1396065
0.23775497
0.3606929
0.34731057
0.18930174
0.1519604
0.13854119
0.1296989
0.12998702
0.18999016
0.7637015
0.2390267
0.15639088
0.1492346
0.15253319
0.6634167
0.13546024
0.122624315
0.15860762
0.16164057
0.10278878
0.06588765
0.05935437
0.08281262
0.18184981
0.26407924
0.9359335
0.9326713
0.09736589
0.04704518
0.055771157
0.058775432
0.81739485
0.12608777
0.035010654
0.026628017
0.06553895
0.89518243
0.97598106
0.9822091
0.9757067
0.96508795
0.0586364
0.0194488
0.015057699
0.014340185
0.015683718
0.020648234
0.03222753
0.053632013
0.91026044
0.8563733
0.79885375
0.8714956
0.8216112
0.78492314
0.82655764
0.8827144
0.87520576
0.8668089
0.92233264
0.90335804
0.84018123
0.89414966
0.11687559
0.07748346
0.052119568
0.04413537
0.04748778
0.08351202
0.10354789
0.10162033
0.10246874
0.13111353
0.839169
0.08842908
0.06628781
0.1178411
0.1024686
0.15049626
0.19249277
0.16892174
0.76967037
0.3808082
0.40861747
0.7260066
0.8399817
0.81607383
0.682847
0.66305023
0.75916916
0.33219963
0.2942562
0.6518717
0.23773043
0.19175984
0.18142533
0.24875306
0.3877112
0.4880047
0.9112321
0.8967451
0.87556535
0.1804414
0.07863097
0.04830317
0.049492083
0.15314135
0.886556
0.8966351
0.7377929
0.64159447
0.67421925
0.104556344
0.07401349
0.03783203
0.04997105
0.13261029
0.70916575
0.8154326
0.68617386
0.18451312
0.2275274
0.24600826
0.3103817
0.12974858
0.12514366
0.11608598
0.089803204
0.085024744
0.09575017
0.76228017
0.15317339
0.18170865
0.13262258
0.16937703
0.11527894
0.8281375
0.06726431
0.03978334
0.030236864
0.029273624
0.0574273
0.11402823
0.13264127
0.92722315
0.9622352
0.9713544
0.954096
0.9360663
0.1384807
0.1099246
0.10738751
0.09131667
0.040596075
0.03010058
0.03951204
0.8638386
0.8489408
0.9394244
0.9562309
0.9243313
0.8948584
0.8479985
0.05196405
0.054006107
0.07214801
0.080967635
0.07957466
0.09916069
0.14160062
0.15118115
0.10739704
0.09897971
0.121751286
0.19138299
0.7595124
0.70361334
0.18684612
0.17751856
0.26459023
0.26900768
0.16055028
0.16513316
0.21745363
0.2646769
0.2910502
0.6742055
0.7223615
0.68122303
0.6070155
0.73753667
0.73785424
0.74640167
0.79654455
0.69576544
0.3432971
0.758033
0.1314294
0.06392906
0.048722617
0.110788345
0.1943847
0.20790562
0.15042154
0.16079573
0.22277816
0.17200029
0.13638961
0.1479982
0.16572152
0.8269754
0.82966346
0.82833564
0.8271617
0.857315
0.8064682
0.28451294
0.26760373
0.23592922
0.8668493
0.78542304
0.84182656
0.77447546
0.78535384
0.1475762
0.14588605
0.19043872
0.21048728
0.22428882
0.21633439
0.23308185
0.63383204
0.1903397
0.15690255
0.2069474
0.5398346
0.2825962
0.2761494
0.3183845
0.67623323
0.34953377
0.26177815
0.26103643
0.48034456
0.32799986
0.36035424
0.4199863
0.7414602
0.5707154
0.31126302
0.21222134
0.27735865
0.46564662
0.520641
0.6896268
0.624685
0.78345734
0.77031296
0.58622116
0.64028645
0.3864739
0.17135417
0.15932684
0.25498745
0.7789244
0.8306538
0.68015647
0.59058964
0.4894615
0.4174354
0.40140107
0.61794806
0.2524422
0.20108011
0.1991657
0.70450056
0.631372
0.6400965
0.68637383
0.45649034
0.3497384
0.14686905
0.1178054
0.20233852
0.6812314
0.8357599
0.880342
0.53828025
0.30499333
0.20761995
0.6737879
0.51236415
0.5240628
0.56156474
0.71865976
0.5829773
0.17037654
0.18177356
0.1053642
0.13303144
0.11815662
0.14374675
0.28180462
0.7687808
0.1362578
0.094055295
0.11303825
0.6874858
0.26625514
0.8528534
0.90500224
0.8730457
0.7088162
0.6949809
0.7624455
0.65137374
0.58300436
0.22506334
0.61587775
0.1963602
0.23462103
0.15264888
0.5961551
0.31036738
0.46108812
0.68861276
0.6594465
0.6133293
0.22448908
0.12102882
0.13691637
0.1663511
0.30837575
0.7683284
0.6016321
0.15382883
0.092614986
0.1078158
0.17716518
0.6932258
0.7884041
0.24767737
0.4344288
0.5566056
0.45727497
0.61549056
0.7216445
0.24243307
0.2353639
0.5923654
0.68333364
0.21588594
0.2601659
0.20525266
0.24322702
0.6105427
0.62954426
0.6623886
0.7665605
0.6339002
0.10510859
0.076352514
0.06883581
0.07847463
0.67119515
0.08150067
0.07965333
0.1427029
0.14507736
0.061879586
0.05607755
0.0933613
0.26233602
0.9353757
0.20086873
0.14581177
0.069601394
0.08547064
0.15783057
0.8580892
0.8815571
0.8229636
0.7959098
0.17350395
0.14086905
0.71723723
0.72421265
0.8689129
0.80053556
0.7732427
0.8430534
0.21056716
0.21383765
0.81511724
0.6679584
0.6908952
0.76115185
0.88345385
0.8221479
0.8969674
0.07648162
0.032312337
0.027267508
0.028645178
0.03132062
0.03291598
0.03203799
0.029258415
0.029069955
0.041216984
0.12467744
0.9705358
0.931578
0.8980955
0.8903748
0.044282865
0.042976413
0.03138749
0.03524619
0.12585884
0.10501756
0.8747673
0.84443885
0.10096182
0.1194364
0.05744979
0.040205535
0.039153315
0.09780126
0.07249076
0.08262587
0.1039875
0.19925936
0.1434459
0.19160648
0.8478473
0.11226707
0.09376853
0.15216465
0.19623855
0.22363397
0.26777482
0.6895295
0.22387205
0.2029138
0.3273725
0.29294175
0.6107973
0.5587839
0.47335756
0.4804086
0.5508066
0.7079425
0.58758336
0.61904514
0.7353904
0.57147396
0.5996133
0.77242774
0.7780509
0.64380443
0.5623173
0.47323605
0.46584845
0.47015217
0.5477801
0.50223523
0.49148014
0.24908483
0.20980582
0.22250067
0.16836533
0.120928116
0.2175219
0.24575256
0.32613173
0.27640176
0.37187314
0.90651906
0.9275706
0.92873627
