0.6053359
0.39030507
0.40421525
0.42458442
0.4461081
0.5297266
0.68206555
0.77584195
0.6744394
0.6588189
0.6331063
0.7573372
0.5555303
0.3822977
0.2625421
0.21742587
0.21759339
0.29233995
0.5964326
0.78380454
0.844651
0.8497319
0.7797108
0.7994855
0.7480905
0.5897448
0.46044183
0.23303527
0.27077404
0.66252667
0.37334558
0.30726495
0.28079876
0.22973269
0.13463913
0.119467005
0.14562692
0.103353575
0.102199614
0.11527959
0.1839491
0.8425279
0.7839148
0.08358743
0.0700429
0.11130422
0.10744056
0.060480945
0.052954327
0.82537377
0.79351836
0.83487236
0.820508
0.8084999
0.8518632
0.063714735
0.048952904
0.046997804
0.05184406
0.058318835
0.110107906
0.7864301
0.83290744
0.73074126
0.09952092
0.0719335
0.072927296
0.105316356
0.17537256
0.804846
0.67360985
0.17135295
0.1466103
0.148181
0.171656
0.6849174
0.7745551
0.16145274
0.17382097
0.30180547
0.7856008
0.1187613
0.114548944
0.04262498
0.029851321
0.027036853
0.051917598
0.91775334
0.93346494
0.87993926
0.96185315
0.96188015
0.92700887
0.23889925
0.8847533
0.044929545
0.024746459
0.027308403
0.026663635
0.028904876
0.034367487
0.06730721
0.12459888
0.88746345
0.8768835
0.1512551
0.12697099
0.11330785
0.12932537
0.7754775
0.8793124
0.9072265
0.85145676
0.64449394
0.52223295
0.0717213
0.07802165
0.18459448
0.7829428
0.14338793
0.04340055
0.0484069
0.11913049
0.8525734
0.94116277
0.94257593
0.12555748
0.13597801
0.0716422
0.03721607
0.039486587
0.08082294
0.13546363
0.80600244
0.6749063
0.56342417
0.5464015
0.5887297
0.62944853
0.11328294
0.109909184
0.16797468
0.14828423
0.08396838
0.14747517
0.8994673
0.30624956
0.050418384
0.030856505
0.03231141
0.13217461
0.9470668
0.94814837
0.86501336
0.057414703
0.024395877
0.021599142
0.05130761
0.9460272
0.9173904
0.9337528
0.8342396
0.048850708
0.026755255
0.027294809
0.024855992
0.02984559
0.040702045
0.04256222
0.06907229
0.11996194
0.9274967
0.92025316
0.88919324
0.7642991
0.7841115
0.59016347
0.08079962
0.1294846
0.116040096
0.12995926
0.1262112
0.15322171
0.5641302
0.5321905
0.23823364
0.24203736
0.3216611
0.5856703
0.44354656
0.51809466
0.49876136
0.28256682
0.24378096
0.41415122
0.3909602
0.47500002
0.51082873
0.17659919
0.15360929
0.13806067
0.16300413
0.45174298
0.7721386
0.86368
0.72093374
0.6429911
0.62538844
0.19462329
0.15689954
0.16179274
0.18241009
0.18756883
0.61326045
0.7962926
0.86686033
0.8409932
0.7363423
0.68360853
0.8119795
0.84288526
0.7903175
0.63167864
0.6967549
0.5298809
0.4333329
0.15408626
0.12001099
0.08706919
0.09289661
0.13723658
0.19842406
0.36949646
0.47795784
0.77641034
0.8385228
0.6962278
0.63684446
0.600165
0.17668022
0.15219466
0.118395194
0.117375925
0.13101383
0.12570317
0.117636934
0.14467272
0.2581161
0.22329521
0.18311378
0.40381613
0.4004752
0.526322
0.68659055
0.7456527
0.2886214
0.23270634
0.21256326
0.1710463
0.14864542
0.2181014
0.35559088
0.44330317
0.74657166
0.69219506
0.80882806
0.77916133
0.22854732
0.14513078
0.22420938
0.6070979
0.7265928
0.24978165
0.34300107
0.7626275
0.58624107
0.20824449
0.22655663
0.24825199
0.2721832
0.90513456
0.9162217
0.88581425
0.67287916
0.13871491
0.15283476
0.20126194
0.2896788
0.85895246
0.78723586
0.24276076
0.27153453
0.76460767
0.3597409
0.19074976
0.16085558
0.44791752
0.4638403
0.5284957
0.5425188
0.19000965
0.1758972
0.63568836
0.24191356
0.28149387
0.2494728
0.12983185
0.08032089
0.071478106
0.07216223
0.09905939
0.05131897
0.04174185
0.054784212
0.8040434
0.080781944
0.04185455
0.038010564
0.06925424
0.93328893
0.9551411
0.84023297
0.9638689
0.9732799
0.96958935
0.947959
0.9300057
0.035098672
0.023369182
0.022552393
0.034305632
0.6977794
0.08227853
0.09450881
0.78050303
0.21548443
0.7924973
0.100344785
0.0774124
0.0572584
0.06265649
0.058672868
0.085202955
0.11143587
0.13932244
0.6647971
0.11429119
0.1453741
0.5653307
0.5395041
0.65318286
0.7127294
0.67455935
0.5227311
0.59403205
0.58569115
0.55022633
0.5001198
0.45904794
0.42572436
0.16854416
0.11946623
0.11704577
0.24033141
0.80440784
0.8620984
0.8011222
0.809886
0.6974848
0.6512059
0.7481536
0.6466865
0.743579
0.5927299
0.117053
0.111611396
0.10524786
0.15087314
0.5956135
0.41040507
0.25347084
0.17501178
0.11969183
0.10272072
0.10038501
0.14054874
0.0830294
0.061976776
0.048916563
0.054699082
0.10937865
0.88252413
0.8862461
0.91571534
0.88425565
0.85620564
0.8432091
0.85258055
0.78033024
0.7311867
0.058978684
0.10431424
0.076094955
0.072988994
0.08407734
0.11070361
0.6724926
0.6418335
0.23722504
0.13064547
0.07812735
0.17694683
0.20584486
0.20078617
0.5291539
0.30456743
0.4073828
0.4989149
0.74402076
0.74930173
0.43263867
0.45819062
0.6197472
0.40870938
0.6599165
0.38383362
0.36209124
0.43610382
0.25445434
0.23185535
0.22050123
0.19045553
0.18940972
0.30947316
0.46827397
0.6703846
0.53333783
0.5124103
0.69133073
0.57236195
0.42676625
0.40519017
0.46627662
0.48879504
0.304764
0.3220463
0.19309096
0.16709565
0.2523051
0.35331252
0.7128005
0.63239354
0.58595055
0.626225
0.78369695
0.26647475
0.17477274
0.14627379
0.10661191
0.08442008
0.6639543
0.6028558
0.6317621
0.6665135
0.63684654
0.08610223
0.072356746
0.21104059
0.30069044
0.49295348
0.87018955
0.6841365
0.5817728
0.5366205
0.5779289
0.09870096
0.063981794
0.04914517
0.039877232
0.041672066
0.042363334
0.041610274
0.06376009
0.1477419
0.96991783
0.97522837
0.9540383
0.89555836
0.086363286
0.041105945
0.0496424
0.071299784
0.086731315
0.08131839
0.07429144
0.08570527
0.097462155
0.70989704
0.72393847
0.8734712
0.8842493
0.7772674
0.84748584
0.11463604
0.04805723
0.03900702
0.073335774
0.12315304
0.21858881
0.878875
0.74218255
0.64467365
0.13812348
0.20909499
0.35352734
0.901962
0.18343411
0.13246992
0.79880154
0.059928503
0.031160004
0.024946673
0.025454523
0.039154205
0.09105567
0.9654034
0.96972704
0.97261363
0.9719667
0.9603328
0.13040362
0.044334892
0.025101164
0.024216132
0.03159134
0.05269639
0.8451051
0.20362899
0.111335225
0.7634255
0.87916905
0.22520237
0.18670623
0.2450358
0.9328046
0.9357009
0.9176681
0.82929957
0.7631985
0.12448146
0.078040935
0.060407504
0.051639404
0.044830322
0.058664683
0.7587223
0.836821
0.81432515
0.75942135
0.3678402
0.178941
0.11178511
0.11369241
0.16461363
0.2761186
0.4082133
0.28291863
0.18702127
0.15461142
0.15263504
0.13129891
0.13902706
0.12604862
0.118295275
0.098808
0.10802157
0.12112595
0.68804425
0.7013461
0.8460294
0.79793996
0.85403156
0.80619234
0.88947827
0.91765887
0.87200934
0.661832
0.6669615
0.073248595
0.04253663
0.045251545
0.083293684
0.76794845
0.80188775
0.883201
0.20070085
0.0691779
0.04271812
0.02943791
0.02715151
0.027853617
0.02759448
0.028369313
0.04108683
0.8215508
0.06486827
0.05488186
0.8559762
0.8337258
0.9788714
0.980165
0.969171
0.9558107
0.033493366
0.017861499
0.015692007
0.01832717
0.035583597
0.8651856
0.8555741
0.8503522
0.8078807
0.89190555
0.87446564
0.85879266
0.857549
0.8377404
0.081157945
0.03767588
0.028692948
0.032323588
0.04512765
0.08720607
0.80929404
0.71892756
0.69891214
0.09305712
0.053028442
0.072773516
0.14406638
0.8271119
0.7975698
0.28974932
0.17108214
0.120923534
0.64571357
0.17393352
0.15018238
0.6933565
0.7258782
0.79044527
0.82863814
0.6723728
0.7022134
0.6745615
0.7113569
0.116638966
0.06626085
0.052182823
0.07495265
0.116586216
0.70899093
0.6596769
0.5282778
0.62720466
0.69086903
0.7238775
0.8072619
0.6888461
0.10413178
0.06453002
0.08637716
0.15667276
0.8695859
0.90384316
0.120408244
0.07179098
0.07033489
0.07119002
0.1043652
0.11920077
0.8438165
0.90683436
0.12357987
0.07124272
0.10711391
0.14029762
0.18724594
0.90919226
0.85764545
0.84771997
0.899157
0.15023227
0.11969029
0.06368031
0.04725629
0.11282199
0.8917791
0.919546
0.2283067
0.10903534
0.09827758
0.16007103
0.18442842
0.1049273
0.08187123
0.079401195
0.10273561
0.11878985
0.56046045
0.62342465
0.68115777
0.8362065
0.71112007
0.12414785
0.10747592
0.09355237
0.06790893
0.10054598
0.13691287
0.87183094
0.8140305
0.7964163
0.13435747
0.11563763
0.06669161
0.08820697
0.18036573
0.8564998
0.87083185
0.9127576
0.8679146
0.8172088
0.68941534
0.7507266
0.1916733
0.09195603
0.08793235
0.088249385
0.11725221
0.7144858
0.69270974
0.12849069
0.078285
0.1306839
0.10314741
0.19968353
0.2074636
0.1730758
0.11525711
0.25928104
0.2629252
0.20232864
0.26034832
0.42625156
0.27901578
0.24854034
0.64123553
0.2686258
0.32227057
0.42077923
0.70820475
0.85419273
0.8438283
0.6422157
0.1144888
0.106403984
0.11751992
0.1768478
0.09119847
0.07459933
0.16663235
0.92894226
0.9450528
0.87951887
0.82098246
0.75904745
0.7221892
0.052429523
0.07828719
0.0708715
0.061156463
0.07411922
0.07196587
0.16488265
0.74404114
0.85912544
0.820148
0.7843129
0.82297
0.65130055
0.63547736
0.16934413
0.23953404
0.17707615
0.21438636
0.13288346
0.07950774
0.057400946
0.08117263
0.8959391
0.9338585
0.8539529
0.8032537
0.062600024
0.0378682
0.059396487
0.114928275
0.13545679
0.6975716
0.1630873
0.14041176
0.2865962
0.77016604
0.20023377
0.1538868
0.1998969
0.35354128
0.2663807
0.23753229
0.4344843
0.18561202
0.26125476
0.6684171
0.53280723
0.80115706
0.7677627
0.40032023
0.5392201
0.631098
0.2731838
0.22562283
0.25246155
0.294919
0.48061523
0.21493438
0.18042971
0.19859765
0.28526726
0.23360832
0.2459915
0.76087785
0.67012465
0.8428036
0.8396263
0.7229588
0.82570297
0.81614196
0.70713395
0.8298935
0.8498918
0.8083097
0.6554695
0.7586299
0.6205415
0.21101536
0.26361656
0.1789481
0.6232136
0.5898999
0.13653827
0.2668851
0.15218414
0.15131393
0.18567912
0.14713742
0.07396632
0.07238879
0.85346025
0.79416525
0.89007974
0.8195065
0.8171159
0.90477484
0.93021446
0.8943894
0.7030079
0.67243254
0.81028646
0.86336154
0.8596417
0.09363141
0.05171868
0.08208049
0.11299958
0.14386511
0.17827775
0.17353556
0.25651693
0.8483064
0.7834978
0.22956318
0.2270628
0.2983615
0.5855153
0.7117453
0.6437929
0.7229435
0.5582814
0.52892363
0.4912534
0.676626
0.659664
0.824572
0.8338799
0.7251668
0.86210674
0.8940373
0.90537995
0.89211535
0.8343856
0.59573877
0.16446792
0.07956826
0.08468307
0.71739185
0.7980401
0.79661274
0.9045674
0.92447627
0.879031
0.62981623
0.71716595
0.20037138
0.16874778
0.14099748
0.21504161
0.32687256
0.25498822
0.2730665
0.65854704
0.80285794
0.8340977
0.47278228
0.5264967
0.49943426
0.8745342
0.8561096
0.73337114
0.8275999
0.83044976
0.44831732
0.32950416
0.23776697
0.44528487
0.4656809
0.6062528
0.36942026
0.5153229
0.36490932
0.28641167
0.457004
0.21071191
0.1688177
0.21572505
0.32356805
0.2882274
0.2692145
0.26233697
0.24001369
0.4946508
0.30782604
0.21442497
0.27225953
0.4545624
0.45227385
0.6894347
0.6131489
0.52040213
0.40427268
0.36475047
0.43445942
0.47688773
0.50272316
0.5696775
0.6265066
0.7160244
0.62300193
0.20868666
0.18141772
0.16370112
0.5263801
0.55461454
0.6113621
0.6435754
0.7464914
0.6534154
0.29114932
0.32571942
0.21846408
0.21306945
0.20589125
0.21388932
0.43467152
0.2502798
0.27547476
0.41098538
0.68716466
0.750348
0.85566354
0.87219024
0.8300041
0.67339283
0.77006644
0.6342443
0.15575238
0.11762914
0.08788444
0.079242155
0.1294246
0.7265087
0.8600345
0.71245116
0.6711841
0.7055043
0.07442359
0.05625943
0.08828749
0.13579719
0.91698146
0.8652132
0.9380615
0.9400766
0.2376161
0.070586525
0.040557593
0.04544538
0.6414629
0.6919535
0.8888061
0.9023501
0.7696944
0.8036567
0.17514384
0.15957561
0.16463396
0.4102194
0.26803342
0.11009638
0.086271055
0.10135356
0.1981019
0.22129798
0.70941454
0.64370525
0.63610387
0.7160998
0.73467404
0.40791455
0.15051429
0.16248581
0.15667304
0.17609034
0.72398496
0.5262915
0.39846888
0.20655929
0.23031561
0.31135282
0.36085472
0.5112294
0.47691983
0.6248544
0.6116684
0.63282555
0.59665334
0.6620024
0.6375309
0.6739144
0.5429693
0.4927165
0.5436541
0.71083486
0.70371014
0.5357415
0.52528316
0.7082623
0.6891381
0.51493686
0.496189
0.5108318
0.54110086
0.6165799
0.7743056
0.6988091
0.62785983
0.3765754
0.28717467
0.4406063
0.44355753
0.40771133
0.43119818
0.5074159
0.5919121
0.8029136
0.70064753
0.73812735
0.87359345
0.88170135
