0.71725065
0.5896214
0.6661138
0.86098146
0.8667925
0.82283443
0.77773255
0.7535669
0.6677485
0.61754465
0.3316738
0.44194067
0.56046027
0.6185343
0.6363882
0.7896374
0.7039883
0.6209629
0.2972986
0.25746253
0.25293645
0.7494197
0.69439036
0.7116951
0.8163849
0.24126387
0.17828771
0.17009906
0.70778066
0.08434734
0.09294877
0.15285698
0.17105791
0.13536873
0.8086714
0.23869057
0.079224974
0.049761087
0.057872403
0.6967916
0.10178794
0.090181164
0.67250335
0.7709915
0.83477193
0.8991332
0.12125972
0.11642741
0.74999946
0.07222191
0.044856563
0.055929266
0.05926792
0.08356514
0.09088658
0.09445416
0.08035082
0.08539946
0.6144451
0.19337149
0.19107597
0.2978119
0.80255365
0.83667225
0.82208484
0.77122706
0.55294144
0.38014433
0.41760057
0.33788607
0.25891057
0.28658754
0.5294442
0.37723285
0.4422364
0.4956491
0.52733403
0.6456977
0.5761205
0.3517274
0.38627934
0.3256397
0.3344972
0.60993284
0.54047716
0.41112342
0.40314248
0.37447655
0.3319283
0.42945516
0.32310227
0.5050054
0.5642422
0.4499027
0.39720967
0.38005975
0.39914003
0.3886884
0.41634446
0.32876772
0.67015076
0.819108
0.8399131
0.6761723
0.60435814
0.61067754
0.15550105
0.11664177
0.14055036
0.19774373
0.614359
0.6389487
0.620954
0.60524446
0.5265649
0.63693357
0.6756385
0.6973585
0.68603885
0.773347
0.22424221
0.120067775
0.087100856
0.06419408
0.07287007
0.08302417
0.08051151
0.07956153
0.051534645
0.03925901
0.0420745
0.0693571
0.7455925
0.77650595
0.84202015
0.89309394
0.099859476
0.036122475
0.027771499
0.064058
0.8518548
0.932158
0.94797426
0.14868036
0.13023934
0.12762004
0.077525906
0.04356384
0.06657516
0.09190958
0.122420914
0.83337235
0.7505601
0.85344726
0.7620037
0.8470711
0.21245316
0.12401472
0.0781366
0.07794362
0.5595352
0.11723988
0.18632767
0.68593246
0.8703383
0.24886951
0.12441337
0.08478886
0.106921025
0.12531827
0.90534186
0.79903084
0.119492665
0.029893184
0.01999874
0.018983826
0.02557219
0.07278952
0.11920984
0.95726776
0.9131662
0.91574323
0.050164845
0.026093721
0.02292028
0.025113797
0.026054896
0.026663458
0.031734627
0.039283782
0.05060462
0.07386256
0.11813733
0.1428782
0.8123373
0.124849774
0.100208804
0.71612525
0.0983252
0.104024865
0.13644737
0.21343039
0.85732245
0.8588344
0.8464388
0.7741555
0.61004525
0.6907159
0.7150376
0.73576
0.7861555
0.814528
0.8048211
0.79099596
0.74076146
0.6857368
0.6789383
0.62851024
0.15395205
0.13599086
0.18454394
0.61876935
0.72075844
0.8347792
0.38641772
0.27591318
0.24321869
0.63319325
0.8055738
0.86572236
0.81101954
0.7272713
0.6974579
0.6644493
0.79162127
0.77229124
0.84771526
0.8065048
0.6492232
0.22308289
0.1636406
0.13819067
0.1213605
0.5940327
0.27011585
0.36545265
0.39266533
0.7631072
0.8944564
0.92312586
0.8712297
0.6325537
0.06703675
0.045087703
0.049840685
0.07174153
0.8455452
0.10380518
0.06984286
0.1090846
0.8721567
0.9237721
0.9055765
0.8767277
0.881797
0.8747421
0.8844019
0.8819365
0.86152625
0.8600125
0.8616703
0.81930315
0.91455436
0.9359546
0.9452127
0.94214296
0.9161195
0.88780224
0.15789922
0.11183647
0.12733448
0.8256226
0.8191027
0.1800831
0.14972441
0.2751318
0.29493478
0.7812583
0.7219569
0.6754684
0.45480245
0.4042963
0.39798346
0.695676
0.3304573
0.30078134
0.31387427
0.2908969
0.3596685
0.521915
0.8681016
0.89688474
0.43941844
0.25696516
0.19687179
0.24409124
0.8234662
0.8722601
0.78051126
0.8461727
0.7743915
0.8702618
0.8632154
0.79241693
0.5008179
0.10824038
0.11762266
0.1277205
0.1761882
0.70097446
0.55448246
0.25587848
0.2403538
0.17460579
0.33877966
0.36194995
0.48292917
0.7146979
0.6788245
0.0906821
0.068266116
0.04398381
0.04476421
0.07861582
0.1164722
0.79857457
0.89739347
0.10934609
0.050833777
0.06653142
0.1163773
0.85006094
0.8553285
0.25742647
0.6852559
0.1091754
0.11080636
0.75309205
0.8879259
0.23762581
0.07193304
0.06918808
0.11991066
0.871019
0.8693766
0.86366695
0.78347826
0.91272104
0.9232287
0.7732192
0.83840406
0.8548696
0.9174268
0.8758914
0.87400454
0.8770536
0.16041341
0.066836126
0.06134896
0.09510581
0.7511899
0.1172997
0.13439554
0.8222993
0.25046265
0.7527284
0.7100789
0.090990156
0.11578821
0.066163175
0.06457814
0.8068329
0.8139006
0.93162537
0.24767269
0.09579888
0.05417843
0.045021944
0.06600283
0.14680059
0.8355506
0.2785451
0.24493234
0.18355435
0.1660239
0.63561374
0.6967987
0.56043726
0.53595096
0.5830366
0.6434988
0.8068233
0.8827483
0.8668417
0.7140797
0.8243312
0.7807286
0.6171992
0.6060442
0.61830485
0.63558435
0.7916428
0.7744026
0.5523508
0.5354837
0.70131993
0.13774973
0.11296153
0.20135733
0.81787604
0.14736018
0.08026722
0.04846136
0.05487035
0.04952451
0.07751354
0.17381085
0.89557076
0.08058005
0.08339804
0.05033285
0.0868576
0.08982339
0.9191289
0.93733424
0.9343486
0.91931903
0.9009064
0.85428196
0.8803523
0.052152522
0.031341363
0.024072008
0.03323934
0.06451959
0.84732723
0.8811637
0.17473988
0.123609036
0.11861542
0.10180701
0.06946962
0.06536465
0.08408406
0.07584556
0.10864333
0.1713944
0.89323086
0.90860045
0.9047951
0.85700244
0.9059921
0.8685988
0.7688061
0.7682762
0.8800247
0.9264197
0.19862781
0.10878378
0.06643734
0.042296123
0.037315827
0.03637774
0.04341359
0.042759847
0.051729336
0.050517097
0.053179365
0.08596165
0.79906017
0.9050955
0.8422807
0.19824748
0.3089982
0.29653746
0.91881055
0.14692414
0.040376015
0.025898367
0.023686983
0.025686638
0.04450933
0.9101529
0.83691746
0.9512902
0.9267441
0.05731061
0.027401993
0.021756213
0.033923395
0.9266977
0.9535864
0.9720213
0.9701493
0.935803
0.8591037
0.87254214
0.047226053
0.0292971
0.029024923
0.05438395
0.8921185
0.8278746
0.8762351
0.059886843
0.028984874
0.02485066
0.023613164
0.026882654
0.042906076
0.8886306
0.18508199
0.20064579
0.22720774
0.9243517
0.88601524
0.9066897
0.12616782
0.08122923
0.05853298
0.052124877
0.05342303
0.045790322
0.050008155
0.06060461
0.08134448
0.12292129
0.1874044
0.13473675
0.097895145
0.10616506
0.23705341
0.2174915
0.07865183
0.055376668
0.07673857
0.24988882
0.8728153
0.9149243
0.789839
0.71961415
0.7842058
0.0697067
0.06688438
0.05127964
0.08262871
0.14376995
0.9115063
0.9233816
0.8955873
0.72426033
0.16004604
0.09484005
0.10081948
0.6428788
0.69358385
0.86495143
0.24591057
0.15297095
0.11873411
0.16373065
0.1348883
0.73632824
0.7080751
0.7707998
0.8341145
0.6347015
0.5982878
0.6423025
0.77900726
0.16194436
0.11913162
0.12717922
0.20062548
0.33820277
0.8870887
0.8327991
0.6240656
0.64882284
0.17010434
0.14135946
0.17693573
0.124908626
0.13163011
0.69334674
0.2918117
0.38351193
0.75048965
0.65049875
0.70392996
0.74068636
0.7671902
0.79746944
0.7752738
0.7524674
0.32822675
0.26359153
0.68316394
0.12859958
0.1051039
0.1137375
0.15326738
0.23895487
0.7830642
0.86449176
0.90581423
0.90064687
0.86065656
0.7740865
0.7159155
0.72416484
0.7526282
0.65678287
0.21738163
0.11571138
0.10005758
0.1191571
0.18706135
0.639413
0.57402074
0.5884973
0.48551938
0.28917196
0.25488663
0.31500825
0.72075635
0.391288
0.28441408
0.46301687
0.24197866
0.1842038
0.104686946
0.06932043
0.07655284
0.07592461
0.1052674
0.7378596
0.6988608
0.89348364
0.1252246
0.07281662
0.0551072
0.082116224
0.042418487
0.049498845
0.7229541
0.06719582
0.102914646
0.1370152
0.95582414
0.9781321
0.9712182
0.86865616
0.81868976
0.0484277
0.027232435
0.026228178
0.02775708
0.051434863
0.0763428
0.10649059
0.08577074
0.09432983
0.7552109
0.83419466
0.76647013
0.7290076
0.7453244
0.85208255
0.34486732
0.14904353
0.0836471
0.11841432
0.164083
0.83624834
0.902521
0.88692117
0.6355056
0.45500693
0.41973665
0.64401025
0.43216702
0.43083912
0.17006205
0.11654523
0.16054747
0.40157902
0.3235673
0.19345076
0.2189361
0.18832563
0.24026169
0.806252
0.65293795
0.7181375
0.8107702
0.14972205
0.059781957
0.061538786
0.04210011
0.072954886
0.12721176
0.72697335
0.90290034
0.8016956
0.07747302
0.04160435
0.040462308
0.041804478
0.049865045
0.053163327
0.04718942
0.04504282
0.05453405
0.09336086
0.90405697
0.1045383
0.08623465
0.09548782
0.77930665
0.066088274
0.04756951
0.06509415
0.12945369
0.7346196
0.85453093
0.85647637
0.85713744
0.8864017
0.18397741
0.19201793
0.8388333
0.74083906
0.88300943
0.8174905
0.7820819
0.7412388
0.72925043
0.7523021
0.24545588
0.25298712
0.9084933
0.89831084
0.7804184
0.08106294
0.044234358
0.037465494
0.037682723
0.08627696
0.12823439
0.09612707
0.07374443
0.07738319
0.1438101
0.7553022
0.87951046
0.24864842
0.14056243
0.13582939
0.72494364
0.8080705
0.1882595
0.08735957
0.08569667
0.12926233
0.8561158
0.88608843
0.91616374
0.888305
0.7983237
0.8721789
0.85542506
0.7889349
0.83981246
0.7937054
0.84162307
0.7210381
0.7313288
0.15261008
0.08977597
0.2641706
0.33876982
0.6989314
0.14998165
0.20661488
0.24995169
0.72715133
0.79979134
0.68374604
0.17847095
0.1869313
0.32521543
0.3085164
0.15158834
0.18410651
0.16213287
0.19685178
0.2123853
0.23190317
0.15476047
0.20979264
0.14839031
0.24717657
0.20011494
0.15045013
0.1990461
0.5476317
0.5104556
0.22626318
0.39108658
0.4655904
0.82294875
0.7682608
0.45649254
0.21520586
0.24083294
0.22888172
0.24218608
0.39511362
0.4022146
0.39301768
0.4566541
0.43757346
0.59591347
0.58119094
0.331475
0.41588688
0.2507159
0.24638991
0.43679056
0.40139014
0.44500497
0.61767596
0.8140858
0.75660944
0.6179772
0.6935976
0.6144789
0.6671881
0.48136112
0.31606156
0.40416935
0.5455021
0.71710706
0.60019374
0.53583527
0.47709382
0.36108842
0.3751116
0.44466177
0.5965528
0.6409329
0.4555366
0.42074373
0.4979657
0.64605194
0.8260408
0.86209184
0.09958277
0.06420074
0.054519657
0.050565377
0.10340791
0.13757724
0.06919147
0.06341346
0.73960584
0.7683094
0.8257811
0.93927485
0.94820815
0.84750944
0.8870941
0.7653715
0.07192489
0.05191113
0.0723335
0.6867942
0.06434857
0.057323724
0.048288107
0.06961362
0.15287936
0.84688526
0.8836394
0.79298216
0.8226763
0.777211
0.72090906
0.74177605
0.14352867
0.1596148
0.16495307
0.16834721
0.13401332
0.09547998
0.15496516
0.79997885
0.80903155
0.630569
0.66907203
0.70884365
0.7585834
0.7970625
0.8724489
0.86344296
0.7680736
0.7359882
0.255886
0.14068596
0.10038139
0.09922499
0.13594091
0.21296223
0.33933038
0.23892851
0.14997607
0.13051808
0.13360266
0.76242673
0.8050368
0.6878691
0.59217125
0.6906375
0.052660283
0.033916723
0.041458253
0.06853337
0.13611251
0.19874299
0.89689416
0.9510333
0.86558986
0.047731765
0.025255831
0.021498954
0.021219747
0.021357765
0.022191864
0.02689799
0.059569173
0.0912701
0.071096264
0.045224167
0.07995614
0.08057819
0.94498676
0.91075915
0.9495764
0.8841616
0.9048957
0.9319935
0.048812762
0.04570342
0.06908725
0.11039247
0.9084089
0.086760566
0.043402776
0.03173662
0.03447521
0.043268353
0.87298506
0.86971635
0.86755234
0.87945366
0.076152
0.033626948
0.02871205
0.045641214
0.8561856
0.8545376
0.8994289
0.93088245
0.8944168
0.057463672
0.032974932
0.03574892
0.040691074
0.03873159
0.072962075
0.8984883
0.9065025
0.089503124
0.035209756
0.03861247
0.06062476
0.746599
0.7265412
0.9240436
0.9281754
0.76954305
0.8063171
0.04533334
0.031933706
0.030338382
0.033085186
0.03894069
0.07604716
0.05786801
0.040565424
0.03687186
0.03832546
0.06046998
0.9074739
0.90576065
0.89984936
0.07808239
0.030800479
0.028315276
0.031521447
0.08183012
0.807619
0.08326571
0.07512598
0.057364337
0.050778966
0.05291502
0.05759693
0.6704337
0.25237456
0.32798943
0.26167977
0.12875989
0.16684707
0.88358223
0.7731777
0.07819839
0.09339441
0.041228577
0.028553698
0.027528076
0.035047773
0.8663458
0.8652921
0.96075696
0.9293482
0.9489149
0.12100197
0.083791986
0.029631501
0.02659979
0.041932065
0.094991565
0.86205447
0.89187694
0.8632024
0.82335377
0.15484338
0.0965382
0.11532624
0.16444986
0.2365019
0.7532751
0.6910079
0.71976185
0.71957225
0.7410959
0.7488284
0.77819824
0.09877918
0.05464404
0.062479395
0.08511083
0.09756004
0.7388473
0.33139813
0.33793747
0.36171526
0.8242018
0.3052729
0.3513061
0.7630193
0.65210754
0.6522654
0.7104679
0.8421889
0.855814
0.75168586
0.8291346
0.28616583
0.18815167
0.17545716
0.16633098
0.25696772
0.67481434
0.12548554
0.12373648
0.14671342
0.14019774
0.2828978
0.8583159
0.7683755
0.8775216
0.09238954
0.06605297
0.10173488
0.06355246
0.05157905
0.05121731
0.07158703
0.057573963
0.07207239
0.115373425
0.9272227
0.07381191
0.040144224
0.03231604
0.035138313
0.078576155
0.8456086
0.94440144
0.9614097
0.21405198
0.091308214
0.039230417
0.04130938
0.1021284
0.9048202
0.88354146
0.84966636
0.8383281
0.85832185
0.043146912
0.028676586
0.024436444
0.025448082
0.02920141
0.035673853
0.05337311
0.9082629
0.06517258
0.04067438
0.05094241
0.06541602
0.9162329
0.13530421
0.07159638
0.042686302
0.035066597
0.044314004
0.06636601
0.95605075
0.8585843
0.9591201
0.9450299
0.9203709
0.92664737
0.040305212
0.020665945
0.022946212
0.05120809
0.08245876
0.103240125
0.8944758
0.13015051
0.124916665
0.8834524
0.21008506
0.33232677
0.9178246
0.07018387
0.037392333
0.044128988
0.047106583
0.07589304
0.86993515
0.050078567
0.0392619
0.02994785
0.033561833
0.044017643
0.08150695
0.104092866
0.9145296
0.055232372
0.048356485
0.06851175
0.07046747
0.058031123
0.064321406
0.06085734
0.09657283
0.87196314
0.10243785
0.08372506
0.15530452
0.8826342
0.23664907
0.12200301
0.08458164
0.081626035
0.67971736
0.71065986
0.76742315
0.8008594
0.8713838
0.3511196
0.2953327
0.2887941
0.865888
0.8722375
0.9153755
0.9091927
0.9218229
