0.63282543
0.4177917
0.40429223
0.39079753
0.5077722
0.7037636
0.6426325
0.7331285
0.42103794
0.33509207
0.24635999
0.1855805
0.16497602
0.16981119
0.21307155
0.42481354
0.6779429
0.7486587
0.6542641
0.6610616
0.29668635
0.25232527
0.2990414
0.40706515
0.39510077
0.33057892
0.21033798
0.19774674
0.2609417
0.31678233
0.33353323
0.28406993
0.19565502
0.24088472
0.2672021
0.16190848
0.13408807
0.14579996
0.16392738
0.22213596
0.3742097
0.5335915
0.3154837
0.2072322
0.16654089
0.15292306
0.15379266
0.16727959
0.16230443
0.1390366
0.17092046
0.15422437
0.12325144
0.13908906
0.2226774
0.29124638
0.6699905
0.6731958
0.19531398
0.07952153
0.058280192
0.06781324
0.6517446
0.76126283
0.8409011
0.8762233
0.78997886
0.74551713
0.09275739
0.039538924
0.041117765
0.1042166
0.7911931
0.84280354
0.88014764
0.37140894
0.28037447
0.19213921
0.19289331
0.54492915
0.29650092
0.35418838
0.66385925
0.7823971
0.8133245
0.7343914
0.7382696
0.65874255
0.36283895
0.33887002
0.514814
0.42733002
0.53867257
0.5658338
0.5624444
0.34629524
0.41004193
0.42578438
0.3005389
0.3602722
0.40555805
0.34711993
0.41396272
0.4072255
0.3438457
0.37099725
0.40059137
0.6173753
0.69839084
0.73152035
0.7379519
0.6969046
0.6643702
0.6799826
0.5856828
0.13309461
0.06968119
0.052744247
0.041368153
0.05835171
0.17594899
0.868493
0.89200085
0.84970665
0.8388355
0.072180845
0.06222459
0.06233285
0.061798014
0.11539614
0.21233413
0.76536816
0.75190926
0.7208583
0.6637861
0.58819973
0.528174
0.40170088
0.45509288
0.50794685
0.6352166
0.5604036
0.48153806
0.5415983
0.66021633
0.23535304
0.18055262
0.16535412
0.15239519
0.12100328
0.1292261
0.5981749
0.15357651
0.075647585
0.057317737
0.075003825
0.6762583
0.6772068
0.72606736
0.72269756
0.08922566
0.059265506
0.08016286
0.0941207
0.19232935
0.89019734
0.8427086
0.8151817
0.76709986
0.07347343
0.048052788
0.065155886
0.089100234
0.119210765
0.81269085
0.6415453
0.13505699
0.13011324
0.13165039
0.83152336
0.11701844
0.15123524
0.1503976
0.914051
0.955696
0.9586734
0.92460734
0.7667181
0.05308708
0.04215454
0.042345103
0.04303247
0.053711377
0.06675231
0.06721498
0.06947912
0.076528706
0.087618925
0.11002121
0.14225146
0.16256256
0.13952026
0.10585248
0.10402045
0.65497583
0.6611155
0.83179015
0.8755969
0.8706054
0.83242863
0.8122052
0.7377343
0.7543796
0.26725987
0.20099491
0.16332251
0.13465652
0.099604286
0.1371795
0.13377044
0.12682879
0.7807993
0.70272005
0.7088164
0.6133721
0.73991525
0.82203466
0.7661043
0.76173115
0.14671272
0.13734406
0.14482738
0.13949884
0.11071085
0.12213502
0.12484313
0.22132075
0.6804818
0.63451385
0.6667629
0.7054925
0.7101648
0.5678269
0.4664062
0.37578678
0.35258615
0.37793607
0.47029066
0.62895757
0.6133239
0.62921846
0.6687018
0.59611154
0.3153482
0.32094273
0.37337193
0.613883
0.19125588
0.18714927
0.6547496
0.13977106
0.09153635
0.095696434
0.1478892
0.11188191
0.08436425
0.05991083
0.061843056
0.10166896
0.23712057
0.9021164
0.87145984
0.9035371
0.4386717
0.35025668
0.82344824
0.8270101
0.8289302
0.83159655
0.78985304
0.7106641
0.6808975
0.6962524
0.189596
0.3327901
0.8871026
0.9128798
0.8341358
0.10195434
0.041550826
0.033071205
0.0414071
0.06891499
0.08223153
0.13084593
0.8338293
0.2601363
0.14054443
0.08626204
0.064453095
0.07580159
0.72709584
0.73550206
0.33022246
0.2501971
0.17635292
0.5773834
0.50183594
0.44687876
0.42054015
0.59273535
0.74989885
0.33379576
0.19950332
0.1830602
0.3276391
0.47148037
0.69910794
0.8258256
0.3805488
0.16144766
0.077030234
0.045531984
0.07908616
0.083361454
0.10546291
0.2009847
0.23116727
0.17240907
0.0887835
0.0939259
0.744254
0.16790947
0.054805525
0.04396405
0.06594772
0.7894262
0.7756177
0.06986796
0.03479233
0.024258561
0.026474413
0.038659982
0.037081208
0.08363168
0.934547
0.9253507
0.95192707
0.8964662
0.8647595
0.04926565
0.02616802
0.03761782
0.030400198
0.030482648
0.043482494
0.072909184
0.8252171
0.8659668
0.77839863
0.73047435
0.6924776
0.16476646
0.10912099
0.7283979
0.75292915
0.21383716
0.12178268
0.13697843
0.12545538
0.11055217
0.05530944
0.048685018
0.08559509
0.16364308
0.19274144
0.92039543
0.8962983
0.8733759
0.8498857
0.77498364
0.81165755
0.24818018
0.13836241
0.08423843
0.081746034
0.78482556
0.10294216
0.16271041
0.14721835
0.11091964
0.10283485
0.12125554
0.83851534
0.84106016
0.11377712
0.046459083
0.060503483
0.06043449
0.06904557
0.13748528
0.7556381
0.696464
0.13111168
0.11880627
0.13920183
0.23824304
0.34547207
0.39923018
0.72371936
0.37527162
0.27312768
0.21349378
0.20856877
0.23571038
0.30679145
0.5802238
0.49960226
0.45569897
0.45040116
0.50808454
0.54775923
0.6687928
0.5709441
0.30610391
0.30890217
0.6976485
0.42143077
0.24366382
0.2086928
0.2501861
0.54994917
0.6570829
0.5469395
0.27324867
0.19748044
0.20405519
0.45195034
0.36959487
0.34768555
0.3944024
0.25874048
0.26132935
0.52407354
0.48027226
0.33598015
0.29410008
0.3092679
0.32682475
0.3744156
0.44737378
0.44357508
0.4072954
0.36997685
0.29947388
0.36193165
0.50480497
0.52171916
0.52917814
0.48862857
0.44045314
0.27909774
0.30259025
0.23195048
0.24376753
0.34501806
0.42228913
0.7278989
0.65433663
0.5793596
0.22066304
0.18486841
0.17015398
0.585828
0.25126314
0.29081002
0.4590613
0.6767309
0.6563368
0.64949346
0.6448509
0.5785809
0.6082931
0.19296445
0.12813267
0.0911269
0.08638883
0.10037288
0.14563847
0.61314005
0.5873903
0.5271424
0.34605423
0.24120843
0.22777236
0.28236872
0.30632854
0.6534444
0.40710363
0.2551257
0.24355508
0.2242619
0.27652287
0.5507783
0.5884241
0.5781366
0.58500934
0.5936559
0.22781773
0.1716824
0.15356055
0.17102523
0.20039506
0.19825484
0.26734662
0.8097517
0.26050547
0.11990918
0.11228491
0.6791568
0.1154426
0.084897675
0.07197679
0.07103036
0.08721847
0.07167608
0.04594137
0.059732743
0.87781
0.8985167
0.95947385
0.9627075
0.96296424
0.048349034
0.024615098
0.019266844
0.019694656
0.022249743
0.02710037
0.030325213
0.0402054
0.04348123
0.09133329
0.9288229
0.834745
0.864609
0.13019882
0.11914103
0.21703108
0.93047553
0.9209545
0.9034719
0.9349209
0.15323435
0.053395677
0.05841694
0.8975429
0.9275748
0.9166455
0.78282255
0.04345744
0.032892656
0.033422813
0.051819995
0.7453961
0.118044786
0.1520174
0.8794354
0.14077933
0.08272641
0.09007072
0.07086151
0.7433688
0.7188506
0.7446761
0.7796994
0.7785311
0.07832648
0.04637011
0.039058045
0.050546996
0.089006476
0.12825459
0.13940288
0.11714728
0.7151476
0.10231498
0.06550739
0.10880461
0.594093
0.102592915
0.08120621
0.08071973
0.16662642
0.3000225
0.8665485
0.8524515
0.7918242
0.29473314
0.25608084
0.33336887
0.58537364
0.7335834
0.70444864
0.6774124
0.63102907
0.77947146
0.8418853
0.84202784
0.78545946
0.74787825
0.82696253
0.8507756
0.8111256
0.6615402
0.55988884
0.44674823
0.42337504
0.38732636
0.16804495
0.16509013
0.22767986
0.7991701
0.8697761
0.88185984
0.61362344
0.53362274
0.32152054
0.4574359
0.5440783
0.62941235
0.1666168
0.122428626
0.111734115
0.1136297
0.099158496
0.05983759
0.045101654
0.06481812
0.7702398
0.7691911
0.8192881
0.8161485
0.79740673
0.7807063
0.766379
0.09134617
0.044979025
0.058142304
0.08051747
0.073573984
0.056192555
0.04700779
0.15590475
0.71312153
0.81115985
0.25358555
0.18790628
0.24566929
0.6253876
0.12305371
0.07440309
0.10223756
0.07242752
0.07297179
0.10839561
0.77040833
0.7782006
0.8792326
0.7835457
0.1473948
0.1362674
0.14799175
0.11862939
0.09904033
0.12880328
0.8210534
0.84424734
0.25974905
0.18118948
0.20652772
0.17191672
0.18738006
0.3897426
0.8885894
0.7610891
0.8506334
0.10406687
0.039254937
0.04243447
0.089592926
0.8962595
0.893834
0.73545057
0.7035494
0.8045802
0.71381104
0.11008987
0.06908344
0.080656715
0.116338134
0.64841366
0.6090104
0.13279337
0.09899592
0.09331666
0.12968183
0.8491954
0.9304044
0.95662385
0.9420776
0.34782287
0.24751419
0.09500075
0.0819835
0.43666124
0.3856607
0.22078705
0.32165185
0.38579595
0.31767675
0.39828336
0.50710803
0.4926474
0.32271072
0.4282475
0.40264568
0.28737652
0.4141629
0.30471674
0.3636939
0.542311
0.6280339
0.44299185
0.19450389
0.19524792
0.41931483
0.4864865
0.40894863
0.63568723
0.21389148
0.19478267
0.19907428
0.31431398
0.7126877
0.3061189
0.43967852
0.7456706
0.7272939
0.76885515
0.4033838
0.2414454
0.5971431
0.2609926
0.29021773
0.3224133
0.23441121
0.53744715
0.2688601
0.28138363
0.29733127
0.28313583
0.29861322
0.71473336
0.6841419
0.51204276
0.47447067
0.45530406
0.4745299
0.41164824
0.46955648
0.33900857
0.3497274
0.4254484
0.31016147
0.39346147
0.380647
0.48022568
0.54073876
0.60699844
0.48931292
0.32920042
0.29926908
0.32479385
0.41130146
0.5698581
0.58350307
0.50440204
0.30480906
0.24563588
0.24261029
0.32175624
0.43396926
0.43180037
0.4333214
0.28959808
0.27973765
0.46995094
0.6426325
0.6292073
0.74353856
0.7579307
0.6287761
0.65431803
0.47101745
0.38500017
0.371342
0.41397688
0.47035027
0.56241864
0.59010667
0.5868452
0.439881
0.3605872
0.34139705
0.3329509
0.22064002
0.25052854
0.31915095
0.2964373
0.59631693
0.6459277
0.6684052
0.27503863
0.31012043
0.31288585
0.23019883
0.088480674
0.05773942
0.07777722
0.054435946
0.06349621
0.10168155
0.9246591
0.8659234
0.8757392
0.9119425
0.7686631
0.72148114
0.041677583
0.025700271
0.031511776
0.047872867
0.07305331
0.1073972
0.83660114
0.22631758
0.16586794
0.14335099
0.14353937
0.67205024
0.7405849
0.6148485
0.2461946
0.22121578
0.5483306
0.5893722
0.14387049
0.12171606
0.108840585
0.12822229
0.11968139
0.11119304
0.10469542
0.6871003
0.66744685
0.11017989
0.09071576
0.0860249
0.69799495
0.6670648
0.7754369
0.06833192
0.033349067
0.028581997
0.052684925
0.13886313
0.9369981
0.9663517
0.94468963
0.9039604
0.8986757
0.085372366
0.030071529
0.023832109
0.041392624
0.09524292
0.8416443
0.08717516
0.07420501
0.13327768
0.8974317
0.12582058
0.08859764
0.09105446
0.09409499
0.10298582
0.104279
0.12333157
0.6955154
0.741207
0.6086228
0.5055987
0.20553055
0.2327537
0.68020755
0.64069265
0.61956
0.716934
0.7466822
0.56842023
0.43391138
0.50445324
0.46041036
0.44371173
0.23381044
0.1721298
0.15516455
0.17524531
0.43536437
0.25101566
0.21981199
0.2080732
0.26013654
0.3461634
0.34420153
0.2549439
0.2690122
0.61845165
0.78683776
0.7307031
0.6903109
0.17921628
0.16374879
0.088440284
0.055497725
0.045255926
0.050874352
0.07819405
0.18690744
0.81739265
0.80914325
0.81112236
0.10264307
0.064201586
0.05974655
0.07782268
0.7884285
0.120595865
0.06166663
0.047490623
0.054040547
0.05375762
0.06830302
0.8104816
0.824809
0.08291785
0.057040494
0.061646644
0.102104604
0.11629864
0.11670584
0.8446733
0.74767137
0.31841865
0.78925896
0.29596066
0.2655364
0.79984623
0.7972798
0.1470111
0.059095103
0.06724214
0.12758908
0.17713337
0.87771356
0.17695118
0.088280395
0.112352505
0.78237957
0.8400652
0.22041924
0.10385089
0.12220267
0.7959503
0.33887336
0.43559217
0.83023465
0.8353841
0.81850725
0.8461382
0.81843376
0.8447584
0.8085821
0.7475475
0.1857919
0.14726323
0.72309935
0.13250805
0.14939354
0.26339492
0.8675962
0.77050364
0.7443155
0.12061691
0.11373629
0.21633707
0.88401
0.2757269
0.1816862
0.08562774
0.08218415
0.12876987
0.74635094
0.67872393
0.26531568
0.3014541
0.7041703
0.21226637
0.6801248
0.6360518
0.21173011
0.21444395
0.14954379
0.12553594
0.10729222
0.1328859
0.7014787
0.24438074
0.18627182
0.17308962
0.14584069
0.1686691
0.29712912
0.64871913
0.646242
0.6436347
0.7711657
0.73987395
0.59234613
0.53264785
0.6276046
0.68172574
0.7046015
0.7039057
0.73928076
0.22802156
0.14596865
0.115654185
0.12732226
0.16356272
0.26736885
0.31851387
0.18701914
0.18131252
0.5642171
0.21075875
0.24890935
0.2866519
0.597781
0.56391215
0.22603092
0.21024741
0.29244724
0.3437296
0.35874587
0.5513456
0.56147355
0.5399664
0.4860484
0.24728984
0.22068365
0.25520194
0.24361105
0.19411299
0.24293333
0.23809843
0.2286657
0.26497367
0.25193587
0.27776262
0.2503713
0.15923032
0.14724888
0.18216471
0.20668375
0.555189
0.22441483
0.3125521
0.6207088
0.65659606
0.75345093
0.7233633
0.6601739
0.62555605
0.5669576
0.15493135
0.14052998
0.567321
0.2423597
0.3127667
0.22808696
0.24975863
0.26476645
0.374232
0.1919339
0.12955908
0.12679847
0.20677204
0.8323561
0.15542051
0.110293485
0.08815217
0.62071276
0.6214294
0.62089443
0.5999498
0.6162603
0.5733023
0.52629834
0.5820304
0.14268544
0.07696126
0.119197205
0.5781378
0.62160134
0.8003874
0.6981259
0.8080366
0.71406454
0.81963766
0.73640394
0.08993056
0.07668278
0.12071645
0.10328867
0.1177521
0.2316697
0.85674936
0.20782126
0.062455237
0.040447265
0.03867543
0.06992068
0.16198441
0.9472752
0.91127294
0.88491917
0.19516966
0.046899695
0.030948298
0.03665155
0.075986944
0.1563597
0.86918736
0.7823076
0.72173357
0.17426431
0.1910193
0.27211505
0.8840987
0.9171844
0.91055477
0.86641794
0.8062149
0.7334705
0.61685926
0.71898586
0.7571806
0.79258204
0.81695694
0.8355746
0.85289615
0.40650773
0.35350347
0.35925102
0.7655453
0.7328745
0.6722166
0.62060165
0.5461135
0.6906559
0.70968944
0.719566
0.6965599
0.32069522
0.3074159
0.2737974
0.22533692
0.19797994
0.1662322
0.1598626
0.16965449
0.17117794
0.22931576
0.39209688
0.56567174
0.67372197
0.6493213
0.6271876
0.62932646
0.14266472
0.09784168
0.10431014
0.16140768
0.70111746
0.7101524
0.72494876
0.17332903
0.10137281
0.1331494
0.22505215
0.6708404
0.15643147
0.08217316
0.06123728
0.07474191
0.15428753
0.8135517
0.8240354
0.8119073
0.7166999
0.73348564
0.7244878
0.73307824
0.12846152
0.07915659
0.057054155
0.080917
0.20551342
0.70168996
0.6845197
0.23773351
0.1741118
0.17572916
0.1443226
0.18966307
0.23578657
0.21987347
0.27801976
0.6200821
0.39961866
0.22872774
0.24396265
0.61207545
0.64360666
0.67432797
0.7778196
0.66410476
0.22397803
0.17641301
0.22767851
0.55619496
0.6391543
0.8215012
0.8259303
0.7085315
0.6352506
0.75786746
0.6945167
0.6689932
0.83598953
0.86601996
0.7531966
0.7155093
0.8137253
