0.7759501
0.78799444
0.8490278
0.8281461
0.7759869
0.7711984
0.7956282
0.83414596
0.86147493
0.8602866
0.8381585
0.15377796
0.14604063
0.1533605
0.16684508
0.17490616
0.21141553
0.8162431
0.80336833
0.8297808
0.8634835
0.8058735
0.7698714
0.7498692
0.6970933
0.7250832
0.104559876
0.09517194
0.10875425
0.08824757
0.089328855
0.12602971
0.52084845
0.33797437
0.42755482
0.27151546
0.25418052
0.4999161
0.2726427
0.2826276
0.30475554
0.5857657
0.5953938
0.5539134
0.23642367
0.21232656
0.22474301
0.25393787
0.16076902
0.18507266
0.33664298
0.85255086
0.85120714
0.6426713
0.6087956
0.54496557
0.57321143
0.6488104
0.14851141
0.107428245
0.10593277
0.107330464
0.12431668
0.23081951
0.33122608
0.9264196
0.7195646
0.114178635
0.049565654
0.036157355
0.042069938
0.11608196
0.89694357
0.10212718
0.06621357
0.0592159
0.059511315
0.08619616
0.7898591
0.79866296
0.74926007
0.15632555
0.13670033
0.8191201
0.23005074
0.100609556
0.095519446
0.7594446
0.6499631
0.11074794
0.1263721
0.1396251
0.8463124
0.26448905
0.098336235
0.15100776
0.28561047
0.93044055
0.8319559
0.8630241
0.0768765
0.03237983
0.02514254
0.025566824
0.0314391
0.090266645
0.94199324
0.922867
0.48398986
0.9262328
0.9134684
0.84937245
0.33737797
0.83478
0.8355005
0.06316103
0.036141414
0.04476595
0.037308466
0.039826594
0.069066696
0.90518147
0.8861678
0.90217793
0.06825805
0.034590922
0.04222442
0.06759632
0.10279052
0.0672547
0.07109603
0.83077
0.08116999
0.06273787
0.08505418
0.75822836
0.115757234
0.0961839
0.66127795
0.10708965
0.11476393
0.16958793
0.78968674
0.282485
0.15466282
0.6828834
0.69235724
0.75551367
0.14333661
0.072568044
0.045297313
0.05355063
0.09942651
0.11495896
0.12468929
0.12307118
0.13837384
0.12905194
0.13072927
0.19748403
0.6831133
0.6068308
0.101502284
0.16357024
0.20125256
0.26091737
0.76723325
0.62167567
0.70278245
0.51388234
0.4833419
0.56312984
0.22267391
0.32847038
0.32316944
0.16934323
0.14182787
0.120596945
0.12615415
0.775342
0.7132156
0.17930463
0.1577523
0.15195641
0.75331455
0.10435249
0.074138984
0.13984269
0.7849914
0.82555425
0.8483093
0.8107003
0.14481528
0.08670983
0.11233444
0.6826759
0.25321072
0.25129732
0.23147582
0.7646387
0.87261194
0.89867026
0.85560787
0.7092581
0.6400844
0.19158949
0.17555793
0.24480143
0.6763352
0.1855261
0.16838184
0.16815114
0.16104375
0.15720852
0.20376413
0.28704634
0.81605977
0.23652789
0.18931025
0.118736856
0.07673208
0.09592708
0.15136774
0.303904
0.91135657
0.9487722
0.945624
0.9034748
