0.81532466
0.5963445
0.59411365
0.5679522
0.65651345
0.7352198
0.78757745
0.83647925
0.8653225
0.8634501
0.820042
0.79912597
0.70965034
0.6613464
0.62213516
0.597423
0.53857636
0.33503556
0.30229878
0.27689427
0.25986585
0.3955483
0.38438657
0.20384552
0.1815519
0.26577368
0.46941262
0.79817843
0.8160052
0.3408794
0.23751305
0.213887
0.4116149
0.4725773
0.61263734
0.84102696
0.8912703
0.89594734
0.8573548
0.76542515
0.27665854
0.16181606
0.10915267
0.19049679
0.2353835
0.48692402
0.622846
0.8743809
0.89791363
0.84117436
0.23979838
0.14346652
0.09802075
0.118731715
0.14515503
0.17687158
0.17973526
0.17672695
0.1472158
0.16625567
0.5876002
0.54147273
0.2025071
0.1830529
0.1959666
0.29586232
0.16990219
0.137923
0.56873083
0.5336456
0.58547413
0.6056282
0.19163157
0.23410574
0.66510403
0.65877855
0.076143816
0.06679842
0.051451292
0.049137782
0.07455647
0.7484942
0.7589537
0.90702695
0.3356881
0.3072965
0.22240022
0.06910195
0.055514738
0.10331567
0.74496865
0.10093858
0.090547
0.103192806
0.72997016
0.07769345
0.056338407
0.03960897
0.040060725
0.035065304
0.029524213
0.03373316
0.0770664
0.10320263
0.952283
0.9542943
0.9300005
0.86929905
0.03375634
0.016633749
0.01501876
0.029429339
0.039475866
0.06851185
0.091852754
0.9273327
0.90545446
0.94061005
0.9081293
0.89921385
0.8707993
0.10520674
0.06339948
0.04672755
0.043579943
0.043189373
0.04686151
0.06608826
0.8636016
0.09042637
0.045761697
0.04135459
0.03999758
0.057894103
0.87226295
0.09536752
0.101346575
0.04241078
0.042106427
0.03593052
0.036329858
0.03599453
0.03132642
0.045424044
0.056651816
0.058684032
0.06970706
0.064299904
0.05842027
0.0956055
0.10633876
0.07932883
0.07889729
0.6842499
0.56443155
0.10220118
0.09715094
0.68480814
0.7142083
0.818545
0.1884142
0.1611966
0.111073285
0.081752375
0.07633089
0.11272566
0.6085958
0.1179348
0.07509259
0.07580725
0.08251292
0.13935305
0.0776877
0.05523017
0.049329754
0.057030726
0.088411786
0.79002255
0.067528784
0.05147189
0.042096023
0.034297153
0.031799976
0.035645876
0.056522038
0.13545284
0.20572421
0.9458725
0.13362299
0.059387367
0.037612922
0.035962224
0.044508
0.0855244
0.1914646
0.8918099
0.9076044
0.9189779
0.88767135
0.88257325
0.42972654
0.39776698
0.82770556
0.33138537
0.85124576
0.8289731
0.9265751
0.9356816
0.923592
0.82095367
0.83475417
0.8515438
0.31675705
0.8063701
0.24816294
0.32799247
0.9253692
0.9244238
0.940795
0.9137865
0.11857565
0.03966301
0.030767152
0.031516533
0.048646666
0.10013979
0.1521857
0.9225892
0.15030177
0.0746947
0.054464426
0.065371744
0.7891602
0.79293674
0.7972502
0.1432807
0.13829602
0.12641166
0.76751983
0.7718952
0.8870511
0.8178869
0.79058695
0.75556636
0.09874876
0.05185918
0.06428274
0.7953222
0.91553813
0.9281212
0.91179776
0.12582201
0.09355734
0.13560721
0.17787541
0.28511956
0.86951286
0.16176277
0.08668206
0.05118167
0.11571055
0.12395306
0.09321923
0.1332245
0.12245621
0.1772397
0.17740756
0.775271
0.8203071
0.18958138
0.16126655
0.07948437
0.08745224
0.1525279
0.7428921
0.42059073
0.35027668
0.16275239
0.2031341
0.083424196
0.0683106
0.06259731
0.69688964
0.781178
0.9144089
0.9362605
0.92301077
0.15654263
0.09063845
0.7250145
0.10104092
0.08763309
0.67161644
0.29972392
0.24878052
0.097457066
0.14427063
0.12901571
0.13324824
0.14680502
0.10978979
0.067639306
0.075617135
0.11148042
0.8675071
0.91795886
0.85993725
0.08377398
0.06177394
0.111274175
0.12746425
0.8744412
0.13800487
0.06883911
0.11516593
0.8363166
0.28153542
0.8504985
0.10194189
0.040082697
0.032797895
0.04312433
0.92021537
0.9606732
0.96417403
0.95543987
0.11532754
0.04888505
0.07744242
0.17701368
0.8594724
0.26545522
0.87468207
0.10386389
0.059399568
0.04055908
0.036433287
0.050638705
0.06368959
0.066914134
0.7376218
0.7438845
0.8850815
0.8755358
0.80928516
0.8167141
0.90123546
0.9010904
0.8318376
0.8373554
0.8756642
0.8144343
0.786283
0.11891762
0.05865293
0.054790847
0.07309233
0.100373134
0.19503821
0.1892723
0.79673624
0.17862244
0.15850537
0.18556094
0.23142047
0.65863943
0.270369
0.2373752
0.6215531
0.21097502
0.19155185
0.62009865
0.63338196
0.23689759
0.1353951
0.18022715
0.15352908
0.19791484
0.2403966
0.32896614
0.7874263
0.67576355
0.741643
0.8339825
0.8196998
0.49334583
0.23742312
0.13965756
0.11617249
0.17644681
0.45783073
0.4947881
0.4863839
0.4620344
0.46094903
0.43183094
0.23990186
0.26837796
0.28607187
0.30189168
0.45255512
0.73031324
0.57431775
0.50009555
0.54482985
0.71625245
0.68724763
0.41757965
0.34799197
0.36243537
0.29512504
0.24592164
0.3094171
0.48896682
0.41915533
0.20987031
0.3187475
0.38266727
0.4420393
0.8526429
0.89757204
0.894396
0.8212434
0.57175004
0.44295123
0.34756115
0.34913304
0.30816865
0.3453896
0.834283
0.8752134
0.7884069
0.91309416
0.89958495
0.8668982
