0.7876568
0.383892
0.41653112
0.42713577
0.39194775
0.5132966
0.8287946
0.8206192
0.8270722
0.7836301
0.756118
0.6514698
0.603289
0.71929854
0.82745975
0.8385044
0.7621615
0.29129976
0.25875205
0.2504136
0.24891298
0.2535486
0.2723896
0.42038375
0.53121024
0.5341812
0.5464595
0.7012076
0.6881242
0.4856883
0.5186716
0.56193
0.59891313
0.6988821
0.6588674
0.72671527
0.66965747
0.6285514
0.5440735
0.65825015
0.48594332
0.47473368
0.27742583
0.18243836
0.17635113
0.23593259
0.38218933
0.8647862
0.90280366
0.8731207
0.6954752
0.6142066
0.161204
0.16870534
0.1311439
0.60330427
0.64135313
0.66187704
0.14975812
0.15120918
0.1839428
0.70984757
0.6511886
0.22058135
0.1456576
0.13208677
0.14719483
0.2911079
0.74841815
0.71646386
0.6692186
0.5104981
0.4265293
0.33411396
0.31833503
0.3207269
0.29533818
0.3809046
0.34103566
0.3113435
0.24970175
0.18232879
0.19104007
0.17674743
0.19148386
0.2033594
0.17820969
0.17820753
0.22660612
0.2888693
0.31125882
0.3102214
0.37016544
0.47593123
0.5385269
0.51537436
0.63555163
0.42907247
0.39348462
0.40167493
0.44819322
0.5261839
0.7106138
0.773246
0.6363669
0.45045868
0.31622145
0.29807463
0.5926847
0.24679683
0.20576103
0.19932072
0.24386573
0.47450638
0.43387687
0.3370232
0.35554603
0.4320901
0.4645335
0.5307508
0.51320887
0.49229175
0.4936297
0.64986247
0.50539285
0.43933812
0.36657366
0.3779497
0.6001033
0.51778615
0.33993065
0.3409337
0.4458498
0.36257654
0.34290123
0.50509757
0.5334091
0.5538308
0.66640663
0.24563242
0.17874731
0.24747105
0.26576474
0.601909
0.70519066
0.49913493
0.47721124
0.49851733
0.13345976
0.09904207
0.10806238
0.7298606
0.794181
0.829977
0.8177175
0.8223373
0.18327796
0.16195504
0.21684
0.71593845
0.76258504
0.8547114
0.84599054
0.8147967
0.14794157
0.08131161
0.11546342
0.1789107
0.7895978
0.8293908
0.77882963
0.52280015
0.40393424
0.42573753
0.43332013
0.256213
0.28193906
0.15830427
0.10911398
0.09317641
0.09764223
0.57357436
0.5958362
0.75992185
0.7342548
0.7790693
0.84944624
0.8051609
0.85451245
0.844783
0.31624755
0.1321838
0.086319886
0.094477884
0.11451006
0.1615734
0.53371376
0.541354
0.6552932
0.22148445
0.15456973
0.13345891
0.16712005
0.3777924
0.8336821
0.88724136
0.85092324
0.66128653
0.19681114
0.17253284
0.18348202
0.16835517
0.1610215
0.12952001
0.08357229
0.123185955
0.78088224
0.8062624
0.8823851
0.25110856
0.18363395
0.20546092
0.24580087
0.2981402
0.8418344
0.6685733
0.25255904
0.68489623
0.78848517
0.76051813
0.8474296
0.68999904
0.7084467
0.102309175
0.054745823
0.049111202
0.059579175
0.71629894
0.71625245
0.7715597
0.8577315
0.75723666
0.75031996
0.7834436
0.9002194
0.07532491
0.083731934
0.047731187
0.06836912
0.073814176
0.083192125
0.9148399
0.89723986
0.91985655
0.91578
0.8945435
0.8651386
0.080585204
0.067552306
0.05570918
0.044071037
0.083645105
0.13694283
0.7904958
0.7263215
0.6821573
0.67312044
0.634543
0.736603
0.740918
0.7412561
0.68254524
0.105329715
0.109997086
0.09755358
0.09209577
0.6819541
0.62376845
0.5583744
0.5882456
0.62601143
0.61891454
0.26003212
0.6777218
0.71376586
0.27989933
0.22937366
0.11925991
0.09212489
0.09899006
0.65599793
0.6922112
0.8041516
0.76115525
0.7539735
0.12993495
0.07496583
0.0849308
0.11072962
0.103634775
0.08167859
0.08889582
0.097139046
0.67058533
0.6268033
0.7231976
0.80020314
0.16052744
0.12976827
0.07767979
0.08801599
0.15231414
0.23470274
0.54168916
0.19507542
0.38057807
0.21108148
0.14208603
0.116230585
0.51732105
0.27278802
0.29762718
0.79501367
0.77304363
0.88056886
0.8451344
0.5670784
0.45300102
0.12790178
0.18849209
0.83586156
0.88405913
0.8616688
0.21123405
0.13933612
0.13598076
0.13665277
0.144244
0.4512831
0.33481804
0.78807503
0.84894437
0.81877005
0.6322437
0.5333275
0.40477034
0.47292182
0.5759294
0.7384473
0.6469941
0.71890324
0.5291833
0.43664217
0.36434564
0.15547307
0.19734207
0.32278824
0.31655765
0.58912
0.65579265
0.8125838
0.8410561
0.47315347
0.30785105
0.2115842
0.23000923
0.6512026
0.5631476
0.46604374
0.43006098
0.4101659
0.48373854
0.6687397
0.6884709
0.5093589
0.4754216
0.4388067
0.40575406
0.39941952
0.18713711
0.13878886
0.12793249
0.14056791
0.16384299
0.18126237
0.30165768
0.6181456
0.60664505
0.68413955
0.8405619
0.8569778
0.739549
0.8169776
0.7785619
0.64331377
0.73140323
0.67887795
0.6597226
0.61926407
0.73937184
0.6267514
0.6053241
0.25502324
0.1707475
0.11804126
0.12229959
0.1501093
0.16098705
0.1951729
0.7041835
0.35316363
0.22852266
0.25805864
0.53620124
0.71381205
0.41954455
0.27262786
0.2652251
0.4782038
0.6080168
0.783238
0.7523288
0.44875175
0.23924087
0.33875924
0.2403453
0.21274583
0.2464639
0.19993699
0.16439885
0.30275807
0.40119216
0.57256323
0.6138998
0.68126464
0.81712806
0.83723706
0.781201
0.63057494
0.57562363
0.55694693
0.71512115
0.75040156
0.6423544
0.7649894
0.71275467
0.78109974
0.6672271
0.6691241
0.12217667
0.08301921
0.07198601
0.057080444
0.046365723
0.051523887
0.095685065
0.07611427
0.084730506
0.8173678
0.9320187
0.8622954
0.07373586
0.03298188
0.03662467
0.0835599
0.04449541
0.04008384
0.05111411
0.10627671
0.056804243
0.04360258
0.0385094
0.04416803
0.05204005
0.076972775
0.83247536
0.054092243
0.037513062
0.040484272
0.11814252
0.8587322
0.9136537
0.8850379
0.91814
0.19894387
0.05197596
0.03547284
0.12933664
0.955914
0.9627692
0.95839804
0.23719528
0.053094428
0.05656181
0.78069085
0.045125592
0.026455106
0.02873205
0.031964228
0.04197633
0.048029266
0.050079335
0.05537351
0.09011947
0.71918
0.13199206
0.10299537
0.775838
0.6985382
0.14819388
0.12563886
0.0485964
0.06584869
0.10218517
0.14065874
0.87970793
0.82876307
0.8539642
0.8545939
0.24405618
0.1521541
0.056787536
0.053311937
0.05749751
0.090152524
0.76289934
0.095289566
0.076126136
0.055719435
0.06435823
0.06982311
0.68873274
0.07764982
0.12224152
0.15513067
0.16385469
0.82467663
0.27008447
0.17945945
0.13142245
0.10705943
0.10573767
0.09585455
0.10608753
0.12676105
0.09278089
0.09418994
0.2052378
0.3536436
0.54476255
0.82484245
0.24533562
0.13321848
0.100684196
0.27178696
0.3977356
0.26563296
0.19236355
0.16878694
0.22969767
0.31105855
0.48886794
0.5203443
0.46203312
0.23445559
0.19437079
0.20224802
0.22940123
0.2789788
0.4881639
0.47404802
0.46043658
0.46967512
0.6179565
0.4552522
0.39564654
0.42360657
0.61233294
0.59404725
0.64738
0.7795649
0.7835433
0.71860677
0.68853915
0.70305514
0.59030265
0.5443421
0.5243949
0.20045684
0.14955792
0.1404571
0.15556997
0.1918651
0.15996741
0.120149925
0.6969151
0.67059755
0.701711
0.7345655
0.12830167
0.1604444
0.12639889
0.18550962
0.18738562
0.15740725
0.8162642
0.84500825
0.7276952
0.6709998
0.6381586
0.587554
0.53434825
0.5416528
0.54635507
0.11671993
0.10128839
0.12330054
0.13946024
0.16676651
0.24904847
0.23977
0.19211705
0.22762826
0.18791153
0.26190647
0.31398547
0.8155791
0.71601105
0.11022048
0.06518546
0.08490215
0.13963354
0.8633481
0.83835584
0.86138994
0.92005813
0.9268375
0.8985766
0.8703325
0.21336727
0.107938446
0.09689516
0.10280241
0.1264524
0.7645527
0.19786169
0.14544097
0.15819919
0.20943367
0.67759496
0.6410882
0.6987717
0.68852276
0.8457806
0.446882
0.22764355
0.15143888
0.14959064
0.42625248
0.35686642
0.70223886
0.58888763
0.7404348
0.6323183
0.5477036
0.35158297
0.29372025
0.41819474
0.5681627
0.72586423
0.62813246
0.41679633
0.37504724
0.2944647
0.5029916
0.39990255
0.43287587
0.4790838
0.40948454
0.42394856
0.62742186
0.40308526
0.23190013
0.268491
0.24413645
0.25166512
0.2678803
0.62935656
0.4652053
0.4736061
0.29071525
0.31395596
0.45856187
0.7546784
0.7003486
0.7654611
0.6657575
0.2779175
0.19947495
0.15171106
0.19435497
0.50811666
0.60706216
0.3164086
0.26931038
0.35253236
0.38057867
0.49970374
0.35456762
0.50930876
0.17721885
0.17126256
0.23788446
0.71932185
0.666913
0.62906325
0.6136814
0.6246774
0.6201623
0.71083117
0.5589921
0.17967011
0.116569154
0.15215355
0.58952314
0.6107346
0.78784204
0.58895105
0.36864656
0.3955023
0.2719406
0.24653082
0.26987085
0.3649112
0.5656252
0.53182554
0.30876768
0.24268597
0.27062425
0.26552108
0.41955516
0.4432851
0.48155802
0.5406167
0.70249355
0.5544089
0.3827037
0.42100948
0.6229478
0.79679525
0.8584417
0.79234284
0.5365704
0.41090387
0.3005576
0.32440007
0.2866126
0.27087685
0.5188949
0.7057942
0.5888258
0.48350847
0.42600098
0.7466918
0.23038216
0.1411297
0.1057937
0.10601303
0.12448948
0.12599234
0.5956202
0.4360772
0.11517629
0.17926057
0.2038246
0.8489821
0.1891982
0.08272845
0.0498944
0.05259239
0.6902875
0.1339966
0.1993702
0.20782697
0.8483089
0.9375829
0.96365
0.9410893
0.81843144
0.8880859
0.8459414
0.13680787
0.07104572
0.045222018
0.0480996
0.08132103
0.07856461
0.072014175
0.06372259
0.07066196
0.110896915
0.77389085
0.74711704
0.18456379
0.15001568
0.16704434
0.1256007
0.11789007
0.12648119
0.13385858
0.14200683
0.17876211
0.60702497
0.7975592
0.75342387
0.7953755
0.6178332
0.56953096
0.6292345
0.686903
0.81739086
0.47199062
0.2365441
0.14049129
0.13050227
0.54601675
0.5400505
0.50088406
0.42776462
0.14011241
0.10500793
0.24790609
0.3548949
0.8663753
0.84896237
0.6006574
0.40850756
0.33061904
0.13845555
0.11391592
0.11173706
0.33748657
0.40929824
0.8857324
0.93317616
0.9288824
0.8471306
0.5379912
0.38127422
0.34975216
0.46671233
0.11512013
0.14300142
0.15901813
0.13704775
0.16057853
0.4794596
0.20565164
0.16931984
0.17098
0.23093262
0.3196882
0.69922656
0.8640736
0.8712628
0.783151
0.8598336
0.86718947
0.83280116
0.26794982
0.25736427
0.27687988
0.8418001
0.88419497
0.8466132
0.63543713
0.53356963
0.23018885
0.61456716
0.6843342
0.25025955
0.25454456
0.7118112
0.85489285
0.8208668
0.8741597
0.7249307
0.08781681
0.046022367
0.04458434
0.05083606
0.07735505
0.7969318
0.8035353
0.7891226
0.7495018
0.78110576
0.7632632
0.7635829
0.08669559
0.05347912
0.061028186
0.08880617
0.15692416
0.86404145
0.8190182
0.58187705
0.590041
0.53349435
0.17449188
0.17416011
0.5954991
0.66961867
0.25375834
0.2521066
0.3132187
0.28824517
0.6131082
0.7072463
0.6401463
0.5708388
0.49257958
0.46458906
0.22399633
0.17858453
0.22109616
0.4329855
0.462044
0.44396162
0.14312798
0.18065523
0.2144126
0.69783586
0.81127644
0.19525172
0.1830096
0.66715604
0.09388726
0.04265675
0.028520472
0.024495697
0.025547111
0.06501481
0.8458793
0.979278
0.97529227
0.95864385
0.06507813
0.032733984
0.037648257
0.054760594
0.040448073
0.0496734
0.6928128
0.24175002
0.27974135
0.8017461
0.3573572
0.19991516
0.21926613
0.7249464
0.65407217
0.1706129
0.13077696
0.17762128
0.5235426
0.60109234
0.70638865
0.35136092
0.61032003
0.16733555
0.16236106
0.16107321
0.18868548
0.764493
0.84087163
0.75034124
0.26305494
0.2144339
0.11820291
0.08765821
0.5284844
0.31833357
0.6382911
0.48500797
0.5451763
0.4629072
0.16896328
0.122139156
0.6192982
0.113287196
0.11277816
0.22360724
0.13666292
0.6758916
0.69880533
0.7111891
0.7814392
0.07335354
0.09718871
0.112037845
0.07771725
0.06163056
0.0582448
0.11686037
0.1906793
0.20493945
0.11918348
0.108538695
0.12230674
0.12329478
0.10191456
0.071972795
0.05667275
0.060596034
0.09022581
0.75918454
0.085681684
0.048282422
0.041026898
0.04825053
0.09966309
0.84216815
0.8643856
0.88678354
0.88470554
0.8609935
0.85329497
0.77778804
0.0690299
0.05267643
0.08792008
0.7050282
0.109810136
0.10847144
0.63214326
0.13815296
0.16033553
0.83231425
0.8166832
0.86227185
0.79914784
0.098618194
0.06657692
0.08247709
0.100701585
0.14302956
0.14577153
0.17373174
0.84865427
0.19613802
0.10321882
0.079249434
0.1369817
0.15316959
0.8274669
0.9260259
0.922409
0.71977085
0.6480096
0.6058918
0.068565086
0.07838201
0.10437955
0.14893723
0.2988119
0.77517354
0.479042
0.44280455
0.48341107
0.584281
0.8153667
0.8615892
0.7441044
0.7712437
0.50232476
0.27100965
0.32623577
0.2411403
0.21746762
0.22808471
0.25140297
0.2863515
0.4406853
0.46500775
0.553952
0.44086015
0.41535285
0.49077743
0.49301928
0.4845384
0.6381764
0.5662403
0.54177696
0.613839
0.5182531
0.44437927
0.33623838
0.32343844
0.20790516
0.22612311
0.26147124
0.33693597
0.4850721
0.37024742
0.4459971
0.3579759
0.38605353
0.45528588
0.3568316
0.45261014
0.42189923
0.4947729
0.6220931
0.5857894
0.35214102
0.43119845
0.4441829
0.32763165
0.35293233
0.36288238
0.36338696
0.5318647
0.7664969
0.5874868
0.41623828
0.3759124
0.40676484
0.35427606
0.45434436
0.43387786
0.47637108
0.74315655
0.7601055
0.5925259
0.67939377
0.56445795
0.69695956
0.7184339
0.46850085
0.60178506
0.60794693
0.5313968
0.52438307
0.49152607
0.48385412
0.66482997
0.3446798
0.23084559
0.24325159
0.26872957
0.28189695
0.69716126
0.42337504
0.41367373
0.19973557
0.18516065
0.20387453
0.27827695
0.42712077
0.3662918
0.37433648
0.64834625
0.83566546
0.8048795
0.5412107
0.4629521
0.19801009
0.15014388
0.123834684
0.14825039
0.52210003
0.2496258
0.54527164
0.13615078
0.12867105
0.16072543
0.29459468
0.89518964
0.903298
0.82752305
0.89271945
0.1998752
0.08452237
0.09602332
0.07664188
0.0828722
0.1380849
0.8306986
0.12236521
0.14189306
0.30469123
0.8289398
0.29278097
0.63362527
0.10353549
0.0885344
0.5887244
0.64087105
0.750174
0.8102069
0.14999992
0.09948908
0.588889
0.3185287
0.78152275
0.20282783
0.15375823
0.14146708
0.61858565
0.23062603
0.18800731
0.22520457
0.64235157
0.14721596
0.1350033
0.16910844
0.6500335
0.75102794
0.71775013
0.78024817
0.72763574
0.73120224
0.11135796
0.107201
0.09179277
0.08044079
0.09654482
0.094606385
0.07551881
0.07343404
0.09272301
0.11387964
0.77855414
0.27504364
0.6317078
0.7040382
0.824382
0.8219957
0.85649747
0.7830513
0.7510571
0.66431075
0.1596093
0.14365338
0.6537402
0.100204095
0.18163487
0.13798854
0.06946603
0.08653829
0.17058048
0.9067609
0.92277706
0.90265137
0.909077
0.19153719
0.06942146
0.066335626
0.08266434
0.09687717
0.10466056
0.70354974
0.5816392
0.11402218
0.19538757
0.6699479
0.797407
0.7572706
0.87972057
0.9087209
0.9066465
0.87750965
0.8493967
0.164667
0.12224869
0.08295723
0.11557265
0.12043991
0.10935668
0.18965107
0.6702577
0.22875291
0.18357044
0.28580585
0.24932997
0.3851127
0.22196905
0.29373917
0.8146603
0.83802724
0.76058775
0.7686909
0.6358837
0.20462221
0.17660098
0.21189271
0.62242615
0.42335457
0.44641837
0.28366286
0.28839758
0.64326656
0.23297459
0.21490462
0.24629939
0.3503883
0.578721
0.75002486
0.60564506
0.5309715
0.5933459
0.31479925
0.27416977
0.2319355
0.28638613
0.25457823
0.35412663
0.26141897
0.21484442
0.29113096
0.46408796
0.63805515
0.30208373
0.3510683
0.48401228
0.49500266
0.31643575
0.392807
0.46631613
0.4350474
0.514262
0.401981
0.39454123
0.34883633
0.27088946
0.49057874
0.583217
0.45103782
0.37691253
0.31503087
0.27925074
0.428733
0.45861146
0.6152857
0.7335141
0.40468928
0.25859746
0.24830778
0.22348866
0.24869862
0.42705896
0.4133366
0.31842107
0.32661918
0.36537075
0.4546705
0.4049539
0.39097333
0.3985464
0.39240634
0.51899976
0.5202594
0.4827195
0.423473
0.6020053
0.40909562
0.30929872
0.2087152
0.21360348
0.42656592
0.48050192
0.5969997
0.77604866
0.8662959
0.86231816
0.74784267
0.6468142
0.6151079
0.68897283
0.6000483
0.5485079
0.4882406
0.50741243
0.3281072
0.14329806
0.12103648
0.12299122
0.120592944
0.1352688
0.18131158
0.23603895
0.8153409
0.24052444
0.122775
0.10623599
0.11851555
0.6969307
0.72218466
0.6816225
0.14787155
0.09435402
0.057484657
0.06567213
0.12874468
0.87878853
0.88511896
0.90894794
0.8878269
0.90734994
0.90047956
0.8622657
0.8500582
0.84122217
0.83843917
0.89109
0.8774379
0.6730578
0.67764556
0.64905244
0.6990891
0.7571215
0.17757629
0.12167834
0.13281265
0.23715396
0.17504688
0.096379116
0.066582456
0.077444516
0.07339215
0.07714457
0.80544305
0.82193786
0.19148038
0.07860002
0.11899474
0.08960104
0.07869508
0.8603902
0.8284246
0.9361968
0.062350884
0.043369632
0.0372707
0.07188115
0.11373177
0.8827629
0.13858779
0.11036188
0.05903476
0.09396441
0.17125598
0.84871405
0.81506586
0.811776
0.8735294
0.4313925
0.3120437
0.22305693
0.8336033
0.18602148
0.05860431
0.041301865
0.038286287
0.0508681
0.114519656
0.9330154
0.9296613
0.8634908
0.051521346
0.025178602
0.023041923
0.024594635
0.029047702
0.038119458
0.08107126
0.055690665
0.035524707
0.045749422
0.953722
0.9482653
0.93372774
0.9381642
0.03654331
0.018306898
0.023374518
0.02863931
0.03726726
0.055167887
0.1084977
0.9041394
0.11281852
0.09094464
0.09525028
0.82085973
0.13759477
0.098751076
0.05774378
0.050971247
0.06611447
0.07362149
0.117514536
0.2086131
0.27243173
0.91416574
0.8715631
0.773479
0.66428703
0.12728362
0.09822051
0.12558824
0.3176946
0.84562916
0.5298498
0.426982
0.18944664
0.13574328
0.12210948
0.10123068
0.1748197
0.5172397
0.46791852
0.43736976
0.20615934
0.14199522
0.42198431
0.52311647
0.66725904
0.5856569
0.12759428
0.141972
0.10945423
0.066505186
0.10369432
0.13609616
0.19862323
0.85273355
0.9277087
0.25400206
0.16515243
0.1785679
0.15821354
0.8713659
0.9376293
0.9572283
0.9235904
0.7729694
0.12362204
0.075818054
0.06599243
0.08746746
0.7043854
0.8025198
0.19750486
0.12676266
0.1287834
0.6979724
0.77800405
0.751109
0.13840851
0.11874121
0.16407074
0.20321552
0.13033341
0.14347929
0.16906783
0.14327401
0.13600475
0.1352021
0.117113985
0.0964762
0.1255076
0.1284565
0.15037845
0.114498705
0.0860522
0.057652134
0.07534137
0.13440794
0.86126685
0.8283058
0.7821078
0.16938187
0.1733475
0.13396254
0.670883
0.105315305
0.17012694
0.12322139
0.65023303
0.7248068
0.8866917
0.8372771
0.12741363
0.062371235
0.07281051
0.8227822
0.8782337
0.08781934
0.05577577
0.07844557
0.8352671
0.35073066
0.9214863
0.8757813
0.89386237
0.92012537
0.86161155
0.7778745
0.2537063
0.7616474
0.08030024
0.070034236
0.11413834
0.8455149
0.80768025
0.1040265
0.103242375
0.17991725
0.7631614
0.73289305
0.708114
0.7165614
0.7509034
0.88277245
0.9246397
0.9178616
0.8222389
0.8691821
0.7346721
0.76978236
0.7412752
0.08906715
0.06400247
0.10690003
0.20869584
0.9512616
0.96301645
0.95768654
0.9413876
0.20231482
0.06129332
0.068139754
0.10907508
0.85370106
0.123332135
0.086106874
0.08693923
0.56117254
0.20990153
0.7100546
0.85803276
0.90400463
0.88088316
0.7849549
0.67253774
0.7282486
0.75008935
0.81709015
0.30147833
0.24326733
0.6092825
0.5528219
0.14957911
0.10389088
0.080468155
0.26234448
0.35632294
0.33385283
0.40810075
0.27121407
0.23218586
0.30699414
0.40761426
0.33303168
0.3345314
0.43951705
0.5399772
0.8309337
0.860882
0.74630445
0.88593966
0.9054418
0.8851131
0.8287846
0.38363886
0.17874835
0.11843171
0.15672497
0.21511422
0.19684982
0.17553523
0.2150676
0.22980511
0.75855976
0.71634185
0.8289575
0.80475026
0.38948148
0.28609487
0.48682782
0.6511777
0.815378
0.85267943
0.8171789
0.6937035
0.7897387
0.75549537
0.35466447
0.31930315
0.29741868
0.8232374
0.5390562
0.49705657
0.852131
0.43191364
0.32786632
0.10561723
0.11247394
0.1000558
0.81798476
0.6929358
0.44685087
0.8521876
0.8650426
0.14922535
0.07515105
0.23914643
0.25019848
0.87088335
0.17743164
0.050061513
0.0542525
0.10024433
0.7957786
0.9392519
0.9340447
0.81168
0.7911901
0.10708393
0.08063846
0.14887576
0.21478787
0.7608853
0.11774143
0.14992832
0.1539094
0.13014238
0.5967997
0.54840606
0.2897196
0.74226785
0.6521783
0.68630224
0.80973387
0.7918866
0.246
0.13228256
0.25216454
0.2757317
0.36072963
0.4977889
0.31095523
0.34285808
0.4709955
0.25717217
0.23362264
0.3311414
0.6691474
0.60870785
0.5368669
0.3387047
0.30479684
0.28008905
0.31474954
0.7171273
0.582201
0.27472162
0.18410316
0.15822884
0.15088008
0.15267245
0.1936914
0.8482753
0.908695
0.9018587
0.77177346
0.85758805
0.7356102
0.8573927
0.8902907
0.7697998
0.86738986
0.91206545
0.9138848
0.8483924
0.924997
0.91518086
0.89995784
