0.8360003
0.6479918
0.6875472
0.6842693
0.70042163
0.6626697
0.778161
0.8346743
0.82568914
0.8056902
0.8026854
0.79918283
0.8093252
0.78817105
0.75839424
0.6701589
0.53099465
0.5456602
0.6411739
0.7598036
0.2671059
0.26078853
0.29390714
0.656941
0.20649497
0.25716993
0.6227931
0.6771908
0.7440627
0.76970285
0.79794735
0.68599784
0.18585664
0.24483982
0.69708544
0.803563
0.8299117
0.40249667
0.21563795
0.22818488
0.37981215
0.29865783
0.359924
0.4103313
0.5764223
0.591955
0.42824212
0.2951219
0.35788086
0.36505905
0.3580152
0.35372353
0.27826354
0.1662049
0.16153081
0.435438
0.434834
0.49454483
0.57079804
0.6166643
0.8477746
0.3787992
0.21862264
0.2366668
0.17875326
0.7561271
0.8992427
0.9120553
0.87229025
0.16780023
0.11550233
0.14246102
0.21333294
0.8404742
0.22898479
0.2729823
0.21856086
0.06775331
0.037415795
0.027776482
0.026215361
0.023930794
0.020211635
0.019782625
0.048473112
0.85946316
0.91817355
0.9776959
0.9082213
0.9543576
0.08587732
0.025999295
0.018355455
0.021250421
0.026353072
0.025244629
0.026296446
0.054531563
0.08989397
0.1320939
0.15778078
0.17390822
0.14065306
0.122675344
0.60360336
0.5922839
0.6140644
0.68311393
0.720887
0.24178456
0.24535519
0.2878546
0.85987866
0.8574201
0.7555177
0.7376565
0.8181771
0.8781223
0.45305717
0.4153318
0.28076553
0.1851405
0.18689752
0.26789752
0.86121035
0.78801584
0.8986868
0.9039587
0.88646644
0.17281231
0.05854787
0.04550224
0.06394633
0.84624875
0.12779146
0.10142113
0.049423937
0.06393031
0.83617485
0.87174505
0.9067257
0.8802303
0.93857825
0.06935375
0.032509178
0.02183189
0.016075177
0.014697701
0.014892863
0.015915103
0.028696246
0.9371209
0.9699929
0.96415186
0.9523453
0.03774493
0.016163347
0.012330362
0.0113732405
0.011967355
0.016232656
0.037884697
0.12463703
0.96918887
0.95469654
0.845202
0.052723214
0.02403685
0.022517916
0.0257478
0.024275908
0.023516737
0.03350571
0.10570904
0.8824428
0.76953393
0.072122075
0.04293095
0.050658904
0.06996089
0.11994327
0.1978817
0.85372525
0.17334884
0.09021374
0.05650677
0.055863116
0.094188444
0.10325869
0.11324621
0.66889083
0.26935932
0.6794177
0.09239625
0.09114933
0.09565382
0.6137287
0.1250504
0.13578668
0.097072296
0.10038096
0.8883577
0.9242248
0.84134394
0.82967234
0.050868783
0.02693379
0.025592966
0.024791673
0.059386674
0.1670817
0.96609
0.9619628
0.95866925
0.05956757
0.022135777
0.017765358
0.017910501
0.02220669
0.06979985
0.9219208
0.16211297
0.064485215
0.02758652
0.026270958
0.07317009
0.94344836
0.9734475
0.9720659
0.9395018
0.94082683
0.039667122
0.021038918
0.019214619
0.026652562
0.08050554
0.9178023
0.10254628
0.028068485
0.018548913
0.017106248
0.018682308
0.060241103
0.94156003
0.9518317
0.9629687
0.9435154
0.84790796
0.81107765
0.82886446
0.04848906
0.027037574
0.02159665
0.024006817
0.039193265
0.07765132
0.8958832
0.94470775
0.9323278
0.8456882
0.77384764
0.7811796
0.06626003
0.040710483
0.039771687
0.046958942
0.042485844
0.04792663
0.083445184
0.73294485
0.34968546
0.6946491
0.6355934
0.62045705
0.18566687
0.1464357
0.6529144
0.655182
0.13825986
0.15442316
0.10155736
0.08259207
0.81292224
0.18537171
0.17534833
0.23140399
0.82091814
0.9286995
0.16611864
0.08883633
0.050887596
0.06146631
0.043571852
0.043156657
0.049023595
0.0457372
0.051133543
0.09009416
0.86830145
0.07783919
0.041592255
0.04490879
0.088236354
0.88593805
0.082720816
0.059620563
0.035519168
0.03299429
0.048840437
0.100798376
0.92001694
0.0438385
0.025048891
0.028959235
0.051047146
0.032337915
0.039450362
0.9422763
0.9660622
0.9615104
0.93820685
0.95881027
0.049815796
0.028892104
0.029066361
0.06492787
0.09749257
0.8982527
0.21689305
0.8789767
0.043012798
0.031420816
0.053322643
0.07261876
0.094887756
0.11460578
0.89497036
0.11132624
0.09603213
0.8498206
0.825682
0.06792033
0.033037882
0.027388535
0.032443587
0.05597532
0.11223733
0.8743251
0.76007295
0.27862102
0.86364067
0.07087143
0.044661123
0.07759302
0.132477
0.16332221
0.8488549
0.28337052
0.22079332
0.19289319
0.8034712
0.11263615
0.09565152
0.10203751
0.112063035
0.5784014
0.5760538
0.30070063
0.35500482
0.8768398
0.8826308
0.8679948
0.8280676
0.78496444
0.73737967
0.7025887
0.6909934
0.1539733
0.118518986
0.12581277
0.12772267
0.1185367
0.18545611
0.2376315
0.64381695
0.56033754
0.6103072
0.84086376
0.90384626
0.9145182
0.8959367
0.8219964
0.5845046
0.43169913
0.47816285
0.4705835
0.49755368
0.4588903
0.54066473
0.59039503
0.71177435
0.59822506
0.2117796
0.20982732
0.38963023
0.46004072
0.41441396
0.27502394
0.28317872
0.36287847
0.4721579
0.39136842
0.20016398
0.15940064
0.23242433
0.5735835
0.7264825
0.42225447
0.26464048
0.18080835
0.1497435
0.1716358
0.39914647
0.52412415
0.8856868
0.83624005
0.6372639
0.5462652
0.57780844
0.7462522
0.7476646
0.86907154
0.86632305
0.081589974
0.04011402
0.03277293
0.034508068
0.0441662
0.058586184
0.11536802
0.17548434
0.84743875
0.073826425
0.04775903
0.059276477
0.8733923
0.085289225
0.04385785
0.050547175
0.82416016
0.87212765
0.10241159
0.10168931
0.0485805
0.036086056
0.054514196
0.034357004
0.028589021
0.04335001
0.95005506
0.96917164
0.91288906
0.88090557
0.039476015
0.02060959
0.017887792
0.019429758
0.043060325
0.090925224
0.10945354
0.15188059
0.8383706
0.71837264
0.091459945
0.095733576
0.122036025
0.88026077
0.8475277
0.864757
0.11704156
0.10140691
0.06855363
0.03974054
0.03828004
0.05972878
0.88538903
0.13719852
0.085938245
0.8391166
0.84530884
0.92700946
0.8803511
0.15259846
0.09485755
0.8129144
0.07570084
0.04071149
0.032981355
0.050296377
0.060542885
0.07774504
0.82969666
0.83954173
0.8435757
0.8772551
0.741648
0.7225428
0.06793762
0.03748426
0.062277548
0.09221847
0.10777352
0.109871015
0.118836425
0.23496266
0.2337107
0.26286224
0.15825582
0.6296214
0.61983943
0.6170814
0.27462178
0.23006064
0.18527481
0.16587706
0.25187263
0.20262665
0.22850068
0.5945264
0.65960807
0.75514716
0.9032379
0.9199608
0.87856185
