0.0622978
0.039684523
0.034761503
0.034796614
0.039400935
0.071031906
0.910809
0.9453164
0.07179254
0.036424782
0.036199436
0.06123392
0.92195493
0.8287741
0.8427623
0.84553206
0.84550035
0.87087214
0.94287014
0.8747617
0.9362481
0.082882084
0.06775395
0.043529198
0.055431366
0.8643789
0.049892385
0.026656365
0.019998679
0.01882615
0.020056507
0.037962835
0.93816656
0.95246965
0.9421471
0.9164038
0.32018727
0.92179215
0.044190973
0.025786147
0.02374229
0.048321817
0.064910226
0.10426951
0.06817219
0.07567718
0.8829571
0.8914483
0.28669178
0.2303658
0.89375603
0.8154991
0.842432
0.86871254
0.86569035
0.8896889
0.32752854
0.4239366
0.92822707
0.8663141
0.07900887
0.06023673
0.08972405
0.84962374
0.84591985
0.061660465
0.041052446
0.032319713
0.030416036
0.03328081
0.050222356
0.8538889
0.73918694
0.84011215
0.86119556
0.91937596
0.94190216
