0.78767073
0.31268057
0.2573108
0.23966801
0.2765894
0.41243696
0.4411361
0.4815203
0.51215065
0.3889875
0.41883937
0.30145094
0.33103484
0.48723364
0.65075016
0.25247514
0.20904341
0.36223003
0.7176293
0.38455015
0.50915736
0.27616337
0.19964029
0.18304035
0.19774234
0.4110285
0.51906705
0.5728739
0.43782634
0.20561832
0.14393172
0.53664595
0.4629478
0.572229
0.6739385
0.6349676
0.7108042
0.84595627
0.873266
0.86359376
0.7688305
0.8305558
0.24653818
0.23809475
0.6902344
0.70733845
0.7121867
0.69687504
0.6714243
0.17376132
0.124987416
0.10306711
0.6908432
0.37275052
0.25959733
0.09618477
0.086273536
0.54122037
0.13267764
0.6167921
0.67308235
0.76855385
0.91569436
0.9183773
0.913733
0.1201954
0.059469685
0.06299499
0.093623325
0.1670138
0.73993444
0.21120383
0.0739019
0.05666657
0.05611867
0.055362206
0.049518984
0.045793157
0.042460084
0.043226123
0.04921899
0.04223473
0.03403051
0.033021793
0.045543868
0.8503125
0.11482324
0.12199414
0.89726466
0.94379514
0.9077733
0.9539666
0.2717429
0.1589182
0.8655972
0.044392325
0.025064502
0.02059521
0.02360101
0.02716936
0.03140049
0.039551076
0.07416732
0.8358021
0.80303824
0.08037845
0.06565601
0.05440077
0.07469842
0.13502999
0.8596011
0.7412562
0.67474616
0.06961954
0.067391194
0.15325364
0.74920213
0.8382926
0.20125309
0.11799058
0.099898435
0.13013518
0.08148315
0.07990261
0.1190193
0.7645815
0.85509425
0.8817515
0.23926343
0.17085245
0.13014771
0.098582745
0.089173265
0.108187154
0.8180864
0.8634433
0.07054701
0.104542695
0.17593367
0.1780807
0.07688861
0.07365173
0.14278945
0.3124374
0.8162521
0.24235423
0.6108446
0.19188336
0.7037243
0.73740375
0.88674605
0.8743129
0.4496656
0.7982416
0.2729128
0.8098804
0.14518088
0.07559585
0.09825567
0.5995864
0.09904364
0.098359555
0.118565515
0.13650692
0.22459722
0.8647839
0.8261407
0.27347735
0.26308665
0.22004728
0.4662805
0.51696825
0.46364066
0.53444713
0.40867916
0.13221589
0.3089045
0.3065245
0.65788436
0.8196492
0.83496064
0.61291766
0.35138422
0.268187
0.39688727
0.27555504
0.22864157
0.27996787
0.24386907
0.20312434
0.21983758
0.37582406
0.444013
0.3325208
0.44004062
0.41521475
0.47341993
0.75068784
0.77483624
0.6135816
0.3800358
0.18687499
0.14786747
0.48358414
0.18721959
0.22477241
0.27605346
0.8117411
0.8614844
0.7610125
0.6764422
0.5800902
0.49833542
0.47516888
0.48084962
0.51359105
0.65251726
0.48767895
0.47814173
0.5251753
0.58929265
0.78615147
0.6499695
0.18113634
0.13134775
0.2641103
0.1680775
0.12570927
0.14899936
0.17111167
0.21596846
0.79681224
0.16063255
0.12525524
0.094751395
0.07479566
0.7076276
0.67988336
0.91138184
0.9497
0.94405264
0.90826386
0.22875004
0.25011352
0.24735966
0.19651589
0.3896859
0.10702169
0.16539428
0.47580293
0.6234903
0.80906564
0.7963414
0.58747935
0.64280885
0.7826837
0.79813987
0.14696448
0.09732121
0.11487071
0.14917122
0.21868326
0.7153563
0.88515437
0.9248062
0.91147304
0.8438072
0.78020614
0.7371547
0.77290875
0.69106406
0.68809146
0.38555965
0.3333404
0.17712775
0.1420807
0.16855237
0.6900206
0.8438407
0.86676234
0.7411713
0.11397464
0.103178196
0.121032454
0.27177373
0.36589846
0.39841893
0.80515933
0.8739487
0.78725475
0.75277185
0.8326528
0.738925
0.088594526
0.067240894
0.0499705
0.052462325
0.075636595
0.7949224
0.74749833
0.14373124
0.09037046
0.8104987
0.74217093
0.7255485
0.8338706
0.94235533
0.94549376
0.92108494
0.12340426
0.104216486
0.78128415
0.7553871
0.060776424
0.04934807
0.05906444
0.046425838
0.05536133
0.075683385
0.107563406
0.12250673
0.1466027
0.2749155
0.4301821
