0.8148622
0.6660405
0.70383877
0.81888795
0.864258
0.8587354
0.8066569
0.62546444
0.6409759
0.64879245
0.65078366
0.60376674
0.7384802
0.7310045
0.7400593
0.36336038
0.33133045
0.3364123
0.27936748
0.5147343
0.67445564
0.3720106
0.39848173
0.5740089
0.54515696
0.31692925
0.3207594
0.3310378
0.19310452
0.17082237
0.4243271
0.51490986
0.62470907
0.66037846
0.20678282
0.22121349
0.14812206
0.10287851
0.08403193
0.07874719
0.0878633
0.87592703
0.8127647
0.84052217
0.8518064
0.84328425
0.8773301
0.11601489
0.08622277
0.056490313
0.06274913
0.10594058
0.17685346
0.29430386
0.82066816
0.6398555
0.37241113
0.627612
0.13297811
0.090106204
0.083866574
0.07995549
0.077733524
0.06237319
0.08522683
0.7705882
0.8001115
0.30217436
0.6966888
0.07047046
0.048958275
0.04442809
0.046471864
0.07648363
0.8399723
0.092790164
0.08865614
0.14055358
0.81352264
0.14721666
0.043065846
0.0462619
0.042920265
0.058489144
0.1162779
0.9443206
0.91856354
0.922688
0.90114814
0.86096406
0.065708704
0.030382788
0.027280107
0.031872153
0.032760296
0.050810695
0.043018326
0.058777858
0.121446006
0.9155111
0.86605895
0.27816927
0.66080815
0.0797674
0.081597924
0.076678626
0.087582126
0.6084289
0.110502966
0.08924344
0.10150383
0.15907685
0.8517018
0.869431
0.8036913
0.7840887
0.7633003
0.7822112
0.7653683
0.78569525
0.7786501
0.23134023
0.19351067
0.22620803
0.7817672
0.79521644
0.74848497
0.6372084
0.7236828
0.61376077
0.5903031
0.58492684
0.53158224
0.60011697
0.61400944
0.62625116
0.620697
0.64711094
0.14898977
0.100765154
0.16741015
0.21039009
0.14832048
0.1152611
0.15716356
0.5632101
0.23527832
0.4914418
0.14013974
0.09548147
0.15050311
0.4479055
0.72361743
0.8864681
0.8521187
0.5723019
0.5017528
0.58293056
0.7118518
0.26354057
0.18845232
0.13642392
0.11974985
0.115814246
0.11881854
0.13085367
0.12949708
0.13381399
0.6499759
0.6497312
0.7118157
0.791542
0.72043455
0.5809237
0.6187909
0.6170471
0.22194
0.21587425
0.11509539
0.10975818
0.15547433
0.57894415
0.61230314
0.6200863
0.6144732
0.6481509
0.62853974
0.18913893
0.16614735
0.09660732
0.07568682
0.059808046
0.061607413
0.08626516
0.10659365
0.06088998
0.0848136
0.8692042
0.9331692
0.84789306
0.097447775
0.037624437
0.030107152
0.035173498
0.057414815
0.76463926
0.7818443
0.8678451
0.73032176
0.11291928
0.05230579
0.047425874
0.1655661
0.35767147
0.9193519
0.92505306
0.8738429
0.6337318
0.12646605
0.110417284
0.14503899
0.22597839
0.2376127
0.1521763
0.12810978
0.13634667
0.7609601
0.7512381
0.21977694
0.18856494
0.15043904
0.13034526
0.083360136
0.10651983
0.8424485
0.33685097
0.37870678
0.82722074
0.81270564
0.819349
0.845417
0.8126044
0.7933196
0.8068855
0.690852
0.7050647
0.10788691
0.069993734
0.09908805
0.8693642
0.098825656
0.03442551
0.023123438
0.020310352
0.02318543
0.050997913
0.94577944
0.97198075
0.9748502
0.96742177
0.95951325
0.9441139
0.034871593
0.019740809
0.022036292
0.04900638
0.054045282
0.05739718
0.7495256
0.74144214
0.75012815
0.10414764
0.08135829
0.1389268
0.8533048
0.8999114
0.91777366
0.8957169
0.8924988
0.8600794
0.8233727
0.8102135
0.77616245
0.21771811
0.22112896
0.8122561
0.08365933
0.05052244
0.065262504
0.09025601
0.122620076
0.24771789
0.71463716
0.6709519
0.64535695
0.18591148
0.13852926
0.13442221
0.17506067
0.2493689
0.58885914
0.5426217
0.54089254
0.58231676
0.6500765
0.84143704
0.8931774
0.86360914
0.6530641
0.37176767
0.20267431
0.6016694
0.14414047
0.09986637
0.07500606
0.09447172
0.7106896
0.83921444
0.7465302
0.7415311
0.7292307
0.8143673
0.084889516
0.051171042
0.054936733
0.13162038
0.7301361
0.3377924
0.4468224
0.83106875
0.32598132
0.21631435
0.15938838
0.1579881
0.09993777
0.095746376
0.24934435
0.85362935
0.9035791
0.8454319
0.7688551
0.70245767
0.6514928
0.6968796
0.7271516
0.15417984
0.10611751
0.10070626
0.08798845
0.12147462
0.1805301
0.314256
0.82584774
0.69461393
0.82900256
0.7630079
0.85750544
0.77928257
0.48760438
0.40331742
0.23693694
0.24248856
0.36541268
0.8381173
0.9016485
0.88998395
0.410905
0.15777582
0.096160494
0.10327432
0.6807208
0.7790687
0.6072534
0.5440007
0.46397027
0.47841102
0.23360373
0.18386905
0.19408558
0.20146006
0.59912133
0.1875529
0.19819291
0.2528847
0.34786934
0.31634364
0.33211
0.42751437
0.6848036
0.31775764
0.29336998
0.32414725
0.29312226
0.3335902
0.2655199
0.31381217
0.3311395
0.4000871
0.51861334
0.66346526
0.72039604
0.43189287
0.29674006
0.2784454
0.30679893
0.21892747
0.1906675
0.18099739
0.32382712
0.59128827
0.79336995
0.60186183
0.26617518
0.22952461
0.21935512
0.3968332
0.651412
0.5400847
0.37022665
0.59003085
0.7462001
0.42799243
0.2021065
0.15111844
0.13919239
0.26337215
0.5681242
0.5193391
0.60962176
0.78622365
0.6489125
0.6917945
0.23098591
0.17434207
0.17980915
0.21294281
0.32693624
0.71208876
0.7212185
0.42922288
0.58060974
0.33040306
0.2590619
0.2548028
0.2622375
0.18199018
0.1872707
0.22335023
0.18617514
0.16490771
0.14646935
0.15167418
0.14300664
0.12003609
0.09667784
0.10604317
0.09692712
0.07066083
0.06610102
0.104519226
0.6153082
0.25212744
0.7306433
0.6398947
0.6367937
0.6841285
0.76503265
0.9292411
0.92142653
0.9292094
0.072474666
0.02820349
0.025583431
0.053015217
0.89287937
0.8821044
0.92556363
0.08801343
0.03649961
0.031151842
0.034604684
0.056954198
0.823513
0.11435285
0.056524847
0.07590488
0.08483864
0.08742896
0.086192496
0.109621435
0.16338196
0.70211774
0.71479684
0.5391139
0.3914133
0.37794507
0.43463188
0.44717214
0.31024703
0.25700593
0.27751744
0.42784786
0.47035554
0.36242586
0.43944767
0.51916397
0.54385597
0.534157
0.18006985
0.1295227
0.14279795
0.1977652
0.66718525
0.63283694
0.5714473
0.6546024
0.75449497
0.6929387
0.7687905
0.69191635
0.6541666
0.19884364
0.16979365
0.1088069
0.112664625
0.6930526
0.06034552
0.06714583
0.06279973
0.088838786
0.06464769
0.09680566
0.0938486
0.9211816
0.83758056
0.84623814
0.049236342
0.04103241
0.059896637
0.080886215
0.0809175
0.059013832
0.11567304
0.886461
0.06620308
0.046514083
0.06489211
0.09883264
0.09138707
0.07163992
0.05965114
0.71514887
0.7349005
0.7925609
0.8525993
0.78528386
0.7206184
0.15915228
0.17074198
0.08404496
0.084852435
0.08164664
0.09299645
0.13174288
0.10161033
0.08668224
0.07663301
0.05607035
0.048940398
0.050588835
0.09172289
0.1743322
0.9266996
0.95572484
0.9629898
0.93618804
0.83115673
0.8027926
0.12982905
0.07760748
0.10605346
0.7502739
0.82861185
0.124150656
0.07257223
0.045269232
0.045644317
0.15714169
0.79611975
0.6974188
0.6147928
0.61253893
0.18746845
0.16070601
0.1605755
0.14356947
0.15384927
0.28820264
0.629344
0.6121026
0.7239976
0.662704
0.8141547
0.77667665
0.58481103
0.57809794
0.29997814
0.2791075
0.13911559
0.08138474
0.06395449
0.06463694
0.1421393
0.79423845
0.787761
0.89478236
0.8153689
0.085065186
0.06569418
0.06769323
0.08354595
0.10283385
0.1274681
0.22816923
0.83587474
0.76657957
0.8303682
0.7965171
0.6543032
0.6030276
0.5772746
0.57975775
0.23325492
0.31556258
0.33931866
0.29575446
0.30071676
0.15461004
0.09192558
0.07194206
0.73117965
0.73158854
0.8486835
0.7721297
0.089124374
0.05284807
0.035109084
0.033471186
0.07210368
0.08749881
0.87308705
0.8670701
0.868413
0.85120773
0.8388398
0.0749036
0.06709075
0.07558355
0.08261379
0.107041106
0.116036065
0.7398877
0.6585737
0.14913829
0.13698775
0.7010636
0.6415619
0.2047666
0.2048609
0.8311289
0.11304791
0.062081408
0.11916925
0.11578976
0.12294933
0.84352887
0.6920467
0.19370778
0.18623935
0.77448165
0.89639145
0.94402045
0.9178599
0.8093789
0.89430577
0.17264798
0.04834457
0.032834247
0.03477441
0.04623637
0.10474708
0.08218927
0.10439533
0.9185373
0.82532156
0.82300687
0.8115301
0.1279953
0.0766342
0.12066947
0.84313303
0.10302417
0.039702725
0.048135217
0.03587771
0.048722442
0.8264889
0.7864342
0.94160146
0.9637272
0.9527625
0.9310911
0.21948417
0.19649118
0.7850701
0.06792411
0.055318028
0.06671198
0.08043942
0.078748085
0.0961533
0.13744691
0.7329662
0.66783243
0.2481418
0.2244225
0.63975275
0.744074
0.5463245
0.5423379
0.5917912
0.67966115
0.80168664
0.66659904
0.6441283
0.7031339
0.19016175
0.13138807
0.2011905
0.28099453
0.4548441
0.4073725
0.3495457
0.30567357
0.5485481
0.59943
0.77000415
0.582333
0.48293695
0.18918356
0.15385929
0.48819634
0.4410845
0.48705316
0.5376738
0.6332701
0.79211307
0.70671564
0.7334756
0.21232525
0.16745329
0.23330718
0.33118385
0.60958076
0.5598019
0.5264791
0.3058733
0.25026953
0.24820533
0.22034578
0.20108576
0.26234993
0.33158582
0.4006855
0.52003765
0.30106935
0.24384126
0.4288927
0.1453025
0.122123696
0.60548997
0.67470443
0.88417804
0.9104546
0.86361414
0.19576022
0.1200078
0.17401624
0.38835678
0.6043381
0.5611314
0.52783227
0.5279744
0.56592923
0.16428728
0.16956463
0.19331594
0.36164477
0.6884168
0.6468703
0.34449247
0.83096755
0.11824801
0.06511267
0.11278497
0.66400754
0.7418344
0.900812
0.12177538
0.042771667
0.041941375
0.0769827
0.83360964
0.91969347
0.9026057
0.9152232
0.9024173
0.86501765
0.8270308
0.7748645
0.08441083
0.048971046
0.05574553
0.11022822
0.84361386
0.8141977
0.7500483
0.17976932
0.12664995
0.17387211
0.74045247
0.34008738
0.6173893
0.60334
0.32008338
0.2898702
0.31904402
0.30598798
0.68412757
0.8509521
0.8891242
0.8412745
0.31992662
0.2561704
0.70919585
0.55096656
0.52098715
0.4737115
0.2673696
0.2619342
0.73183167
0.3907615
0.4846704
0.43084782
0.245358
0.23558576
0.83305
0.7807597
0.8667135
0.7479152
0.7222776
0.7579527
0.6167788
0.14473763
0.12975669
0.17269814
0.2053581
0.1947641
0.16397367
0.16365401
0.2244307
0.28600535
0.664561
0.7692071
0.5998789
0.26257607
0.17778315
0.2105857
0.44809183
0.46503535
0.30835578
0.28631428
0.38514227
0.2810325
0.51242554
0.37339777
0.30968508
0.26383692
0.2859406
0.5764706
0.6836494
0.5891377
0.48951635
0.45698965
0.458213
0.52171844
0.7910984
0.8556366
0.7254042
0.8499328
0.88265467
0.84419405
0.73627657
0.8272522
0.7584407
0.8815134
0.84846175
0.7280865
0.7379594
0.91520673
0.9156965
0.88546795
