0.81018066
0.7152493
0.779402
0.22691697
0.1705819
0.17277789
0.24469668
0.3114244
0.47679996
0.8877755
0.75403726
0.8442312
0.14194094
0.07544565
0.06453853
0.66864103
0.71721405
0.9201081
0.94534874
0.9064309
0.74951875
0.06739046
0.040238366
0.035202965
0.061382115
0.089688286
0.86168796
0.9247013
0.91616404
0.91284466
0.9102929
0.91791093
0.9223675
0.1138855
0.05041871
0.04499689
0.07532848
0.13993774
0.87673616
0.88735455
0.67477787
0.07657498
0.041017853
0.12388077
0.8060982
0.90935016
0.9214209
0.18377027
0.12934573
0.10784947
0.108683944
0.1264612
0.17867191
0.6739848
0.7573504
0.4071347
0.47172388
0.37964505
0.19050284
0.18871488
0.23430246
0.7265776
0.25373384
0.16974126
0.15434551
0.14601651
0.12267406
0.07807365
0.06354839
0.067223266
0.07389185
0.07036246
0.06755567
0.08230223
0.85108453
0.8984897
0.8797302
0.88095087
0.9398037
0.20200293
0.17676404
0.12725946
0.062195715
0.041335806
0.039165333
0.06437224
0.11141513
0.16763297
0.82157516
0.6882519
0.68741655
0.7751097
0.71826357
0.845929
0.82911754
0.65844864
0.7440203
0.39160368
0.41004944
0.8296066
0.84739876
0.1693483
0.11687603
0.13760349
0.77220464
0.15968826
0.08672328
0.08535646
0.12463759
0.13253152
0.16620302
0.1279113
0.08152931
0.11691817
0.8694135
0.8412859
0.83759195
0.8059815
0.79804677
0.6897889
0.107350536
0.098415725
0.73317677
0.9345896
0.9514326
0.85323143
0.8911138
0.1479071
0.18948951
0.91318333
0.90673745
0.83415926
0.07900814
0.04416552
0.046708375
0.07713508
0.11177385
0.09490216
0.07168427
0.074378476
0.107793786
0.8338248
0.1100262
0.080614686
0.12621185
0.7820909
0.5449894
0.16818067
0.25891215
0.7270617
0.6655463
0.71656483
0.6071959
0.63105506
0.24542661
0.20336328
0.2080669
0.2230426
0.22685334
0.2324426
0.23940895
0.28154472
0.48057228
0.4609291
0.23642571
0.31559718
0.17547262
0.12864149
0.13285902
0.2300897
0.799689
0.69725627
0.673531
0.7158648
0.19947374
0.074816845
0.07570008
0.10969173
0.17640199
0.24566756
0.916233
0.8288231
0.095069006
0.05883388
0.053824294
0.04028074
0.035409402
0.037225563
0.047436472
0.08465863
0.09795287
0.915769
0.86391324
0.85290664
0.81275266
0.8467411
0.89511216
0.9018016
0.93790245
0.08364107
0.04216528
0.028528024
0.028442688
0.031191822
0.06186402
0.8877344
0.08913568
0.06002915
0.060981665
0.88958114
0.89961755
0.9407986
0.9357566
0.06999271
0.042299096
0.045840386
0.7560859
0.73252225
0.8296714
0.22856161
0.21854788
0.23477507
0.918466
0.92350554
0.095845215
0.07675444
0.066113874
0.052940294
0.07898012
0.14299114
0.86585623
0.852671
0.84860617
0.81514055
0.77031416
0.73536927
0.67138696
0.073157884
0.06481832
0.057787213
0.0761179
0.08204912
0.10102014
0.3937358
0.4149609
0.4167194
0.53529084
0.4183467
0.26873246
0.21614754
0.16775598
0.12403334
0.1286185
0.09912063
0.11093404
0.1355424
0.20626406
0.7317429
0.8398311
0.72546196
0.6398474
0.6299033
0.7202377
0.06902815
0.050126027
0.056146797
0.07529427
0.12030709
0.80810523
0.87735456
0.08107335
0.04315466
0.03573771
0.029884538
0.027577942
0.026929727
0.02825913
0.03252868
0.051463883
0.05376841
0.07616332
0.92162746
0.8253466
0.06477871
0.033058576
0.035918593
0.05541767
0.9568655
0.92647433
0.9566045
0.9721781
0.96245825
0.033791233
0.018227626
0.015426116
0.014741807
0.014788416
0.015845347
0.01607555
0.016483119
0.018002033
0.022349657
0.020753356
0.0179383
0.021706495
0.037094682
0.065148585
0.95402896
0.96731424
0.97039044
0.9607921
0.95753974
0.110672206
0.060712334
0.027360272
0.02115223
0.020670183
0.021522863
0.023430493
0.029565305
0.04962444
0.85307395
0.87496
0.8968455
0.88864535
0.83966476
0.14792272
0.10034389
0.11709459
0.883586
0.8958153
0.8578051
0.8273
0.78211886
0.81350046
0.06049094
0.035816073
0.03174539
0.034451026
0.035830107
0.030780435
0.032736544
0.05780843
0.9384175
0.91284
0.93555355
0.069926284
0.02940785
0.024427436
0.025662148
0.034267604
0.04832074
0.038386513
0.061833758
0.8433997
0.86130506
0.8977638
0.83779275
0.8194968
0.8451534
0.91231173
0.9042497
0.8388073
0.8616137
0.1086988
0.05485032
0.04186851
0.052165613
0.26166773
0.341995
0.7545867
0.70372725
0.68276525
0.15740277
0.09458333
0.0727656
0.06537318
0.07235062
0.73783356
0.7573479
0.8481555
0.26961178
0.14040095
0.1058413
0.1276034
0.09724866
0.13721342
0.098125264
0.18125623
0.25238058
0.31332883
0.808273
0.30156544
0.3328087
0.23229794
0.3292054
0.31931272
0.19594397
0.23102184
0.7468743
0.6842806
0.18064958
0.17799936
0.070132345
0.063073285
0.71196055
0.71866006
0.79972124
0.9161149
0.90690976
0.7011431
0.6582747
0.6412912
0.0607887
0.05937716
0.09441078
0.18155192
0.7465031
0.71491826
0.7118256
0.10319435
0.099148825
0.11802382
0.1384317
0.15186895
0.17194906
0.2867878
0.8135075
0.4500511
0.35699618
0.34938052
0.3445707
0.31840718
0.21121182
0.1802094
0.26705128
0.75309646
0.75118876
0.58220476
0.5000957
0.49550197
0.5523928
0.12777661
0.10742996
0.11312468
0.13803394
0.25921687
0.7062101
0.1672492
0.113770515
0.114010856
0.705964
0.09583788
0.14367457
0.09695909
0.107771665
0.06475108
0.08652901
0.1474229
0.8229867
0.20760627
0.1842301
0.8719579
0.2778486
0.051365115
0.032284524
0.030684946
0.042857897
0.79560214
0.6960797
0.93394613
0.9074787
0.8890658
0.9361713
0.89741975
0.77332973
0.92645293
0.9448453
0.88905716
0.9042982
0.9463405
0.9289284
0.9180726
0.07136571
0.038980532
0.032078043
0.037784792
0.09079282
0.9175084
0.8965713
0.29916385
0.25070757
0.8662361
0.11518979
0.051522173
0.042184956
0.05811218
0.089797
0.102220334
0.10350115
0.8323925
0.08419675
0.059134606
0.07824042
0.112395406
0.122018985
0.12292461
0.11707829
0.15555257
0.82499593
0.7559538
0.69085836
0.6658507
0.748969
0.84246266
0.8742631
0.8247761
0.6384779
0.6035144
0.6894263
0.5437244
0.5396708
0.5860874
0.6196947
0.78285885
0.7813254
0.6316039
0.5188179
0.59668666
0.6508694
0.68845016
0.7573309
0.63744867
0.16348462
0.11322438
0.08557818
0.08997857
0.16247538
0.38106105
0.90536207
0.12375935
0.05832161
0.044166815
0.052141916
0.10826627
0.09135152
0.7660057
0.16168118
0.19108726
0.89810586
0.076282434
0.04921598
0.03766125
0.026197266
0.02572908
0.028618004
0.050072752
0.9029993
0.94582915
0.9250113
0.95880437
0.9422419
0.81125134
0.8381098
0.84446007
0.057448305
0.04294298
0.06470299
0.06919853
0.90718293
0.92924327
0.89703757
0.91094786
0.10901666
0.06817936
0.03464666
0.04700083
0.16206184
0.92120534
0.09656464
0.04040713
0.031704932
0.025151229
0.05869252
0.13504604
0.9156002
0.8977563
0.8457143
0.87673604
0.79787123
0.84899974
0.13292763
0.07238156
0.06764222
0.05874517
0.15053265
0.23486435
0.7753615
0.5627544
0.17245397
0.35811746
0.31621185
0.11727353
0.06816537
0.066344075
0.12231975
0.91328454
0.8819611
0.9399261
0.9142684
0.67805016
0.041189644
0.05147499
0.0739928
0.08151833
0.09327692
0.12180982
0.16073868
0.74492526
0.6542057
0.51405627
0.6512366
0.5087347
0.39493102
0.36461255
0.37438872
0.4390696
0.2952122
0.27593362
0.28321323
0.43932945
0.55639005
0.6951121
0.63399875
0.44913396
0.46724766
0.37896392
0.41182047
0.35919347
0.289368
0.37968335
0.5394983
0.5967098
0.645566
0.54802465
0.50961196
0.38310367
0.3127173
0.6610969
0.17889966
0.13289674
0.130014
0.2026027
0.41883326
0.77534693
0.80536395
0.84722394
0.63336974
0.61924386
0.12191847
0.07638766
0.066174254
0.087282605
0.7751743
0.8802029
0.82162887
0.91361743
0.13781591
0.19438732
0.06585868
0.04472139
0.04522361
0.06474265
0.7921099
0.8037603
0.82831985
0.7909543
0.14023988
0.13158645
0.68295985
0.08806502
0.06476558
0.07909103
0.15965258
0.8624354
0.7696713
0.6853225
0.08747533
0.072798036
0.15697208
0.2652667
0.90753657
0.92736757
0.9271712
0.86921173
0.63208973
0.55878496
0.617622
0.10587191
0.09790052
0.07841238
0.062136684
0.062774636
0.08486921
0.12772493
0.84933
0.2759428
0.86947733
0.16451237
0.087560736
0.08148829
0.7375643
0.07817538
0.035246026
0.029143827
0.029915268
0.05980397
0.9042233
0.87359846
0.8329504
0.9450479
0.95403624
0.9523731
0.95461774
0.9379361
0.84686965
0.9326356
0.86239475
0.9198025
0.9063332
0.052322056
0.03551687
0.03023603
0.034650408
0.052888528
0.7755043
0.1025563
0.09519948
0.18375169
0.8832053
0.37417978
0.9063441
0.8299332
0.88912594
0.10159854
0.08123559
0.1513324
0.6920231
0.09070992
0.08897093
0.20384258
0.32297978
0.72442144
0.8136493
0.30732873
0.23837656
0.21159354
0.14082792
0.19962019
0.3194946
0.3394652
0.7999904
0.67503685
0.6743068
0.800052
0.782201
0.57736593
0.5563697
0.7353873
0.68305635
0.7788126
0.63685286
0.6203217
0.25646186
0.16121458
0.11264509
0.094347954
0.09784145
0.15176788
0.39932424
0.82299435
0.778092
0.60681725
0.20784712
0.14730537
0.15700844
0.21938296
0.43768007
0.29263344
0.25614506
0.2308158
0.2852778
0.39474154
0.543295
0.16726045
0.16258235
0.18620342
0.25605017
0.21733817
0.09935507
0.0670199
0.09210842
0.74717504
0.9141787
0.9542495
0.926714
0.7661144
0.8261418
0.09330322
0.04395594
0.08956464
0.12825306
0.6990663
0.86406255
0.85396004
0.6577445
0.62211764
0.6857843
0.08170665
0.08914921
0.08740198
0.069913745
0.07189515
0.14341971
0.09607488
0.077089466
0.069180325
0.09149661
0.8203674
0.91066736
0.20881754
0.14052103
0.11762363
0.7866986
0.07309319
0.05397066
0.064936906
0.07763972
0.050740838
0.03896556
0.056671806
0.0774485
0.73461086
0.70374787
0.7649058
0.79584795
0.9130385
0.807485
0.86737525
0.93780977
0.9088291
0.82440865
0.04046663
0.028470082
0.024275271
0.029877167
0.12953375
0.1890122
0.8644878
0.2064701
0.10483242
0.64952296
0.09332707
0.10054513
0.16250281
0.8799263
0.11212822
0.10356853
0.058267992
0.06997331
0.07279527
0.11696084
0.070762515
0.055030536
0.03811396
0.028022496
0.049218096
0.8485614
0.88775194
0.9536223
0.9553413
0.93865514
0.8773702
0.122820936
0.060825553
0.032127783
0.027299758
0.045514192
0.07396595
0.12251316
0.16955821
0.13850714
0.74362785
0.6789404
0.6785616
0.7118577
0.7783823
0.8702078
0.8659024
0.73642546
0.20742458
0.16365495
0.18053067
0.6833433
0.66007966
0.6772819
0.16365904
0.10975376
0.14672692
0.24082449
0.2677946
0.76071924
0.6617188
0.31381375
0.25053233
0.27047837
0.20921269
0.54222864
0.24599719
0.28043628
0.41036493
0.5303253
0.50635934
0.2870899
0.18631609
0.12734208
0.19488475
0.26515856
0.33768195
0.20465319
0.26259613
0.17549942
0.20823002
0.36345062
0.38016263
0.42131346
0.46705174
0.37250412
0.29986012
0.23848245
0.21538869
0.53092504
0.7139459
0.7630641
0.8079867
0.56622624
0.11881204
0.092989035
0.097250365
0.12536192
0.20705865
0.9037464
0.93529445
0.9099132
0.62827146
0.1540432
0.11269613
0.29063496
0.21653876
0.19129597
0.18088259
0.17272627
0.15660039
0.25878724
0.49437594
0.65198255
0.85042524
0.71681905
0.72744936
0.5113967
0.43225664
0.50720274
0.6595195
0.5709745
0.30844107
0.19872901
0.39274314
0.2168998
0.29040235
0.37451634
0.36723778
0.36613464
0.29781535
0.3661853
0.36197886
0.3358028
0.50056374
0.6412306
0.6063142
0.62144923
0.8978249
0.9247448
0.8975159
