0.7771403
0.8461439
0.42179936
0.26454404
0.23705563
0.2381121
0.8382192
0.77430457
0.7896851
0.86344826
0.7926131
0.7930083
0.84716326
0.75804806
0.7044024
0.6882483
0.12046903
0.09014392
0.08592841
0.1309227
0.5952894
0.24535885
0.18941565
0.37801322
0.21808474
0.16788924
0.6112174
0.70639807
0.8215883
0.65717554
0.21277276
0.17312519
0.10729626
0.10928549
0.14611252
0.23828761
0.8909009
0.92892396
0.8728987
0.28011608
0.6301323
0.4302444
0.099694125
0.09362137
0.17126866
0.18962988
0.87864816
0.10667385
0.042492025
0.045830116
0.10483493
0.8833169
0.85381824
0.12923926
0.07532393
0.06177006
0.041232567
0.07838419
0.19530892
0.95850724
0.9435062
0.9090332
0.059705656
0.0386028
0.021439433
0.017659465
0.016681293
0.016880574
0.018362923
0.02121271
0.04016995
0.92418224
0.0964471
0.03832693
0.048283413
0.9111293
0.9547243
0.97019696
0.94950575
0.9751429
0.9589511
0.9393417
0.030434784
0.017372074
0.014900349
0.016643705
0.036405936
0.90358424
0.8814811
0.04271291
0.01762061
0.0126994895
0.0114717595
0.012294965
0.0140997255
0.04357209
0.9487097
0.96544445
0.95158863
0.85678256
0.9003203
0.08017435
0.03963092
0.037670128
0.042203054
0.07684606
0.056010425
0.04815521
0.05279171
0.05489747
0.057436872
0.06689205
0.069307536
0.07703878
0.09140202
0.59460664
0.48753688
0.19602105
0.78823674
0.69466436
0.6438213
0.08261318
0.084305614
0.069820315
0.05396331
0.0627351
0.08550243
0.68327516
0.7553196
0.8883036
0.90582335
0.44007093
0.81508374
0.8560536
0.8613547
0.8674121
0.8207116
0.7862059
0.8468102
0.31400368
0.16507344
0.12260509
0.68244076
0.6830515
0.8153505
0.7644736
0.7306814
0.7368744
0.85133344
0.8453071
0.7120861
0.7844611
0.15363225
0.10574579
0.15407053
0.6314566
0.7367532
0.61380994
0.5743871
0.27559656
0.6029994
0.56222737
0.21794608
0.15526508
0.14547423
0.10873231
0.12906654
0.28983158
0.7404571
0.62766206
0.5454526
0.25523537
0.43002528
0.4783131
0.79222447
0.6939626
0.63591164
0.3873771
0.32299098
0.2840647
0.53001165
0.5654589
0.62457895
0.71585596
0.30642346
0.21117412
0.18394625
0.1579679
0.14559343
0.16829318
0.45708472
0.2376993
0.66912806
0.7835178
0.13563414
0.093528315
0.086438194
0.08553696
0.13938458
0.097355306
0.121738404
0.22695497
0.91438377
0.9351494
0.22216295
0.07256939
0.07036504
0.16413866
0.83139336
0.20998134
0.29386324
0.86930853
0.8354473
0.8294541
0.81032926
0.06257601
0.03298935
0.030218128
0.036756177
0.09866565
0.8822517
0.27218825
0.80460685
0.77863204
0.7651424
0.818655
0.8302202
0.8052992
0.36170137
0.87356126
0.062252894
0.036527902
0.031811513
0.07227671
0.14404795
0.9168432
0.90124923
0.80292946
0.14744636
0.06880141
0.064767934
0.0710197
0.09440244
0.15194024
0.90642256
0.11351851
0.059678905
0.038421858
0.040847175
0.045295294
0.043254327
0.039041825
0.045456592
0.14706834
0.17131358
0.9374883
0.8951976
0.92654717
0.9170686
0.9023445
0.8863933
0.855537
0.76314104
0.77436554
0.070664175
0.062771365
0.04967517
0.034950484
0.039611835
0.07318838
0.08160502
0.072039396
0.06664933
0.43218604
0.89526683
0.87591094
0.24187602
0.2757483
0.18845351
0.14591958
0.18594374
0.18042153
0.30803707
0.47071126
0.6978429
0.75539154
0.46602684
0.67482454
0.5651675
0.46358374
0.20366275
0.1539356
0.2176754
0.29589343
0.3057315
0.5593105
0.476997
0.082419254
0.072063684
0.06870323
0.09450877
0.1439898
0.36639217
0.9341331
0.15335712
0.067050606
0.7415335
0.91815454
0.93141806
0.91885793
0.91531795
0.8291526
0.043401487
0.03266165
0.06020973
0.120415926
0.10531716
0.09430986
0.098312765
0.21283527
