0.42512262
0.6558586
0.43570668
0.4208129
0.5982935
0.485857
0.48182282
0.414431
0.29701447
0.21073553
0.20139597
0.18716215
0.19592932
0.4098219
0.17314783
0.18992858
0.2669349
0.42950702
0.4259809
0.26435074
0.18402067
0.1110081
0.09890796
0.083074234
0.059826188
0.06516292
0.08321408
0.06805686
0.09467992
0.13159448
0.8194175
0.8487192
0.85986507
0.8425981
0.89777493
0.20838569
0.088925935
0.04950473
0.05666443
0.07240881
0.077346675
0.1089201
0.16732453
0.7535999
0.588498
0.62691134
0.81002694
0.8601289
0.8217491
0.5657538
0.5206158
0.45250803
0.23885868
0.31103042
0.23320383
0.1895722
0.6457771
0.63794315
0.15903752
0.087462366
0.09168261
0.11406731
0.07313823
0.05688516
0.0728879
0.65033513
0.079988815
0.07004377
0.6964546
0.8084427
0.89439696
0.8590205
0.9032138
0.7598973
0.0585262
0.027492374
0.024028298
0.028919132
0.062098432
0.104698606
0.8284851
0.1171635
0.08298621
0.11462875
0.68747514
0.6955242
0.13682011
0.12670521
0.11907359
0.11913196
0.110727794
0.111872025
0.12697747
0.15043458
0.084589124
0.07441981
0.7464977
0.81587577
0.84161186
0.7146827
0.72766197
0.7591795
0.8509047
0.83441263
0.87245774
0.84894603
0.13126196
0.080613315
0.10062591
0.14118943
0.12345284
0.120207876
0.56128293
0.5678835
0.2422506
0.13915703
0.11029305
0.10509451
0.17761435
0.7456677
0.7882066
0.8581842
0.7743019
0.23652124
0.13466974
0.087925926
0.07352649
0.11877623
0.3307578
0.35752645
0.14055435
0.14961037
0.6192297
0.51872396
0.20892051
0.17847936
0.21431729
0.8760716
0.9312287
0.94764686
0.94282454
0.9085988
0.84071064
0.36226934
0.0744942
0.101292
0.1611946
0.71097475
0.20064652
0.14030032
0.13402106
0.16917308
0.5258735
0.5482838
0.5518413
0.17203233
0.18668246
0.31142473
0.3125045
0.40582693
0.2555507
0.5121639
0.39768535
0.39581215
0.5279862
0.68199486
0.7779683
0.23457325
0.18476042
0.2650435
0.17569026
0.12412641
0.114749
0.5766572
0.60013074
0.67450476
0.8441824
0.88976806
0.8330783
0.5072812
0.09915009
0.07570622
0.059501264
0.10687763
0.7547236
0.31991205
0.7868254
0.2925912
0.21895191
0.7148983
0.7768102
0.18778342
0.343979
0.8838079
0.9152737
0.74486417
0.053231444
0.027131585
0.022992559
0.025003737
0.043588176
0.03049724
0.046336707
0.08792432
0.9529884
0.97597563
0.9697299
0.94680095
0.11657214
0.03974177
0.027101949
0.02725383
0.06846005
0.09630743
0.10619946
0.14201546
0.7257496
0.12955172
0.20956504
0.7333708
0.8557084
0.52309483
0.1452369
0.14532734
0.3407389
0.16367769
0.19500051
0.28492513
0.6114783
0.9271271
0.90230864
0.15268287
0.06485029
0.051491532
0.06467298
0.09573433
0.68572795
0.7478727
0.5434164
0.7627807
0.08382958
0.11525502
0.1316494
0.1417325
0.2427216
0.9341074
0.90303296
0.7700731
0.73199594
0.7832265
0.8759791
0.8796723
0.8442511
0.22588848
0.17402452
0.14832467
0.13528427
0.13188499
0.63945884
0.17581986
0.28056717
0.16355942
0.124100775
0.15387414
0.32303852
0.87789106
0.9044652
0.11991598
0.08350686
0.09736293
0.10644692
0.11483537
0.16883491
0.22610572
0.90579265
0.8720796
0.14106616
0.12770665
0.7380671
0.8588583
0.90616965
0.8445002
0.8063016
0.79020524
0.8550519
0.81789434
0.15873404
0.18351261
0.69147843
0.75629234
0.22668289
0.24855527
0.25111815
0.3655512
0.3694906
0.23515284
0.25174457
0.29270732
0.18024479
0.39633238
0.31759784
0.5070122
0.5285692
0.7206906
0.55260676
0.51662236
0.5593997
0.23272188
0.20280464
0.16814375
0.18276945
0.23780227
0.29090887
0.69906694
0.5845756
0.7054016
0.61701304
0.68295836
0.5473089
0.62246275
0.3607292
0.37809467
0.45051074
0.35118237
0.31562036
0.2656267
0.19154659
0.21511002
0.14737909
0.12125965
0.15025838
0.26746473
0.6646035
0.730784
0.6150574
0.5828051
0.71997666
0.484567
0.517601
0.36633122
0.26552728
0.2513054
0.26309875
0.64471483
0.7748973
0.31127894
0.2733213
0.30655205
0.1630029
0.080583535
0.08865902
0.18009181
0.19131568
0.19004776
0.18737817
0.76145023
0.198792
0.38841546
0.74448425
0.75126386
0.84097797
0.72394997
0.70265394
0.7909532
0.33173558
0.27999192
0.7214433
0.49956143
0.5155571
0.78128266
0.8599416
0.90012765
0.8945835
0.8363026
0.6743717
0.32637882
0.22570856
0.14398056
0.10803908
0.12033733
0.24614863
0.40518868
0.54184824
0.63783437
0.67052424
0.42922786
0.5250675
0.43605667
0.23725009
0.25105196
0.2869667
0.3813215
0.4600968
0.37647295
0.45549855
0.52637386
0.39307472
0.71692675
0.68000895
0.7438481
0.8729901
