0.92158765
0.81157476
0.8887103
0.9398609
0.9060557
0.9249994
0.9359292
0.9390676
0.9312934
0.8999564
0.9038414
0.85154086
0.8981124
0.91059256
0.8912079
0.8769432
0.8627611
0.84253037
0.88323814
0.16282465
0.06145576
0.041662835
0.04022107
0.063897945
0.92058295
0.9255236
0.94108146
0.9345976
0.9604877
0.9486843
0.9324837
0.09313046
0.038690474
0.027106537
0.030365415
0.07518517
0.8747151
0.81202954
0.80191773
0.84634036
0.18848649
0.18350314
0.13759252
0.06991725
0.044009183
0.03956471
0.04009655
0.04438597
0.06438122
0.12837654
0.9196767
0.14439
0.11511839
0.70390224
0.09495733
0.102943376
0.7872619
0.09905831
0.11218581
0.16479562
0.94449854
0.953772
0.94927305
0.06923474
0.030779919
0.03198644
0.049490117
0.9263585
0.9383037
0.92522264
0.9217716
0.07516835
0.031878684
0.025893427
0.03662715
0.8877719
0.94258225
0.9446672
0.8263366
0.7193002
0.05827181
0.050870832
0.07376224
0.7572757
0.10403901
0.16137223
0.91672724
0.92513794
0.17991386
0.22882299
0.8671886
0.0691883
0.048947122
0.039687805
0.03853204
0.038577083
0.039050627
0.04618435
0.06705084
0.08595185
0.09872309
0.77551967
0.78620315
0.7925059
0.7701281
0.6429684
0.56808466
0.394094
0.6759007
0.39234474
0.19788563
0.19432579
0.2482453
0.28627703
0.5093641
0.33417228
0.33842018
0.2781668
0.23898932
0.23390839
0.33667108
0.37023592
0.5883685
0.60473037
0.8921001
0.90997803
0.853369
0.64531815
0.5796263
0.5254873
0.52578706
0.06300001
0.06238828
0.087166645
0.062141173
0.067048244
0.120621614
0.8836597
0.8993581
0.9052047
0.9048364
0.19525345
0.17215067
0.14846511
0.12900706
0.09933718
0.112802275
0.7061836
0.70232284
0.69664854
0.7418896
0.6440152
0.6386154
0.7564671
0.67720044
0.6893357
0.82591295
0.7981466
0.86113816
0.75940907
0.8007329
0.6805384
0.65134823
0.11071614
0.09323313
0.117545456
0.21035942
0.8334463
0.1035815
0.059316657
0.036106795
0.03358165
0.050860956
0.067955606
0.8823235
0.4119725
0.46776727
0.86810166
0.8389413
0.86046076
0.9174905
0.054195978
0.023284728
0.017962506
0.03344896
0.9344367
0.9625945
0.9775605
0.97179407
0.9099732
0.89078057
0.044836745
0.02728429
0.02524368
0.027906127
0.03433355
0.036777742
0.043609835
0.04342228
0.042711083
0.046138845
0.07727822
0.13695075
0.91881466
0.15136239
0.15311266
0.078125045
0.07477676
0.09795312
0.7331223
0.11643213
0.06355733
0.071684666
0.10301736
0.74540967
0.07288169
0.06641558
0.072647326
0.7386097
0.07746029
0.054902185
0.099066876
0.78071564
0.87815994
0.075716846
0.038594667
0.030550629
0.032064352
0.037701055
0.058293767
0.13194987
0.13314563
0.8945674
0.83474016
0.84868544
0.8009843
0.31325617
0.83680975
0.13296004
0.057390347
0.048169695
0.068817824
0.7579188
0.100562
0.100911625
0.18388908
0.887732
0.8483171
0.86127037
0.9016148
0.8745717
0.76891226
0.10029134
0.077147566
0.08723804
0.8103058
0.09022032
0.054718442
0.12938595
0.69446886
0.84308803
0.18859081
0.10802242
0.14488812
0.2014457
0.705583
0.19282338
0.2083599
0.16407739
0.17874067
0.6581546
0.24375014
0.22335997
0.3508869
0.6405791
0.21679886
0.16834132
0.21603633
0.5767133
0.60296774
0.5911731
0.38464323
0.39889917
0.20529075
0.22083788
0.3621816
0.34958676
0.26777804
0.5585575
0.5607724
0.72161686
0.5974304
0.46918732
0.30290997
0.172694
0.1988065
0.24484298
0.2837495
0.31011826
0.36505213
0.4811148
0.30074358
0.20991202
0.18068889
0.35319752
0.19799548
0.19618842
0.30405295
0.45556784
0.48244512
0.67532104
0.8092827
0.8092684
0.67866844
0.5682592
0.48307645
0.37769312
0.38136995
0.7467657
0.5713374
0.564236
0.45074007
0.3847046
0.5318495
0.21928808
0.19507103
0.18958189
0.6243917
0.5754366
0.12605433
0.14172842
0.6148608
0.5765189
0.62045556
0.61915576
0.6196501
0.55136275
0.15407585
0.14634223
0.5899538
0.28438798
0.37889096
0.45536602
0.8858375
0.8823201
0.8557799
0.72132266
0.6587696
0.7221952
0.63519925
0.76735306
0.7329146
0.21332507
0.1657337
0.116672546
0.09019906
0.048032787
0.036066033
0.036642298
0.03441741
0.061763994
0.106827416
0.93243814
0.8938894
0.9304406
0.0723809
0.041171424
0.030092625
0.038161304
0.03389436
0.028709345
0.03617873
0.052799843
0.07001672
0.09626538
0.77401376
0.7928522
0.89830065
0.8129474
0.07164725
0.036876034
0.036870822
0.04150504
0.041484296
0.042731375
0.053080864
0.7899958
0.07301972
0.050891828
0.042328484
0.66573685
0.8399827
0.89946216
0.9216721
0.930556
0.93493825
0.88104624
0.8970466
0.100065805
0.086165674
0.043224223
0.0676242
0.0859858
0.08424774
0.10778186
0.13424543
0.09416601
0.15818886
0.78724146
0.64189374
0.6413545
0.7848627
0.7649508
0.5702037
0.51833475
0.53408
0.61332977
0.66192555
0.77884835
0.19840054
0.16732293
0.1512086
0.15747292
0.76033753
0.3212824
0.73458624
0.18881215
0.15605351
0.11338607
0.08765125
0.06861178
0.058588564
0.069872096
0.18653491
0.16953178
0.8768966
0.73736626
0.74921286
0.7854875
0.8164221
0.81764597
0.8912515
0.9349725
0.9312364
0.8992931
0.8817318
0.1386889
0.09773047
0.095515005
0.094419524
0.7350875
0.2162029
0.15130562
0.13336048
0.36010537
0.3318039
0.17983961
0.25175595
0.28624323
0.16094938
0.19131413
0.24646471
0.36413798
0.35087028
0.39879552
0.7517383
0.44920567
0.55988973
0.82711554
0.84819895
0.8454689
0.8053744
0.7167802
0.5798878
0.49374136
0.3409501
0.3812512
0.4044839
0.47872287
0.2688547
0.23385055
0.54601854
0.62859577
0.3010887
0.18825899
0.27294925
0.2072322
0.20072281
0.22842719
0.18791294
0.31865242
0.27787083
0.32378596
0.8257608
0.7811418
0.9188984
0.9228181
0.9159155
