0.81924504
0.67996716
0.76523715
0.7016217
0.7041994
0.6871425
0.8168431
0.83633924
0.716353
0.72049415
0.4778039
0.45052534
0.39251992
0.23899087
0.24611789
0.31335852
0.42414936
0.71334326
0.7180736
0.47081235
0.3992996
0.30848315
0.32609007
0.73722816
0.6519197
0.63371116
0.5541628
0.11278497
0.11663728
0.15134014
0.69079536
0.16156878
0.074340895
0.051362008
0.048418857
0.03360841
0.025121374
0.022554249
0.023214092
0.026286103
0.053181518
0.100422435
0.975911
0.98418945
0.97796565
0.91532034
0.03638936
0.0175079
0.0142687755
0.014286988
0.015582513
0.014797964
0.016843563
0.044589654
0.13250361
0.8804144
0.9198296
0.73274976
0.16742069
0.1527549
0.6480432
0.16523293
0.12509401
0.1204586
0.123095386
0.10001257
0.0750323
0.062011667
0.062792435
0.10830879
0.79554194
0.8483448
0.88811475
0.907201
0.8992199
0.7988524
0.16867645
0.12040308
0.11080597
0.607098
0.13172401
0.17176786
0.23063213
0.57926697
0.6355031
0.61592865
0.747673
0.79919165
0.79429364
0.6543542
0.76105577
0.7618074
0.658385
0.6830468
0.60218817
0.43124792
0.44747198
0.35349345
0.39036825
0.28867403
0.40547976
0.57984596
0.60237163
0.40544736
0.4249168
0.41946197
0.40992022
0.42063883
0.41102272
0.5004229
0.58688
0.6344555
0.6266466
0.229661
0.19364315
0.19022053
0.16293868
0.16092864
0.48451376
0.3802686
0.38788575
0.35960537
0.26405916
0.17533174
0.16749692
0.21754707
0.34907076
0.20905301
0.18390696
0.28382733
0.65920097
0.56511146
0.6468321
0.7891792
0.7733255
0.5967642
0.416383
0.18669187
0.34361735
0.19816966
0.14027314
0.12247589
0.16697201
0.29078454
0.45002073
0.40006298
0.173967
0.09811674
0.0652263
0.0939739
0.63740677
0.6563035
0.76951724
0.8705814
0.5094159
0.15869652
0.083000615
0.10488569
0.15433483
0.26698932
0.27567557
0.26243564
0.35460654
0.25457647
0.4237165
0.6019741
0.6568707
0.77380985
0.56063867
0.50735503
0.5497412
0.7610883
0.815873
0.7089447
0.84268373
0.81069005
0.53532356
0.4493262
0.116568744
0.06152828
0.03769557
0.06183437
0.09492873
0.7135885
0.79244643
0.899737
0.13077915
0.05303595
0.026917074
0.021423781
0.024906334
0.07353832
0.072602265
0.073942296
0.86790055
0.8996544
0.90961736
0.90250003
0.9347706
0.1168314
0.040429924
0.027605357
0.027368879
0.027411146
0.03515519
0.044776097
0.086528614
0.74871624
0.08463357
0.06121149
0.06267497
0.0882976
0.123995915
0.6435894
0.49295038
0.5369766
0.47199124
0.57712334
0.61238843
0.14853995
0.21969023
0.65659726
0.7338361
0.77771586
0.712875
0.63498014
0.17492025
0.21289268
0.7743153
0.7842427
0.8337123
0.279821
0.17857707
0.11315054
0.08599813
0.07963272
0.07268005
0.07606826
0.10865858
0.32744676
0.7591567
0.6345018
0.20177837
0.14973472
0.14415209
0.16855623
0.15222903
0.20297302
0.23578753
0.18653436
0.06832658
0.04199882
0.053787436
0.09472669
0.69677156
0.14770982
0.08777699
0.036617257
0.026169406
0.029315487
0.73786724
0.92709726
0.96379495
0.8914287
0.88589376
0.8877829
0.92165804
0.91566855
0.046602312
0.02121601
0.019988934
0.03809129
0.049595714
0.06621038
0.06916761
0.073251925
0.09065733
0.122938156
0.14884207
0.18353093
0.6897706
0.5858935
0.58034986
0.14248388
0.1124521
0.11886821
0.15049756
0.85767835
0.20756663
0.14868924
0.11701825
0.14596592
0.100719586
0.07635297
0.077788845
0.73188925
0.08283385
0.08429115
0.12077905
0.14574729
0.8342766
0.23769565
0.26824623
0.3005486
0.812
0.8621388
0.8823654
0.8538642
0.84518075
0.8169572
0.7978684
0.78867966
0.7425665
0.70667356
0.72325003
0.31980667
0.30051932
0.7619812
0.87960666
0.20507145
0.07997343
0.119246446
0.87376493
0.92778283
0.94309413
0.093753584
0.069439285
0.11086758
0.8474725
0.9167657
0.23030864
0.20327254
0.18109643
0.12706362
0.05748117
0.051238645
0.08877025
0.07088453
0.061360557
0.08178623
0.116079606
0.16838038
0.13081332
0.13437879
0.21406937
0.25215235
0.8760739
0.21472025
0.13352512
0.1481984
0.20332395
0.7095004
0.70924205
0.7236881
0.74339134
0.755379
0.75113606
0.7386196
0.6501733
0.18402116
0.15275283
0.17135397
0.216149
0.18713786
0.63984966
0.5646179
0.25806466
0.621288
0.2110515
0.22678775
0.29876485
0.21197185
0.17474812
0.17784914
0.20176546
0.23809583
0.20062001
0.17731991
0.14445184
0.6340597
0.27443844
0.29493603
0.19387262
0.13463128
0.29707417
0.4161265
0.35882908
0.7171575
0.38173905
0.45034513
0.4630021
0.35632318
0.12668921
0.10751956
0.094331026
0.7201174
0.11484546
0.094149984
0.07428336
0.06814646
0.06961803
0.91723454
0.95233536
0.96686333
0.9569385
0.84802985
0.13480774
0.029285997
0.021763276
0.021949477
0.040497873
0.03694609
0.058293283
0.034715086
0.030567825
0.037930418
0.066962965
0.04967311
0.07364011
0.9057484
0.9563197
0.92706746
0.89468235
0.8733814
0.08098747
0.040383063
0.03891059
0.053849768
0.8488992
0.797188
0.8408874
0.13224515
0.15133645
0.9102715
0.89531094
0.9012142
0.10397564
0.046240617
0.033388745
0.023078043
0.023700155
0.03979882
0.10091333
0.8697626
0.85700184
0.85611224
0.11938507
0.10269802
0.1220263
0.16355132
0.22241834
0.8879747
0.083529904
0.05287685
0.06813672
0.10943626
0.16259687
0.21405032
0.29437062
0.75624144
0.7257903
0.58259344
0.6895979
0.6846239
0.75853676
0.80746216
0.81344914
0.7914934
0.7639847
0.72289366
0.73140764
0.71305066
0.64138895
0.5047314
0.6177192
0.6469457
0.6165281
0.55469495
0.29594153
0.34261084
0.24133937
0.30824208
0.3108708
0.2584132
0.38882807
0.44258943
0.5042367
0.52138895
0.486353
0.4470573
0.34914407
0.23533879
0.24497211
0.46867543
0.46560842
0.582076
0.6327862
0.73035234
0.6536176
0.60585237
0.62928015
0.5795697
0.24521382
0.20619592
0.27550077
0.4842183
0.4682146
0.6624707
0.4871742
0.32591522
0.33890375
0.40252995
0.49676058
0.60692227
0.35797715
0.39630258
0.5683301
0.69509524
0.6893002
0.6755277
0.6885245
0.53744555
0.6620496
0.45597798
0.37881953
0.37186462
0.4477373
0.47237095
0.733617
0.739904
0.8131405
0.8331528
0.83062595
0.8002841
0.763066
0.41594398
0.22245295
0.1670184
0.16064978
0.1478048
0.17233925
0.19190249
0.21976317
0.38050938
0.4849833
0.38325584
0.6632965
0.5841482
0.438938
0.31137702
0.22836193
0.2659885
0.2519046
0.19094366
0.18025799
0.35981703
0.26288137
0.47176507
0.4609843
0.41281497
0.36629605
0.38100275
0.37682647
0.42396307
0.37619826
0.38577417
0.34679887
0.64155614
0.5877585
0.2772594
0.28248718
0.31145594
0.39230293
0.6464792
0.572511
0.5429463
0.44120342
0.4499019
0.24775563
0.2271429
0.18040206
0.12639895
0.12086436
0.15259808
0.19100055
0.52944034
0.47405624
0.5614415
0.6577352
0.80819255
0.15675405
0.09737271
0.09465789
0.086964205
0.105879225
0.65844226
0.75227433
0.6226482
0.56924796
0.63746864
0.70161587
0.14102389
0.12379664
0.085988946
0.06581643
0.06643369
0.062646955
0.104500614
0.101480536
0.13056234
0.13702635
0.101576775
0.10705185
0.13456929
0.18039538
0.85977656
0.8712723
0.8625042
0.76968163
0.6681952
0.7025355
0.7318587
0.77093107
0.7761029
0.31124237
0.696303
0.08461063
0.0528002
0.060268536
0.12238716
0.83147234
0.50778055
0.5000616
0.80323255
0.793304
0.79166466
0.78106236
0.7824655
0.84965605
0.54653615
0.5348878
0.8772644
0.09193989
0.061182465
0.04708359
0.043222796
0.04772861
0.066410504
0.09271159
0.067465425
0.076783344
0.1158593
0.14847286
0.14431836
0.12377304
0.0919252
0.07098891
0.05942843
0.058226082
0.073136464
0.11071334
0.7433442
0.8603099
0.8219886
0.84808147
0.8108186
0.8112182
0.20874894
0.12020859
0.0878038
0.0893567
0.121089086
0.7181522
0.6048768
0.52422273
0.4831711
0.5192865
0.6360598
0.8252668
0.8764543
0.8669127
0.2232123
0.1266346
0.08405114
0.07666914
0.07156295
0.060542896
0.06007732
0.069790654
0.77378243
0.7820274
0.8880292
0.8233084
0.13609017
0.051128935
0.041165043
0.058313213
0.8902563
0.95090544
0.9519478
0.82780236
0.0451867
0.026724374
0.0514751
0.17315613
0.93022054
0.898936
0.10213741
0.044980496
0.032566573
0.039930254
0.06352914
0.06523221
0.14784087
0.31246936
0.7069218
0.14919385
0.2611279
0.19929792
0.17755906
0.164684
0.18287829
0.77558273
0.88887215
0.89762586
0.6719418
0.5966789
0.6343197
0.80874306
0.7722726
0.778028
0.838146
0.35998502
0.28875983
0.121533945
0.09392846
0.15201041
0.2933958
0.800726
0.7552778
0.47598138
0.4115572
0.36497253
0.21563943
0.1414472
0.2189722
0.16276602
0.25499615
0.5338392
0.5092019
0.70793766
0.18789895
0.16961785
0.2255253
0.24864478
0.2085265
0.16086172
0.18145613
0.15227123
0.2464333
0.7823939
0.81009513
0.8664228
0.82622266
0.7776217
0.7409349
0.13339531
0.089236274
0.10321558
0.13509035
0.19331795
0.33181563
0.63931906
0.23595235
0.20894197
0.311125
0.73546714
0.5857355
0.31412002
0.23776898
0.19310668
0.12110373
0.154872
0.36094558
0.31553063
0.50271255
0.5236085
0.3442964
0.26990578
0.37342808
0.43215692
0.55436486
0.510648
0.44592482
0.40250352
0.24087425
0.22941439
0.41522643
0.21333113
0.2805426
0.5020351
0.36478138
0.2618907
0.47880208
0.68647695
0.5578093
0.49215624
0.18917644
0.11184527
0.10021835
0.08357551
0.12963955
0.20709309
0.4146536
0.89312464
0.7771458
0.68333924
0.23380108
0.112461574
0.078622825
0.24554482
0.16705564
0.1578267
0.20307796
0.21076156
0.29409742
0.6221959
0.7329146
0.29835135
0.27504542
0.2371323
0.23055843
0.50306815
0.45535022
0.3669053
0.33708385
0.22930263
0.26571897
0.34762427
0.37227556
0.4431297
0.47293037
0.45075512
0.49725598
0.54997474
0.7085714
0.5682872
0.28822997
0.16449109
0.1793975
0.20452635
0.16415592
0.15185264
0.46823624
0.8224748
0.8790514
0.8236265
0.5653823
0.18966623
0.11192399
0.12984733
0.36732432
0.5945456
0.7757862
0.2009211
0.18149966
0.1274449
0.07643383
0.11335219
0.09964042
0.05805127
0.06971446
0.07213531
0.09906542
0.1726705
0.1393459
0.1703645
0.13995196
0.7124385
0.6540896
0.70751727
0.8323391
0.796345
0.78232133
0.8578274
0.3347889
0.16317886
0.7322957
0.7573463
0.15356188
0.138261
0.14022152
0.14867285
0.1309417
0.0975222
0.11755557
0.851533
0.8242387
0.16815408
0.12821618
0.10146148
0.78606457
0.22696489
0.23058921
0.7669535
0.7160932
0.73615175
0.8542985
0.5347093
0.5144284
0.85121405
0.06330656
0.051794536
0.06693282
0.7847694
0.7532901
0.056303155
0.031164907
0.027144952
0.054726947
0.087846175
0.11190487
0.1412422
0.9253819
0.1010461
0.08239035
0.787926
0.8867891
0.8885348
0.8905934
0.17284173
0.10208297
0.052100852
0.04487308
0.052991472
0.055330876
0.065739155
0.057840016
0.062462106
0.061063316
0.053633176
0.05484262
0.10808968
0.34897122
0.9098825
0.8782031
0.24329874
0.122110255
0.09855914
0.08109472
0.059358932
0.09695055
0.6914167
0.65380204
0.57348055
0.70362437
0.13228719
0.08964187
0.06747434
0.16773847
0.19851907
0.21436563
0.324583
0.38556078
0.32530963
0.30589685
0.5924272
0.7089124
0.52922106
0.19238329
0.22124003
0.3760486
0.8499147
0.8152612
0.28449
0.30820397
0.3478206
0.75542897
0.21043542
0.17934099
0.13746847
0.11696902
0.074455045
0.06124787
0.13133778
0.7128816
0.7865136
0.9019362
0.8905398
0.3762427
0.86478513
0.10098203
0.064032346
0.08159819
0.6439095
0.7531415
0.2615846
0.06270631
0.04090347
0.046051662
0.82787
0.6917196
0.9563658
0.9632378
0.96708983
0.9594113
0.9265189
0.79710215
0.79971313
0.06460365
0.03983617
0.03893849
0.08025814
0.07876069
0.05649746
0.06762903
0.08555844
0.8198666
0.7609439
0.7750121
0.78210056
0.7861495
0.82248265
0.8390699
0.8963474
0.09402143
0.054036293
0.056509234
0.076968774
0.75655013
0.15545744
0.13341928
0.10245668
0.060921032
0.06301538
0.79737854
0.75477487
0.9063565
0.92235315
0.80950975
0.8015012
0.80142486
0.81161726
0.91629887
0.9404367
0.9185966
0.90991515
0.09561134
0.09184273
0.1226755
0.07785233
0.060317956
0.100027435
0.14070755
0.113436274
0.6681243
0.1784742
0.7294759
0.801577
0.2889915
0.1990376
0.15989307
0.30907482
0.55708957
0.57446814
0.47865152
0.44061476
0.48198473
0.5128992
0.4577757
0.36691123
0.36236423
0.300001
0.39664525
0.39814323
0.35460585
0.4606634
0.592751
0.6644788
0.45731053
0.41064516
0.3063854
0.32162547
0.611353
0.473756
0.45015255
0.60205024
0.24419402
0.23151848
0.42965892
0.41792142
0.7419464
0.61391634
0.52515453
0.44973716
0.4151183
0.2053385
0.23861325
0.28926307
0.28919187
0.7405649
0.6219905
0.41795617
0.2638317
0.15186213
0.16653015
0.3609928
0.48695013
0.39390427
0.43787807
0.47937408
0.48407823
0.44964704
0.6017577
0.3436519
0.23336066
0.1513522
0.25134256
0.25534716
0.28080228
0.59132344
0.5018978
0.7885286
0.7240473
0.42507967
0.29249132
0.17807592
0.2823095
0.30372623
0.3727176
0.4816136
0.347452
0.35848886
0.3643812
0.44489804
0.54701585
0.5883737
0.6184384
0.6974924
0.54743725
0.5422482
0.707779
0.6313243
0.81704783
0.8419284
0.734759
0.716481
0.86735123
0.89150745
