0.34688824
0.15889157
0.09026732
0.12168749
0.3270114
0.39836878
0.18285792
0.29752344
0.38674662
0.79706395
0.61542326
0.55092573
0.41124135
0.18635847
0.13057022
0.14842616
0.10464866
0.10181035
0.13560803
0.73935694
0.83744377
0.4798796
0.84584594
0.721921
0.7331421
0.8205691
0.7334988
0.73981094
0.9027042
0.08238449
0.04046106
0.032549553
0.036109574
0.038171
0.036850877
0.038651012
0.049635034
0.08880233
0.8972274
0.84273595
0.8536879
0.8709412
0.78306127
0.7549116
0.7534231
0.7951579
0.8658742
0.79705894
0.8033125
0.9252285
0.94097733
0.8518578
0.8249875
0.84766406
0.07252784
0.05072934
0.05590382
0.08505701
0.047095675
0.046602312
0.037242763
0.03557908
0.065325506
0.79911864
0.94401276
0.9581333
0.92606723
0.80993176
0.7043246
0.22307834
0.82427096
0.8803943
0.10573055
0.06479959
0.041303046
0.027630098
0.036246154
0.040807445
0.0746666
0.7625125
0.92592704
0.18497805
0.052842952
0.02656046
0.019666381
0.015958134
0.015149087
0.015828103
0.02629949
0.020908475
0.026881551
0.020571433
0.046406727
0.9303679
0.947544
0.9640765
0.95183086
0.9473136
0.90939116
0.9121343
0.02665646
0.016273255
0.015164631
0.017337048
0.020602252
0.021138858
0.027083308
0.069321476
0.10183043
0.7693746
0.05717581
0.044885226
0.08407149
0.7588893
0.7708271
0.10590226
0.040794495
0.04829358
0.041371584
0.12556984
0.051786244
0.028296256
0.021861447
0.033386867
0.8812856
0.9717097
0.9765179
0.9125397
0.9417352
0.031838205
0.017735202
0.020013433
0.0469116
0.06527632
0.08980704
0.07592304
0.10575512
0.8224248
0.22149836
0.24790251
0.7642031
0.12460969
0.096452996
0.13687404
0.059987247
0.04962952
0.0650567
0.1100848
0.0865361
0.8928135
0.8538325
0.88500243
0.8618312
0.11096063
0.07119992
0.04447563
0.036119517
0.053161867
0.050102606
0.1040777
0.8026084
0.44293514
0.78480804
0.37256962
0.1587987
0.06732233
0.08331805
0.1876955
0.12921423
0.12282868
0.17353037
0.18758146
0.18827957
0.40596783
