0.8157518
0.6344912
0.689524
0.70239455
0.7911696
0.7519381
0.79289633
0.69279367
0.5993776
0.50240904
0.19616406
0.14466758
0.17294225
0.30552977
0.40931445
0.60804015
0.84191203
0.69181496
0.20347697
0.11247905
0.08849907
0.087607
0.08276095
0.05237095
0.045500703
0.08787599
0.8646459
0.75768703
0.69493455
0.6902457
0.70756644
0.8320848
0.9149338
0.9251301
0.09512393
0.035113476
0.025315363
0.034951758
0.040026117
0.04921247
0.092909366
0.2317604
0.72284836
0.7233032
0.74784815
0.2499006
0.18729316
0.23148748
0.33539543
0.2046729
0.14579673
0.12571162
0.1793705
0.4291521
0.5502541
0.75281596
0.66239727
0.7727195
0.64802814
0.5628636
0.51427746
0.20788004
0.15082513
0.12067163
0.13768753
0.22456813
0.24007367
0.34150764
0.40721804
0.51479155
0.7041706
0.5409268
0.6338537
0.6245416
0.7701879
0.7545914
0.42941102
0.28040788
0.207645
0.17564878
0.15094905
0.1667679
0.17073378
0.35918614
0.39397082
0.44394296
0.5523821
0.7267199
0.7699301
0.68941945
0.7138218
0.44566068
0.3479935
0.25664708
0.19127709
0.17061502
0.21201044
0.3462174
0.5868146
0.85872775
0.87279946
0.8471671
0.4457937
0.3040194
0.1091419
0.0703583
0.08318918
0.66608846
0.76801044
0.7966098
0.82633
0.84721106
0.8542184
0.8417143
0.15127292
0.10292363
0.10548489
0.13327855
0.19901997
0.63089097
0.70329845
0.31273204
0.31831643
0.22534841
0.19883564
0.2227003
0.17704979
0.63064075
0.7352055
0.6021984
0.57453215
0.6033768
0.18396549
0.125963
0.11110683
0.623128
0.30519578
0.7243568
0.23354395
0.08336849
0.066492766
0.06363147
0.04648986
0.03878644
0.03989762
0.054641124
0.78898513
0.8057399
0.8730307
0.5661258
0.90445775
0.89854735
0.8270132
0.8816208
0.6725819
0.20525086
0.7884841
0.74601007
0.80013216
0.0666572
0.055286873
0.04159133
0.045734007
0.1014295
0.0738958
0.060327746
0.106575504
0.7520291
0.2489323
0.681481
0.094584174
0.049222603
0.069351226
0.07870778
0.083980545
0.11549632
0.15074039
0.13400716
0.16102776
0.817613
0.74385834
0.5616888
0.45683122
0.52615803
0.4923572
0.5127187
0.281324
0.6217777
0.7886716
0.86045593
0.814322
0.64112884
0.6729624
0.48829463
0.4513075
0.61061525
0.31024253
0.52573574
0.19930416
0.21325134
0.23380066
0.4951414
0.3302215
0.27171996
0.4301824
0.25577864
0.1607434
0.10657596
0.15385187
0.37490356
0.53567547
0.7234531
0.8704049
0.86097926
0.6359314
0.13383196
0.059453454
0.07098113
0.059892673
0.18106174
0.59612495
0.90826654
0.9396658
0.89005
0.68336195
0.6047719
0.07193751
0.07808012
0.12235998
0.13673754
0.07122135
0.06003073
0.07184279
0.122192144
0.23233207
0.95596343
0.9489631
0.114419945
0.030059319
0.023570228
0.021487243
0.025397195
0.034648456
0.056722812
0.9222144
0.8120127
0.38539383
0.872172
0.14332888
0.099712424
0.04494073
0.032718852
0.030313293
0.030967867
0.031199109
0.034058925
0.0348123
0.036423035
0.03947897
0.03929633
0.037435748
0.037697896
0.042641595
0.056337837
0.8348256
0.105745345
0.12125826
0.23925726
0.924998
0.39963046
0.2031627
0.86899334
0.9362867
0.91962594
0.91000724
0.8748682
0.9243702
0.87445176
0.14028513
0.1504884
0.87905836
0.06467847
0.032315705
0.026630828
0.026469508
0.027105117
0.027360238
0.028319344
0.03149463
0.036479026
0.040940646
0.05956987
0.8463761
0.09049854
0.10053172
0.7939397
0.052289955
0.031584032
0.02666087
0.031916376
0.038054086
0.052511793
0.8760043
0.41723326
0.9455684
0.9504528
0.92732245
0.79634064
0.7629638
0.051624365
0.027543917
0.02856468
0.038844325
0.075435214
0.81197274
0.7075395
0.1251629
0.13954298
0.8586048
0.12951839
0.073415644
0.055947617
0.052644063
0.06937403
0.110486
0.16414031
0.82964045
0.17510463
0.15669878
0.5812186
0.5293951
0.6780505
0.76203763
0.7226418
0.70344466
0.7504304
0.70348865
0.6387854
0.58106995
0.6699713
0.5719349
0.5264815
0.50799286
0.63031566
0.71025044
0.6445007
0.6266113
0.27456826
0.3673517
0.4411985
0.74922264
0.56260157
0.6033934
0.30698022
0.3039895
0.29725876
0.65687376
0.69308054
0.15454222
0.08662117
0.073915385
0.082768194
0.09372986
0.12919806
0.092337325
0.7603093
0.70661217
0.7059706
0.6541692
0.5931242
0.6228522
0.15489776
0.18046965
0.19631793
0.25881088
0.1155763
0.09956388
0.1298477
0.105184644
0.115459695
0.15060858
0.7430573
0.8939889
0.41484615
0.10555562
0.055869654
0.061830036
0.063343324
0.0809875
0.70579094
0.07096603
0.09547143
0.14084287
0.24277624
0.9235839
0.27012637
0.100283474
0.047628824
0.075328864
0.12556207
0.14153545
0.13834873
0.888124
0.7399816
0.74021775
0.85506296
0.8364173
0.83230186
0.88361037
0.845235
0.8565242
0.89388365
0.872833
0.88796115
0.8821521
0.13551024
0.127246
0.102025785
0.070698924
0.09340411
0.12265479
0.1256439
0.77545726
0.7504511
0.1281905
0.09790029
0.09793277
0.14424999
0.90484536
0.89575243
0.84333086
0.8597669
0.78810537
0.72077197
0.14394237
0.10888056
0.10822084
0.10969734
0.11467083
0.17545846
0.70922786
0.74887025
0.28705058
0.28538415
0.4267565
0.5880973
0.55064285
0.5351199
0.5345228
0.4628211
0.17064139
0.20329933
0.1675347
0.2415099
0.22230618
0.50157
0.25403425
0.5572963
0.3475317
0.38997343
0.21232682
0.21366993
0.40255234
0.70474184
0.36568964
0.47975537
0.7795008
0.82572156
0.7496608
0.7057006
0.7040727
0.29940358
0.21248536
0.17538959
0.14724122
0.15454073
0.22329742
0.3277227
0.64493465
0.38385937
0.7234852
0.6045881
0.68807924
0.592435
0.61908907
0.6855123
0.54238546
0.460574
0.2752099
0.21679147
0.19929096
0.24909283
0.28345394
0.2617602
0.2571318
0.30744094
0.42841318
0.4327358
0.468322
0.3977013
0.5102076
0.33185032
0.28203663
0.32406896
0.43066075
0.38538292
0.4737831
0.50137633
0.47512382
0.4818173
0.47450435
0.47729212
0.41271392
0.21525493
0.19710068
0.26885885
0.34942615
0.50310975
0.468318
0.5203934
0.5699832
0.5161158
0.44558373
0.3845143
0.4679689
0.2072648
0.2384987
0.27902925
0.27739298
0.28687784
0.39092067
0.7263307
0.7174811
0.83426756
0.87937963
0.50597185
0.15957098
0.08793323
0.098272815
0.13713965
0.18373628
0.17028658
0.2004704
0.8220299
0.23442194
0.20732112
0.26570886
0.78611547
0.71411353
0.6905573
0.65867937
0.76619184
0.7462188
0.6925406
0.6401251
0.5930034
0.6730795
0.82137257
0.78368115
0.16364005
0.15490106
0.12032845
0.10970337
0.10941544
0.8139869
0.071291484
0.0506869
0.049940366
0.049937762
0.052597005
0.06860611
0.8567794
0.071543194
0.044959582
0.04523894
0.047187436
0.11412442
0.17814587
0.9283289
0.9403038
0.90518475
0.89228815
0.84336853
0.88045377
0.93633205
0.9095254
0.8639574
0.061675824
0.049939685
0.058949552
0.811083
0.08633164
0.05220888
0.08390111
0.822476
0.06393616
0.04187476
0.052229486
0.0709622
0.8786349
0.84970576
0.84886414
0.87819976
0.90261626
0.85829586
0.8723884
0.79076153
0.09239833
0.05009474
0.046967447
0.070345215
0.0956828
0.10272814
0.10375102
0.7717636
0.72759414
0.6893669
0.69107676
0.7968389
0.19246338
0.14358912
0.16281612
0.17509766
0.88995856
0.122183524
0.054188427
0.04379434
0.07440784
0.07058299
0.043806132
0.055165935
0.85294324
0.05083208
0.03282227
0.030585613
0.06921238
0.116405115
0.92640084
0.052329734
0.028612996
0.030850448
0.060539424
0.9746309
0.980225
0.97874075
0.9663048
0.038744498
0.019809349
0.016112676
0.015698764
0.017441552
0.018301936
0.019947015
0.020092435
0.019674461
0.023249578
0.03557384
0.06857916
0.11135218
0.90987587
0.08056948
0.06964957
0.14066966
0.88409525
0.7909201
0.08629942
0.06566226
0.12529121
0.22271146
0.9070401
0.87693584
0.11112841
0.06532552
0.08646303
0.77117586
0.6716763
0.6474341
0.06842948
0.052696783
0.047747176
0.058319822
0.14878324
0.7945957
0.8182237
0.92918307
0.09754523
0.08891326
0.07521199
0.04929717
0.050080743
0.07679737
0.7594757
0.76561683
0.7539487
0.810365
0.90811443
0.9118857
0.8804453
0.8645152
0.86119753
0.8575392
0.8555707
0.8522351
0.823723
0.83054745
0.11220621
0.076423034
0.07730401
0.10715875
0.1328569
0.14616714
0.85311353
0.75378793
0.72458404
0.18579501
0.10547364
0.086839624
0.17842908
0.2459889
0.823202
0.7668629
0.7513365
0.7654015
0.071725994
0.073426485
0.08472921
0.08934868
0.073186986
0.066329665
0.072796606
0.7614671
0.16217256
0.174519
0.7563295
0.79285
0.8226535
0.8313943
0.844406
0.8669317
0.8485478
0.8198751
0.79478663
0.81498665
0.09037421
0.06159736
0.057376157
0.07972703
0.12081332
0.15961047
0.16518487
0.115990594
0.110186465
0.82926726
0.3666439
0.28371528
0.18770045
0.785572
0.35129148
0.28577778
0.23007008
0.7538849
0.6893201
0.7757716
0.8431328
0.7897446
0.8800943
0.8560185
0.7278709
0.65542716
0.17070544
0.173869
0.23049344
0.7437684
0.24686375
0.2676987
0.76161397
0.7892654
0.4111151
0.73201984
0.119134635
0.13566719
0.1684696
0.29990077
0.90848285
0.90773386
0.4330805
0.3302362
0.10764944
0.094040334
0.12603332
0.7347327
0.8667933
0.8882663
0.8383969
0.6488069
0.20845819
0.15417345
0.5420704
0.16336857
0.21619588
0.2657272
0.41865668
0.42474952
0.2764305
0.18181968
0.20618458
0.14672193
0.21219708
0.31854057
0.26784524
0.22255298
0.16503893
0.2512387
0.46735916
0.3621258
0.44282475
0.47938833
0.5643666
0.67827046
0.35498062
0.31372657
0.23960079
0.20080678
0.2570107
0.28466317
0.6843849
0.54202896
0.43423364
0.41869792
0.5543805
0.7504592
0.46010476
0.19187126
0.19082342
0.478032
0.5188843
0.50936097
0.5494601
0.5476059
0.13025261
0.29657513
0.27780548
0.55132645
0.5222451
0.23337626
0.19873574
0.16873534
0.16848458
0.14589876
0.13759483
0.18226816
0.7395058
0.6050102
0.54220587
0.5633869
0.74917924
0.12930977
0.08116377
0.07340867
0.10259036
0.17112875
0.33658406
0.83954513
0.6889533
0.7001152
0.72921216
0.7478511
0.80278444
0.69129854
0.62605655
0.63451463
0.64754295
0.10481088
0.10399347
0.21925819
0.731184
0.75209606
0.7966261
0.109524846
0.06388946
0.071946844
0.09007234
0.10292392
0.09143818
0.08839067
0.112487085
0.22587116
0.85030323
0.11301307
0.08922473
0.055090334
0.05475429
0.09035371
0.25140312
0.8151918
0.8510101
0.092640065
0.1408557
0.061884735
0.050315034
0.08782225
0.13259403
0.8411909
0.808985
0.82190233
0.88299733
0.8601874
0.8534466
0.8855789
0.8385665
0.73971653
0.7897984
0.16779852
0.08067752
0.078309305
0.80201805
0.8129886
0.8742962
0.9097627
0.8135148
0.7804351
0.082753494
0.059861332
0.102521524
0.7773398
0.8007745
0.8822324
0.8294773
0.8107882
0.8062975
0.883204
0.8382828
0.8097969
0.7847546
0.08688698
0.049677078
0.059935708
0.08721368
0.119031325
0.16348788
0.8663719
0.83714247
0.2209606
0.15747483
0.14004806
0.129806
0.13015388
0.19982995
0.8764135
0.9166366
0.9336505
0.9005929
0.777562
0.7108803
0.8218119
0.24520217
0.18679307
0.15280867
0.12781988
0.133914
0.1681684
0.7956129
0.8134101
0.83313143
0.8132224
0.8083294
0.8156077
0.8322534
0.8740382
0.9208433
0.9175146
0.86991024
0.8733902
0.7746543
0.8539791
0.8652771
0.86444384
0.9092915
0.930543
0.92796177
0.88583094
0.9309914
0.91564715
0.88861054
