0.9249514
0.8098633
0.7734059
0.24339202
0.2430577
0.20226943
0.13257916
0.08388729
0.06759278
0.08384735
0.71836144
0.739495
0.9148805
0.9529605
0.9437972
0.87761956
0.87584144
0.8024145
0.062962435
0.044866752
0.04112085
0.033623025
0.04006303
0.054860394
0.03788948
0.035210844
0.052027214
0.11685965
0.94585145
0.88568276
0.88226676
0.9210385
0.8068093
0.070855245
0.047370687
0.05500145
0.7356753
0.11107819
0.15744627
0.8578878
0.11901481
0.080068514
0.08714008
0.10710621
0.12635387
0.68405247
0.7839915
0.81103784
0.6645099
0.20971228
0.23062052
0.29083958
0.38314024
0.49852225
0.8586087
0.8427496
0.797467
0.7871031
0.7403692
0.7351775
0.7023481
0.75240874
0.844182
0.87541735
0.81453216
0.7950369
0.8622401
0.8395934
0.71700835
0.2299158
0.18145087
0.1592741
0.714245
0.83654183
0.94622445
0.9535622
0.94444174
0.9361128
0.2771041
0.172873
0.1277156
0.077203006
0.08859689
0.10304862
0.1128027
0.12365255
0.82759017
0.09878219
0.07859827
0.07374769
0.079096615
0.117499284
0.17163914
0.91374147
0.3063809
0.28310895
0.88529027
0.07806814
0.063128404
0.04918564
0.04361176
0.052368797
0.059660677
0.80325794
0.8146235
0.9104113
0.8884873
0.8638605
0.84100336
0.79366785
0.078314535
0.05397368
0.06873307
0.79168457
0.10332666
0.10528973
0.101324
0.1550301
0.90834916
0.84535074
0.80611444
0.8205165
0.91389996
0.8925782
0.87802154
0.055619527
0.040556535
0.024776507
0.0227682
0.031123975
0.02962006
0.03265634
0.036652476
0.030601777
0.028259236
0.045468874
0.9625779
0.9451308
0.97269124
0.9698406
0.057615463
0.024326175
0.020510586
0.02521342
0.060278468
0.87713826
0.861047
0.087193035
0.04024926
0.032727916
0.032191258
0.03792904
0.054370757
0.052546
0.06473086
0.06552088
0.060629256
0.046587035
0.053085282
0.06975771
0.83280134
0.79382306
0.7584059
0.76025975
0.725826
0.04788054
0.039459106
0.081181705
0.093178995
0.072163604
0.123414464
0.23288667
0.291778
0.8804146
0.14686385
0.13285814
0.13217586
0.15460934
0.14096074
0.26688486
0.8679957
0.85563064
0.3421434
0.25661215
0.28745866
0.2625359
0.17204769
0.5319762
0.29283887
0.38547477
0.83031386
0.8421313
0.71452916
0.78495467
0.13110852
0.096466735
0.12107946
0.105964385
0.11752523
0.12563978
0.19645558
0.79232514
0.7107064
0.6073447
0.25093725
0.20318086
0.19549437
0.21531826
0.21762724
0.23498116
0.2293255
0.36148915
0.41757485
0.44042218
0.599834
0.27491638
0.23502596
0.24696226
0.43725994
0.28293154
0.24624284
0.2018144
0.20294695
0.18189391
0.16063227
0.18493196
0.18580797
0.1780652
0.17830169
0.20707078
0.27231485
0.5509776
0.45134774
0.42007464
0.22400312
0.24724686
0.4033564
0.6938141
0.21765913
0.1556619
0.13586137
0.10786687
0.07204299
0.07813755
0.083827995
0.085419774
0.114894554
0.102320336
0.094086215
0.7678021
0.7683201
0.79195595
0.7791212
0.8755674
0.8681043
0.8542587
0.9181832
0.09532291
0.06310237
0.06412365
0.03815733
0.041178003
0.07903246
0.8321529
0.079327986
0.04242736
0.049690373
0.78881484
0.7600077
0.7937684
0.83572215
0.9427372
0.890286
0.9467546
0.9341114
0.04570682
0.02610734
0.02025189
0.020845586
0.019830137
0.028212802
0.029950818
0.059808556
0.1049205
0.8066351
0.939364
0.91736126
0.9039193
0.13740836
0.05296237
0.068218075
0.06892474
0.7656167
0.695971
0.74515814
0.12249502
0.0496985
0.07371527
0.06290204
0.7841384
0.8984797
0.93301123
0.8991459
0.7083584
0.6564891
0.14596736
0.17220329
0.10847934
0.079647705
0.08534204
0.09965697
0.12250016
0.31754896
0.15724227
0.16138618
0.31931612
0.19367747
0.7346334
0.6727191
0.66531235
0.62487656
0.6671972
0.19836603
0.12882236
0.13825703
0.17578313
0.26503903
0.81281465
0.68866444
0.6334912
0.21687846
0.15528993
0.13648014
0.13823552
0.63111
0.27822816
0.22466657
0.20416157
0.31280914
0.41066834
0.74627316
0.62547255
0.59205526
0.6944659
0.4793522
0.38997883
0.4764668
0.49228504
0.6262862
0.76995003
0.6536095
0.34765399
0.31084856
0.4092427
0.26377836
0.25157008
0.4867847
0.47582185
0.336304
0.4254523
0.2361692
0.28811675
0.21324457
0.14602797
0.15381648
0.16660857
0.1831146
0.62707895
0.1961708
0.1278671
0.6819134
0.63416356
0.73164326
0.7056057
0.7146825
0.77899677
0.08359901
0.052877955
0.12419807
0.17955403
0.15205473
0.17167617
0.75556314
0.76669234
0.7765868
0.726169
0.6794066
0.6690011
0.83090127
0.7489822
0.8692464
0.92528135
0.9075003
0.77285504
0.9116305
0.93339986
