0.8290969
0.72410446
0.82160574
0.83642745
0.7449942
0.7211022
0.7868911
0.7776939
0.6720135
0.61008203
0.6815094
0.7749182
0.774464
0.65254354
0.28952244
0.29124942
0.3601685
0.6159648
0.51832855
0.7913959
0.79961
0.66024446
0.57032686
0.6340537
0.50132096
0.4928661
0.4891924
0.5484294
0.6224767
0.78710884
0.6885759
0.16200097
0.09734457
0.07232059
0.06230048
0.04751815
0.034913607
0.03421508
0.047412287
0.7578831
0.8132117
0.8370173
0.84849936
0.84651566
0.8461806
0.90634567
0.08391624
0.040314574
0.02966865
0.03671209
0.08507164
0.08449291
0.09502657
0.12124892
0.72447115
0.27171803
0.1865787
0.15280049
0.111458845
0.05282924
0.06199264
0.12707746
0.8901528
0.89085793
0.9010256
0.9054345
0.85511005
0.80650187
0.7699998
0.7357073
0.07842707
0.034285728
0.034957767
0.07893756
0.11111557
0.15716419
0.3027171
0.9003508
0.8369272
0.61435395
0.14258932
0.082661785
0.07698945
0.14075214
0.77213645
0.1742703
0.1332748
0.1314513
0.07790014
0.08885783
0.7840924
0.771481
0.75275517
0.72517085
0.09333219
0.07994963
0.09200222
0.1395227
0.62664086
0.24236214
0.5963302
0.10145746
0.09672356
0.11616946
0.205117
0.73311067
0.7170617
0.58063674
0.6801048
0.57089084
0.51790273
0.5285638
0.57861596
0.5727461
0.7319001
0.76996243
0.72235113
0.72245646
0.70448107
0.68600464
0.44126222
0.34511244
0.2841278
0.3910467
0.72995234
0.75113744
0.57987165
0.42127368
0.4808675
0.55176026
0.626091
0.6260371
0.7737109
0.77130824
0.6403456
0.22136515
0.19504647
0.19372003
0.32550666
0.54409224
0.494559
0.2983135
0.36748672
0.41068232
0.41203663
0.5503165
0.7021343
0.7082978
0.39675164
0.22151819
0.2141964
0.22291271
0.20433691
0.26929137
0.28489566
0.40697438
0.4852821
0.51774013
0.58844995
0.44564164
0.3738426
0.33602512
0.3320578
0.3507687
0.3449196
0.6549294
0.6274076
0.45926854
0.49005178
0.38781118
0.4740445
0.5473778
0.6151441
0.6544782
0.65887064
0.62417203
0.5585237
0.52624613
0.52132607
0.29528698
0.38986364
0.42329007
0.770123
0.224607
0.11624399
0.13609944
0.1948173
0.6780966
0.7100243
0.7531221
0.69444627
0.6657876
0.672236
0.70411724
0.7123307
0.79745126
0.82970494
0.27899778
0.09885082
0.07744386
0.094326325
0.14775874
0.20927165
0.27438653
0.59675246
0.55568814
0.4106558
0.50606686
0.4247136
0.43066284
0.43042964
0.3537831
0.24740069
0.26350555
0.21291809
0.303457
0.28763264
0.2498663
0.35981122
0.36205578
0.43300527
0.44532838
0.53351533
0.4573735
0.6070319
0.3456102
0.3389451
0.3433024
0.36294273
0.51104045
0.7123293
0.7636521
0.73140854
0.71941704
0.6747952
0.6277666
0.568824
0.5347374
0.4861536
0.39901325
0.4520479
0.4347484
0.38134077
0.42886987
0.33871835
0.3653565
0.46768525
0.6726193
0.5315355
0.28382564
0.27848163
0.2896911
0.17505951
0.17111067
0.24388357
0.6526167
0.59524786
0.5581442
0.53422564
0.18799707
0.16527852
0.15203725
0.12996024
0.10043419
0.08663699
0.1074868
0.74671954
0.82598907
0.85907257
0.7189386
0.14134517
0.09070885
0.07515908
0.12412756
0.66973513
0.097793244
0.06047715
0.0516146
0.06877868
0.10309012
0.104269385
0.15354772
0.25134882
0.8561743
0.8849929
0.8837762
0.8580957
0.7738767
0.7524645
0.77644074
0.7343217
0.7220469
0.7100984
0.78391
0.7362189
0.101812154
0.057089105
0.07685872
0.1373467
0.8086119
0.8090202
0.8125368
0.81269634
0.8536381
0.78771144
0.08412524
0.037560623
0.035286054
0.032377064
0.055773903
0.05333957
0.05642009
0.061133564
0.080885164
0.076755956
0.06921106
0.11699766
0.7641482
0.77064764
0.07685094
0.040495157
0.031132694
0.08218675
0.10560577
0.053140055
0.066558264
0.1612076
0.20774189
0.17137967
0.10421631
0.078759186
0.061520543
0.048958164
0.06489975
0.11947774
0.20618297
0.7850103
0.72385573
0.14470047
0.09991797
0.14505497
0.32465035
0.5606807
0.62922674
0.5724111
0.30450138
0.2258587
0.22701198
0.27616978
0.4054447
0.40063754
0.3693186
0.37969622
0.30709943
0.36062375
0.37400278
0.4504701
0.57041955
0.64402455
0.5488383
0.61455446
0.29483375
0.26942793
0.33464557
0.22801521
0.21309143
0.18594402
0.1757987
0.14817931
0.13936943
0.19237512
0.56229395
0.23872131
0.18239908
0.19094983
0.22464898
0.12395978
0.07760584
0.08158062
0.15071736
0.73388296
0.7727362
0.86562246
0.13693096
0.066093974
0.065310836
0.70824593
0.8537862
0.8527282
0.8435938
0.9024222
0.9139546
0.8939975
0.78689075
0.7353282
0.08273035
0.061207455
0.08422576
0.7368918
0.7064228
0.71509016
0.6436727
0.07318855
0.090272635
0.10765187
0.74572045
0.77284855
0.82588106
0.7726471
0.7314264
0.68649614
0.66756463
0.64586085
0.6358886
0.09420754
0.07319627
0.10131178
0.6516291
0.7739376
0.7838871
0.6486206
0.6059027
0.61552143
0.63517934
0.6727152
0.123331085
0.064352766
0.09969365
0.13000697
0.1525481
0.18738048
0.7991075
0.88651645
0.8899156
0.14159176
0.12127826
0.1327233
0.65964127
0.082056336
0.10160115
0.12470626
0.7261493
0.76333046
0.6778445
0.6743708
0.720625
0.7682766
0.7760184
0.8177504
0.14786214
0.09599021
0.14696196
0.7670226
0.17562014
0.18329698
0.12642214
0.6970017
0.7114731
0.80722004
0.30004475
0.22590064
0.16785301
0.118411
0.1005306
0.12282173
0.6713673
0.18222445
0.10217716
0.08090077
0.098976925
0.12418525
0.1520863
0.69841415
0.2913141
0.12905696
0.1264043
0.21558452
0.7177252
0.649748
0.63526535
0.69720566
0.29051062
0.3234154
0.21996635
0.6716911
0.28581908
0.24654675
0.20448364
0.12410812
0.07834793
0.08362658
0.17937216
0.82943535
0.77265275
0.71721274
0.79371476
0.72705334
0.6784024
0.6429585
0.6604571
0.18922122
0.2099455
0.12175226
0.15371986
0.8161712
0.68036103
0.66658056
0.6707012
0.16056818
0.12185466
0.15243681
0.17753984
0.69305515
0.7430687
0.675121
0.6493765
0.62419575
0.13446566
0.1509486
0.1313012
0.13985996
0.44410408
0.522691
0.52897733
0.7101028
0.29355526
0.29655606
0.36142623
0.57126147
0.25042304
0.19808348
0.19696385
0.16007288
0.28497007
0.31368613
0.42396587
0.48477387
0.5170927
0.37471583
0.41009864
0.30228958
0.4783072
0.63438237
0.65852773
0.39396924
0.24868752
0.19346349
0.23529783
0.30148152
0.5777788
0.47262266
0.4686804
0.4396259
0.41194695
0.58302826
0.5050107
0.4424118
0.3703402
0.21454613
0.17786402
0.29257473
0.39699414
0.33159617
0.32003626
0.59318346
0.38257873
0.40579286
0.43710262
0.38477585
0.40723392
0.43483308
0.2370019
0.34991267
0.30896685
0.22564034
0.2866394
0.20694092
0.27389887
0.27742514
0.28083065
0.42046455
0.78440773
0.8813033
0.89523894
0.8638629
0.744202
0.4952146
0.43749097
0.48835278
0.5607699
0.6814156
0.5937546
0.5408067
0.16637078
0.13037753
0.1952533
0.71404064
0.660083
0.6047619
0.3305312
0.25257152
0.23508456
0.5306826
0.18596688
0.2874702
0.25525028
0.26806134
0.3374767
0.48514482
0.5082388
0.42725816
0.29127434
0.23019269
0.2258657
0.3099631
0.5439534
0.2973267
0.2782159
0.29607734
0.3290783
0.44129187
0.2904446
0.22143684
0.22923778
0.25808784
0.30226672
0.3530073
0.47577247
0.44614697
0.2267529
0.16822445
0.13524814
0.14947487
0.47128958
0.6758841
0.85736567
0.8670645
0.6392894
0.124502614
0.05233008
0.053325187
0.06013886
0.752235
0.77611125
0.87440157
0.70081234
0.65622985
0.080721244
0.04003902
0.061224323
0.087136365
0.673395
0.7039988
0.8218446
0.6754932
0.26609305
0.34059814
0.185043
0.1587023
0.20269206
0.24976037
0.23004654
0.24660751
0.20823564
0.16626108
0.13485253
0.1678723
0.3516862
0.31175494
0.33039138
0.51980025
0.67099595
0.86718315
0.8973501
0.8652802
0.24403475
0.117895685
0.07924732
0.06517129
0.078663856
0.5913041
0.18263732
0.21009992
0.6615493
0.7137853
0.7397131
0.1593388
0.08546623
0.079182975
0.10440847
0.74866784
0.13623895
0.065586805
0.042949874
0.049605235
0.040104795
0.044043057
0.0522094
0.04768211
0.046150614
0.040631548
0.04289365
0.033164214
0.03653692
0.06825622
0.0893368
0.043371968
0.038016655
0.043764118
0.044692747
0.030998142
0.028155519
0.039836448
0.046938136
0.038908213
0.0726429
0.1790324
0.9549975
0.9464576
0.93506736
0.9213164
0.113905035
0.06533443
0.082919165
0.860317
0.9299181
0.09520873
0.04219703
0.025958711
0.022759238
0.03003768
0.030763214
0.03644722
0.06098115
0.8958905
0.09053864
0.051249266
0.034514118
0.032360673
0.04818169
0.8739649
0.16571496
0.050168592
0.034249313
0.0313869
0.042043958
0.03911872
0.030373009
0.029928127
0.03567819
0.052522004
0.07661512
0.08198361
0.04993014
0.058524266
0.7357706
0.72628415
0.7592892
0.19414559
0.06419398
0.04693236
0.066724434
0.10717815
0.119082674
0.27973062
0.27344584
0.10726468
0.08694128
0.15247668
0.08984163
0.058752134
0.04688644
0.70292926
0.62699324
0.7339297
0.74163574
0.90917397
0.93516463
0.104259
0.048419066
0.034787077
0.029608665
0.034148358
0.048145313
0.05718792
0.07573708
0.09829656
0.10649624
0.07273885
0.05590793
0.059267174
0.13723598
0.14899105
0.89766484
0.17755419
0.084342636
0.035539716
0.030468095
0.043782104
0.05525699
0.927793
0.9101707
0.9263921
0.92945856
0.95553464
0.06566233
0.025030976
0.01902494
0.02267389
0.08011191
0.09133274
0.87148917
0.85406435
0.09893332
0.04280287
0.05165229
0.09925928
0.9120595
0.06403881
0.08663845
0.11706297
0.12222261
0.060442977
0.048728403
0.09385707
0.6670603
0.11488639
0.08986661
0.73043096
0.17082138
0.21058986
0.8014003
0.80104965
0.89427185
0.88551205
0.1765948
0.15243009
0.10549955
0.094107
0.08495915
0.08261565
0.11458873
0.7431222
0.82741576
0.7494801
0.10740593
0.06688981
0.08981799
0.07811823
0.050309144
0.09008426
0.19780737
0.9416506
0.92020357
0.8329565
0.75237185
0.053029712
0.08670279
0.12685211
0.07135561
0.05851656
0.0851068
0.12255046
0.8482202
0.86274093
0.8039783
0.8296937
0.68942493
0.70602775
0.8564956
0.89759606
0.8726715
0.7201669
0.8036828
0.33839482
0.19290762
0.13545695
0.122483715
0.11834094
0.17096277
0.17555304
0.47906056
0.81058186
0.8146346
0.61254716
0.18632096
0.14061078
0.10776749
0.08384854
0.123773195
0.15734968
0.500954
0.78918725
0.14593476
0.11521512
0.14972794
0.79345214
0.7913851
0.78401965
0.73495543
0.13225614
0.077029824
0.17689927
0.6204006
0.34927964
0.41574612
0.85363156
0.8651032
0.8314902
0.31548908
0.18699028
0.13245805
0.22319607
0.47349817
0.8157859
0.72920114
0.6546707
0.55384535
0.2788888
0.23240165
0.30497319
0.37312308
0.4666971
0.5421676
0.743255
0.7895364
0.75228715
0.6332131
0.5960585
0.5844875
0.64988434
0.5618352
0.5336724
0.648757
0.6364523
0.4950605
0.5323343
0.6505174
0.5988266
0.6045497
0.67395854
0.5393331
0.5673694
0.4089155
0.3111416
0.21439156
0.1461197
0.2290187
0.3635629
0.6208663
0.85370815
0.8367303
0.71741223
0.6572654
0.5373351
0.24780464
0.2055845
0.15731801
0.23684733
0.31684306
0.26806286
0.21857032
0.47629458
0.6484676
0.5121896
0.2835021
0.23032369
0.451929
0.3609018
0.35802954
0.6770999
0.60727143
0.5534732
0.22064902
0.26152956
0.22288656
0.3083727
0.39989242
0.7367388
0.81403404
0.6944189
0.6753151
0.40416873
0.19416957
0.14427824
0.14735538
0.18407196
0.16621324
0.15985397
0.1714536
0.18052563
0.82849616
0.18631537
0.22528818
0.61936736
0.8766689
0.8903646
0.73596376
0.7240263
0.7233358
0.18748657
0.38334596
0.71703684
0.19374661
0.11625303
0.20389722
0.23480695
0.7276544
0.41384816
0.57882464
0.431592
0.26112267
0.2216652
0.5669592
0.77376103
0.71956295
0.7260221
0.9104299
0.9290247
0.89727044
