0.13562013
0.075051695
0.071094766
0.10379071
0.8928242
0.91424775
0.86965406
0.8143564
0.8746989
0.84329283
0.84794825
0.8650501
0.9085843
0.82854706
0.8572288
0.129297
0.04850353
0.036804322
0.034861386
0.036527265
0.05047874
0.12065804
0.9006771
0.8607818
0.05853533
0.032622688
0.027467467
0.027585959
0.03144182
0.053645585
0.063867964
0.90208805
0.8497282
0.05130476
0.034380622
0.027118575
0.039471164
0.057201378
0.9240725
0.33871707
0.287943
0.2656535
0.96556795
0.9758011
0.96862286
0.9469321
0.04919086
0.023906803
0.020094827
0.019451886
0.019986996
0.021300681
0.025801525
0.043909427
0.8781396
0.7746921
0.057932526
0.033525214
0.031461876
0.049463436
0.79537857
0.055688336
0.041179817
0.04607057
0.8193273
0.96811455
0.9781651
0.96740127
0.95613194
0.07159167
0.028306516
0.02121522
0.025034264
0.03228161
0.05729736
0.11165873
0.92692435
0.9041419
0.7563948
0.079684064
0.04038664
0.03361803
0.03555043
0.058993615
0.037360713
0.038108386
0.123128854
0.9407157
0.95084655
0.10459159
0.040130842
0.034870718
0.10404125
0.945545
0.9568357
0.0801945
0.023170091
0.015252916
0.013826102
0.0141453575
0.047327425
0.97302747
0.97861105
0.9830035
0.9621274
0.95693916
0.043382697
0.019617759
0.017126719
0.01801092
0.02152221
0.035425533
0.87785864
0.06310234
0.044023413
0.046567507
0.7994322
0.27893978
0.92898643
0.8995552
0.062619686
0.029362531
0.026309233
0.027011976
0.02751535
0.036083527
0.0546172
0.11763936
0.9081868
0.8556441
0.82666653
0.0911624
0.077336736
0.10466525
0.16063693
0.8732945
0.87663406
0.90743315
0.8870767
0.6734538
0.6596296
0.6407172
0.6367352
0.61141545
0.61732
0.7105111
0.8095166
0.78778446
0.70431554
0.79063886
0.73153293
0.6777106
0.65945286
0.1350216
0.14521773
0.16430181
0.14243649
0.1288829
0.13167992
0.16652326
0.76845706
0.8819289
0.9336295
0.9109167
0.23013714
0.23374778
0.1639098
0.7320434
0.16544208
0.07611975
0.057057377
0.050408006
0.048335884
0.06275322
0.08891181
0.07669589
0.13067399
0.9045687
0.23020795
0.11170406
0.13150011
0.7785897
0.84284925
0.87577033
0.8732885
0.90918154
0.27196714
0.21682578
0.30197906
0.8901197
0.8156332
0.8271269
0.12747613
0.04950397
0.052335475
0.07250017
0.7974853
0.0759456
0.04973029
0.05829687
0.77927065
0.058978554
0.047857955
0.089424
0.1263658
0.15536247
0.9540748
0.93245524
0.9375968
0.9121561
0.9390551
0.11061979
0.03395752
0.026534226
0.030278275
0.054170724
0.87384385
0.064292386
0.038598105
0.050491773
0.7339028
0.0649443
0.04022615
0.050882
0.199521
0.9218905
0.06742071
0.036945112
0.03173467
0.048145805
0.06997671
0.047421027
0.042532768
0.059477806
0.11309141
0.7171543
0.12589
0.07517914
0.07300858
0.08212549
0.07542505
0.08492413
0.18503815
0.83949697
0.73830926
0.82096666
0.12246958
0.06543112
0.057339165
0.09617192
0.23955807
0.90336865
0.17878535
0.11825768
0.07063663
0.05655199
0.06676618
0.78848904
0.7279863
0.056525942
0.052151084
0.08011056
0.07029872
0.09763034
0.90029794
0.8484366
0.08518692
0.040407155
0.033649936
0.061802134
0.91092914
0.80199575
0.80956864
0.9527151
0.9508999
0.8311843
0.80958647
0.84540987
0.039661154
0.04048968
0.040422473
0.028262831
0.030282462
0.06167875
0.8955035
0.11663796
0.086608484
0.12527654
0.9134547
0.92384225
0.09712027
0.04244529
0.11928896
0.22684206
0.31082216
0.24361265
0.12309651
0.18498069
0.25341672
0.91883916
0.8993106
0.73829305
0.05829921
0.0364943
0.051251326
0.12683292
0.90025204
0.25714117
0.0889795
0.08153002
0.045277853
0.060840175
0.90973634
0.8418148
0.92940986
0.9065255
0.90797484
0.9136868
0.80796003
0.8168992
0.87352264
0.05958976
0.03675173
0.04435845
0.068940505
0.11512819
0.8508333
0.8335769
0.13379246
0.09089112
0.0704253
0.06912471
0.7484815
0.34292322
0.15655072
0.21762744
0.28274772
0.80572814
0.7175325
0.8384012
0.7353802
0.6885138
0.32734773
0.12076429
0.07717374
0.091473505
0.68667513
0.7368409
0.842262
0.72115576
0.13228504
0.069203444
0.20144588
0.22098015
0.5850942
0.26209238
0.21920064
0.13900764
0.3012949
0.43618298
0.79823357
0.7844582
0.46128446
0.2306892
0.21795021
0.17625576
0.1496859
0.17438379
0.6254126
0.6816305
0.86725795
0.6721738
0.08312347
0.15338756
0.24151649
0.13458802
0.0898951
0.072559446
0.052570492
0.09236469
0.14009602
0.93393177
0.86394066
0.81745607
0.7723447
0.09664058
0.037829913
0.045382213
0.042605013
0.105747014
0.77439606
0.8067883
0.43715668
0.25255713
0.1897624
0.24035266
0.73537546
0.5902842
0.32834452
0.31238267
0.342125
0.76690644
0.6098986
0.61951846
0.82041883
0.893615
0.91416395
0.910145
0.87113893
0.7615975
0.24715947
0.17206138
0.264783
0.34848118
0.31510696
0.357197
0.39034128
0.9073858
0.91743076
0.8872549
