0.8226903
0.7271406
0.81267744
0.81679165
0.6992809
0.5334193
0.5318443
0.57240844
0.5946927
0.6792918
0.7897662
0.787738
0.6637613
0.643057
0.6326717
0.7350201
0.7445828
0.6388327
0.6469767
0.7596893
0.80150473
0.72986865
0.81271935
0.8386742
0.82676655
0.7713483
0.57034576
0.5841347
0.5477861
0.5468741
0.5658502
0.5784573
0.5796314
0.4689799
0.47522613
0.4056898
0.5316359
0.60220695
0.7220017
0.6212448
0.33592278
0.24851018
0.4033218
0.31004202
0.31582475
0.4519255
0.5673733
0.48526904
0.534363
0.59553945
0.729252
0.74047726
0.5409856
0.34647307
0.44094622
0.26678237
0.30560192
0.41908687
0.5183205
0.5546707
0.56902766
0.58891135
0.5776403
0.73872423
0.8015059
0.78803486
0.6828471
0.6495548
0.7811192
0.79695916
0.75512356
0.3052238
0.26679644
0.15542993
0.122325286
0.119780265
0.1746362
0.8705712
0.9188433
0.9001739
0.6838684
0.22313473
0.10060055
0.08708833
0.09516004
0.67450714
0.64399636
0.35621598
0.7030667
0.162683
0.067023315
0.06450698
0.13448702
0.9112824
0.9234605
0.78928643
0.7261285
0.06378779
0.03176293
0.035125367
0.16094767
0.8797733
0.55292255
0.89793074
0.86461663
0.07524441
0.03367658
0.039867852
0.10770687
0.79913676
0.8922449
0.8923506
0.8497121
0.12295023
0.060035076
0.06562099
0.0869614
0.10612192
0.14286524
0.4331802
0.6264237
0.38469794
0.25199866
0.21418251
0.22313897
0.22010778
0.4750531
0.3140074
0.33781832
0.282246
0.24362347
0.2464158
0.22430469
0.2034462
0.20573446
0.501278
0.12150215
0.117542684
0.16636802
0.61597097
0.7029816
0.7988389
0.73148215
0.7118259
0.7832852
0.3309875
0.19777042
0.18280149
0.5275924
0.30875775
0.47418252
0.5702955
0.77852815
0.6111286
0.6779924
0.57895714
0.55050737
0.56751627
0.40860662
0.3681847
0.35435927
0.3693209
0.36700258
0.3155614
0.33856466
0.3797358
0.5664402
0.30717427
0.25210235
0.2694568
0.4549063
0.661043
0.6015746
0.43849063
0.29632732
0.21723676
0.21606186
0.38520923
0.58541673
0.52266604
0.36186016
0.2281893
0.23353505
0.2711618
0.38412094
0.50904745
0.51988214
0.34438708
0.35759228
0.34176567
0.35665768
0.3720791
0.39468914
0.42158574
0.5583317
0.5887992
0.5537448
0.26348317
0.3005136
0.28083864
0.2539799
0.17758632
0.19083518
0.19596413
0.43985176
0.5387441
0.6890326
0.47100893
0.43416908
0.43050158
0.2823249
0.2181416
0.1880851
0.2086171
0.4697405
0.5115131
0.504277
0.16143404
0.12734547
0.13193448
0.21980703
0.8580785
0.83917576
0.64233917
0.5717778
0.50481784
0.17111179
0.17708102
0.10659676
0.13465515
0.6205583
0.68810743
0.4859628
0.42945954
0.4081793
0.4625394
0.5462387
0.6988532
0.61367977
0.5577365
0.56091213
0.610047
0.13801388
0.08807573
0.09143202
0.12750262
0.55584043
0.55123496
0.59626865
0.66207683
0.75255454
0.15364242
0.12554999
0.1474118
0.29918683
0.89819694
0.8745474
0.7756071
0.83319175
0.7195323
0.69431937
0.11411272
0.06977034
0.046661906
0.060629297
0.07293702
0.05368716
0.047946617
0.06758396
0.82787514
0.77386695
0.8063648
0.90030336
0.9082133
0.87812316
0.6956563
0.09409485
0.070449606
0.089053445
0.1119303
0.14085875
0.21812907
0.4028865
0.76551527
0.38500974
0.22624858
0.14137577
0.10847766
0.12479001
0.121154204
0.14475738
0.5873517
0.6299856
0.20774136
0.15447249
0.13742821
0.1120935
0.08084234
0.07502184
0.097029254
0.085797876
0.08974134
0.13171832
0.85130805
0.82570297
0.8871585
0.20882438
0.1313383
0.09271959
0.108285025
0.1172607
0.840174
0.18357983
0.10809932
0.15114659
0.22691749
0.79559666
0.7358798
0.2632435
0.17841698
0.77225435
0.73574656
0.37426144
0.7595299
0.83609617
0.7240186
0.08430712
0.06603797
0.10807303
0.8223808
0.114412144
0.04913473
0.038398642
0.043004356
0.08426894
0.056243125
0.043765094
0.046397805
0.12628299
0.9346383
0.94274956
0.9482926
0.9296587
0.8761652
0.83201945
0.8279529
0.086747825
0.059372842
0.08879239
0.80221874
0.19716474
0.1241981
0.14065078
0.8632942
0.07152703
0.07388263
0.13556367
0.7672808
0.0825619
0.05116364
0.04241078
0.0490681
0.8454621
0.87408924
0.23448011
0.29612914
0.85520136
0.8492001
0.15462412
0.08320126
0.05033176
0.03788363
0.041762836
0.049629003
0.10059215
0.15669644
0.1781096
0.83256674
0.1295014
0.11152314
0.11209635
0.10657965
0.088462256
0.10306381
0.14361857
0.7895933
0.7802851
0.76993465
0.77572656
0.8016565
0.8120956
0.80549324
0.78607696
0.79614663
0.73654234
0.67276525
0.6527311
0.71613747
0.8347551
0.85121965
0.51201427
0.45925814
0.37028039
0.5940374
0.5809263
0.24188225
0.3043278
0.18786171
0.14313988
0.12328516
0.16708882
0.3004336
0.5612016
0.614034
0.7863341
0.7634123
0.5420543
0.4863226
0.421848
0.19366063
0.2146909
0.17235032
0.37980747
0.48130107
0.35219088
0.20781827
0.14235033
0.1108975
0.2489191
0.5447928
0.5181779
0.837306
0.8416571
0.21744478
0.111998625
0.073734336
0.32672453
0.7682109
0.69840854
0.720084
0.77709985
0.5952048
0.4999075
0.44681093
0.5337195
0.7052487
0.8818476
0.9196323
0.8965455
0.14291821
0.070730105
0.044451375
0.039434418
0.042592615
0.07159648
0.115920104
0.16947043
0.9133995
0.84881073
0.8148307
0.7021817
0.72902364
0.767612
0.79462546
0.24453548
0.15865059
0.07619834
0.05901265
0.060298182
0.07882474
0.12791057
0.2252702
0.8801212
0.9021149
0.8533842
0.6147181
0.15855992
0.121018976
0.1719848
0.335285
0.7520147
0.6402711
0.30520636
0.2161762
0.21152808
0.29436332
0.6621549
0.61663395
0.3204726
0.35443956
0.48493528
0.53763914
0.5448724
0.53130704
0.36853412
0.35582733
0.5412561
0.33490124
0.2695304
0.22013117
0.25278243
0.21817525
0.22246861
0.24388525
0.64926594
0.5025906
0.42088616
0.3787903
0.32662213
0.22511227
0.4086689
0.24885747
0.19164492
0.5774976
0.5853257
0.77941203
0.24273938
0.12438231
0.122394755
0.14667149
0.69134015
0.78294486
0.7019682
0.6447846
0.15547808
0.099822
0.6198267
0.5522076
0.6128634
0.58506596
0.1474002
0.15556277
0.20574677
0.26497826
0.74129444
0.7858438
0.8037823
0.7805722
0.7119723
0.65307
0.63945144
0.62674725
0.359298
0.41155383
0.7445725
0.21690299
0.175945
0.2301382
0.349432
0.71184886
0.23538703
0.16895464
0.20405759
0.31340814
0.6874611
0.66556823
0.648095
0.6683854
0.5340876
0.42337182
0.40930226
0.37701604
0.4207061
0.46794212
0.61281437
0.54551476
0.5214791
0.6341241
0.29214823
0.18034777
0.17485456
0.24598363
0.28472593
0.38448963
0.42427307
0.39292303
0.39293167
0.43760595
0.23673157
0.18967791
0.43380162
0.2160154
0.26814154
0.32809657
0.39829597
0.6602722
0.5160106
0.47818178
0.21191047
0.22301072
0.5424255
0.22977032
0.30133018
0.29560348
0.22634666
0.19282538
0.20057055
0.7754626
0.1419138
0.13043118
0.70338345
0.8316501
0.1768052
0.18002564
0.073749
0.0543949
0.06286485
0.7649038
0.7963326
0.8627236
0.8857518
0.9387003
0.15031622
0.038389254
0.029986091
0.040562566
0.055690587
0.8122108
0.6698942
0.15265477
0.16312206
0.77820545
0.25314134
0.7670638
0.2267903
0.182668
0.13759597
0.106932834
0.08270983
0.089074455
0.25749558
0.7418412
0.52291244
0.44275782
0.44368303
0.50343275
0.6113544
0.55411255
0.6290195
0.53491527
0.39353028
0.18948522
0.20418653
0.28411558
0.29438668
0.246648
0.18688585
0.20731077
0.5432676
0.64856917
0.70836616
0.7442552
0.7977762
0.7904627
0.74231637
0.25719625
0.20789571
0.18610099
0.1775946
0.16586064
0.14216265
0.09728627
0.06459819
0.08991647
0.7443293
0.78778803
0.8538702
0.8236331
0.79152715
0.8630972
0.7851331
0.77379835
0.12274747
0.06785647
0.040908337
0.034012496
0.040018823
0.072247826
0.7624706
0.12412484
0.10456227
0.1385869
0.927937
0.95200723
0.9566999
0.9314956
0.8414742
0.098085865
0.038007364
0.067778625
0.0876401
0.119800664
0.8861813
0.06727589
0.029548353
0.032833733
0.06992354
0.11497048
0.9439838
0.88844943
0.897827
0.88062185
0.8742255
0.09224354
0.05302008
0.037128508
0.037121195
0.061165456
0.85477614
0.064027086
0.04610489
0.030894406
0.032353375
0.046233434
0.08955574
0.06861902
0.07991077
0.77213067
0.06842429
0.043965265
0.031543918
0.029295176
0.05222903
0.16686833
0.737538
0.08582659
0.03482009
0.04931939
0.06333765
0.06384653
0.1029399
0.11146386
0.19108483
0.24563016
0.7264607
0.7119458
0.120575495
0.06706914
0.061313927
0.08261939
0.105862424
0.059218775
0.08920048
0.20194675
0.9103019
0.8591493
0.8532506
0.88568896
0.80591244
0.7971649
0.12192887
0.06864002
0.059576385
0.062455785
0.10113345
0.18777269
0.85085064
0.17790633
0.15819728
0.19383472
0.22945628
0.3059372
0.3161009
0.26508042
0.2388236
0.27276433
0.7291356
0.7165566
0.7533471
0.79188883
0.7726902
0.775614
0.7558187
0.70320386
0.7018099
0.73713434
0.7824994
0.8110167
0.7471225
0.72609794
0.30479315
0.27218595
0.28464937
0.23829591
0.46013272
0.22694829
0.28461376
0.68837166
0.6543187
0.6279493
0.5814085
0.6903346
0.57818294
0.44494292
0.21488525
0.18555345
0.2187461
0.24449366
0.27823985
0.7260244
0.60202587
0.19738503
0.13628902
0.11863296
0.13208644
0.20229174
0.8261454
0.7907266
0.860465
0.7038384
0.6589746
0.66169655
0.6730438
0.79121435
0.17958666
0.10339743
0.07784272
0.09288089
0.12205694
0.20338295
0.81142044
0.10749938
0.066618256
0.056934875
0.08021624
0.15208213
0.8606284
0.91898257
0.91808695
0.81951046
0.90088725
0.91030586
0.8246081
0.89986634
0.91473156
0.9163317
0.8991062
0.8373054
0.8044004
0.84716034
0.2176544
0.14544764
0.13116977
0.13519014
0.13610518
0.71221393
0.4204398
0.7738045
0.23656043
0.19719441
0.19743577
0.2579418
0.42736349
0.7324305
0.26556122
0.19106504
0.19658706
0.3242044
0.5551285
0.77387905
0.54959583
0.5319426
0.5431588
0.26949853
0.20803773
0.24819416
0.37747115
0.37564972
0.35404593
0.18622601
0.1980196
0.36773947
0.52765745
0.5145705
0.6489964
0.7629638
0.7083785
0.28787223
0.18427803
0.16382447
0.18744971
0.19547264
0.28558066
0.5192956
0.55304116
0.5450772
0.1786649
0.16394813
0.20142598
0.6266464
0.24924543
0.17505543
0.17047767
0.1891624
0.7536813
0.7782786
0.79499143
0.7654804
0.7275617
0.14134742
0.13939953
0.18081808
0.34891343
0.66148305
0.20703636
0.19674237
0.23662809
0.6129136
0.5861392
0.49488342
0.4930479
0.16847478
0.1921655
0.30692738
0.81887543
0.7753456
0.71597457
0.5668673
0.5188598
0.16717377
0.16427508
0.16782346
0.5155974
0.51779914
0.5913106
0.70317316
0.46087414
0.4680705
0.30895635
0.22438234
0.2195849
0.15527867
0.19426446
0.18138151
0.31101543
0.6110219
0.87466794
0.87261665
0.79143155
0.60119736
0.63199645
0.26251045
0.4550416
0.19422153
0.16082194
0.18605459
0.53820425
0.5728325
0.5769242
0.5772691
0.5680554
0.5394296
0.29417473
0.29290277
0.39686203
0.55710703
0.25454855
0.17173684
0.22245839
0.34925666
0.31976452
0.34476435
0.6391813
0.64435965
0.6830756
0.8124817
0.74646884
0.8046268
0.6485789
0.39228097
0.24007495
0.21362959
0.18863367
0.18752442
0.40593308
0.48343655
0.53268164
0.5299212
0.5133973
0.5243247
0.3926641
0.25365877
0.18888362
0.22375563
0.31112218
0.59868854
0.74627376
0.6851339
0.5963564
0.34510264
0.273328
0.25612304
0.35848907
0.6252704
0.50263715
0.3942984
0.2322077
0.2371269
0.3824535
0.34822008
0.45138353
0.5670198
0.70569617
0.7211954
0.9376914
