0.056397922
0.038410656
0.036169548
0.04262621
0.088652164
0.113569304
0.13478987
0.9189736
0.9368415
0.07163882
0.03872857
0.040311858
0.0629192
0.9023674
0.83544356
0.8553283
0.8547023
0.84649885
0.8489221
0.8736546
0.93204457
0.086943
0.07734004
0.04727636
0.052726272
0.8332492
0.048277326
0.030613843
0.03302905
0.03298806
0.074544266
0.92868745
0.87575644
0.8602092
0.95540994
0.943398
0.8451126
0.9228633
0.06095682
0.031061249
0.02745427
0.035424136
0.067065924
0.8916956
0.7737409
0.7819919
0.7801977
0.8808885
0.082905516
0.051835764
0.03555157
0.046004392
0.058993742
0.9296505
0.8837404
0.93425715
0.8963482
0.95126873
0.88866913
0.91944695
0.05027729
0.029595688
0.02411974
0.02350727
0.025490576
0.031050367
0.03725704
0.038560722
0.033438746
0.03018873
0.031324264
0.06246972
0.9277249
0.8681227
0.88750035
0.9483351
