0.8226421
0.75861496
0.8441179
0.8544191
0.768047
0.84078175
0.8443975
0.7859556
0.58726853
0.5455407
0.5820486
0.627546
0.651287
0.663531
0.67394745
0.6390598
0.3002191
0.33455434
0.3213922
0.24274576
0.29600114
0.3412947
0.3622976
0.32866126
0.32919422
0.32527256
0.33999982
0.32231206
0.29340202
0.55853796
0.64572537
0.7398904
0.2522611
0.1968922
0.59280616
0.099278845
0.079171814
0.1031108
0.14958471
0.21318457
0.77650803
0.18629459
0.14644542
0.12598112
0.08763675
0.62030655
0.15860072
0.30043522
0.75848025
0.7752071
0.668853
0.76181996
0.7552797
0.7849283
0.28628856
0.18026538
0.6549119
0.06364176
0.08480681
0.10671252
0.17198263
0.76081693
0.13205428
0.12646371
0.08828459
0.07963083
0.11060496
0.46267316
0.1803548
0.27503905
0.7273361
0.7810512
0.7458337
0.62442684
0.5617164
0.56322736
0.70107293
0.5420565
0.5451118
0.56044596
0.5276425
0.3983343
0.34048966
0.4086766
0.46421927
0.5987063
0.42493558
0.46097726
0.5368078
0.7198193
0.6810917
0.686175
0.63324517
0.43287197
0.27624223
0.30441895
0.30489922
0.28384134
0.55861145
0.5813286
0.5973597
0.81462425
0.8518176
0.8254906
0.7372458
0.41152063
0.22945268
0.28928354
0.19958466
0.21485068
0.2740453
0.70898324
0.57915896
0.6237113
0.5638417
0.48782173
0.43210623
0.42836636
0.2165065
0.21665977
0.45990154
0.48282212
0.20137312
0.16011688
0.1378366
0.12994207
0.17660108
0.57927686
0.62043726
0.6642262
0.8266738
0.17272055
0.10021459
0.09720426
0.10056651
0.5952861
0.6199748
0.78107244
0.701385
0.70089
0.856803
0.3032466
0.2050665
0.33306986
0.7644755
0.8309858
0.657486
0.70048285
0.13752806
0.08003191
0.09821357
0.7065899
0.83010477
0.8225234
0.8327233
0.89745474
0.8894216
0.14944413
0.1602511
0.08811815
0.054436028
0.08724816
0.09187926
0.087637365
0.1599599
0.17106722
0.15961602
0.13455324
0.1283845
0.1028265
0.10028683
0.11427474
0.09734063
0.1120437
0.13644178
0.83199143
0.8286726
0.118804
0.112323806
0.7842603
0.8796635
0.108064175
0.06038996
0.063213736
0.036182698
0.02804173
0.03322363
0.07753841
0.17704473
0.9703081
0.9611364
0.92496055
0.941096
0.1083924
0.05991517
0.041847225
0.043655254
0.07829447
0.8183493
0.10400176
0.07161597
0.11136982
0.7035405
0.67096376
0.08833321
0.08224276
0.7230604
0.7450507
0.8831968
0.28073552
0.14433666
0.097079426
0.09188426
0.12843277
0.104052335
0.111888774
0.14462347
0.09964917
0.1271611
0.21114226
0.2761981
0.89436483
0.11791507
0.073154405
0.04881463
0.041844476
0.057656717
0.26388988
0.8318488
0.085342064
0.05433641
0.09350956
0.8145638
0.83876026
0.83181137
0.7989716
0.08691967
0.08408835
0.12709333
0.8948468
0.91068536
0.1380973
0.06941398
0.058390375
0.08373852
0.12227022
0.11572346
0.7656005
0.453802
0.47390142
0.47227913
0.8576695
0.810153
0.64087725
0.7728552
0.20018972
0.089416586
0.07530689
0.117747344
0.70536464
0.7658696
0.8285083
0.8960371
0.88006335
0.3091606
0.12791656
0.095054425
0.17676085
0.1727606
0.18051544
0.24557893
0.4128711
0.5403802
0.5426363
0.342015
0.2352012
0.15779099
0.1865283
0.18843846
0.4635232
0.3682545
0.4751164
0.7853891
0.8693869
0.88442504
0.8593269
0.7712302
0.6055726
0.6319217
0.4014495
0.43349543
0.3681409
0.39847383
0.62706864
0.481306
0.26496965
0.26272726
0.2866747
0.39507556
0.5122494
0.8059535
0.7789019
0.87514585
0.8758388
0.80759996
0.5545808
0.4912928
0.07176309
0.05096233
0.048280716
0.058986176
0.05882959
0.0977208
0.07808318
0.08308249
0.14671673
0.17880033
0.16213915
0.13976912
0.11114518
0.05459672
0.049495526
0.036994494
0.044381503
0.9203657
0.9120272
0.96737415
0.9474841
0.937891
0.9246048
0.8769344
0.03857459
0.023294682
0.020028317
0.025057087
0.04753255
0.07755099
0.11991504
0.8461515
0.7125698
0.69833064
0.7122307
0.8294997
0.8477971
0.85332537
0.5390606
0.4786943
0.8239978
0.15471588
0.11022841
0.10398406
0.10353212
0.09049405
0.092264235
0.10978078
0.19729455
0.75880426
0.82506585
0.17555095
0.10806908
0.06725839
0.06767433
0.10873828
0.2847405
0.8127767
0.93402255
0.9517724
0.91421634
0.8083957
0.1302657
0.07366674
0.08629392
0.81912047
0.76839715
0.78460306
0.8128353
0.14503478
0.13266547
0.3388418
0.8838203
0.8619506
0.21499473
0.11934076
0.083101854
0.07714268
0.20771176
0.2686919
0.77678007
0.6507604
0.69236606
0.86278355
0.7824068
0.34498343
0.25572687
0.1002963
0.051761232
0.034087744
0.03658976
0.04535748
0.748407
0.1033493
0.0686607
0.7339766
0.82104146
0.949212
0.9124894
0.8877315
0.92134655
0.056300115
0.031600907
0.031286597
0.029308975
0.0323929
0.029967114
0.053849343
0.09021614
0.15379511
0.85342443
0.7657325
0.69446903
0.7010756
0.73123914
0.6928939
0.07649674
0.0944063
0.103212446
0.11483294
0.12339016
0.8616347
0.074780665
0.038256977
0.032183636
0.031339712
0.032648616
0.040287737
0.08643989
0.058480706
0.051593766
0.051981375
0.05686981
0.06736044
0.1301009
0.83955914
0.851496
0.9205604
0.31173325
0.48356304
0.82938665
0.7993675
0.84145135
0.8992725
0.47203115
0.83857834
0.79515487
0.9038902
0.8501557
0.9111557
0.83641356
0.9211498
0.9231432
0.56695276
0.90256405
0.9342479
0.94242483
0.93440324
0.34723377
0.3610435
0.9242751
0.91877776
0.19217645
0.068734266
0.06547306
0.15242319
0.8936727
0.12194232
0.054090977
0.045776416
0.05151403
0.060208023
0.06313386
0.08882537
0.077361636
0.09837911
0.80081826
0.1582234
0.14161307
0.12974265
0.111390404
0.127437
0.8731972
0.8115301
0.8963389
0.914806
0.9202213
0.9229292
0.89798176
0.82963717
0.86735326
0.8451724
0.30434948
0.15794642
0.09021225
0.10425115
0.10582428
0.12545614
0.14218643
0.19906168
0.7284969
0.29056117
0.35995337
0.41816846
0.6735853
0.13727455
0.102623954
0.14308338
0.15960737
0.10372016
0.08514456
0.0800676
0.71749437
0.77473205
0.16020717
0.16454552
0.1871535
0.94776285
0.97068405
0.96928746
0.95765513
0.06651408
0.020908045
0.01629695
0.014724435
0.015031618
0.01736074
0.027238593
0.10724462
0.89645326
0.30454984
0.9079459
0.7891274
0.82242787
0.8649092
0.87980694
0.27867627
0.83626705
0.093564264
0.048586823
0.038618855
0.073878184
0.09809525
0.05721172
0.069611125
0.07485833
0.76120394
0.77250606
0.8844688
0.86075217
0.88712424
0.78176224
0.70796865
0.108155444
0.06012811
0.081593744
0.6549381
0.7540041
0.19839197
0.17325836
0.24084496
0.25602582
0.2709205
0.2817164
0.17915003
0.15026248
0.2026848
0.6834181
0.57984304
0.5579211
0.54634774
0.42742372
0.13733666
0.121768706
0.12290855
0.12348466
0.14777327
0.6417847
0.7644792
0.67943597
0.6100319
0.09949458
0.109474756
0.10162256
0.09253721
0.5817786
0.11105115
0.12291523
0.18568355
0.8817501
0.09010108
0.0384122
0.037530813
0.042284716
0.067682736
0.21084626
0.9214699
0.07155148
0.03440675
0.025566395
0.022385594
0.021340875
0.022936137
0.036411084
0.03512317
0.06760844
0.9089118
0.060945973
0.026672788
0.019776532
0.020389073
0.051578727
0.8625105
0.97586936
0.91353786
0.93759215
0.9771782
0.96286976
0.93231535
0.026779251
0.016158959
0.014041679
0.016479632
0.016186273
0.022179388
0.02533849
0.06228986
0.8622544
0.18795615
0.81289595
0.7887876
0.0659279
0.03570977
0.035608303
0.046050236
0.0773117
0.7951706
0.1616746
0.14515877
0.08368271
0.10031662
0.79435164
0.13941136
0.07279547
0.07792844
0.13016407
0.61861634
0.16348834
0.27198872
0.40091845
0.8506844
0.80286247
0.4140143
0.7869392
0.29123455
0.32790723
0.28418306
0.75895923
0.83679426
0.89731574
0.8733681
0.7611065
0.8470479
0.4531426
0.41123623
0.3570559
0.71883017
0.15915655
0.14330201
0.14216064
0.20073822
0.74264455
0.2024999
0.29671964
0.39932457
0.4049767
0.3157376
0.70580894
0.26406813
0.28304937
0.45117432
0.5119477
0.86590743
0.8709711
0.84821326
0.7585689
0.57507885
0.30515057
0.31063437
0.2084866
0.23571235
0.33396316
0.24921523
0.39966738
0.23798542
0.2685502
0.3365597
0.61132824
0.6593591
0.65583515
0.6141525
0.7049019
0.7349792
0.7756559
