0.79243624
0.20488003
0.122371085
0.12492795
0.18253359
0.12264686
0.092896976
0.09054569
0.19230607
0.2929618
0.9096311
0.92283744
0.24937253
0.24530286
0.69012994
0.75584865
0.7720784
0.7727756
0.3263624
0.22230977
0.7096658
0.19148101
0.089881666
0.12858428
0.13639817
0.56245863
0.565566
0.5983636
0.7082683
0.6352416
0.7453384
0.6842565
0.82453173
0.8651427
0.86017346
0.804434
0.62830687
0.5268258
0.29433748
0.32222348
0.39302507
0.82511634
0.8157154
0.61370546
0.13124162
0.110072054
0.10978063
0.1314788
0.16560905
0.23226248
0.73513645
0.8543677
0.79390424
0.102398485
0.07473868
0.055821195
0.048133492
0.06063672
0.10903912
0.08607243
0.07354279
0.05911313
0.065904
0.11779837
0.83473057
0.07067479
0.054583956
0.074877374
0.7379135
0.8295706
0.07115026
0.045128327
0.045155406
0.06532178
0.07834177
0.7528914
0.7954093
0.75668037
0.8239725
0.82247853
0.8350977
0.8031236
0.8258379
0.8527628
0.88282144
0.15697594
0.1630159
0.104634754
0.085060745
0.07963301
0.82021725
0.71069795
0.7612344
0.729302
0.86264706
0.14468281
0.074048065
0.035020266
0.05786173
0.11862235
0.2268812
0.95092654
0.9240288
0.8317656
0.81460637
0.8830912
0.11356985
0.057963494
0.042091448
0.04458095
0.048140485
0.05688177
0.08536124
0.10501472
0.12451269
0.18237193
0.107265376
0.07865589
0.123524375
0.2261455
0.9158354
0.9060592
0.8504287
0.26668492
0.2174713
0.18215394
0.14467697
0.11594019
0.13957945
0.79972774
0.82730955
0.8862049
0.89028436
0.8684005
0.42307156
0.32148248
0.29681876
0.6460175
0.58984643
0.58426493
0.5679771
0.6813736
0.8451464
0.83791226
0.69158244
0.66295344
0.102257706
0.09249295
0.1076478
0.57950515
0.28812742
0.6879487
0.07690616
0.057770167
0.0579286
0.122762844
0.22855228
0.2970554
0.90783316
0.62817305
0.15098266
0.23579049
0.8878806
0.8963567
0.38377297
0.43829834
0.89756227
0.112370156
0.036815222
0.025507689
0.024451738
0.032959368
0.06443571
0.9285961
0.88362116
0.8541515
0.9455769
0.9512128
0.90060693
0.93170273
0.8865027
0.843879
0.069661476
0.066240534
0.06111708
0.0828718
0.0796195
0.08625496
0.79269004
0.1721163
0.14971021
0.7824518
0.8497591
0.107724495
0.09972894
0.08581677
0.1049908
0.10457165
0.10679074
0.094203375
0.3514944
0.56766766
0.8370076
0.18600321
0.16119224
0.14301442
0.5269499
0.65731734
0.6185414
0.6657929
0.834594
0.86248344
0.22431882
0.30136174
0.15488888
0.10977221
0.36293408
0.42763132
0.79836416
0.3000011
0.13868779
0.10331882
0.7776298
0.3370285
0.31843862
0.8380222
0.35395303
0.12560797
0.09603166
0.69438696
0.115863875
0.09432858
0.14372112
0.72303987
0.8972013
0.92915547
0.88395756
0.88545907
0.8954604
0.8203613
0.8766438
0.25766268
0.11923761
0.10154372
0.6978892
0.14444506
0.19419165
0.27718616
0.8510302
0.113027185
0.060629442
0.060698565
0.10172402
0.21988443
0.8409745
0.33505145
0.22360508
0.13966288
0.11652997
0.1802291
0.4008708
0.8525184
0.81893426
0.57713974
0.22779389
0.20324394
0.46458477
0.24993819
0.19353947
0.1741253
0.51320505
0.61193
0.7166018
0.90248746
0.9333164
0.92732203
