0.9063335
0.790485
0.83946043
0.8729417
0.9057724
0.8886955
0.9106295
0.9231393
0.8697666
0.8509101
0.8982805
0.91683364
0.88786924
0.762976
0.73322487
0.7430433
0.35412404
0.4353881
0.40665832
0.47530276
0.93907106
0.9468095
0.91543
0.79441917
0.103585
0.044837344
0.040917598
0.06755461
0.108827576
0.21080297
0.9468367
0.93655133
0.93271166
0.16067651
0.055800524
0.06411261
0.84832007
0.40020907
0.92865837
0.9323325
0.23751189
0.03614478
0.022512946
0.019465012
0.020100122
0.031976804
0.12178561
0.9708171
0.97507215
0.93087864
0.9142113
0.049650982
0.022327812
0.019366983
0.01918121
0.020640383
0.026181353
0.05899063
0.8244003
0.18188502
0.702817
0.07877698
0.052124005
0.15828091
0.85670704
0.86040056
0.85236084
0.09217604
0.12232997
0.054134425
0.058476996
0.076091066
0.11545207
0.791048
0.65860415
0.6723324
0.6955189
0.8064593
0.20623593
0.18696001
0.59867424
0.59336597
0.6246056
0.5520206
0.17968087
0.20052856
0.8138853
0.12601088
0.06440821
0.054149605
0.05569357
0.05483466
0.048219785
0.04324457
0.0380105
0.03913512
0.05045522
0.10003539
0.19447324
0.9486285
0.92768097
0.12306746
0.0934868
0.818437
0.05621834
0.04085108
0.03131036
0.028271643
0.041199435
0.8377048
0.087199554
0.09371804
0.87403774
0.8946833
0.91033196
0.85287786
0.08245057
0.094489574
0.82957315
0.04127825
0.027320083
0.025287958
0.037801486
0.05651104
0.8007848
0.08489878
0.0794913
0.8006697
0.84632546
0.87485534
0.058085985
0.035521355
0.03909227
0.04279103
0.055083662
0.04299097
0.0405768
0.06553126
0.10969642
0.1080471
0.070195265
0.10313237
0.19057544
0.1062078
0.108572304
0.15942247
0.11438273
0.7208061
0.69237834
0.72758055
0.10024458
0.06641406
0.061365485
0.070181824
0.12358167
0.84485614
0.7557081
0.67440265
0.7550513
0.57742065
0.45458826
0.17247926
0.17254762
0.537135
0.140927
0.1270519
0.1771481
0.20350002
0.23718247
0.33975288
0.8900319
0.8735059
0.117836304
0.050489508
0.07510656
0.08384238
0.12999329
0.86700606
0.8608666
0.1804945
0.1579579
0.18865137
0.89962095
0.8713867
0.3567173
0.87525475
0.13120364
0.050771642
0.043828707
0.046922997
0.07607119
0.8814136
0.8461002
0.8297775
0.8048311
0.7585358
0.78638095
0.76808804
0.821336
0.81157553
0.86393356
0.8532689
0.8655058
0.065554895
0.03767453
0.03168252
0.036062587
0.07089638
0.11614598
0.9375077
0.94487834
0.17013672
0.046481505
0.031748008
0.04327723
0.075090155
0.12285769
0.8441065
0.80020046
0.7613344
0.7528322
0.7760499
0.879086
0.91807026
0.9131699
0.8832886
0.22608356
0.17896976
0.63755834
0.12555629
0.08435465
0.075012654
0.090178266
0.0767743
0.07878438
0.14198035
0.12930441
0.09028166
0.09587144
0.09217055
0.79337984
0.70264226
0.18901417
0.10135135
0.07165179
0.0628312
0.092403926
0.136135
0.90419716
0.9339453
0.91078
0.78511524
0.7693882
0.74382347
0.9099047
0.18083692
0.11969106
0.0480231
0.041657418
0.05194154
0.11802096
0.11563514
0.08140162
0.80449694
0.24383704
0.70685095
0.75969696
0.8984238
0.8129866
0.8380571
0.923588
0.8484986
0.8079631
0.2756881
0.8335671
0.055575326
0.037225775
0.033422507
0.029456865
0.027412042
0.03206508
0.06683987
0.1108658
0.76229066
0.8924773
0.81170356
0.33767802
0.24181806
0.81953615
0.74184537
0.0644156
0.038982444
0.04278743
0.055644915
0.0965662
0.8511618
0.9151477
0.9155602
0.9170369
0.14348534
0.09798425
0.063812405
0.07458732
0.7786538
0.7508523
0.8189483
0.8695125
0.83133316
0.8322476
0.8940117
0.9059144
0.88810134
0.79405916
0.17630406
0.17065464
0.17317216
0.11285416
0.7308122
0.70378315
0.70037544
0.7284618
0.7247047
0.17889842
0.09634954
0.058983397
0.081991665
0.13538969
0.87221724
0.8511346
0.29777017
0.3242795
0.64300936
0.61353403
0.61262274
0.68655246
0.17212324
0.09399505
0.09530303
0.10332724
0.18191195
0.19124624
0.7651932
0.825067
0.8019992
0.229968
0.16330323
0.36035192
0.3454325
0.39356756
0.6950975
0.7695683
0.75579774
0.23978561
0.15468833
0.17814657
0.2194816
0.21320261
0.22554487
0.69304395
0.3746213
0.2988183
0.63998145
0.32364854
0.23812088
0.6196043
0.75261915
0.70329285
0.6198684
0.32243463
0.25326762
0.21008849
0.16481824
0.17993815
0.31800276
0.72363144
0.7403594
0.7664762
0.86552244
0.887261
0.8753155
0.8112394
0.5771725
0.23292115
0.26281
0.21902815
0.25725397
0.65022546
0.68200916
0.67474484
0.6247218
0.67736995
0.85403895
0.86091936
0.7497122
0.7658961
0.85749483
0.82620156
0.64399284
0.70717067
0.4388964
0.2046121
0.18284942
0.18570744
0.31325743
0.7288574
0.40741423
0.40747166
0.44759476
0.59874386
0.9158072
0.91078454
