0.7881956
0.5834807
0.55001855
0.22487208
0.23502257
0.3557476
0.6365999
0.57795644
0.14983009
0.124950975
0.19769643
0.80767274
0.84133697
0.892079
0.8965116
0.8532464
0.79784775
0.7942676
0.12129276
0.11443382
0.17432
0.6180524
0.5699923
0.6552965
0.65512466
0.33802894
0.27821052
0.29540685
0.6097719
0.6009773
0.7686956
0.8110233
0.79248536
0.683599
0.34747607
0.35413957
0.31464264
0.25349408
0.21633132
0.20018825
0.37610698
0.41994292
0.57358885
0.7844992
0.82687175
0.73582566
0.6792256
0.6924417
0.29102805
0.26874384
0.36648282
0.7280738
0.67965907
0.67113924
0.70643425
0.19792366
0.18235332
0.17566913
0.29266676
0.4146827
0.5322078
0.8339885
0.8112907
0.56704587
0.4472678
0.2194187
0.1600316
0.13600743
0.15547623
0.185999
0.18571395
0.21079098
0.38706282
0.6576906
0.5742463
0.65726185
0.7310536
0.85197484
0.87518317
0.85899705
0.82615846
0.610637
0.33106136
0.17226271
0.11776501
0.111507595
0.14136952
0.14752421
0.14172049
0.16564886
0.20654541
0.2847567
0.7490866
0.18736367
0.17470106
0.25714388
0.14540203
0.12371431
0.18437985
0.82583725
0.7624313
0.87255305
0.12037179
0.05245894
0.044262115
0.039522406
0.047511738
0.07677519
0.046271034
0.05110574
0.067564815
0.8971903
0.88310796
0.9039715
0.8587056
0.8648663
0.07208214
0.053371266
0.0328817
0.044218376
0.054035086
0.06344249
0.11247379
0.7246492
0.109686285
0.11526213
0.7920059
0.73857385
0.75856173
0.8573101
0.09430532
0.04539235
0.046570465
0.07001477
0.75520766
0.8542358
0.09337785
0.055901293
0.07515188
0.13350737
0.9207609
0.08149953
0.034975495
0.026117539
0.023455886
0.022085276
0.02388561
0.03836075
0.053446658
0.9258484
0.9575935
0.9156486
0.9280283
0.056271303
0.031030867
0.0291545
0.054908454
0.8467952
0.86392313
0.1375118
0.041738436
0.03879436
0.057532866
0.7493934
0.7263885
0.068928756
0.040103775
0.07956148
0.16424066
0.90907186
0.06739944
0.035889268
0.046486016
0.049534194
0.048933484
0.05748328
0.06920809
0.06299604
0.07381327
0.12766427
0.82643706
0.8975596
0.24836423
0.12144915
0.080693804
0.10159991
0.07005357
0.044884153
0.035969026
0.03904957
0.06284086
0.8514991
0.9362456
0.95711625
0.0966979
0.056018338
0.077972464
0.85108167
0.86400837
0.8450163
0.7999796
0.065157264
0.054979414
0.110042386
0.8870387
0.05283435
0.026945474
0.023382163
0.038781907
0.08831708
0.1223274
0.8299894
0.13731928
0.12376105
0.119450144
0.70794433
0.066167474
0.091533676
0.078367114
0.07598983
0.9094398
0.9544522
0.96031785
0.9402875
0.16205376
0.044674214
0.043862995
0.07078369
0.06377772
0.13773057
0.13718852
0.08538059
0.19295855
0.6683832
0.67144984
0.5968596
0.7794193
0.89741737
0.8850288
0.70917743
0.5468997
0.087551616
0.1794785
0.20611967
0.85835314
0.89678967
0.8685042
0.120270826
0.057192426
0.04397008
0.056611307
0.12390742
0.19873224
0.886762
0.87489563
0.9105289
0.8563953
0.79983854
0.76820993
0.09058102
0.07861247
0.08868364
0.10030453
0.09155785
0.11868415
0.8091928
0.7337977
0.7964633
0.6632777
0.5982531
0.11184449
0.146363
0.083800875
0.10481135
0.13932656
0.8750667
0.90099937
0.11693039
0.0514789
0.08831842
0.1398207
0.8022562
0.88117296
0.8195425
0.7895211
0.38226765
0.32779163
0.14395429
0.0968321
0.6436015
0.58276206
0.11160125
0.06315106
0.12465244
0.11775099
0.16838758
0.74177283
0.13934213
0.0789557
0.22697574
0.44566265
0.89894974
0.102927
0.06391142
0.094179
0.72192985
0.07413592
0.18161601
0.13778538
0.041202467
0.041595105
0.07363321
0.074482985
0.039765142
0.03943158
0.2400622
0.31872752
0.979038
0.96997726
0.9619844
0.1443436
0.045489985
0.02734048
0.037719328
0.050174206
0.05994898
0.06473535
0.77012086
0.6894369
0.14392398
0.13088103
0.7605703
0.14696364
0.12943457
0.063856736
0.12812859
0.12956543
0.07586611
0.07406913
0.11191415
0.11001283
0.20956124
0.37471744
0.21854356
0.7287299
0.83573616
0.8295877
0.58770424
0.2045799
0.20458923
0.42743793
0.7048512
0.7872614
0.6573112
0.77627575
0.23469645
0.2390659
0.24954365
0.18682918
0.67643183
0.077650644
0.048991367
0.055638578
0.041164365
0.0625803
0.087069854
0.056651704
0.06199413
0.7765247
0.9492435
0.9655925
0.95149225
0.060731154
0.034271386
0.06244975
0.17441514
0.9446356
0.947122
0.16775295
0.036513858
0.019399824
0.021436477
0.025423741
0.8760849
0.944171
0.96653396
0.81675315
0.95091414
0.9336552
0.81611484
0.8386513
0.044806436
0.02978709
0.031441696
0.07205347
0.09664211
0.07149504
0.052349407
0.057586793
0.08735713
0.83033466
0.11948381
0.10615563
0.1009871
0.12147725
0.13300149
0.07812414
0.07053505
0.09842837
0.71153444
0.09874831
0.07164885
0.095153
0.15297964
0.57792777
0.5269236
0.5452386
0.13803962
0.10238227
0.12574962
0.122537956
0.10653276
0.1998576
0.7681607
0.29938343
0.30409494
0.7242346
0.8573718
0.1291616
0.103015065
0.120551
0.08930722
0.0916557
0.26907167
0.32450765
0.2821207
0.7894555
0.8396371
0.7019436
0.071995296
0.058855165
0.12033887
0.71559936
0.8630095
0.7788823
0.2891908
0.22650105
0.87225145
0.09970558
0.0806935
0.09546831
0.8335525
0.071036905
0.04652404
0.04131032
0.038852688
0.03179956
0.025371972
0.023236677
0.023768688
0.0397613
0.9523869
0.9450087
0.968566
0.9740791
0.929696
0.9187902
0.03914507
0.020676281
0.017741526
0.018514032
0.02441807
0.043438576
0.05957457
0.8492024
0.23091161
0.12558694
0.6582602
0.09666478
0.074247405
0.10267463
0.83901846
0.1608015
0.27349317
0.7247249
0.76370156
0.88926023
0.29831648
0.15207103
0.12469987
0.7215519
0.13912661
0.07657178
0.060056854
0.055266418
0.06848168
0.18476039
0.21377905
0.8410427
0.11650457
0.13926983
0.27932924
0.915858
0.84451973
0.90649915
0.8800867
0.17567512
0.08052423
0.09188514
0.77910227
0.1707048
0.10356618
0.048732795
0.03959538
0.05348805
0.13011232
0.22634508
0.874402
0.72112703
0.75447285
0.21335317
0.14460707
0.12558636
0.103210025
0.08482044
0.10028813
0.15022351
0.21882671
0.8151819
0.7296924
0.66231525
0.16745558
0.13770954
0.535651
0.5448037
0.53414726
0.18331854
0.24983613
0.21105823
0.2827497
0.44943723
0.45699
0.79124266
0.23391777
0.14807777
0.10274486
0.14006332
0.14344446
0.13463874
0.52715063
0.54257584
0.2947358
0.34929603
0.6941473
0.13900773
0.10338387
0.14170447
0.14686528
0.19449095
0.85031706
0.800458
0.8801609
0.88973635
0.20056912
0.12946786
0.7333708
0.1759409
0.0881409
0.1009614
0.13765667
0.9039088
0.90319705
0.19605576
0.14391404
0.7708388
0.06738287
0.051221296
0.070223585
0.7862161
0.096206546
0.10522884
0.07213907
0.10167765
0.8986837
0.8944019
0.9382151
0.18587385
0.05570994
0.0581048
0.08019531
0.83967584
0.058886003
0.037990194
0.031506844
0.04190444
0.078636765
0.9267341
0.92464143
0.084042765
0.06637658
0.13493316
0.16711019
0.6938251
0.088892825
0.09199891
0.7496623
0.82345307
0.24198416
0.25725782
0.2032339
0.25452536
0.15430726
0.6631689
0.18194544
0.1495799
0.13286105
0.14362782
0.6484624
0.1565043
0.081089005
0.055397674
0.10643724
0.1411101
0.19175413
0.83107275
0.8733537
0.931469
0.535841
0.42174095
0.23609439
0.8107927
0.10647374
0.0719923
0.073653236
0.0940458
0.1205663
0.64377236
0.30412316
0.20693846
0.15328985
0.10645473
0.14056842
0.36187157
0.42934486
0.78504884
0.29122236
0.19851023
0.19499372
0.20122615
0.15712471
0.14179745
0.26843587
0.61175746
0.7436138
0.6949306
0.8141791
0.79388595
0.5975313
0.43594214
0.19630559
0.2034755
0.14092349
0.19573765
0.284439
0.27918592
0.150732
0.11880059
0.09147344
0.0681274
0.72044367
0.72177964
0.8055716
0.9192051
0.9607851
0.25368074
0.19590457
0.042104725
0.030205613
0.028210914
0.02661644
0.02548092
0.028122721
0.04097755
0.06081623
0.10753874
0.90308857
0.94159025
0.8933632
0.87447083
0.87487876
0.9293466
0.1611976
0.12132082
0.1072936
0.07012596
0.07784438
0.9043162
0.8747493
0.6433903
0.16046928
0.52251107
0.8707125
0.11043491
0.09150683
0.09680975
0.13112932
0.560645
0.49029422
0.51603746
0.5378437
0.484913
0.38795108
0.2213665
0.24479565
0.30099502
0.24429567
0.20492096
0.2490488
0.33948326
0.6121321
0.8939329
0.86447716
0.7316891
0.25680742
0.24942866
0.30536172
0.49298048
0.56377923
0.4018453
0.3020934
0.19312367
0.1883811
0.2524122
0.77448
0.71365964
0.866322
0.8887125
0.40056863
0.4280467
0.59912246
0.60809076
0.8232193
0.8609564
0.7635285
0.83836657
0.803232
0.87869966
0.8816527
0.8537884
0.74567115
0.7970334
0.70215994
0.66573066
0.7449548
0.3776522
0.34058216
0.48673066
0.55748165
0.7117881
0.5628262
0.5331252
0.21730635
0.13811226
0.3529408
0.37976244
0.90703493
0.93190455
0.9046988
