0.77524596
0.50258464
0.54365593
0.73707426
0.4855908
0.40425214
0.47964117
0.41429418
0.4674962
0.5253219
0.58463264
0.61967945
0.78286284
0.8211079
0.78477895
0.1939925
0.113075055
0.117278814
0.12210462
0.13304065
0.1833957
0.22134455
0.23410238
0.28673396
0.89924586
0.8916765
0.7903614
0.7352871
0.12763444
0.12598939
0.15807165
0.19999383
0.27246284
0.82780266
0.8560534
0.8111269
0.6280194
0.60238886
0.6375171
0.75451005
0.21466021
0.14926404
0.12947832
0.100450695
0.063172
0.06580386
0.13669552
0.7558925
0.9068425
0.21926674
0.09085273
0.07914766
0.050825585
0.09540075
0.9080418
0.9398253
0.93906295
0.8830504
0.85677755
0.88619363
0.8143709
0.20241274
0.6905976
0.066571794
0.050350647
0.05739692
0.12147893
0.6911615
0.072484285
0.07256675
0.05791401
0.05748714
0.099788986
0.08725292
0.082897484
0.6015846
0.61636287
0.6915989
0.80095613
0.69301146
0.18638842
0.11976885
0.09865951
0.09098318
0.14480221
0.68355966
0.09994503
0.08549256
0.1409261
0.65944123
0.65292835
0.68336195
0.715657
0.82227856
0.1825733
0.09592756
0.10633045
0.70503974
0.7603298
0.25884882
0.11827464
0.12368298
0.12717059
0.09960014
0.07414964
0.06873221
0.09322858
0.18950012
0.8356802
0.8613928
0.813846
0.63758856
0.6204269
0.44302905
0.27681574
0.3022116
0.31435722
0.3409575
0.4455667
0.41648856
0.22574161
0.18018208
0.38237885
0.38578686
0.23281446
0.27123642
0.42516598
0.47386006
0.54192334
0.5000188
0.55326444
0.65703166
0.76367265
0.7321322
0.33649915
0.21972814
0.17230885
0.16791311
0.108386226
0.07254762
0.08464615
0.25500807
0.77803934
0.7994237
0.14247465
0.082482435
0.06891186
0.08492709
0.14152916
0.08689647
0.086325355
0.797214
0.10870556
0.08003149
0.08230257
0.055216182
0.0549007
0.08859674
0.7059305
0.13314457
0.13815612
0.86892587
0.14686619
0.0806903
0.054020926
0.04704124
0.04356768
0.05558106
0.82959193
0.063033864
0.052214734
0.063653305
0.1067806
0.9496509
0.8936905
0.90756
0.960119
0.93601316
0.93173784
0.053077325
0.025447005
0.024863819
0.054727767
0.84389746
0.058485396
0.05242293
0.075589314
0.78947264
0.11946348
0.15447295
0.20501547
0.8743248
0.70943224
0.09179987
0.0754419
0.7793767
0.82285994
0.9061522
0.7978814
0.073386796
0.03618588
0.029454889
0.0358984
0.03684607
0.034597635
0.04133663
0.04565622
0.051084183
0.054487586
0.04946036
0.055499412
0.09003434
0.80122507
0.8184199
0.24935617
0.23030035
0.79971904
0.08557781
0.07118193
0.060394198
0.078840464
0.09615862
0.1309537
0.6324152
0.59767884
0.74312055
0.7340328
0.28273937
0.34706244
0.30055174
0.317682
0.18373421
0.13024667
0.10020889
0.07473092
0.0743914
0.62373143
0.66422755
0.7192317
0.8429142
0.7693337
0.14416072
0.13018604
0.15032609
0.09375432
0.078613244
0.10357637
0.111629866
0.81844926
0.86886895
0.8171381
0.881485
0.1920954
0.11343596
0.1375373
0.9136009
0.9065357
0.80175227
0.8769912
0.058195177
0.03605361
0.065541536
0.08826095
0.10527511
0.13977323
0.89159733
0.79743695
0.8228341
0.8663734
0.19376463
0.1555161
0.1489742
0.11907847
0.06089849
0.061227858
0.8102014
0.76183295
0.7848636
0.6931807
0.057722427
0.053789835
0.1641377
0.85549533
0.7825099
0.04936519
0.042966746
0.057661384
0.06366658
0.06597508
0.14016132
0.1953669
0.8789345
0.1515633
0.09054961
0.079895176
0.083032615
0.08714724
0.07342972
0.101951145
0.090978205
0.11909976
0.34820586
0.82188267
0.45655578
0.3263177
0.1480129
0.106328174
0.08447216
0.0857412
0.19570623
0.84888417
0.9293374
0.93764794
0.8943386
0.7213341
0.15124555
0.12168637
0.1515568
0.1727582
0.1438945
0.16359729
0.22738004
0.5478853
0.23593226
0.15806293
0.14291804
0.27439576
0.4188458
0.7199818
0.54165304
0.5063634
0.4818136
0.84723073
0.8819318
0.844664
0.67235696
0.7435056
0.17616971
0.09670431
0.07609963
0.6630466
0.619634
0.7627339
0.6498118
0.11884576
0.051684856
0.07982652
0.6761196
0.88423467
0.9323193
0.9156164
0.8417023
0.21258615
0.18276547
0.1771911
0.15655906
0.12983592
0.14095289
0.2124149
0.72403294
0.7156308
0.36777827
0.3818479
0.3178197
0.31809244
0.4437344
0.6804455
0.65018123
0.3224993
0.19567846
0.12373826
0.073588386
0.06534813
0.20666514
0.8159248
0.19337326
0.086118
0.0759482
0.6122197
0.6257255
0.6676602
0.80530804
0.7460368
0.7765045
0.8929372
0.85125613
0.8843657
0.7372166
0.07284148
0.042861715
0.03567512
0.039033856
0.052885197
0.07884853
0.10854012
0.1356106
0.19137721
0.79763395
0.75365365
0.25535333
0.21821435
0.19265954
0.27493212
0.37343666
0.7873345
0.8224719
0.7920317
0.69356585
0.61724627
0.56037414
0.24692993
0.28133965
0.30938858
0.31188333
0.61281025
0.45226243
0.4162262
0.38110211
0.49125046
0.6645926
0.60990584
0.57250005
0.58548146
0.6559721
0.656141
0.6948247
0.68554914
0.50784475
0.4897072
0.55837774
0.23023762
0.20656745
0.18560475
0.269593
0.3617207
0.32599467
0.40569848
0.26541334
0.22735707
0.1561609
0.121903256
0.1178143
0.21534781
0.67347425
0.75226015
0.8372271
0.78585577
0.7612067
0.7181629
0.6839862
0.13478668
0.12070808
0.13650715
0.16757788
0.22478108
0.30029038
0.5553554
0.5720992
0.81345755
0.83430386
0.7768569
0.43543673
0.42158294
0.41862106
0.24522907
0.19695505
0.22610484
0.2672733
0.29515943
0.57747567
0.7225364
0.5464226
0.42341545
0.39555585
0.2630733
0.2775795
0.29917616
0.3160579
0.4173441
0.5832311
0.7814007
0.82697207
0.808016
0.6759026
0.6190413
0.5634842
0.5520022
0.53768146
0.52678436
0.677098
0.75111616
0.7698981
0.7158522
0.6875827
0.67730236
0.7046815
0.65840894
0.6799547
0.31478447
0.28393584
0.29173383
0.43274692
0.3769853
0.47196722
0.47491008
0.25887364
0.208208
0.23630068
0.2158078
0.31707403
0.3440227
0.33136138
0.30761015
0.2925903
0.40891483
0.5771422
0.6084236
0.59833264
0.30410263
0.30636665
0.42968512
0.6931046
0.6304866
0.60134184
0.26538315
0.21538596
0.1601281
0.15501502
0.17065124
0.2330452
0.73461735
0.7363929
0.75983435
0.3650924
0.30694687
0.2666018
0.17589211
0.09450877
0.090108514
0.6805481
0.49107468
0.8187402
0.13203439
0.08641575
0.08593727
0.74062383
0.83620787
0.87158763
0.24588385
0.21594094
0.1651166
0.56539947
0.26570904
0.6758617
0.12566642
0.11086833
0.11820359
0.1595702
0.19291955
0.20765628
0.23726584
0.3631549
0.6417435
0.10824551
0.067194015
0.065563306
0.11357709
0.6457418
0.18070404
0.2160618
0.2542764
0.69292384
0.30312172
0.68871206
0.7349087
0.827886
0.8143983
0.71949524
0.644913
0.2770794
0.67667603
0.32470503
0.32670936
0.30198202
0.66430265
0.105831996
0.07122105
0.117984235
0.18974744
0.8163429
0.8018678
0.34771577
0.30682436
0.8061194
0.83861506
0.8239158
0.7393564
0.80715626
0.77098143
0.20503856
0.110357754
0.106935434
0.09752495
0.09914936
0.30783272
0.8470402
0.86656326
0.80437136
0.2250781
0.11787221
0.13460092
0.34531355
0.33905923
0.24889933
0.19439362
0.21759278
0.18503046
0.25568458
0.2975967
0.347089
0.7607138
0.74557406
0.3069151
0.27805057
0.5186382
0.606705
0.7960228
0.82728213
0.7580291
0.57764614
0.6316911
0.32994905
0.40313262
0.39272133
0.6023624
0.7258861
0.61806023
0.5692674
0.15632808
0.1869325
0.1607499
0.20391689
0.22033948
0.19416763
0.85435694
0.7974908
0.746754
0.6994759
0.21592772
0.16532776
0.12625313
0.10340155
0.115305796
0.21732157
0.8363119
0.83879507
0.41399035
0.2384605
0.2020204
0.5876087
0.73530644
0.7283363
0.3139703
0.22337659
0.18277471
0.16344123
0.29703912
0.42800486
0.44354048
0.41892472
0.25277907
0.20853007
0.37948668
0.3852399
0.48253602
0.78091127
0.76589024
0.19378054
0.06298265
0.10474573
0.15730618
0.70209295
0.88329726
0.911763
0.8040448
0.82613415
0.14978606
0.11331
0.12540287
0.1327465
0.13814205
0.11265108
0.097769774
0.089304596
0.08677226
0.7283801
0.7126288
0.74398446
0.8106309
0.22879831
0.13713774
0.12526225
0.118935436
0.13865311
0.5075377
0.21068522
0.20220529
0.5870824
0.708138
0.68046767
0.7908717
0.7693429
0.30520013
0.28441653
0.65106994
0.6184909
0.57631534
0.58034104
0.62033725
0.6536148
0.6819917
0.64321005
0.57351017
0.5121423
0.47868192
0.6169845
0.671012
0.6786752
0.68302524
0.6857959
0.5770238
0.55520576
0.50470626
0.62483335
0.37807587
0.4231537
0.42210633
0.36358637
0.2434404
0.17081322
0.6563087
0.09005985
0.04064075
0.03132741
0.050069798
0.1173632
0.95368767
0.9641368
0.94683695
0.14855887
0.07622891
0.04323152
0.040191334
0.21730375
0.65534216
0.07092804
0.108489074
0.12156842
0.15914042
0.19860321
0.26029533
0.6481171
0.71494347
0.61033446
0.60130453
0.6310282
0.19731852
0.24854735
0.16992463
0.14553376
0.20239204
0.1933321
0.77196187
0.08407426
0.09846111
0.06303016
0.11135535
0.09772478
0.09113171
0.83007306
0.23844369
0.0588935
0.031367112
0.065200746
0.9015461
0.9337011
0.93907064
0.9168596
0.8849558
0.040844023
0.021596035
0.026394194
0.029736532
0.060703676
0.09807539
0.116878144
0.7807167
0.10538407
0.08795153
0.14257112
0.82385105
0.30826664
0.17924522
0.13657673
0.15145722
0.16774881
0.19738086
0.6524188
0.6358042
0.6410068
0.77501386
0.69372
0.73440635
0.21281224
0.15611018
0.15458125
0.17014754
0.29159078
0.70020455
0.7732476
0.66069263
0.2979494
0.22781512
0.23181885
0.15429032
0.1598641
0.15260011
0.16032194
0.6261933
0.17012
0.083547644
0.057758205
0.06245422
0.7591554
0.8501151
0.8447393
0.89987135
0.8094358
0.73752135
0.75700873
0.86495036
0.7826713
0.81988114
0.08918962
0.038046435
0.043289516
0.058544867
0.08824674
0.10592827
0.23569748
0.22571744
0.8465738
0.80951756
0.1876793
0.081841715
0.08867496
0.1356211
0.12484775
0.28546992
0.34822553
0.65623915
0.17322665
0.16920458
0.16091347
0.13914958
0.07494333
0.06325366
0.12555264
0.72341806
0.17196615
0.07387132
0.11130853
0.18072516
0.22390807
0.19512099
0.10459974
0.11843191
0.08231059
0.13716906
0.1991717
0.2093741
0.23331341
0.8441069
0.7821733
0.07983377
0.061802413
0.109376356
0.8561257
0.2223027
0.09628084
0.063621424
0.112840354
0.9268406
0.9450305
0.94233227
0.882857
0.2737382
0.73114014
0.176413
0.2779345
0.30244166
0.8522949
0.06369995
0.033666912
0.034616485
0.082397
0.14587197
0.16195327
0.8820534
0.14118713
0.060059622
0.058491185
0.081327714
0.11789876
0.14616281
0.15605964
0.69518566
0.14869167
0.16993484
0.19156063
0.7652228
0.6775627
0.6630861
0.63871247
0.6338231
0.6597138
0.78235114
0.74817646
0.71674836
0.79739475
0.68918943
0.14839302
0.10908765
0.08034457
0.06936987
0.08237168
0.106424265
0.19904973
0.7114732
0.42444435
0.20188446
0.20755203
0.19808903
0.17777945
0.25179106
0.19840774
0.20640211
0.12250112
0.12125773
0.17507474
0.19554837
0.23318088
0.5331106
0.6032274
0.71013284
0.24093042
0.1692589
0.13052179
0.118825264
0.14776267
0.37135246
0.7279952
0.406647
0.21285546
0.14800276
0.5734601
0.58377665
0.6318957
0.75923455
0.565202
0.54377174
0.6340482
0.7771812
0.77488506
0.33036384
0.3720934
0.36583987
0.7463135
0.3007355
0.20913331
0.17645413
0.21313024
0.1647264
0.21863694
0.63898176
0.55972147
0.65315926
0.47450703
0.25199512
0.18095276
0.15751742
0.219516
0.41638562
0.5824076
0.43760794
0.52751017
0.42084262
0.39019066
0.23595856
0.2556578
0.42448905
0.32773477
0.37999094
0.35671493
0.25815472
0.25471225
0.25938138
0.25874415
0.4235855
0.43828887
0.5500346
0.6783521
0.59697294
0.52873445
0.2545171
0.21389136
0.22727562
0.31129962
0.5760923
0.67396265
0.7805146
0.76751745
0.808929
0.79494476
0.73492366
0.5407393
0.6235242
0.2968318
0.28396165
0.41060704
0.4258169
0.24553938
0.2399275
0.4278474
0.42122465
0.6412576
0.82595557
0.81050223
0.61054444
0.3463192
0.3375104
0.27520794
0.35909602
0.45399383
0.44240403
0.64010966
0.7177744
0.49715117
0.17856944
0.14563201
0.21911089
0.79073286
0.76279783
0.8717958
0.89132303
0.36068687
0.17359369
0.09990584
0.07434498
0.05324831
0.04142963
0.043193873
0.07210858
0.8168387
0.85167664
0.89718914
0.14277421
0.051659014
0.05985363
0.06979965
0.6377016
0.15896201
0.1405232
0.17198995
0.19092678
0.49709216
0.33263418
0.57469183
0.65357584
0.6231435
0.6024711
0.57538223
0.15901147
0.12637219
0.10386673
0.08629439
0.07570964
0.083161145
0.12090602
0.7982167
0.08409512
0.05214432
0.068946436
0.6303421
0.7840737
0.9066258
0.9173814
0.8469533
0.87300724
0.7679753
0.20887221
0.10093838
0.091011025
0.664698
0.06270625
0.052196883
0.069402345
0.08234877
0.09747336
0.12569413
0.13803479
0.7205681
0.6601536
0.59655863
0.44804633
0.18987563
0.20087424
0.2211497
0.2730217
0.73095953
0.7298875
0.6792556
0.6380182
0.6287612
0.65274274
0.5677991
0.5155239
0.24682023
0.24772765
0.21033724
0.20990884
0.11532568
0.090134576
0.13290495
0.7066787
0.31307697
0.3160495
0.30688155
0.2537954
0.16643736
0.121958554
0.7293678
0.6600956
0.19387123
0.14858952
0.12796737
0.20145124
0.8404699
0.83624417
0.8362909
0.7984506
0.73056287
0.7220129
0.09216715
0.07083573
0.097206436
0.13397485
0.79662794
0.8529939
0.14831434
0.15697007
0.15020004
0.15582238
0.15668978
0.14188696
0.092030995
0.07844061
0.10536025
0.13581362
0.14282493
0.15392959
0.21708159
0.75790036
0.26252028
0.24904945
0.1137323
0.08430528
0.13023663
0.2717309
0.8945317
0.88113767
0.14864622
0.065645434
0.038625322
0.03381953
0.05592776
0.101805545
0.87132406
0.83632123
0.78953636
0.69487154
0.6844417
0.7054975
0.77031744
0.8174234
0.14388187
0.12564555
0.6752809
0.09454391
0.05868503
0.08117354
0.14043997
0.64314026
0.10932977
0.07873979
0.08303293
0.08190202
0.08018485
0.1274671
0.6912487
0.84544826
0.8464909
0.5670527
0.35730264
0.34267962
0.33702925
0.35699162
0.3669242
0.40195867
0.22429596
0.30063602
0.7223352
0.6436495
0.6379193
0.66163063
0.16899177
0.07923794
0.077500165
0.09411581
0.12193464
0.15971026
0.105697595
0.052405637
0.04614574
0.08951882
0.08635112
0.79787236
0.04680521
0.032105695
0.07004205
0.06817123
0.063406356
0.02717277
0.025414476
0.07226585
0.9695948
0.9587929
0.96513844
0.89479613
0.04994463
0.024266923
0.025013499
0.05553952
0.8491867
0.15564351
0.058843594
0.029925633
0.02468806
0.030030642
0.04441639
0.05207869
0.049211737
0.07299229
0.08157801
0.088452145
0.07751046
0.06998528
0.075605735
0.12956557
0.6448486
0.7089591
0.5705866
0.33440146
0.15404978
0.17718144
0.519572
0.5323495
0.34814683
0.43561783
0.34271738
0.27437383
0.21860781
0.2721562
0.35028446
0.58504546
0.33460882
0.34091023
0.41628814
0.5835755
0.63998544
0.6884385
0.541926
0.2752429
0.22994679
0.17260677
0.21888587
0.22333881
0.19096953
0.19691049
0.19560221
0.16216722
0.22740903
0.28088617
0.14508693
0.13385838
0.12946893
0.10874779
0.15111591
0.1887386
0.22516727
0.24751154
0.14176545
0.13473614
0.14043526
0.06293063
0.037167765
0.033426132
0.045614984
0.13341816
0.86397207
0.94963753
0.95539325
0.23367153
0.04967203
0.03274969
0.04687204
0.07136859
0.119082145
0.18939525
0.8066099
0.49418893
0.4349052
0.2923803
0.21214509
0.19500731
0.20500898
0.19914477
0.17912816
0.14387955
0.68603426
0.56316406
0.6750028
0.6835125
0.7188191
0.14121544
0.08159114
0.04612168
0.03729657
0.055558484
0.73378587
0.8032615
0.7881006
0.7916619
0.09050275
0.040632136
0.033696394
0.050234284
0.1791912
0.8604065
0.87454456
0.7098078
0.13419938
0.06534847
0.067892276
0.60304254
0.64988303
0.6933392
0.71103615
0.17046757
0.11159486
0.10789621
0.115372956
0.13869268
0.23201574
0.29639786
0.8027873
0.25636533
0.20749918
0.16638802
0.124267794
0.6391716
0.12197832
0.124617465
0.21397538
0.7428022
0.8045275
0.13409774
0.12192172
0.66315883
0.6724313
0.7619242
0.8769937
0.8926937
0.88743454
0.19722386
0.12147695
0.6495078
0.60019857
0.11031785
0.07009936
0.09706781
0.66561806
0.17898764
0.25250083
0.32441017
0.36129537
0.8444662
0.26430908
0.18170205
0.13575114
0.13336685
0.6573745
0.65402967
0.70212185
0.5895498
0.6271775
0.6332291
0.12939975
0.09885451
0.14069818
0.6195289
0.8383814
0.91222197
0.9241418
0.9160662
0.8744865
0.7397257
0.70933616
0.7095782
0.73265773
0.7790678
0.3269376
0.14753874
0.08799086
0.111417174
0.11242545
0.18709195
0.25114387
0.21304595
0.2377296
0.3153735
0.29076636
0.3005821
0.53170955
0.5051503
0.30075595
0.34092036
0.49691433
0.4517518
0.22566955
0.17648543
0.42639232
0.44707274
0.30775383
0.28063118
0.44415784
0.41842413
0.13189068
0.18242586
0.16132687
0.15176104
0.60770327
0.5307076
0.56025445
0.53098154
0.15844497
0.12368262
0.610175
0.6596838
0.84474266
0.88132775
0.1715866
0.1262606
0.24939297
0.72594243
0.123278014
0.06680532
0.10563911
0.13916032
0.1739573
0.7494991
0.70337903
0.10577931
0.07984758
0.12937899
0.7988371
0.13682224
0.19304504
0.08397062
0.045171533
0.048906945
0.11780601
0.17537118
0.9379062
0.9342766
0.11389543
0.03300096
0.03674313
0.06642174
0.12459302
0.15635526
0.16692327
0.88396055
0.9414024
0.93158937
0.9341095
0.18915765
0.077515036
0.083724044
0.80857414
0.7536181
0.7971557
0.8909206
0.27217743
0.22872114
0.25357214
0.9332267
0.9299445
0.92931026
0.90908056
0.23417576
0.1401706
0.09491336
0.07740187
0.09163819
0.07000429
0.05609325
0.063695095
0.0672184
0.14147447
0.8948298
0.09611415
0.050234195
0.056623112
0.09833459
0.79237676
0.85763466
0.7558042
0.12951249
0.106255114
0.11880486
0.7864812
0.73036873
0.27276716
0.2944067
0.23335658
0.12836
0.1090743
0.10979743
0.12779538
0.14558047
0.7343621
0.8048157
0.7953781
0.62565416
0.21717387
0.20292407
0.6129228
0.6188937
0.31859428
0.2839082
0.19416304
0.2696304
0.7480006
0.65124947
0.25488305
0.21403806
0.18757315
0.18334234
0.5986266
0.23726286
0.1681782
0.1514589
0.37127778
0.42153245
0.8676644
0.87606007
0.80551535
0.5414938
0.22009149
0.23078851
0.27407834
0.5863648
0.43294066
0.44041443
0.42548722
0.33491147
0.37871313
0.43434787
0.7856748
0.4457164
0.20070685
0.16862933
0.21028306
0.8265183
0.85468
0.7017364
0.6589712
0.68792146
0.21762143
0.11813741
0.25465646
0.20521067
0.33229905
0.31724706
0.26307735
0.35808328
0.31224948
0.23271577
0.20495075
0.21321695
0.20210734
0.3742128
0.80136377
0.889559
0.90337884
0.88476163
0.8227067
0.6299777
0.49521548
0.45007932
0.45284262
0.5205716
0.76507246
0.8143801
0.66805065
0.7499724
0.60890025
0.555231
0.14628544
0.15460403
0.23078564
0.77325875
0.666366
0.1460609
0.11015501
0.15336703
0.66562444
0.7063866
0.7542072
0.84011465
0.8256316
0.7801129
0.73030543
0.7176192
0.75767297
0.6494452
0.5974857
0.19484721
0.15344663
0.18048008
0.78250736
0.74995637
0.28984103
0.27776054
0.37578377
0.8282176
0.8642031
0.834832
0.16587564
0.09008212
0.112571076
0.19994137
0.1400275
0.1453173
0.18828058
0.8502056
0.20183074
0.27774918
0.18129538
0.13369633
0.16326937
0.69991934
0.6908693
0.72623384
0.78708845
0.8652518
0.864981
0.86326987
0.8631175
0.8671292
0.2510736
0.13439797
0.10266297
0.090760015
0.110902
0.08698161
0.11485506
0.34656116
0.7860756
0.35152096
0.2863294
0.19738385
0.13900965
0.33798537
0.2404208
0.2768548
0.21571963
0.29168007
0.45095518
0.7110913
0.4747288
0.4108395
0.6127897
0.31018996
0.29434663
0.45186818
0.46848923
0.34393305
0.26511526
0.23451786
0.5828967
0.7803268
0.82422477
0.7478192
0.52983797
0.34582767
0.3109667
0.33988148
0.34142104
0.33170918
0.3540746
0.26508
0.21687828
0.24140756
0.3271528
0.5609509
0.6788608
0.60005784
0.5235878
0.43948036
0.41491646
0.3059637
0.2765206
0.213799
0.19247094
0.3410674
0.4394696
0.25656456
0.20301744
0.2246882
0.48980075
0.49999896
0.5166403
0.5447946
0.6959253
0.5550978
0.28323102
0.18933639
0.17378552
0.22265334
0.4695605
0.630261
0.52633727
0.46953616
0.4662965
0.2245737
0.35245982
0.17649247
0.12445799
0.12258442
0.61108536
0.09756534
0.116193645
0.1537319
0.21683137
0.9145032
0.937828
0.2779044
0.08899733
0.07862886
0.7461581
0.06151367
0.04470032
0.033694163
0.034076802
0.049539972
0.10883906
0.94105136
0.8730956
0.8807145
0.088809595
0.061375044
0.029825397
0.037239585
0.088849984
0.8423829
0.30440217
0.9159764
0.89938927
0.7851776
0.068438426
0.044284873
0.053188685
0.054216675
0.04361573
0.0621549
0.12992612
0.75213605
0.57514334
0.570725
0.50872594
0.8485631
0.30862057
0.20190015
0.6218806
0.60845953
0.1247734
0.07752693
0.056779657
0.07032284
0.17387685
0.88708836
0.25849006
0.8045058
0.8761308
0.86758876
0.9181196
0.91852903
0.88799214
0.18067434
0.16836087
0.10037504
0.06011015
0.096993625
0.19963036
0.7341531
0.78079224
0.40930617
0.50735056
0.7461302
0.33526385
0.3646605
0.4443162
0.6509377
0.7140201
0.53804123
0.27506867
0.19536558
0.16669469
0.2408736
0.32299855
0.42521372
0.4883825
0.57137173
0.7280302
0.62379146
0.4056311
0.33139697
0.29913557
0.37298656
0.73349446
0.7040768
0.8637208
0.8529145
0.7612161
0.5190764
0.5494811
0.553346
0.6092708
0.2457473
0.27051958
0.22090566
0.16982535
0.32122442
0.42630562
0.6173736
0.4538302
0.53136426
0.6192457
0.38946012
0.34769437
0.3998219
0.41904408
0.6982548
0.5423616
0.25474942
0.2979936
0.1706833
0.16355407
0.63508755
0.83086956
0.90126616
0.87958145
0.6970895
0.63897777
0.7517822
0.69427174
0.25108257
0.204537
0.18734746
0.27170342
0.478536
0.63916844
0.37719604
0.4801792
0.3530389
0.29443565
0.546356
0.5715635
0.62799305
0.8045286
0.8278355
0.63264096
0.31735417
0.42074612
0.28807548
0.27307782
0.35413444
0.27617815
0.4619077
0.2749291
0.23082276
0.296422
0.19354533
0.2750796
0.20736933
0.23243344
0.2821153
0.477092
0.5626037
0.814117
0.85267967
0.76165754
0.45605135
0.37830225
0.40248635
0.49991748
0.46335083
0.27437726
0.2730538
0.21959347
0.17473035
0.22394067
0.25674015
0.32554996
0.76465434
0.8394783
0.8008889
0.77791756
0.83532876
0.8085248
0.65120476
0.6949905
0.55086714
0.5469394
0.66921735
0.34072745
0.3610489
0.67540604
0.5802196
0.5568064
0.5148514
0.34258446
0.4207419
0.7660276
0.8043213
0.7187859
0.7172973
0.459937
0.41162547
0.42409837
0.5816151
0.75839865
0.68083644
0.35306877
0.3016316
0.3113631
0.33279106
0.40069407
0.5267137
0.57390416
0.525775
0.6727205
0.4752569
0.28854564
0.557982
0.7074294
0.32103965
0.22810446
0.21963388
0.23335552
0.37147784
0.49245745
0.89848346
0.33463708
0.41029155
0.66566724
0.12730585
0.11189596
0.6509092
0.07656411
0.05681059
0.058857974
0.6868113
0.76809794
0.8595996
0.87757117
0.9384259
0.8717681
0.89644855
0.071300276
0.03280868
0.027957274
0.034107108
0.069853984
0.73966503
0.36083782
0.35599476
0.8208495
0.2973722
0.20566922
0.16493602
0.5370357
0.13584752
0.13918781
0.18486246
0.65770924
0.7296059
0.3590507
0.55964357
0.15810075
0.16730022
0.5076245
0.2372958
0.5804263
0.56208646
0.647402
0.74756837
0.55282545
0.46981424
0.4708518
0.4342307
0.23531234
0.50411654
0.27497926
0.29920372
0.8236687
0.18394907
0.12592165
0.09923856
0.07210707
0.05959711
0.06473389
0.8241074
0.9060514
0.9540292
0.90766627
0.2292705
0.12040567
0.081732124
0.19705579
0.8605314
0.06464809
0.032401156
0.038847975
0.81311727
0.94054276
0.9723742
0.9729408
0.95043147
0.83604306
0.7911041
0.060324784
0.047418278
0.060919657
0.76038224
0.08298918
0.12586537
0.14256789
0.10935435
0.09543906
0.07256562
0.12275295
0.31699473
0.30748492
0.44533518
0.71401757
0.14261541
0.1075841
0.12903588
0.31997514
0.39849082
0.8929783
0.9590099
0.95302826
0.9312463
0.111439526
0.06531328
0.091818094
0.16845831
0.17281893
0.59429395
0.5642479
0.43687582
0.49576697
0.8758261
0.5455419
0.43385285
0.5777495
0.5849531
0.81113607
0.88785374
0.90252197
0.8680563
0.8445619
0.90942657
0.9045365
0.9126632
