0.8848661
0.09018179
0.0562932
0.07685681
0.7981374
0.06375862
0.032010578
0.024471218
0.029189702
0.031179477
0.03199327
0.03383911
0.036295857
0.054376733
0.91887504
0.052816037
0.06376781
0.107025355
0.926376
0.059131518
0.021942666
0.027729282
0.03164039
0.02991189
0.057380516
0.91174835
0.90897
0.89565796
0.25963405
0.8957074
0.048980616
0.04364476
0.05824603
0.06073124
0.052488796
0.051472556
0.94106203
0.9356231
0.9179297
0.9506862
0.9517057
0.9416484
0.94221395
0.92164236
0.0863371
0.098071225
0.10036098
0.93498105
0.96626997
0.965085
0.07500892
0.02686182
0.015889993
0.014705975
0.016528022
0.021364478
0.027783474
0.031289127
0.034741852
0.05641196
0.9197555
0.061332423
0.03577393
0.043716658
0.8684453
0.048359085
0.04625559
0.04942094
0.90188634
0.9167022
0.93947035
0.9488835
0.9650388
0.9524597
0.9559176
0.92042863
0.9062492
0.061905928
0.03925303
0.03320321
0.029718375
0.0288017
0.045868754
0.81605244
0.08519848
0.09129815
0.082302034
0.07766598
0.085656196
0.13800208
0.8872181
0.9089204
0.93486917
0.92996025
0.28114778
0.19535708
0.23094898
0.85024226
0.8880444
0.8974461
0.8800567
0.17271942
0.16931094
0.1758025
0.18992308
0.21415399
0.8591164
0.30820137
0.25318804
0.8504152
0.877685
0.8719499
0.846932
0.8581919
0.86965865
0.9119281
0.90682167
0.07026715
0.041173123
0.049978737
0.895639
0.915578
0.91432416
0.88008976
0.042462274
0.028358757
0.027395517
0.052802026
0.10696153
0.9336793
0.9221029
0.20749141
0.19154608
0.19047129
0.19030206
0.19363005
0.93753874
0.95037323
0.9206947
0.8782272
0.90833855
0.9428383
0.960539
0.9428387
