0.2638001
0.17912821
0.30644536
0.30305722
0.44184524
0.322678
0.3865824
0.22419848
0.21030793
0.19529678
0.1810346
0.22261521
0.29330385
0.6528945
0.49701127
0.37072432
0.28834102
0.13222457
0.17224883
0.2555956
0.22663248
0.21173973
0.23816495
0.41518998
0.29003942
0.25122496
0.3113081
0.47742647
0.38507485
0.40123534
0.25055024
0.20188896
0.18951465
0.4900081
0.668253
0.4875155
0.5631302
0.79107267
0.70416874
0.36713833
0.3674385
0.4962295
0.25001904
0.33761495
0.24838048
0.25120297
0.3078218
0.46356145
0.8547609
0.8449187
0.51960254
0.36825964
0.33236593
0.15585724
0.12773861
0.5963132
0.81311876
0.8011216
0.89578056
0.8429957
0.29277286
0.17678277
0.1374701
0.10124476
0.100735985
0.12264835
0.1526607
0.17062743
0.86058074
0.8459932
0.1423878
0.10580366
0.087283246
0.742105
0.8520438
0.79412633
0.8869111
0.75189906
0.752041
0.8622906
0.24389893
0.10351911
0.09520806
0.6528227
0.635852
0.7301879
0.88945127
0.8257065
0.90122455
0.2846466
0.122072086
0.087755725
0.08881512
0.07957871
0.08622135
0.71047
0.80067074
0.25485563
0.19059089
0.13504197
0.08463105
0.08038675
0.75504696
0.8589819
0.8788152
0.63839185
0.0915012
0.04924327
0.05247521
0.8269155
0.9278427
0.9483668
0.92958164
0.13382636
0.11592894
0.11394463
0.10497549
0.085689984
0.07614098
0.080514945
0.067457445
0.06216147
0.08784283
0.7789862
0.7754514
0.76087075
0.7481852
0.100505844
0.0721428
0.14992982
0.10286189
0.12999605
0.14125453
0.20144382
0.80662173
0.2207924
0.143897
0.14145224
0.11424772
0.10708179
0.11896584
0.1014169
0.06664436
0.07993011
0.84646374
0.89034045
0.8966242
0.82030904
0.81814617
0.8367772
0.85738474
0.8347426
0.8490805
0.05768988
0.049589437
0.05940655
0.11411625
0.17145564
0.1684642
0.13632901
0.13389023
0.1421303
0.42809168
0.3303376
0.34201005
0.65469724
0.8259056
0.84524715
0.58191556
0.11780128
0.10346528
0.069276325
0.062204298
0.07893049
0.7747128
0.848314
0.33866146
0.13880277
0.14422776
0.78525865
0.90478927
0.93363315
0.9198237
0.80730414
0.8427419
0.7274002
0.72168326
0.7346285
0.8312214
0.297856
0.22242439
0.31059548
0.7662888
0.12872131
0.12013636
0.10955552
0.11373072
0.30429274
0.58120495
0.31500405
0.39000803
0.57218957
0.6959078
0.71728843
0.7332186
0.6188437
0.7737556
0.6116753
0.5471947
0.4915106
0.46971244
0.82569
0.76225966
0.5525913
0.5
0.5532334
0.62939936
0.37125936
0.51850474
0.4778456
0.47363633
0.52890366
0.152508
0.1221182
0.114674576
0.15305974
0.7337219
0.35872585
0.37344015
0.79244924
0.14732374
0.10567274
0.5852428
0.5598223
0.5475937
0.6729992
0.7624675
0.13744967
0.11525089
0.68591815
0.84253585
0.32774523
0.14700705
0.13401933
0.1048669
0.13672394
0.2518012
0.34929937
0.24367613
0.25721744
0.48718092
0.2475685
0.1555066
0.17474627
0.29816684
0.617944
0.704062
0.70574373
0.2735557
0.14869471
0.17911942
0.26517856
0.682264
0.8959216
0.9078585
0.75232536
0.19273065
0.2361893
0.114210874
0.059147734
0.0557332
0.050212644
0.060154606
0.054598697
0.05643468
0.049590204
0.05662085
0.06666276
0.112153284
0.9095247
0.06298508
0.04050415
0.0597475
0.8512537
0.94422954
0.9590115
0.05239934
0.019845294
0.015782444
0.013751539
0.015398893
0.027449919
0.9335228
0.96398056
0.9816636
0.97355133
0.10265075
0.028711118
0.020455034
0.018899076
0.024790041
0.032156672
0.7663843
0.7662846
0.7885684
0.9055859
0.17164764
0.15220776
0.116426975
0.8926423
0.04359662
0.019298721
0.021976566
0.039182276
0.9423218
0.97527224
0.97203976
0.97129256
0.040467713
0.0195557
0.018101636
0.03151032
0.8366385
0.028989783
0.018093595
0.021137146
0.017677438
0.039604582
0.055664744
0.96590245
0.9703536
0.9691552
0.17734662
0.10473844
0.045979857
0.029297007
0.033152107
0.07908174
0.103928424
0.15279414
0.11405526
0.12308692
0.08013834
0.08848774
0.20565677
0.63264185
0.7006934
0.78448206
0.109190136
0.068533905
0.07962312
0.08309316
0.7789013
0.84747034
0.7339497
0.31548133
0.28140604
0.27753404
0.27268514
0.86725694
0.14518495
0.088896774
0.06815895
0.052990794
0.06578648
0.06450365
0.08405715
0.15348798
0.81687677
0.23294008
0.1174307
0.76269144
0.6889556
0.7194616
0.1379804
0.20511846
0.87996334
0.10240273
0.048372164
0.043433066
0.05252754
0.082611546
0.06484093
0.07046144
0.10717511
0.78395796
0.88670963
0.90541935
0.84152716
0.8987287
0.12830916
0.0771888
0.041133896
0.027958596
0.029359596
0.0375044
0.8605818
0.8971931
0.8523081
0.8705789
0.9172504
0.77025014
0.06336036
0.045808278
0.049970906
0.07257348
0.14970183
0.290818
0.44313568
0.26464698
0.38456514
0.37139496
0.59100884
0.8656828
0.91588676
0.9033468
0.79393333
0.74406517
0.37164676
0.37986416
0.45844027
0.26259848
0.3177858
0.45324856
0.49308223
0.34543943
0.3583185
0.4627476
0.6100507
0.30535942
0.28387472
0.4636279
0.7058168
0.6671605
0.64848363
0.49634153
0.46976277
0.57628125
0.80873424
0.7844974
0.35398215
0.37357137
0.6921734
0.63073975
0.6723837
0.7458764
0.21002781
0.15501548
0.5992016
0.55042034
0.69555426
0.6958439
0.3666154
0.35749435
0.6212572
0.90299445
0.9318962
0.8351425
0.383278
0.33030283
0.3898819
0.5927828
0.91098255
0.95831364
0.95959395
0.92973506
0.8523889
0.9326737
0.88132274
0.16428095
0.08857204
0.056982897
0.05495429
0.72808903
0.7098307
0.6733623
0.81767386
0.827706
0.18966113
0.13097589
0.13288952
0.21308656
0.73704886
0.35122576
0.32325706
0.69272643
0.90424496
0.9479724
0.95258844
0.9331546
0.8725236
0.7642176
0.85989255
0.5794294
0.32337946
0.5604406
0.52845556
0.66771567
0.8495432
0.86819583
0.4980993
0.23844883
0.17455493
0.1915604
0.17345287
0.31368232
0.33967343
0.5461595
0.33607158
0.45011863
0.6262946
