0.8667925
0.8343628
0.855845
0.78827363
0.73516476
0.73948
0.82844675
0.48356408
0.29087752
0.29148522
0.27176136
0.24928725
0.2959382
0.71978176
0.38517544
0.75588655
0.19982055
0.15363963
0.10144347
0.06311437
0.07883747
0.718904
0.24175249
0.42439964
0.91783106
0.076825954
0.032347977
0.027541801
0.020887267
0.017345665
0.015974818
0.018450003
0.04517987
0.9356038
0.9421781
0.98135924
0.98212045
0.954768
0.8791589
0.9058523
0.040315617
0.030443532
0.028460136
0.030528087
0.051862396
0.8739049
0.065609396
0.04802192
0.044647027
0.036181733
0.042933505
0.05061992
0.05110599
0.08950821
0.11041068
0.24776237
0.85863924
0.2432884
0.47681025
0.14545801
0.20519124
0.29453167
0.77670205
0.72317666
0.6802268
0.817256
0.8025584
0.66774595
0.599751
0.4701484
0.23288852
0.21092077
0.2138798
0.183349
0.1458971
0.13333088
0.13746718
0.13208647
0.09476071
0.09521881
0.59714216
0.1591479
0.12667494
0.13542888
0.19144447
0.11066523
0.095840916
0.6585922
0.6315373
0.64818317
0.11651202
0.11265508
0.18492524
0.25042045
0.15664506
0.44612992
0.18217461
0.60792214
0.25420266
0.41451323
0.16215855
0.5055404
0.5503368
0.8301495
0.1274371
0.081413314
0.10575435
0.72849935
0.16376853
0.07814484
0.097532295
0.043856345
0.043446105
0.06754362
0.066835195
0.10660582
0.9550174
0.9516127
0.08116369
0.045525346
0.026249811
0.024739325
0.03265757
0.025001185
0.03239599
0.06590996
0.07516152
0.9130298
0.9635309
0.96482384
0.9498095
0.12015913
0.16754283
0.17674857
0.84019643
0.8824562
0.9397822
0.9415876
0.1505382
0.08100931
0.06747291
0.7286073
0.73061574
0.79417837
0.037081588
0.02057529
0.022750163
0.046889324
0.080228664
0.94534653
0.949361
0.04253916
0.015282491
0.015114407
0.028269123
0.93926275
0.97644824
0.98819643
0.9885134
0.98113316
0.969828
0.022410363
0.012096691
0.010090973
0.019076677
0.036100354
0.019988824
0.024336122
0.01886618
0.02498467
0.027178707
0.050621033
0.9014102
0.9502913
0.94925916
0.23935464
0.80847436
0.037765294
0.032567397
0.040287476
0.046224706
0.12875973
0.09551241
0.058486104
0.12005236
0.098637186
0.06437676
0.1075395
0.06875559
0.10932598
0.10601161
0.18577138
0.09994426
0.10865344
0.8791649
0.89838594
0.86744195
0.9006471
0.8549017
0.703817
0.10669746
0.104661025
0.0915986
0.15139963
0.6443075
0.6226241
0.5619263
0.25755656
0.22157204
0.20127873
0.18300004
0.14157034
0.14336668
0.15263723
0.20514295
0.28508264
0.49273428
0.24171175
0.21450463
0.24346322
0.50220543
0.5111103
0.43301573
0.46565688
0.46464485
0.48082152
0.53603405
0.72323287
0.6735456
0.48759088
0.3748617
0.33086994
0.54029334
0.647976
0.68027705
0.08018792
0.060686253
0.07603048
0.046823002
0.035998095
0.056048125
0.14204167
0.9480861
0.9416965
0.16659117
0.033082947
0.022068853
0.024759023
0.030284092
0.022339314
0.023464913
0.022603365
0.03433292
0.043467097
0.05078884
0.92729765
0.95269567
0.9694529
0.9523201
0.051609345
0.035732564
0.033881176
0.04343894
0.10676071
0.9338687
0.9044841
0.94961435
0.9424588
0.8904657
0.87056774
0.75168157
0.05647496
0.04246469
0.041984644
0.04658701
0.061781917
0.07340601
0.05745086
0.051447544
0.07445066
0.72879845
0.21767053
0.148635
0.09775753
0.0827855
0.65820944
0.7485136
0.84606487
0.7309187
0.65624696
0.6416955
0.06660262
0.082239516
0.15323982
0.07725905
0.04747072
0.036073003
0.03288601
0.031857856
0.023405008
0.01762117
0.015575639
0.014536767
0.015034604
0.017921517
0.033640344
0.87173533
0.9732223
0.9750709
0.95510393
0.046279985
0.01839505
0.013198465
0.013147452
0.016180519
0.019243782
0.016793953
0.018709172
0.021409249
0.019523099
0.027025009
0.91595566
0.91114753
0.9751983
0.95391476
0.94040644
0.9094676
0.9503965
0.053455755
0.04679282
0.028994389
0.019968404
0.022895215
0.024046412
0.029651856
0.036006566
0.03203929
0.052284725
0.091273874
0.9442993
0.9603648
0.9531768
0.92647916
0.92152184
0.93788934
0.9236019
0.91848147
0.8965056
0.88016087
0.8408771
0.081891656
0.062078606
0.04199246
0.03976573
0.062326834
0.8676614
0.061281197
0.04324924
0.039066043
0.040175658
0.05487568
0.051385775
0.042510796
0.050240632
0.07151758
0.06124827
0.07743695
0.11473741
0.19587564
0.9269721
0.9378069
0.8654793
