0.73617035
0.43060344
0.4198915
0.38734135
0.61630344
0.5316619
0.5114269
0.4430816
0.5074616
0.7231165
0.35875306
0.2677528
0.1875327
0.12180806
0.068407744
0.06670775
0.11380845
0.81815827
0.81109846
0.82255805
0.8307718
0.8141844
0.78818387
0.75678545
0.82753146
0.12003907
0.07087053
0.060035642
0.089289196
0.12997963
0.16524318
0.2410187
0.8183475
0.54034066
0.15441005
0.18299122
0.3312229
0.74967253
0.31075513
0.2346986
0.105107896
0.06667489
0.04487242
0.03926611
0.04443509
0.06786808
0.85244536
0.89378303
0.88015634
0.8177036
0.8261471
0.06328858
0.04935806
0.049678404
0.050364807
0.06452313
0.0801702
0.10400222
0.12103397
0.11355374
0.09708519
0.13496669
0.6201557
0.5751117
0.47078806
0.27133426
0.4908494
0.27811846
0.3032427
0.2941519
0.20932057
0.16607474
0.48983008
0.22185066
0.56767756
0.23875377
0.2227993
0.19619335
0.20987768
0.62589496
0.67317116
0.6960155
0.68987656
0.62696326
0.6275655
0.6370967
0.5928814
0.6151377
0.6977964
0.65485024
0.6515022
0.693443
0.7941209
0.73976266
0.7363779
0.7536918
0.75969684
0.7518425
0.73502153
0.10707232
0.072135784
0.07917684
0.110435426
0.09947401
0.0889666
0.10367051
0.12780672
0.12576236
0.12687859
0.48056215
0.15668957
0.5543109
0.62637377
0.6247614
0.63371164
0.5961124
0.148322
0.10706729
0.09313704
0.094594024
0.5888382
0.26020905
0.4397884
0.84436256
0.8075011
0.86883557
0.057657085
0.03467746
0.057105917
0.04328595
0.8840535
0.9457497
0.9655206
0.9615082
0.04145792
0.026452892
0.034682434
0.05934369
0.92048067
0.93448037
0.93154794
0.16940354
0.11596954
0.10657285
0.09287407
0.08272784
0.10058137
0.75162554
0.6097479
0.5237404
0.47609186
0.4594217
0.51683885
0.6168007
0.7244725
0.6326542
0.5637353
0.468081
0.14626662
0.21934298
0.77467966
0.83062077
0.16786134
0.12037052
0.08895784
0.082932845
0.07225554
0.0644061
0.06951495
0.7287974
0.090026855
0.06314576
0.055379994
0.08030872
0.81508714
0.088350125
0.0493398
0.03690787
0.039096657
0.048523005
0.6977597
0.071336895
0.07005457
0.73768264
0.7529284
0.9520984
0.92828184
0.8892513
0.091713674
0.06296442
0.050492413
0.05234714
0.050335806
0.041922428
0.050474573
0.7187225
0.06910107
0.042447753
0.0385074
0.06000306
0.8513133
0.85550493
0.85154825
0.8491522
0.06651096
0.052960847
0.048196618
0.049941394
0.064760484
0.07547132
0.121127605
0.6541256
0.85054696
0.3860494
0.23359573
0.563128
0.55439794
0.60344326
0.6071055
0.635282
0.63417333
0.58923244
0.122177765
0.08715134
0.09050241
0.16768803
0.16014852
0.07963755
0.055837795
0.07934569
0.8286467
0.7835547
0.80655503
0.8154379
0.81734604
0.80212855
0.7469663
0.5915201
0.08707116
0.07853281
0.12442132
0.73716444
0.23945491
0.18895696
0.12294325
0.12297367
0.24549927
0.63770795
0.56785804
0.12646952
0.13332675
0.1467367
0.1881719
0.21454246
0.1978116
0.72718906
0.32259527
0.20720291
0.7133953
0.7019861
0.73177385
0.6908535
0.28929523
0.3497626
0.75639457
0.23363864
0.15174499
0.14439885
0.13256395
0.107859105
0.11360543
0.5102041
0.49258542
0.53597564
0.50213283
0.628613
0.6479064
0.6513562
0.64475715
0.5754526
0.5551101
0.561605
0.58486545
0.66282797
0.6179725
0.5961087
0.5644387
0.61153024
0.59998304
0.5886291
0.6252459
0.7563537
0.88229215
0.9309453
