0.924407
0.0710676
0.035595745
0.038445767
0.04675068
0.05137583
0.050309323
0.07536482
0.9520859
0.94564843
0.92481047
0.9492368
0.0871723
0.0813978
0.06584248
0.03539931
0.044606067
0.9399124
0.88084614
0.9379352
0.04992725
0.03670595
0.080236994
0.93959236
0.93170977
0.9262283
0.9068027
0.8655672
0.04541173
0.027333863
0.036641844
0.91930544
0.95748395
0.91543055
0.93685794
0.9660841
0.95677334
0.038777888
0.019522779
0.021962455
0.030566964
0.050332632
0.06544952
0.046493262
0.056451913
0.9068322
0.15986028
0.05378632
0.061423898
0.86108726
0.8860097
0.8508731
0.12594388
0.15017347
0.89775544
0.1636521
0.03667867
0.017740536
0.015943008
0.024957897
0.9248276
0.9750978
0.9729125
0.9769489
0.9698369
0.02376309
0.014590447
0.016215082
0.03241751
0.037009686
0.91811156
0.13226126
0.08665621
0.9206929
0.9606006
0.96401966
0.040221706
0.018082272
0.014877906
0.020921819
0.03419299
0.07301179
0.9466289
0.9639307
0.9680991
0.9385053
0.92259
0.91326404
0.92060024
0.89839673
0.062392462
0.064546645
0.047202617
0.016578618
0.014006985
0.024391195
0.9495872
0.9505417
0.9858796
0.98320514
0.96668965
0.06069808
0.020913824
0.015336987
0.018402904
0.022548977
0.043369696
0.9155421
0.9351463
0.9334847
0.17652857
0.17626059
0.1795407
0.36923173
0.417817
0.6375042
0.7564029
0.9508332
