0.7226191
0.56512743
0.24984804
0.22250463
0.1941156
0.1975484
0.43423054
0.4223216
0.27201274
0.30675772
0.40250543
0.7191423
0.7876231
0.6980136
0.5221143
0.30903482
0.2805777
0.3581772
0.5697509
0.80732924
0.7706538
0.61704516
0.60787404
0.49833277
0.5967648
0.46508834
0.4036687
0.41325757
0.47121432
0.36135483
0.259047
0.2597635
0.23813598
0.24781221
0.24887209
0.5500287
0.6896896
0.6787186
0.5685865
0.4645317
0.21207964
0.46868458
0.2693053
0.24782528
0.27561006
0.24321395
0.1890065
0.20751218
0.21831821
0.58022654
0.27773157
0.28265518
0.3137712
0.2357575
0.14671561
0.14854345
0.17878391
0.22671372
0.23659733
0.72261214
0.7356352
0.73150843
0.7296188
0.7407366
0.73771703
0.75098825
0.70631045
0.61235
0.6652459
0.7005891
0.66981864
0.6597468
0.6829288
0.727176
0.7195477
0.73228014
0.75658554
0.81719553
0.23164013
0.12250644
0.12964016
0.07942669
0.09305173
0.8418909
0.06715002
0.044458125
0.053331494
0.103177875
0.14195624
0.8863297
0.13243155
0.06874697
0.051449418
0.06833764
0.068048224
0.90229
0.91491973
0.8592694
0.8407562
0.04465765
0.044644285
0.07527339
0.15241499
0.21178989
0.9062241
0.23353231
0.1493181
0.0659664
0.04631949
0.066930585
0.6989294
0.85011154
0.40119895
0.3011962
0.13251582
0.08569968
0.6666427
0.1426941
0.14114916
0.25502926
0.8270859
0.81578285
0.82410586
0.34812158
0.24613276
0.31649116
0.6999429
0.08901088
0.09801763
0.16580328
0.24219814
0.7909304
0.8135321
0.74714273
0.60517406
0.08366642
0.077278085
0.09523665
0.10122319
0.110858575
0.13327058
0.109930694
0.09596894
0.09901028
0.14840353
0.19440395
0.1656138
0.16055194
0.13015085
0.6075551
0.5308744
0.18883528
0.3167217
0.35020635
0.7009997
0.76939726
0.35010314
0.29246625
0.22889495
0.20410581
0.15863462
0.65975046
0.74976593
0.7240438
0.34897637
0.31922615
0.24296759
0.23098053
0.3059315
0.38300818
0.84636194
0.8717294
0.84685373
0.76147515
0.85273343
0.8708947
0.84245944
0.7397295
0.6462223
0.76298445
0.40818614
0.2553047
0.2419368
0.5256225
0.5882955
0.6340597
0.66480833
0.6536113
0.2120647
0.22539373
0.18930505
0.11976241
0.09602132
0.091947064
0.1581977
0.15634705
0.1198088
0.15570287
0.8776561
0.088159844
0.05160096
0.05829278
0.10783892
0.20006673
0.8197347
0.7453547
0.728982
0.73191345
0.7412262
0.7546906
0.6744994
0.5976887
0.5338547
0.5
0.5142655
0.65381855
0.81808186
0.8365877
0.18447216
0.13040584
0.087910645
0.0778822
0.63937545
0.09675084
0.07332238
0.09048279
0.6842481
0.67448115
0.70191634
0.70007896
0.7849245
0.899044
0.89646983
0.79195297
0.19883808
0.09376139
0.10193403
0.6236874
0.08255569
0.09899432
0.14482583
0.13273244
0.6701783
0.8559969
0.8079942
0.63293433
0.65466845
0.6904746
0.8249854
0.7302058
0.08194031
0.06123018
0.059036013
0.12624647
0.07653893
0.06373184
0.82832813
0.8637414
0.8469004
0.93719214
0.05066276
0.030803304
0.020269904
0.027655065
0.028873825
0.15238203
0.9362694
0.96671474
0.96892995
0.94476277
0.7229603
0.060281705
0.052807726
0.0382097
0.047525786
0.09076405
0.6215227
0.5838717
0.64472735
0.7520844
0.7709263
0.634304
0.16987072
0.12654866
0.07922914
0.075201705
0.61791605
0.17369868
0.20571074
0.22208875
0.21491283
0.2150833
0.1959747
0.15509354
0.67043656
0.61235344
0.6589833
0.76552415
0.7707806
0.84638363
0.8638534
0.8725244
0.38610607
0.3532582
0.30868295
0.27193978
0.21206063
0.15162878
0.0993004
0.0816047
0.11420031
0.21012318
0.30137286
0.6654487
0.58693695
0.5
0.34218094
0.43260223
0.41782632
0.39773127
0.40114328
0.3726853
0.2931568
0.30169374
0.40692824
0.57849115
0.6979206
0.64387786
0.48273888
0.37933826
0.34846812
0.2963587
0.32834262
0.46774593
0.5099784
0.61319417
0.5611694
0.5
0.44358504
0.43513
0.44396693
0.50512016
0.43839407
0.3188356
0.2773804
0.2775811
0.3394449
0.4029257
0.38828006
0.33596876
0.30894125
0.30355015
0.40141344
0.28455794
0.2946064
0.40068433
0.3770142
0.6693628
0.5717507
0.6590784
0.4819011
0.36535147
0.28145096
0.2509578
0.16646053
0.16830692
0.21500818
0.16026407
0.157609
0.55687976
0.13818833
0.101823084
0.09342568
0.08767133
0.64287555
0.28154686
0.26519537
0.1784126
0.7835222
0.7931085
0.8211472
0.11566683
0.10127757
0.0936593
0.085889965
0.08777858
0.10411899
0.1108223
0.7239203
0.87166804
0.8877382
0.80895716
0.5333711
0.37160602
0.2031107
0.18326075
0.41952094
0.45914897
0.8480603
0.8113792
0.24484909
0.21680067
0.522919
0.48041582
0.15143317
0.16085252
0.21534677
0.2038949
0.18690072
0.15230744
0.13895075
0.45684493
0.2155023
0.28990334
0.6815744
0.5226878
0.53740805
0.26914725
0.6670713
0.3161863
0.18816203
0.13261746
0.08835336
0.087591946
0.58660895
0.56884825
0.60681576
0.63871527
0.7612409
0.25688857
0.17763077
0.10858221
0.10387178
0.7281696
0.13029052
0.13829672
0.11872578
0.20390566
0.73795134
0.1890978
0.1381129
0.67594415
0.65212345
0.7085882
0.6744522
0.20855312
0.34194908
0.8684207
0.11050227
0.06759411
0.060560636
0.06323445
0.073320925
0.10661141
0.15718912
0.18607216
0.83269006
0.82244366
0.7177841
0.7815095
0.8028493
0.39409497
0.32426226
0.69545555
0.22140181
0.2536273
0.14123268
0.10831917
0.644316
0.6538073
0.77900374
0.25765443
0.14688297
0.16661742
0.11982078
0.15397023
0.7811434
0.8303325
0.7358877
0.1257856
0.102041036
0.7172394
0.09409512
0.100480534
0.07076643
0.06897498
0.083786696
0.12230928
0.17035659
0.78731424
0.7951139
0.8247997
0.9013309
0.9139075
0.8971066
0.8154538
0.8023645
0.870412
0.9005683
0.9067437
0.8902878
0.8362481
0.6435917
0.5929931
0.76989824
0.09865086
0.08330754
0.087782115
0.08800747
0.13857815
0.663795
0.11240204
0.15556207
0.81100947
0.8616267
0.84547323
0.77971625
0.68877673
0.12488872
0.10124407
0.10330201
0.10711585
0.18908428
0.64532983
0.71927005
0.6898994
0.2829209
0.20298262
0.17681938
0.12545769
0.09557337
0.10033154
0.6543215
0.6173795
0.60192674
0.6484167
0.62742364
0.21343428
0.19575544
0.15282524
0.13684745
0.17531447
0.6274537
0.48127997
0.76939464
0.7353289
0.5968934
0.26743716
0.26925844
0.45531598
0.20760334
0.20001781
0.26502615
0.35809726
0.24953884
0.22314905
0.22913346
0.6849119
0.63488024
0.55073416
0.4783082
0.5
0.58660436
0.72765535
0.75503063
0.5727396
0.5915152
0.38185042
0.26467377
0.21478263
0.34707007
0.13595392
0.2706442
0.4578784
0.8432937
0.1366425
0.14337958
0.065407954
0.043617442
0.14550322
0.17655212
0.9569229
0.94335896
0.8559232
0.08089791
0.05179313
0.056155164
0.08744657
0.091150925
0.0979728
0.106178805
0.10619189
0.10124769
0.60957855
0.64690375
0.7665756
0.6915478
0.7420621
0.57890844
0.21269032
0.28188604
0.36124104
0.885011
0.94733375
0.93880486
0.59492284
0.4147192
0.40150255
0.81459737
0.7486404
0.6518167
0.11348243
0.0912447
0.060142096
0.06740165
0.813848
0.8718418
0.9101285
0.90678245
0.13396186
0.08377561
0.0741943
0.09052135
0.768572
0.7002941
0.66750747
0.5879272
0.55213326
0.55670846
0.65524197
0.83600795
0.94299996
0.93635553
