0.71797687
0.5968149
0.5
0.5473448
0.58493745
0.71340907
0.560325
0.61166334
0.6039813
0.8495826
0.86136675
0.8154866
0.82436615
0.7036078
0.58578974
0.3051022
0.5281843
0.15458651
0.16992669
0.2700668
0.21229082
0.31584167
0.52990043
0.6500352
0.64975774
0.6668674
0.6512591
0.6358913
0.64648426
0.69678307
0.20849317
0.12601866
0.11158582
0.08648152
0.09898775
0.15107849
0.70597124
0.5707541
0.5
0.46926647
0.2571267
0.21783547
0.1990626
0.21005127
0.41449443
0.6300228
0.3170415
0.3106046
0.45046833
0.27153122
0.25898224
0.28024435
0.3977804
0.55959713
0.4140619
0.45713457
0.4187237
0.44459793
0.28783208
0.29919782
0.249522
0.2606942
0.22085214
0.22985354
0.28238398
0.26428404
0.19927722
0.18935464
0.2360506
0.30771554
0.40286314
0.63333124
0.6150613
0.50896555
0.45283943
0.25674635
0.26681536
0.2532162
0.27036235
0.48862076
0.46803537
0.25152662
0.5
0.21132639
0.2816068
0.3055844
0.24887608
0.665646
0.5528788
0.2596256
0.5900398
0.6294306
0.6696509
0.51586235
0.2369065
0.65058684
0.56007797
0.19626145
0.2920157
0.26965353
0.19942053
0.6228202
0.5438285
0.29855376
0.690387
0.55018544
0.20199408
0.296484
0.3883123
0.44129944
0.7990599
0.3050809
0.16048016
0.10819291
0.08360209
0.079483524
0.0953097
0.10051222
0.051314093
0.04871098
0.7523596
0.77777785
0.8446952
0.9151966
0.9086585
0.11741381
0.13533114
0.19773327
0.8574359
0.7281371
0.10331944
0.1000905
0.08747978
0.0904162
0.08700692
0.12807173
0.49789602
0.46063733
0.5674053
0.697361
0.65230024
0.64058715
0.60576385
0.5580785
0.5
0.46877778
0.30568513
0.39483297
0.40929323
0.5
0.45729235
0.21429178
0.2342883
0.6221324
0.32222772
0.25619403
0.17791563
0.1538669
0.14130954
0.5886071
0.15338244
0.16127382
0.24818783
0.14854643
0.08775739
0.07680875
0.64403725
0.6485672
0.7429023
0.87940896
0.89946777
0.4194218
0.16041604
0.1066203
0.59041303
0.5800191
0.56235546
0.5370518
0.5892394
0.5855628
0.115967005
0.1367053
0.15063195
0.21521679
0.230117
0.7165804
0.12114922
0.06794397
0.06576823
0.09954163
0.7411195
0.8650696
0.8734182
0.7816292
0.74885327
0.78596246
0.7491006
0.77041805
0.7651607
0.7929006
0.09352294
0.05438521
0.06313949
0.11019203
0.103365876
0.10432066
0.11892176
0.16528386
0.15131369
0.13912627
0.16296446
0.16818644
0.17955942
0.096057825
0.08113473
0.67947155
0.06921083
0.0554423
0.09378093
0.06654782
0.7904585
0.82505655
0.8357747
0.903457
0.84917456
0.09387837
0.06288153
0.04972408
0.054910343
0.6982601
0.0774903
0.075642854
0.07198039
0.10574615
0.117675744
0.100336224
0.70609945
0.85153896
0.9028041
0.92035127
0.92617595
0.9230399
0.91255164
0.8883418
0.8201146
0.84284866
0.7779137
0.77501035
0.8151213
0.5470114
0.3202318
0.57601446
0.5055512
0.12619892
0.19133347
0.33677533
0.34788918
0.79083025
0.47635272
0.5060197
0.12361742
0.10988154
0.65058684
0.73998153
0.6607611
0.6059515
0.50598
0.118040696
0.12036914
0.5970404
0.5464601
0.8442892
0.476034
0.22682351
0.17079991
0.24026385
0.73200095
0.7281099
0.2325804
0.16266212
0.17700058
0.13155338
0.19840683
0.5439557
0.16560751
0.13873318
0.25538322
0.19284967
0.21008532
0.27453962
0.4778555
0.263022
0.26180407
0.2635234
0.4664103
0.4277764
0.5440754
0.438252
0.48678297
0.6375011
0.5775253
0.5556793
0.6594989
0.6174694
0.6242561
0.7645125
0.73844093
0.5873116
0.5518919
0.11339098
0.08461005
0.0730931
0.074500486
0.11757228
0.111282595
0.19434477
0.7541799
0.7333271
0.71698624
0.25709975
0.15138201
0.12824398
0.08127061
0.084494084
0.5930227
0.14138778
0.19490278
0.27500287
0.30857146
0.38639343
0.46414992
0.3542007
0.37165383
0.40228984
0.62620425
0.62404984
0.55424863
0.4470622
0.39056677
0.37654534
0.32214937
0.30488983
0.5136247
0.48904568
0.7198798
0.71756315
0.59453535
0.6034787
0.4920134
0.4664151
0.518592
0.6683344
0.7323305
0.6948064
0.83456296
0.40854484
0.17064776
0.09659786
0.08241268
0.55769306
0.1454108
0.16504465
0.482625
0.51448005
0.75517297
0.9015554
0.9317901
0.9161902
0.7969787
0.25391525
0.13953131
0.093681
0.07671935
0.116148084
0.23596898
0.71362925
0.6072071
0.5297803
0.5308713
0.5
0.50129086
0.4384316
0.35003093
0.3120078
0.31607318
0.348821
0.32315284
0.1337327
0.1335994
0.1428211
0.10767796
0.080506
0.06769749
0.07766465
0.73277235
0.111097746
0.15502845
0.17856331
0.14692168
0.08503944
0.05928491
0.05784368
0.07749769
0.698705
0.82760155
0.2511239
0.08079038
0.051377453
0.046028916
0.057728887
0.775525
0.7303778
0.78713363
0.9190785
0.9571694
0.9641583
0.9438188
0.8607434
0.7936906
0.8365391
0.040453408
0.025511257
0.024231467
0.034178052
0.067500755
0.915574
0.9582006
0.957041
0.9262811
0.86182183
0.056748703
0.03408169
0.023710428
0.02996607
0.07151793
0.9098763
0.92245525
0.9107706
0.10797714
0.04973334
0.040118296
0.04322387
0.07159484
0.8185327
0.062160306
0.035975724
0.026895057
0.028953047
0.042621396
0.060847178
0.08585868
0.117443815
0.8753506
0.79272485
0.0764574
0.0658742
0.08891568
0.08510474
0.092529096
0.11286571
0.11969797
0.73195225
0.80978334
0.7217599
0.11390465
0.090478525
0.121406384
0.1764762
0.683036
0.7324768
0.73351973
0.13928509
0.0885505
0.08472542
0.7681929
0.113628134
0.10659114
0.0662127
0.043474786
0.06786893
0.91500604
0.9492479
0.95142156
0.9226248
0.8457168
0.8415099
0.05990234
0.06256723
0.07902609
0.068192035
0.0697772
0.71812254
0.121168435
0.14620408
0.2379995
0.61084557
0.66114956
0.781953
0.7973883
0.5031201
0.31849495
0.28343683
0.29428518
0.61381876
0.50945526
0.41923898
0.3990489
0.44362697
0.53288686
0.6605724
0.8656276
0.85836005
0.19444709
0.11948617
0.086729705
0.09036016
0.6799765
0.098702446
0.06902025
0.07102756
0.080871694
0.11018952
0.17005873
0.8206177
0.16167529
0.14077727
0.082941346
0.07234038
0.10223404
0.7499655
0.09865714
0.07481695
0.055661082
0.058769975
0.08727397
0.78101957
0.8201013
0.88133943
0.86481583
0.8361211
0.7717652
0.7243558
0.21515192
0.6945161
0.061953586
0.06126125
0.090762444
0.10196431
0.8649764
0.9087532
0.10286077
0.06372111
0.07174256
0.13321404
0.22482416
0.8839433
0.89772815
0.82864344
0.22556187
0.14971003
0.71621424
0.18837151
0.11252469
0.0876585
0.119833395
0.71778065
0.25941542
0.6024982
0.10528772
0.06601025
0.08864672
0.540538
0.631294
0.87328297
0.8919449
0.74203175
0.24575363
0.183962
0.18047692
0.15771505
0.05638854
0.05368956
0.07802433
0.046205867
0.0332627
0.02359313
0.02148432
0.051384777
0.91964114
0.9609901
0.9732082
0.9705103
0.20307903
0.07811591
0.06584143
0.034994114
0.03310913
0.043689765
0.056701545
0.059299722
0.66207606
0.63191414
0.73115426
0.5911246
0.57337826
0.69664556
0.5233656
0.44910285
0.36755309
0.2867863
0.13579495
0.1669213
0.16637269
0.19883516
0.6209124
0.67374396
0.66551894
0.63583
0.26874593
0.14092082
0.10977466
0.17267261
0.6005427
0.6674522
0.721167
0.5806386
0.6143941
0.6692446
0.53319895
0.4482967
0.48750612
0.37002674
0.41052866
0.28869167
0.25163364
0.3808499
0.4880581
0.6561586
0.81358373
0.8251628
0.7553357
0.5215977
0.19299929
0.18944344
0.24703439
0.23934448
0.20278814
0.18197556
0.21803722
0.24596895
0.5267658
0.5861334
0.48419923
0.636999
0.7513238
0.52085644
0.4252596
0.5
0.53703576
0.21771961
0.22260293
0.16821079
0.1322158
0.5324011
0.27605203
0.430442
0.17334323
0.24623922
0.58383864
0.34633172
0.2105319
0.56319076
0.55424345
0.1668649
0.19728951
0.26469186
0.14660008
0.108083606
0.1339958
0.5913857
0.6305298
0.73680335
0.7472431
0.69500875
0.6815121
0.6792283
0.68665385
0.6224101
0.62319493
0.65359384
0.67400116
0.20143716
0.2802207
0.25976506
0.62609124
0.11446583
0.12895095
0.110402234
0.07203107
0.07087618
0.070359185
0.7436204
0.8389232
0.88555944
0.8616222
0.79672915
0.7578571
0.7394558
0.08637212
0.0821224
0.0908388
0.085085414
0.089860216
0.10672942
0.10948568
0.8255495
0.08994009
0.049698412
0.042051677
0.038961604
0.04015707
0.037425585
0.034064036
0.044087104
0.80274504
0.87919587
0.9469325
0.94191337
0.22790813
0.7660618
0.046071567
0.035166163
0.04294619
0.058733977
0.11666663
0.8681128
0.87162954
0.12472052
0.10997026
0.76812774
0.13836934
0.0791076
0.07224229
0.091288745
0.16448611
0.13378102
0.07962878
0.6801999
0.6065073
0.63726556
0.64344394
0.6934306
0.71391076
0.09414994
0.09201641
0.065714024
0.10652002
0.10094882
0.15930974
0.22262755
0.14619821
0.14768796
0.65158844
0.64138544
0.55672044
0.13933481
0.10780161
0.08707645
0.102183945
0.20906492
0.25763708
0.7342103
0.65946484
0.22337648
0.17920864
0.6590087
0.72898334
0.4399062
0.29279128
0.5
0.20247222
0.4703485
0.17596206
0.11546866
0.23558739
0.2800861
0.7372078
0.24224867
0.20267409
0.16493149
0.12492828
0.09740432
0.0824678
0.61714417
0.70411676
0.80612195
0.78687215
0.7577737
0.65864354
0.14723235
0.11498655
0.10331135
0.10795347
0.2096081
0.31185436
0.82543004
0.8483548
0.7177625
0.6319673
0.29624492
0.1803727
0.16762604
0.5888465
0.5979288
0.5630488
0.23808283
0.16439494
0.22814876
0.30436224
0.4684275
0.52598494
0.36633286
0.37123555
0.7905907
0.76537013
0.8797571
0.8549266
0.55459386
0.16030014
0.12067728
0.11960308
0.20626988
0.23291877
0.70519906
0.81595385
0.65948623
0.5754803
0.518195
0.491051
0.5019536
0.51406443
0.53790694
0.636917
0.789793
0.8486012
0.9270003
0.92776316
0.8886369
0.18654272
0.09173622
0.0719001
0.077178344
0.14192128
0.104484454
0.07490217
0.071794
0.061464984
0.056225162
0.098249406
0.786433
0.9087086
0.8908743
0.74835974
0.6911527
0.6907266
0.7280907
0.77870464
0.74264663
0.6882079
0.14242248
0.16538261
0.15783828
0.110869974
0.68723637
0.13320422
0.12276388
0.11149141
0.6355302
0.1497258
0.1975183
0.73082125
0.703934
0.1565032
0.12245635
0.092411764
0.11081591
0.68929785
0.67604434
0.8725435
0.8600973
0.83529943
0.73677903
0.13708934
0.12118553
0.6043342
0.23175439
0.41417664
0.846543
0.8691965
0.2816192
0.17024778
0.61789393
0.11264828
0.15603562
0.17418796
0.69666404
0.7830655
0.1357889
0.17788263
0.17695382
0.16589163
0.65027326
0.6774356
0.6737643
0.7117288
0.7633641
0.8194771
0.7772251
0.7703786
0.15387493
0.0874016
0.0786514
0.10033347
0.08369942
0.07089814
0.068111114
0.07745985
0.06459215
0.063608535
0.08863683
0.6921563
0.7490219
0.8597585
0.87812734
0.07703471
0.05813045
0.09574915
0.04882973
0.032836724
0.8612303
0.93348014
0.96410906
0.96348953
0.93355054
0.06441512
0.043964785
0.036305077
0.029027803
0.05093713
0.63250285
0.658633
0.69038135
0.76883805
0.2384829
0.13012075
0.13054188
0.12894796
0.1513903
0.59779596
0.59418976
0.17859451
0.13735643
0.09141729
0.06783454
0.055147704
0.07391148
0.078616865
0.07652804
0.08213125
0.7602271
0.07835452
0.04389635
0.032539863
0.028372327
0.035693552
0.031583805
0.032343797
0.06292402
0.8791131
0.9291242
0.8496202
0.05071879
0.035140287
0.037216153
0.0662484
0.18799543
0.90365094
0.07892118
0.05042658
0.058365017
0.06307048
0.110116936
0.22359924
0.17478232
0.07378168
0.07179411
0.1103208
0.103089005
0.1463298
0.110167265
0.09554518
0.7787415
0.8400569
0.23252688
0.38405487
0.88281614
0.8893318
0.7863942
0.8366396
0.20313199
0.1536691
0.643525
0.67343247
0.8458671
0.8360468
0.7350817
0.7032969
0.6520171
0.5993138
0.5800585
0.62699336
0.7171436
0.8587999
0.8929446
0.89930093
0.8763121
0.7965196
0.75891817
0.7502193
0.76301694
0.2095576
0.18907242
0.59081703
0.5960884
0.52864635
0.13445783
0.36219537
0.8858384
0.92004156
0.9091317
0.16108397
0.12517948
0.11358809
0.09700755
0.091914706
0.113732755
0.6520591
0.10513046
0.14643675
0.1720737
0.19080728
0.15047936
0.79893804
0.68827295
0.69179666
0.7776876
0.81381136
0.7502497
0.64980376
0.6833192
0.7555693
0.8376803
0.80557495
0.658346
0.21800075
0.38320813
0.31181365
0.15000261
0.11626026
0.078309715
0.09126522
0.1049154
0.3898103
0.8593501
0.8884179
0.80452496
0.30068716
0.19547276
0.14016598
0.14713998
0.20274544
0.33132386
0.64152974
0.7900076
0.71204954
0.4991475
0.46777636
0.48667365
0.6971215
0.6041371
0.6046836
0.82811946
0.7977049
0.5204812
0.53242403
0.24018961
0.25294706
0.17032322
0.3338524
0.24304576
0.26130807
0.28782567
0.36277613
0.20500837
0.18481617
0.31563237
0.46012503
0.43515542
0.31014222
0.30671465
0.26452413
0.2596299
0.42027703
0.50587374
0.6064172
0.70538753
0.6879126
0.5
0.38493377
0.3672514
0.5724446
0.5928509
0.7858921
0.83377445
0.7874415
0.6380734
0.54252994
0.61403596
0.5082285
0.4588181
0.32367855
0.42479876
0.45445126
0.37662703
0.48926026
0.6392679
0.7046805
0.62304825
0.5755999
0.6008125
0.6107022
0.09974455
0.09982375
0.12317362
0.09851482
0.077317424
0.08762432
0.16887444
0.20758384
0.85839635
0.110635534
0.03225274
0.023028055
0.022110155
0.025042413
0.032494497
0.8332937
0.9297672
0.9611757
0.95619196
0.2084481
0.90371966
0.054008976
0.03291237
0.029459368
0.03181001
0.07386901
0.88654476
0.107875876
0.10379389
0.06986116
0.056826275
0.093620494
0.1024933
0.099531665
0.09816779
0.08832194
0.08899348
0.11662715
0.12023395
0.115573734
0.21223539
0.19980514
0.19208546
0.15104957
0.13848971
0.1644468
0.2790886
0.65302277
0.13600484
0.17275117
0.1465317
0.10217903
0.17890589
0.19805583
0.91216475
0.95817935
0.9562447
0.9373316
0.9063773
0.23026632
0.14001267
0.09049762
0.08470909
0.08648873
0.0786763
0.5622711
0.43302408
0.52105594
0.5751929
0.41845083
0.43324468
0.39452782
0.58610934
0.69978076
0.5335119
0.16100144
0.107391395
0.08261503
0.060250822
0.06825047
0.0853848
0.88406366
0.84713995
0.7334513
0.104688525
0.066953935
0.06777533
0.056059606
0.07692693
0.109006405
0.71840054
0.84129477
0.88496464
0.85268
0.3422964
0.21573815
0.4706765
0.13372932
0.240147
0.33654758
0.876122
0.8942655
0.3381476
0.14808536
0.2220206
0.12995727
0.7669609
0.7614195
0.71087164
0.65638226
0.12795156
0.10504743
0.0997865
0.13161397
0.6811926
0.24859513
0.13658446
0.13083304
0.5789513
0.2735417
0.24154328
0.39616486
0.4762464
0.5790914
0.80870724
0.6430422
0.65833837
0.88590014
0.92062056
0.88692534
0.22530979
0.13450065
0.08135926
0.059085056
0.06674323
0.23340093
0.75242275
0.77813256
0.089554705
0.059768457
0.061198182
0.07088759
0.06740275
0.061692946
0.05650733
0.06482782
0.09975904
0.8040419
0.8778873
0.79481715
0.13568763
0.124140166
0.8545846
0.08831632
0.075428516
0.07356565
0.058090553
0.051486686
0.05342235
0.080754615
0.8641214
0.78482664
0.7622487
0.80013233
0.8072329
0.7735714
0.79319286
0.86801535
0.8708097
0.8170472
0.8552784
0.75989
0.72572136
0.7801159
0.13155393
0.08895195
0.09463728
0.6175254
0.12892775
0.16296527
0.13817714
0.11962021
0.73620933
0.09328616
0.083098255
0.079935454
0.0723635
0.07621277
0.08796734
0.8026924
0.10327137
0.06822704
0.06145921
0.07555487
0.11467478
0.8511614
0.8942127
0.15500543
0.09518072
0.10830103
0.78772765
0.12641516
0.15352125
0.2823385
0.7851274
0.68916136
0.57961124
0.5192396
0.28771502
0.34768724
0.37394294
0.7650889
0.65710336
0.5939262
0.5973889
0.5902851
0.6154815
0.54083544
0.5288791
0.58370036
0.7500509
0.83282983
0.81959987
0.74219686
0.81836057
0.78877926
0.82256424
0.7522023
0.72960186
0.7691944
0.1817101
0.124780506
0.11584214
0.5789127
0.10510101
0.0770526
0.06527507
0.14209226
0.14202747
0.91458964
0.90503675
0.80215436
0.8002333
0.88500375
0.9269129
0.92953396
0.8892172
0.7697003
0.06129491
0.04611177
0.05116335
0.04869817
0.06967437
0.04969569
0.041981824
0.09213199
0.73663306
0.9141569
0.9407639
0.94141614
0.91564655
0.6377803
0.13403355
0.08677504
0.15026712
0.14054105
0.11233841
0.18055278
0.13622439
0.12642363
0.27987212
0.3465923
0.2773944
0.14139502
0.09981685
0.10068747
0.17857213
0.75551194
0.7859869
0.22576664
0.76084864
0.8464517
0.8159864
0.85316265
0.76756346
0.7735869
0.058340333
0.048581026
0.06193704
0.094724044
0.08857616
0.10166776
0.1693993
0.8933841
0.11875507
0.063748226
0.06875553
0.6894698
0.10447946
0.0923036
0.07302199
0.1220624
0.831344
0.33421692
0.77850085
0.08542573
0.05300886
0.04478387
0.048146423
0.06466996
0.7501346
0.83701813
0.81654686
0.82326716
0.10301161
0.096493274
0.08452852
0.08659351
0.15853687
0.8082843
0.26399222
0.8633922
0.0643084
0.0428431
0.05989713
0.15500528
0.80163425
0.044706378
0.042270664
0.15497878
0.9150124
0.9473591
0.94445395
0.10648473
0.054746207
0.045757886
0.04411957
0.11706755
0.16550988
0.16604608
0.84258115
0.64392513
0.58781326
0.5717396
0.6691801
0.6447993
0.6391477
0.70313305
0.3744367
0.7859506
0.62441814
0.12650186
0.109497875
0.09227837
0.1407321
0.12625045
0.163313
0.20594919
0.25080988
0.14368384
0.17738248
0.2919313
0.1957311
0.12842634
0.09471736
0.60085535
0.097649105
0.074234314
0.1086599
0.18588172
0.7912949
0.7255798
0.766614
0.84919506
0.8238708
0.1382031
0.13666917
0.35639155
0.84311146
0.78762484
0.14020675
0.065296195
0.07151891
0.1873028
0.21639661
0.88734555
0.90165484
0.10367215
0.06354893
0.6660939
0.036967248
0.039013557
0.09865976
0.94801754
0.97973067
0.984746
0.9767278
0.9279259
0.05678259
0.02657682
0.022301335
0.023928573
0.031476624
0.04731826
0.054476082
0.05280925
0.05652071
0.07371857
0.7905944
0.7967745
0.091172725
0.0749536
0.14396618
0.82901305
0.7396018
0.086694494
0.07907359
0.08424516
0.10399294
0.5952327
0.31126985
0.41342667
0.49109328
0.85105836
0.4142548
0.3335693
0.1804832
0.4403593
0.46491113
0.5100228
0.68807685
0.5061432
0.47106728
0.21863583
0.17317054
0.15692729
0.1194446
0.14482701
0.23785338
0.2694704
0.77264243
0.53710735
0.15259272
0.1252305
0.30103496
0.16845337
0.5969349
0.5703888
0.56942165
0.15144531
0.09456502
0.06891452
0.0799965
0.28433952
0.7620602
0.73632014
0.11997301
0.07076373
0.06421163
0.097293116
0.7463817
0.77185714
0.794096
0.8131423
0.22792952
0.104373075
0.07530503
0.08693142
0.64987236
0.6100594
0.21434948
0.25462732
0.72275186
0.13232623
0.14993832
0.3448478
0.6246655
0.54099894
0.16193306
0.17852308
0.17052522
0.1621521
0.5872525
0.6117502
0.71562433
0.5537982
0.26650712
0.22286247
0.20375443
0.24335867
0.4125803
0.2956567
0.2928082
0.46785957
0.63605225
0.631414
0.7802618
0.8008722
0.74710494
0.7325424
0.6172631
0.50827026
0.46348444
0.441838
0.48392424
0.5049882
0.19954023
0.13294487
0.13091427
0.17506498
0.20589927
0.83533233
0.23345327
0.10432226
0.059918232
0.056270495
0.07355733
0.73399574
0.7285418
0.7105334
0.65829265
0.6097382
0.6420192
0.7915471
0.89540195
0.9150667
0.8793732
0.80725217
0.7988016
0.813932
0.7493285
0.11310905
0.08450968
0.07151151
0.09377199
0.14561692
0.65444666
0.303868
0.16501702
0.13172668
0.17801096
0.19908892
0.2324253
0.23118672
0.19388285
0.5318953
0.62009865
0.7210967
0.62446386
0.49104798
0.5
0.33228502
0.49124697
0.5166778
0.70794415
0.69191265
0.381288
0.34523094
0.5
0.35061118
0.3288601
0.35169494
0.4465413
0.27147138
0.23385896
0.3133876
0.33727425
0.2918071
0.29212385
0.30218196
0.4674037
0.83059466
0.7252078
0.30848026
0.22419603
0.31492034
0.42826578
0.61509395
0.33193803
0.30989707
0.34338954
0.41237807
0.6248127
0.3557096
0.3159022
0.39561865
0.3996395
0.15576304
0.2864769
0.66820157
0.28166595
0.15506911
0.100846656
0.11695619
0.70086765
0.7492172
0.6814893
0.66145957
0.8030111
0.32629552
0.2310763
0.13718289
0.20805009
0.59785163
0.5877418
0.59068304
0.5997139
0.5861644
0.13981225
0.30287197
0.38009292
0.4534904
0.82777524
0.89746934
0.79867136
0.20288223
0.1466258
0.1072223
0.20942259
0.65268093
0.61254334
0.6256444
0.9061656
0.91890174
0.88124996
0.9097226
0.8626634
0.6781733
0.64051664
0.6850776
0.8893416
0.9044177
