0.81941736
0.7469046
0.7174616
0.5
0.26102623
0.28781223
0.31553683
0.37657627
0.61032766
0.6099216
0.5697416
0.5970519
0.78157145
0.8394904
0.78532696
0.57596153
0.5265174
0.51315415
0.5
0.511663
0.56435704
0.72902626
0.83912355
0.837346
0.73748434
0.6592934
0.7423793
0.68884504
0.85065746
0.89770013
0.8733771
0.6299568
0.65994453
0.8496642
0.11361988
0.0712849
0.074103475
0.0646268
0.04962327
0.046810627
0.05535326
0.904229
0.87006176
0.8503857
0.8351827
0.89797014
0.76811665
0.085621804
0.058246423
0.058187347
0.072505556
0.10357145
0.08389208
0.07042368
0.6362804
0.18620482
0.23903167
0.6331204
0.8176974
0.84287924
0.7351783
0.68576413
0.7781694
0.72948253
0.289747
0.24505822
0.26997554
0.28387874
0.40172645
0.41581097
0.4258003
0.38907015
0.5714916
0.6799414
0.70509106
0.6804104
0.6499817
0.56587195
0.5
0.28433877
0.4361151
0.30501792
0.19921923
0.15737276
0.17004171
0.23133384
0.5765848
0.5677276
0.281053
0.2271004
0.20469709
0.12364256
0.083792835
0.09406812
0.15843402
0.73136175
0.8364598
0.8415965
0.11779567
0.09395082
0.06371746
0.07092196
0.6311369
0.12102395
0.19195478
0.25417224
0.83221257
0.055245332
0.062512
0.1512862
0.9454863
0.9517655
0.8638533
0.82412124
0.08780577
0.053866785
0.07277188
0.11540481
0.12259291
0.08100182
0.062306058
0.07707748
0.11270556
0.08033164
0.6911946
0.692615
0.7430605
0.11031258
0.0840361
0.09341726
0.59532475
0.7035303
0.82250714
0.83588415
0.71702003
0.10431799
0.10017673
0.19381598
0.15582748
0.09795412
0.118439056
0.053880993
0.044810586
0.076786295
0.12615596
0.8079863
0.9259969
0.8135827
0.70661986
0.09725461
0.060086057
0.056845717
0.06425202
0.6382584
0.5995432
0.56973505
0.54274017
0.65591824
0.69278765
0.19109662
0.13783394
0.117030405
0.12259767
0.12749302
0.14011338
0.7798257
0.62071514
0.12273007
0.075388364
0.060037833
0.04026739
0.044342823
0.10496323
0.90506864
0.9409325
0.91705066
0.839252
0.8395347
0.8724269
0.7598347
0.06734964
0.05701646
0.057183996
0.1593813
0.18099451
0.28261608
0.6753369
0.615926
0.64854664
0.736645
0.67000246
0.5147866
0.4898888
0.5
0.6084202
0.84350514
0.82830364
0.17105056
0.12043822
0.28244534
0.82779515
0.12992923
0.0819378
0.07769056
0.08543533
0.113500446
0.6686696
0.21921459
0.8466599
0.7906866
0.81150824
0.69606453
0.7196445
0.8453894
0.83059794
0.7360112
0.73420566
0.6275683
0.6980814
0.8575566
0.8185872
0.28773206
0.735382
0.33632338
0.19383043
0.1768333
0.13172266
0.14351921
0.5747672
0.14293025
0.16032292
0.14637247
0.43546975
0.2578486
0.3527507
0.49180892
0.6481873
0.6655674
0.5632862
0.21256213
0.17437996
0.17821084
0.22006157
0.28910005
0.3272962
0.53500944
0.5165556
0.56722575
0.65921974
0.60100585
0.5
0.4035301
0.32886845
0.28394803
0.25589606
0.25548747
0.2851913
0.44332674
0.4145336
0.41049457
0.460923
0.5124528
0.4872675
0.5394424
0.66648054
0.64881676
0.5834128
0.63561404
0.61744267
0.6703686
0.8291239
0.9088106
0.8978886
