0.7636019
0.16582581
0.10121897
0.0948524
0.11244181
0.18397877
0.2658181
0.7783792
0.7887129
0.5462901
0.5109094
0.7173458
0.4230684
0.5860919
0.13773093
0.19303206
0.65722495
0.84081805
0.8959519
0.91406405
0.91006345
0.8695908
0.7411911
0.6212874
0.17209025
0.13202566
0.60315406
0.26947546
0.6876091
0.40930775
0.43858194
0.82043123
0.8708349
0.19799118
0.12085985
0.09684627
0.08412458
0.0923357
0.13473623
0.5677494
0.22636642
0.18689474
0.19205788
0.43655103
0.50390553
0.6234231
0.6443858
0.66946656
0.2712308
0.2124018
0.17587571
0.14331697
0.12900639
0.13638328
0.621304
0.6694403
0.6736736
0.6350599
0.58798206
0.53120047
0.14700185
0.10813327
0.11891508
0.5963939
0.11049107
0.123878635
0.20841819
0.7575044
0.81259984
0.8232165
0.7968341
0.7629013
0.22496329
0.12531772
0.14138943
0.61147255
0.122018225
0.12732379
0.19354495
0.6547435
0.7139807
0.10874523
0.0948606
0.08207937
0.08397153
0.106202714
0.080691844
0.11277147
0.6745222
0.27610624
0.73578686
0.70375365
0.7301803
0.79366344
0.07586558
0.048948534
0.042286687
0.043180447
0.06400876
0.12415177
0.83698654
0.9241817
0.86690575
0.813743
0.8127329
0.8830795
0.849424
0.13022584
0.060814362
0.04770081
0.04515302
0.061302304
0.08710645
0.86010367
0.2228498
0.78580844
0.09209679
0.08185975
0.10194864
0.08294611
0.0644766
0.06215115
0.07597881
0.7361872
0.7009942
0.6803046
0.10007656
0.076548055
0.09168749
0.11644654
0.16783729
0.22667062
0.80037874
0.7818003
0.87559646
0.890229
0.8716642
0.78352416
0.74940723
0.72805315
0.24674357
0.20773694
0.23076555
0.5552748
0.78709364
0.64996547
0.24405588
0.14740367
0.147971
0.4558013
0.5295673
0.7919836
0.7720218
0.85907525
0.7791494
0.24473232
0.16979223
0.13726589
0.22165385
0.50824296
0.48599395
0.4713016
0.26157728
0.22839352
0.18636158
0.16006915
0.16839415
0.3648156
0.37478763
0.21811709
0.23151672
0.45652577
0.54516494
0.7307407
0.7425446
0.5082965
0.3562307
0.4102022
0.3104128
0.34859732
0.46433276
0.43510216
0.22409892
0.14111444
0.09392582
0.085771225
0.14611174
0.73781854
0.8290436
0.1660049
0.1024134
0.06238457
0.04299562
0.046413653
0.040391687
0.040144905
0.07529188
0.08866875
0.9037078
0.8830218
0.8812414
0.8330792
0.80250233
0.8926868
0.10672196
0.060475275
0.049569562
0.044386026
0.04813723
0.050592557
0.056935236
0.09360964
0.16116844
0.69721884
0.70012313
0.70328295
0.09219752
0.0666117
0.060994677
0.06770697
0.096466094
0.13724804
0.12502563
0.08797974
0.06782604
0.0971593
0.8175089
0.79155374
0.7709634
0.10939175
0.06733406
0.05997241
0.07643721
0.100404
0.8105437
0.78042436
0.80838233
0.8194167
0.8546513
0.82466304
0.8228738
0.8287438
0.8306323
0.83521104
0.86617714
0.88218415
0.1340456
0.07830571
0.063073896
0.059190866
0.08510349
0.7366534
0.7604246
0.7551529
0.10809435
0.09775467
0.6952453
0.09205733
0.10740936
0.09919002
0.08506553
0.06802448
0.06813082
0.09637816
0.17542271
0.8156844
0.83690196
0.63551795
0.15282561
0.17023563
0.34543124
0.82952696
0.4305924
0.29124853
0.15578593
0.6599728
0.6868828
0.7007411
0.6348588
0.5684048
0.5164281
0.14690375
0.34340474
0.3454518
0.8425314
0.20107022
0.12112888
0.098224826
0.107613854
0.08996689
0.08510953
0.0958658
0.124615036
0.145676
0.14052725
0.12826353
0.60279447
0.13093865
0.14642237
0.13915929
0.20486023
0.27869335
0.5
0.71383506
0.58995855
0.33448687
0.35656402
0.5288867
0.4777825
0.6395387
0.53656435
0.42055476
0.40032414
0.48482886
0.34826532
0.34745598
0.49700108
0.614758
0.51712024
0.49833414
0.49971247
0.42208746
0.44309318
0.16862296
0.14287657
0.6447475
0.75450313
0.5381907
0.5484485
0.79829115
0.15169738
0.08237168
0.08919239
0.6098988
0.6386167
0.679407
0.72782737
0.76986593
0.85388476
0.80938214
0.14148103
0.11407352
0.12704812
0.6089793
0.4719657
0.59339327
0.89161766
0.8243675
0.25852844
0.20445383
0.6867174
0.5091785
0.5489648
0.5113353
0.19153754
0.18664634
0.26952422
0.17602116
0.19546446
0.6809085
0.19516501
0.54400367
0.58032024
0.66922235
0.8112651
0.71763575
0.5790748
0.13094465
0.107342504
0.10248819
0.10341198
0.36700714
0.4378019
0.8844117
0.85339516
0.5041095
0.20751785
0.14348121
0.13892616
0.42435342
0.66770047
0.86116743
0.783727
0.2709769
0.17086111
0.22294636
0.1639007
0.13303621
0.23065755
0.1996761
0.18396477
0.19568978
0.23770356
0.25047156
0.3608392
0.56928533
0.42336214
0.22394183
0.25049052
0.22495133
0.22554716
0.39605162
0.37836984
0.34852022
0.48264855
0.3017411
0.18423568
0.1516304
0.122250564
0.08693185
0.10019683
0.11399655
0.1542802
0.86239743
0.9050342
0.83691645
0.89937514
0.77202135
0.66016537
0.5448452
0.08437334
0.071781226
0.13250467
0.5887329
0.12179587
0.11648334
0.16363737
0.15913382
0.24010682
0.20168528
0.28383604
0.2668605
0.29491678
0.39776936
0.5900034
0.42351943
0.23038879
0.21648785
0.29540664
0.35570621
0.25483066
0.25122124
0.28285134
0.51270074
0.62392557
0.48729634
0.58279693
0.6384444
0.5141831
0.57892877
0.6138434
0.53014344
0.46144602
0.5505007
0.5586434
0.7350643
0.8531615
0.82840085
0.15437087
0.121105626
0.09604528
0.11911386
0.1759747
0.74242073
0.73428893
0.69316167
0.09116798
0.06949483
0.07541026
0.07251752
0.123617284
0.2079646
0.84575486
0.7461324
0.7025754
0.66985095
0.55167234
0.1984571
0.6165676
0.16016185
0.09809302
0.12523732
0.70004183
0.7705621
0.7797342
0.77558887
0.81839496
0.13579156
0.089103796
0.14252773
0.5619154
0.1902568
0.8065173
0.9030572
0.9240382
0.88621396
0.8586076
0.85938984
0.79647344
0.79513884
0.16343823
0.1291115
0.11341887
0.11051024
0.085948184
0.09024705
0.6970636
0.16580378
0.17033312
0.1408448
0.10702868
0.10312767
0.70291334
0.07566332
0.07579332
0.09780435
0.11822561
0.1538441
0.12762389
0.1454743
0.71601915
0.19710618
0.19163449
0.26852864
0.63308454
0.5579772
0.6069373
0.7134014
0.63953406
0.5380938
0.21230638
0.22029805
0.2345162
0.8068833
0.8052
0.16944566
0.1286218
0.68555415
0.6880173
0.13765809
0.08714264
0.11767814
0.11063301
0.8037113
0.21478577
0.087778404
0.10351625
0.09067207
0.08891281
0.15145245
0.87309337
0.89725417
0.8423799
0.07787262
0.060619414
0.13330682
0.25032154
0.8411943
0.76086986
0.7977131
0.84028006
0.18821369
0.12965477
0.06696989
0.06846419
0.72966766
0.7514981
0.8134608
0.08877215
0.050552856
0.049850363
0.06885932
0.107781805
0.14007305
0.8810393
0.878027
0.8711833
0.87916297
0.14191248
0.13028058
0.12977819
0.15488036
0.80534846
0.66195303
0.16069609
0.1437743
0.6137679
0.5676201
0.16802622
0.27859545
0.27319843
0.62666994
0.8662314
0.91253686
0.9178597
0.8698584
0.64694536
0.5787504
0.49161893
0.1622383
0.22475334
0.2687819
0.752739
0.707485
0.63637793
0.2761574
0.2687607
0.2346254
0.30104473
0.87410027
0.8930733
0.55112433
0.43013948
0.19490281
0.5514015
0.51487637
0.6674077
0.8508362
0.88558704
0.8282583
0.23614468
0.20999883
0.24429649
0.58897424
0.5627364
0.11490807
0.15951355
0.14137289
0.18407258
0.15435062
0.20133434
0.25731194
0.34308872
0.3382172
0.61438686
0.124150254
0.09436781
0.6215448
0.6717016
0.7484848
0.6985086
0.70924276
0.72087306
0.5594108
0.14535148
0.1310988
0.5635712
0.31432477
0.3756494
0.42958367
0.4662733
0.46662933
0.84846526
0.77179945
0.5
0.3016538
0.2470212
0.31196418
0.54183006
0.2587205
0.19120437
0.145382
0.09234293
0.07942236
0.074796006
0.7696745
0.78456175
0.70510423
0.10666882
0.061608065
0.086101316
0.112539984
0.16300914
0.1836871
0.34688777
0.56402194
0.88755536
0.13899858
0.07757517
0.060730465
0.05806016
0.05716194
0.05579315
0.76525646
0.76122886
0.81104535
0.88102996
0.15030716
0.11186969
0.7453954
0.7453946
0.6997244
0.09050412
0.057697795
0.048787106
0.091048546
0.11103253
0.15865332
0.8802246
0.8786764
0.77557045
0.8625676
0.6754995
0.06897139
0.048943136
0.042583156
0.038667772
0.061824232
0.13438861
0.897161
0.9217499
0.9388683
0.18858808
0.09853921
0.10720112
0.061326575
0.05660829
0.10019886
0.7009181
0.8569911
0.43375954
0.33074456
0.30205274
0.86101145
0.76718545
0.12763308
0.1458828
0.060455788
0.046926208
0.08068586
0.040285267
0.03146957
0.7748768
0.71289647
0.892599
0.97468454
0.9773169
0.9622124
0.06182906
0.037006706
0.033467267
0.05839414
0.6618726
0.059548754
0.0663486
0.117406435
0.54537934
0.5407219
0.16106287
0.20904331
0.29290196
0.6725745
0.86653805
0.87152946
0.73453194
0.5048103
0.44080222
0.38508213
0.51185316
0.67529666
0.7667907
0.9115184
0.9206147
0.87594956
0.15794826
0.09009001
0.076588385
0.059394542
0.10910638
0.23983036
0.90285206
0.88778806
0.1910313
0.101620585
0.6433523
0.09643453
0.16750522
0.17568684
0.12968387
0.09236227
0.87750065
0.8042842
0.9159999
0.8207609
0.91629165
0.9542685
0.9457347
0.9245426
0.09572623
0.06596255
0.06778572
0.06714643
0.05608464
0.044693083
0.057472065
0.70386165
0.6201214
0.11605134
0.18913125
0.1385465
0.1506759
0.36133
0.37568027
0.8651924
0.8128842
0.58063066
0.5696222
0.6588005
0.56262255
0.6470111
0.54052687
0.5
0.67885375
0.6312203
0.34934238
0.33899808
0.25386408
0.15098158
0.13705668
0.15816966
0.16426231
0.11045075
0.08896795
0.65649647
0.12463901
0.08469963
0.10240499
0.6295694
0.14374341
0.11714875
0.08685721
0.08321971
0.58229303
0.116152726
0.14872892
0.67412925
0.06827102
0.064716555
0.16612087
0.23067003
0.9001644
0.8577018
0.780507
0.11995106
0.09082617
0.09077261
0.097458035
0.11668918
0.10305682
0.6422989
0.104176566
0.12440506
0.17256415
0.2875282
0.75525117
0.093720056
0.07604595
0.09856552
0.69020617
0.6659517
0.11309356
0.09653111
0.14995505
0.19240874
0.16022162
0.16244698
0.6816094
0.4055098
0.3364558
0.35488558
0.40638378
0.5439905
0.7910827
0.84279853
0.6159601
0.30495197
0.22251299
0.2870095
0.349916
0.52576923
0.76235193
0.69565666
0.44181448
0.3977811
0.57254034
0.46367434
0.6217881
0.5686101
0.51391476
0.4924115
0.5430491
0.44664523
0.40572292
0.32623568
0.33360112
0.3337874
0.25939986
0.27088538
0.25647643
0.1713344
0.16812946
0.25056216
0.27739623
0.67192316
0.40894333
0.28449884
0.22635995
0.185807
0.26953262
0.43657067
0.45365158
0.59242135
0.6763386
0.6486013
0.5274763
0.36554095
0.3380187
0.34951222
0.26482162
0.2623524
0.20278446
0.26755953
0.4919471
0.5120338
0.5507649
0.43923798
0.44689602
0.8209966
0.7992877
0.87657475
0.8205101
0.46267298
0.2257108
0.39210352
0.14209111
0.27194062
0.54591334
0.21424228
0.1308191
0.11476732
0.101064555
0.09909287
0.09984333
0.12532485
0.8181507
0.7652632
0.78357303
0.8412461
0.75754756
0.65667695
0.65222216
0.6765909
0.64175165
0.60689044
0.5955282
0.6517767
0.77913535
0.8582392
0.8154347
0.71732795
0.690052
0.7350029
0.7717273
0.13301928
0.20255102
0.33021572
0.24779323
0.15977547
0.15867023
0.11428732
0.11060106
0.20517229
0.50097215
0.22976856
0.7269328
0.6145197
0.5
0.322123
0.2085654
0.3209388
0.77521545
0.9123038
0.892411
0.20271632
0.10314923
0.11921854
0.07330764
0.053645927
0.6573389
0.5632805
0.606329
0.81703067
0.92510635
0.92544127
0.76394725
0.57971364
0.11383241
0.07429721
0.094163366
0.56324446
0.204682
0.2168093
0.6613168
0.15775944
0.25315484
0.30800417
0.7640829
0.60427934
0.66867316
0.3641024
0.21334906
0.1875209
0.20774208
0.41320446
0.30093125
0.4384901
0.38708794
0.37847278
0.19289224
0.19295491
0.45993143
0.56741863
0.5510419
0.5
0.5
0.4498486
0.22630712
0.14204824
0.106945276
0.548928
0.5376777
0.5
0.48813012
0.35437804
0.26565227
0.20454255
0.17364146
0.53153914
0.60231674
0.35392073
0.36693698
0.4114018
0.6269553
0.89688396
0.9110642
0.8579695
0.5575434
0.41488868
0.16125843
0.11334948
0.10003214
0.15721853
0.21362688
0.32467964
0.4408228
0.5543609
0.6214543
0.45315093
0.43847445
0.21408589
0.13612112
0.12198058
0.20831919
0.6529727
0.23049743
0.6124871
0.64270043
0.0857494
0.06779793
0.06869553
0.06764407
0.12057033
0.16090432
0.7454144
0.8404838
0.7512849
0.103550114
0.10059857
0.147453
0.8369923
0.19595425
0.09651271
0.06972186
0.059301537
0.06404339
0.0890949
0.12376155
0.80891687
0.15827385
0.090513065
0.052196287
0.047606245
0.0676242
0.07371079
0.06917974
0.8114632
0.87023014
0.9137557
0.8909407
0.10359935
0.11309561
0.13081014
0.85577047
0.088241935
0.06734401
0.08192406
0.092779994
0.08187386
0.06159509
0.0655038
0.687539
0.103627264
0.076371394
0.076627605
0.08803514
0.77960086
0.8373335
0.113195
0.08092324
0.09954152
0.65171844
0.10618752
0.08861994
0.10618531
0.15735
0.6660536
0.14008935
0.13664745
0.5304764
0.48264945
0.19147682
0.4852031
0.14957926
0.16929758
0.5223092
0.13332494
0.14979184
0.25147843
0.36042666
0.18844493
0.13024242
0.0950105
0.08171213
0.09159293
0.18374352
0.2693839
0.8648665
0.85308105
0.67670286
0.53727734
0.17968637
0.13940944
0.61438936
0.779497
0.7701999
0.907788
0.9077087
0.82078344
0.9107308
0.8996793
0.8121397
0.20704018
0.22163449
0.6095347
0.82305574
0.8764867
0.82131326
0.68402594
0.6960796
0.7661116
0.6849175
0.56639546
0.1725036
0.302472
0.30607253
0.18065996
0.3429018
0.6378994
0.11346071
0.0973004
0.20586674
0.79163426
0.6014338
0.14504454
0.12040063
0.56140906
0.5554115
0.6005836
0.605709
0.5930949
0.56715053
0.55071765
0.52492493
0.12867053
0.12783748
0.6567597
0.64757687
0.111518055
0.10237839
0.11023315
0.62126887
0.1087655
0.1312729
0.13249227
0.15714996
0.22699289
0.7833647
0.6825583
0.08711365
0.092547886
0.13957015
0.13217235
0.11983986
0.11329371
0.39081848
0.7687747
0.7490507
0.778499
0.564199
0.37799457
0.35876083
0.36487484
0.30018938
0.26592767
0.2578092
0.2212916
0.20369108
0.31510526
0.39707166
0.4417822
0.3673875
0.38373744
0.36626375
0.47226122
0.52787596
0.27157435
0.17598154
0.181375
0.20981757
0.24021962
0.19127338
0.2033486
0.18664737
0.33031523
0.77108115
0.11875726
0.07269708
0.07756616
0.09778118
0.11557679
0.15436071
0.83161306
0.7656029
0.76621455
0.828901
0.08568314
0.0759169
0.082308434
0.07457479
0.1718397
0.18417436
0.1718803
0.9227547
0.8977768
0.80029154
0.2030125
0.1420809
0.09491712
0.08026251
0.14421855
0.14639539
0.12227885
0.8220361
0.76180404
0.16716124
0.24753684
0.23173244
0.17330621
0.19820954
0.23213053
0.72141105
0.72481805
0.5682262
0.46578804
0.5
0.4447593
0.41970405
0.5
0.48925832
0.2785856
0.16895817
0.14575097
0.15247576
0.26209983
0.25984338
0.4028179
0.32694545
0.34742624
0.2350097
0.17687902
0.57688
0.7916419
0.7803741
0.6140936
0.59068066
0.618219
0.51690024
0.5
0.56933814
0.6202867
0.3740493
0.30931333
0.30838767
0.38275158
0.6061865
0.8700973
0.8830588
