0.7781822
0.7234733
0.6890061
0.5018289
0.37098536
0.32906824
0.37917274
0.2678478
0.25243342
0.63127184
0.45290294
0.49917573
0.5751
0.7065303
0.53003925
0.28538853
0.38129002
0.24437489
0.33858308
0.22158976
0.27393532
0.38968608
0.22217415
0.19840753
0.16846986
0.14805725
0.17471737
0.17849228
0.16807827
0.19390467
0.40797946
0.4758345
0.6527584
0.5411442
0.512888
0.24806982
0.18184814
0.12822704
0.10249707
0.07636982
0.08648629
0.1274569
0.23539211
0.2755616
0.83446544
0.8389415
0.111959904
0.079485364
0.09304318
0.10233024
0.11190246
0.1335243
0.0952987
0.10463379
0.17397566
0.21535029
0.34442484
0.8674418
0.8167135
0.11770463
0.07801496
0.087711155
0.6319378
0.6981837
0.76949567
0.87015676
0.8362126
0.7504087
0.73842263
0.7495162
0.82797027
0.10133244
0.07136289
0.056329574
0.05213583
0.07066117
0.082213886
0.060310643
0.8054383
0.810374
0.794996
0.8253116
0.06402398
0.0670711
0.09993159
0.06304322
0.0514507
0.074382186
0.059131652
0.81216705
0.8743737
0.8519611
0.928881
0.94058055
0.90866715
0.77375805
0.66771257
0.07482707
0.059569396
0.067591965
0.7780566
0.8549155
0.79746217
0.07732497
0.057912964
0.07185977
0.07157906
0.07204482
0.082972504
0.09386448
0.09019916
0.06585351
0.057121478
0.08403084
0.63205236
0.63792247
0.6630338
0.83890986
0.15042274
0.08171758
0.0554221
0.043015826
0.038316265
0.0409982
0.047871362
0.047923606
0.04403363
0.04073778
0.035922922
0.045245845
0.76859325
0.8179105
0.92223376
0.8797376
0.87771076
0.85119575
0.83670676
0.063016765
0.042592626
0.04413417
0.07626513
0.1030379
0.08766988
0.7232368
0.6967743
0.07665147
0.078340374
0.09428959
0.14772816
0.1395416
0.243749
0.8015918
0.71577674
0.78793085
0.7634614
0.123017535
0.10578899
0.1497914
0.19627333
0.24443
0.80068165
0.8513512
0.81245667
0.8152497
0.46804142
0.41785982
0.30736038
0.15320201
0.121234454
0.58641696
0.594664
0.66050255
0.6354056
0.57800925
0.5
0.5
0.45327434
0.48528868
0.44038957
0.17570193
0.20242307
0.20459305
0.25494173
0.41931778
0.4161404
0.40939403
0.35309327
0.28933626
0.31499952
0.34963253
0.35623932
0.2820475
0.20951568
0.17867999
0.205626
0.51237017
0.626967
0.6051821
0.71374404
0.6642465
0.65822077
0.48453537
0.42498583
0.15888537
0.17390181
0.2780301
0.53591144
0.5900941
0.62113917
0.6581145
0.7157883
0.7083947
0.70755446
0.6594067
0.67305773
0.57796234
0.24258432
0.17128965
0.15428512
0.4559007
0.4578104
0.5291117
0.6286334
0.54902416
0.48359653
0.47085306
0.5353115
0.68906665
0.19230816
0.14345762
0.06021172
0.037876114
0.06300604
0.11965668
0.20189364
0.95694864
0.96515423
0.95635605
0.9039346
0.20952722
0.100797296
0.08669179
0.055977013
0.045574013
0.2686038
0.38159132
0.8578025
0.886361
0.8618828
0.78585285
0.67200667
0.62587696
0.5
0.35392943
0.30043507
0.27653357
0.27235612
0.26565316
0.3340112
0.43937385
0.57062507
0.15182193
0.15163732
0.1662109
0.16434065
0.10161623
0.075386785
0.07545289
0.08195996
0.08803328
0.10072376
0.09411635
0.083437815
0.08982022
0.6784694
0.10218469
0.08252496
0.12056178
0.097840875
0.76462966
0.7677399
0.13265193
0.06783918
0.06350201
0.093932815
0.74964833
0.77544874
0.8188082
0.8825098
0.8253706
0.78918636
0.09188729
0.0674878
0.08517347
0.1338462
0.7182078
0.68952173
0.70065475
0.72443247
0.88199335
0.10189486
0.044661283
0.02994198
0.03842757
0.03652912
0.029218456
0.9073142
0.87265164
0.90913236
0.9780699
0.9800024
0.9642206
0.95303184
0.028932609
0.017838927
0.014363833
0.01533055
0.030525258
0.079322875
0.93264985
0.9226065
0.091635615
0.050546125
0.05018128
0.05880422
0.06920714
0.08243387
0.08043545
0.06776093
0.06510172
0.07362617
0.6971573
0.69342226
0.6609946
0.11567811
0.14130871
0.1580521
0.16704437
0.9282599
0.9531164
0.94693124
0.9385606
0.19269753
0.13378364
0.087095916
0.06923482
0.783218
0.8341111
0.8575406
0.101386964
0.075639986
0.07449398
0.08179363
0.18373536
0.23216553
0.2690794
0.84406906
0.7638372
0.54132926
0.5678761
0.64998853
0.7898672
0.76355386
0.5907329
0.5100958
0.43087474
0.2533494
0.5187122
0.13761777
0.15409848
0.25280538
0.30742282
0.8815735
0.888047
0.86240774
0.878925
0.814317
0.15071404
0.15167314
0.17926069
0.20169885
0.5845088
0.47466382
0.5823692
0.7164993
0.5502624
0.5
0.40750715
0.41442496
0.2516925
0.22057083
0.22809015
0.22180337
0.18029414
0.12343661
0.09707415
0.6999243
0.78038484
0.3740076
0.31502402
0.4093204
0.81278753
0.74309003
0.6744372
0.5818421
0.19573587
0.15479997
0.2345605
0.6683655
0.6648311
0.14294387
0.14387718
0.13366239
0.10496475
0.09515964
0.09727585
0.66541165
0.22344814
0.21907964
0.18770058
0.77425593
0.46824276
0.4758877
0.7727935
0.7973063
0.6549453
0.1526104
0.15840122
0.72304153
0.67797595
0.6074032
0.12626958
0.15528944
0.7758273
0.8659295
0.8489095
0.45637348
0.4126745
0.67774266
0.12194212
0.14649321
0.20897406
0.6311904
0.08717894
0.08646041
0.091267236
0.1172174
0.17237441
0.1612074
0.63403076
0.5982853
0.5788099
0.15850945
0.2173057
0.16881724
0.10626512
0.06696009
0.0656322
0.6949136
0.60089326
0.28788006
0.7844997
0.060957026
0.031985365
0.050927125
0.093068756
0.07862666
0.8883642
0.94276047
0.9417723
0.9009634
0.91328144
0.8799736
0.12796277
0.10239063
0.15797998
0.055240292
0.039361585
0.03986036
0.052572593
0.07720513
0.1398583
0.2041191
0.15209149
0.16154236
0.78428084
0.5615869
0.1274899
0.13245545
0.3918006
0.671479
0.684486
0.6354309
0.12473391
0.10517081
0.11349051
0.11967368
0.14615838
0.6390249
0.22352558
0.11416145
0.08448108
0.09790606
0.14515193
0.07602281
0.0730261
0.7197677
0.6091953
0.5928933
0.59288925
0.69836384
0.76330554
0.7947608
0.8239159
0.8432652
0.09556607
0.09981055
0.1405279
0.1998578
0.16063952
0.13760224
0.1747924
0.6227959
0.21636206
0.17130868
0.5433366
0.5894921
0.4025205
0.39007798
0.5
0.5631826
0.27916306
0.26542258
0.38919848
0.65922755
0.647269
0.36725566
0.32645363
0.40931806
0.61503154
0.5100094
0.49800843
0.5
0.59903646
0.6322736
0.7743912
0.76610446
0.67578375
0.7945103
0.7935327
0.6717644
0.47339484
0.49248287
0.50003463
0.6051739
0.6979766
0.6513448
0.4548609
0.42852718
0.3138902
0.33093202
0.46473467
0.5825015
0.73598003
0.66257626
0.561965
0.6087397
0.475301
0.36035398
0.31569225
0.38926235
0.399219
0.47020897
0.61704934
0.8222472
0.82652116
