0.84954405
0.8164352
0.78358924
0.42399058
0.376335
0.76030695
0.39270425
0.34460974
0.34449124
0.8704048
0.88031584
0.42190528
0.51939774
0.64483994
0.1275966
0.117310226
0.21832523
0.8422974
0.7882458
0.80423266
0.07094985
0.04071079
0.034922346
0.041817747
0.05508977
0.054535512
0.051284168
0.040990602
0.035700276
0.9064587
0.91338944
0.9120205
0.96330565
0.9315128
0.9162812
0.034887087
0.02185516
0.019818733
0.027308375
0.023527345
0.019611485
0.022967694
0.05223692
0.102004945
0.9435619
0.9344073
0.07966133
0.067818604
0.06886355
0.07972591
0.16371071
0.8272867
0.13577478
0.071558684
0.042719394
0.034202095
0.040419713
0.039571583
0.115043454
0.92144454
0.94539917
0.88135314
0.95802546
0.9603099
0.93372035
0.7915059
0.82550526
0.07600195
0.054503866
0.037956186
0.04746851
0.06417713
0.07282496
0.10671265
0.82558525
0.7409159
0.72888273
0.85056543
0.7134281
0.12817076
0.095613234
0.09417776
0.10595646
0.09518928
0.07768252
0.7522454
0.10023602
0.080180325
0.09664786
0.82555264
0.21149394
0.067478485
0.071249
0.726542
0.7530524
0.9211534
0.94682455
0.93138856
0.85316837
0.06737564
0.034287106
0.030341867
0.048980787
0.9471508
0.9585837
0.8895672
0.83210063
0.05599608
0.03621587
0.046601143
0.16167396
0.88473165
0.7995733
0.71363425
0.66070783
0.07199434
0.05511643
0.083723605
0.8414443
0.8945364
0.90076596
0.114195205
0.15674248
0.29874516
0.8770831
0.18828054
0.21568698
0.20166956
0.1347747
0.12743852
0.17080869
0.6605393
0.68017596
0.70685565
0.7684239
0.62140673
0.5680716
0.6064371
0.7495809
0.7919177
0.7126768
0.7689565
0.69622856
0.6663154
0.6820756
0.75370115
0.85890806
0.8794301
0.84064895
0.705277
0.6382497
0.6757361
0.7780426
0.9089713
0.9142503
0.14184418
0.06281777
0.043468818
0.04876986
0.079471275
0.052443113
0.06264764
0.04781009
0.8629195
0.9572875
0.9590364
0.06497275
0.0298826
0.032110903
0.8304391
0.8819916
0.959018
0.95708513
0.048930753
0.021980911
0.016900433
0.022479614
0.057027943
0.0859021
0.92325896
0.89514565
0.17265742
0.08972908
0.07418793
0.1427917
0.93607676
0.8967516
0.8300978
0.9219433
0.092910096
0.053906884
0.06745192
0.087230906
0.8659602
0.0702613
0.03778495
0.026817175
0.025642779
0.028904842
0.027989171
0.030519594
0.042349413
0.08346301
0.8803683
0.9292846
0.9412371
0.09758048
0.055303015
0.050918784
0.04691369
0.77632964
0.109059244
0.07305455
0.09428448
0.9235113
0.90968996
0.9774721
0.9738646
0.9563604
0.071253
0.058928292
0.15815255
0.85513085
0.83141154
0.08590719
0.079441994
0.037598953
0.025635887
0.034482382
0.034100693
0.050868228
0.05480894
0.10612991
0.81371015
0.10090588
0.09104008
0.09135643
0.08611351
0.08673657
0.07244797
0.07146483
0.08895311
0.06322595
0.06009955
0.06916182
0.07790427
0.07657507
0.065009564
0.07023394
0.7207478
0.11101411
0.121681415
0.10206459
0.11102074
0.24017332
0.9145578
0.8600173
0.94089544
0.9433806
0.90708786
0.8241967
0.8406914
0.84642965
0.91319096
0.92667377
0.14226493
0.08916811
0.08877748
0.07216557
0.1568811
0.8616381
0.086600676
0.07574368
0.7216684
0.053797312
0.029757658
0.036974568
0.82088584
0.9437629
0.96798855
0.9443456
0.8371755
0.8296411
0.8294181
0.8801377
0.76368564
0.05392396
0.034165405
0.02893693
0.042689383
0.053195637
0.06268387
0.056704022
0.07217493
0.079577416
0.1033451
0.0884774
0.12172057
0.23424569
0.7874703
0.67340624
0.54174083
0.09783339
0.08764523
0.18309233
0.1276488
0.74247295
0.7710122
0.087136246
0.071730286
0.077306375
0.066300415
0.048427895
0.0592134
0.06606596
0.035634313
0.043351684
0.098052375
0.9386271
0.9385508
0.96942824
0.96028036
0.18679743
0.05370263
0.03548961
0.038151264
0.058368895
0.77489495
0.81674546
0.8801787
0.78831494
0.7731074
0.8045302
0.76740855
0.75917333
0.7661956
0.807694
0.76180845
0.71909106
0.6603903
0.6506087
0.65337753
0.74488854
0.82381135
0.15946248
0.13009955
0.7212861
0.06426417
0.040741574
0.033354864
0.036550213
0.052035704
0.035911698
0.047469676
0.8808741
0.8852704
0.900747
0.89558595
0.8641949
0.06909667
0.06434864
0.056453675
0.04854408
0.053023778
0.05098415
0.053266615
0.04863188
0.04731811
0.07669214
0.12248221
0.14610071
0.16594356
0.23553179
0.8225707
0.8375884
0.7597047
0.19965233
0.16961405
0.13333467
0.1336361
0.69548744
0.74889696
0.69535947
0.30288061
0.30991393
0.32899544
0.2509879
0.26009667
0.58357906
0.7062166
0.8401165
0.9417393
0.94388574
