0.74358326
0.68292844
0.6325582
0.60111374
0.65137374
0.77894455
0.8082514
0.73647773
0.7937566
0.7568678
0.77061397
0.84352034
0.8564252
0.7910262
0.48021293
0.45000827
0.49251524
0.82082564
0.7925809
0.3061172
0.28315935
0.3152778
0.3989703
0.5215937
0.8184081
0.2209483
0.13158059
0.089050055
0.08371619
0.14598027
0.23829234
0.31764922
0.8773396
0.874982
0.7343365
0.07286037
0.066964604
0.03240688
0.028519647
0.042028967
0.0951429
0.96618193
0.968187
0.95440316
0.07380759
0.059098072
0.09004514
0.092884615
0.08376053
0.0631987
0.6869748
0.6394444
0.5863188
0.5989714
0.5491287
0.19891223
0.2722097
0.2720659
0.28544798
0.31335226
0.631994
0.19987877
0.15487443
0.5800195
0.1045717
0.14668746
0.32008705
0.7679673
0.7266273
0.7438552
0.6632736
0.63702756
0.084628105
0.07677498
0.14188828
0.12683344
0.7662328
0.9036196
0.9208141
0.27635992
0.13252029
0.25814328
0.7237603
0.07361903
0.059757713
0.058660775
0.08788744
0.7832778
0.81110597
0.83231694
0.86591387
0.16110988
0.08442489
0.11089014
0.0894933
0.8014282
0.07950542
0.057868175
0.05993438
0.05862037
0.06490568
0.08559429
0.11259299
0.8184843
0.8746636
0.18913586
0.12159819
0.16446142
0.6857134
0.18153594
0.2890683
0.6858237
0.2829441
0.34881482
0.32447597
0.24411908
0.16764432
0.49177137
0.526995
0.5741744
0.6363254
0.7056006
0.79178
0.8441778
0.27253184
0.20477384
0.14012493
0.10316111
0.08266095
0.109301105
0.81232643
0.05416781
0.04404416
0.0662631
0.10596854
0.25706914
0.9068146
0.7966205
0.7510128
0.12787534
0.10843478
0.1248148
0.06537474
0.06254998
0.66599566
0.6669232
0.722921
0.72994083
0.17464322
0.13736902
0.15595084
0.123599194
0.1328546
0.13731778
0.62411094
0.6354524
0.4465547
0.59143615
0.55674255
0.4091928
0.38573003
0.426655
0.40024382
0.49255556
0.6648427
0.5790442
0.32695806
0.25323343
0.33371103
0.28182065
0.19467892
0.2050035
0.32082105
0.87765104
0.92325044
0.89383703
0.19911326
0.13571577
0.10845269
0.52974355
0.5872569
0.6791308
0.6827297
0.63032734
0.5624982
0.23869027
0.16993293
0.27020797
0.44794014
0.5200643
0.8072028
0.8878602
0.8354504
0.36211428
0.38720015
0.67293304
0.88640004
0.89501256
0.74092346
0.32141158
0.2644966
0.51230884
0.51916933
0.49001774
0.5022338
0.5424915
0.6085154
0.84055847
0.9158644
0.8838754
