0.7099822
0.39724058
0.35454565
0.3247177
0.2791489
0.3059736
0.5439534
0.32868144
0.37895024
0.7491537
0.7638642
0.42156208
0.45727882
0.4085063
0.2801007
0.28916568
0.28095946
0.25839758
0.2405065
0.7342239
0.7866831
0.7837371
0.7538525
0.26455364
0.14266233
0.09749699
0.08964516
0.70015246
0.71285444
0.75051516
0.76432186
0.7701948
0.82332605
0.81694615
0.14192422
0.11786346
0.14800501
0.18444844
0.6674808
0.62991637
0.5607812
0.62844104
0.74154156
0.7411422
0.7813283
0.7368281
0.7259876
0.69247395
0.18264452
0.19849093
0.68133956
0.7402365
0.7175973
0.30926922
0.31123143
0.6899934
0.0991933
0.081435606
0.078619786
0.099044494
0.7903861
0.10407117
0.101655915
0.08592355
0.062257953
0.822722
0.8388355
0.92702883
0.956584
0.9593569
0.93275976
0.88976026
0.11022588
0.083461
0.05521423
0.053957682
0.8552041
0.897201
0.9187184
0.082012974
0.059847396
0.06696612
0.088816375
0.27185893
0.26096392
0.26166397
0.8272982
0.80952036
0.78004056
0.75658077
0.7606708
0.727487
0.2840184
0.35824275
0.45564327
0.8530711
0.8350207
0.8185135
0.809872
0.7801944
0.74152195
0.13088866
0.11180496
0.09809658
0.10899424
0.11936468
0.1623696
0.21549293
0.24416566
0.3038564
0.29596528
0.25597766
0.1946478
0.46340874
0.14240117
0.19794145
0.8475011
0.91330594
0.9332099
0.91204035
0.11163137
0.058264732
0.060473587
0.65112585
0.72193664
0.8493507
0.7186753
0.07194687
0.08448077
0.07763469
0.6825185
0.89286846
0.93315375
0.9306569
0.8927453
0.12529787
0.060421776
0.054293513
0.058522932
0.07086022
0.081968084
0.100524485
0.13182828
0.9354829
0.9212022
0.88021153
0.7435461
0.6564255
0.6256694
0.63525856
0.17532428
0.12837833
0.25842312
0.15256582
0.6818607
0.6533722
0.60092866
0.1405795
0.1017255
0.09926797
0.10860458
0.20518534
0.27248126
0.3060669
0.65515465
0.1951952
0.19884308
0.1980936
0.7841531
0.7388545
0.59307367
0.57334965
0.58345807
0.7020981
0.13875315
0.10994932
0.62851024
0.13567212
0.13101178
0.09523772
0.08169165
0.10434387
0.80102974
0.7303948
0.78882325
0.87313956
0.7914627
0.75306416
0.7107536
0.7106265
0.08685347
0.07744262
0.08767869
0.1511514
0.1746908
0.8164612
0.7780708
0.16808635
0.13525707
0.50279623
0.57011837
0.7704372
0.7900629
0.7093177
0.7345763
0.5
0.31984678
0.32975304
0.24292384
0.25380874
0.4597528
0.5433051
0.9006661
0.9008852
0.742846
0.27731282
0.17208143
0.30406243
0.23362163
0.24539226
0.30931973
0.47936603
0.8430978
0.84878254
0.38317493
0.4223236
0.29534444
0.18691558
0.4640407
0.17058332
0.4800197
0.49456683
0.63846326
0.89076763
0.9042416
0.792941
0.2645393
0.55728424
0.24533004
0.31323707
0.21846384
0.18630931
0.14720814
0.11670657
0.26771018
0.40146846
0.7066973
0.70225215
0.45626393
0.5335622
0.46097627
0.5116473
0.54466736
0.5160319
0.5620609
0.83297443
0.940657
0.92592555
