0.9116431
0.9170601
0.9474117
0.93782717
0.63526905
0.3793196
0.30246773
0.940165
0.9675542
0.9723326
0.95826626
0.9140893
0.9025926
0.14274256
0.09458535
0.10055707
0.14694813
0.11444254
0.75028163
0.6256567
0.7947131
0.86932325
0.8781336
0.9390451
0.94743985
0.91686743
0.91188896
0.20792693
0.10894204
0.098162696
0.0851441
0.124365546
0.3193104
0.93325984
0.94291717
0.8807182
0.16112617
0.066487975
0.045858916
0.06716363
0.14189558
0.9502999
0.93646747
0.12163388
0.11848014
0.07436725
0.7818377
0.823262
0.9026648
0.1092004
0.07674005
0.7153875
0.07790371
0.07758443
0.67486084
0.6447778
0.9486137
0.9439341
0.8691637
0.8507026
0.85385877
0.8652631
0.044523038
0.024757555
0.020309944
0.020547085
0.024025014
0.02443522
0.03749529
0.9305617
0.030084686
0.012995304
0.013448921
0.020172581
0.96278566
0.9726408
0.98918074
0.99009913
0.98421717
0.96433085
0.032676768
0.022128027
0.020652981
0.030700779
0.84945935
0.04069624
0.040213127
0.026813492
0.02460728
0.030904453
0.044700008
0.045897473
0.0430827
0.051932782
0.6886495
0.09720746
0.12026346
0.92149776
0.93097943
0.09999995
0.06487553
0.07004005
0.79564387
0.77897936
0.09399402
0.124933615
0.09088375
0.06068685
0.09436831
0.7167612
0.12903263
0.20473887
0.2198883
0.18674868
0.83814484
0.71275276
0.5839002
0.20239207
0.7186646
0.10594331
0.091841616
0.044036098
0.033077206
0.03370203
0.033149168
0.030003501
0.030670024
0.0351045
0.047286678
0.047324877
0.040152818
0.07130582
0.9337426
0.12087933
0.025270464
0.018578019
0.016724296
0.018281305
0.022211457
0.033955075
0.90254366
0.03358977
0.02372003
0.04839961
0.96414167
0.9718785
0.95262814
0.9070722
0.054966856
0.027677506
0.021862386
0.022887962
0.020978732
0.022246815
0.025133243
0.03245269
0.045664076
0.08205565
0.95614207
0.94324785
0.29248178
0.9214516
0.05567276
0.045912415
0.052994285
0.06539026
0.09666683
0.89942235
0.85191333
0.8716063
0.93569034
0.9349416
0.8904555
0.902178
0.9212164
0.9035673
0.9469682
0.9264504
0.8490887
0.071758114
0.03986464
0.062471494
0.058638826
0.058287498
0.043620985
0.091136016
0.6649267
0.2720426
0.76015663
0.95035136
0.98030096
0.97438735
