0.47187442
0.20076774
0.18237188
0.26696143
0.34925938
0.34873876
0.7821285
0.6960533
0.6277568
0.24219556
0.15937471
0.26023495
0.7638576
0.77743876
0.096385404
0.087096825
0.09322044
0.059991412
0.04013686
0.034539413
0.035793424
0.038937993
0.035800666
0.052513063
0.900388
0.9097351
0.926505
0.9167783
0.8888353
0.9111501
0.91739535
0.87697464
0.8984745
0.07009988
0.042266313
0.034202054
0.034003682
0.042952955
0.05173412
0.047878366
0.06347478
0.7841174
0.7969565
0.8760156
0.8472619
0.84987855
0.86571974
0.8214201
0.7587833
0.19307198
0.176624
0.72285616
0.67102176
0.17662404
0.23313934
0.33720788
0.71475697
0.64538443
0.13277063
0.12152202
0.16411692
0.67105234
0.7024683
0.23501898
0.17910767
0.1366481
0.7481227
0.06540553
0.04762335
0.050740693
0.04362138
0.07532788
0.08161409
0.08880107
0.8645379
0.8985926
0.91549444
0.05733576
0.040739268
0.033302452
0.015874134
0.016451186
0.026390402
0.076334774
0.9736824
0.9793736
0.9777054
0.9700608
0.107969075
0.027563347
0.020268885
0.026189527
0.042693287
0.05199661
0.05328423
0.87997544
0.87602466
0.8574335
0.15294379
0.23623684
0.8726203
0.06672095
0.04436184
0.03840827
0.0296732
0.034214567
0.046253853
0.0713596
0.11800039
0.86612254
0.058842726
0.04306003
0.04048995
0.056885205
0.06095935
0.06926279
0.07312219
0.134858
0.22494006
0.34459242
0.18603382
0.116494
0.10036808
0.15254709
0.19387604
0.82307595
0.2800927
0.22134425
0.80562466
0.8699764
0.8645594
0.25344592
0.09895641
0.05776981
0.049340867
0.064485855
0.7697148
0.0651173
0.04279025
0.05315066
0.1160379
0.7934637
0.06127173
0.052286875
0.69206583
0.82569706
0.9225821
0.946062
0.92703265
0.9017392
0.89371145
0.06833313
0.048849735
0.04772209
0.051655535
0.056035176
0.052484814
0.04507056
0.05706387
0.66264814
0.07051554
0.07568314
0.12460507
0.8420155
0.89409816
0.8097681
0.12623428
0.106188156
0.6713348
0.08661448
0.0835674
0.0709694
0.095321216
0.14786886
0.22676855
0.82472616
0.7518123
0.676824
0.6229949
0.74581283
0.74918014
0.59976757
0.6098777
0.5985762
0.5831263
0.5478064
0.4848345
0.3560445
0.3044012
0.29945418
0.3255714
0.3890915
0.46870583
0.5401069
0.55098945
0.5
0.2028143
0.17918873
0.1929045
0.18692695
0.17914315
0.55875957
0.4933308
0.18154061
0.15553638
0.13588126
0.12492468
0.14186932
0.17647865
0.6304068
0.16585064
0.42695126
0.14728965
0.28473955
0.62239623
0.09848729
0.11058845
0.6724681
0.17699291
0.14539842
0.11251217
0.05599059
0.0704928
0.8039612
0.90691054
0.92459905
0.8992085
0.78608906
0.7594822
0.06857812
0.06706098
0.08564006
0.11541745
0.15685761
0.66950953
0.107060015
0.10362496
0.57639325
0.08316982
0.07181283
0.10009413
0.6920298
0.8166111
0.08882757
0.09299609
0.13604656
0.1975865
0.17853265
0.16583928
0.15119968
0.12024913
0.10037163
0.096780375
0.08092653
0.082671404
0.14852266
0.728256
0.16414998
0.13788074
0.1300083
0.10912999
0.0910565
0.0586099
0.05374525
0.06292721
0.13658789
0.6646381
0.14543512
0.7033849
0.781288
0.85429794
0.1073507
0.06486373
0.08010141
0.07745501
0.03566402
0.034870863
0.059085142
0.92973596
0.9472833
0.94995326
0.05412375
0.034556378
0.03637227
0.048259385
0.054969188
0.04670261
0.0561528
0.6428478
0.18542472
0.73359865
0.12769024
0.12338023
0.7409738
0.068743296
0.07494687
0.07715592
0.07241264
0.06221971
0.064740546
0.078707226
0.73078567
0.7641714
0.7269606
0.10353998
0.073764265
0.06331863
0.078162886
0.07566464
0.07550375
0.16303228
0.80842876
0.7764496
0.76076293
0.76961106
0.6798092
0.5841446
0.5733961
0.5117009
0.21501316
0.36022335
0.3360678
0.15998349
0.1367771
0.6605463
0.086431436
0.05512747
0.06356339
0.10427606
0.13118033
0.10668487
0.8523846
0.8237357
0.79116994
0.102385774
0.114833124
0.11652721
0.096994504
0.10250401
0.13660844
0.6811865
0.06673824
0.07030808
0.12397949
0.21571276
0.35414252
0.8213496
0.75558096
0.7070766
0.19919384
0.13792002
0.16262296
0.18198316
0.17587782
0.15803018
0.13451852
0.1963662
0.4572033
0.14326747
0.60928625
0.6672794
0.70714545
0.7779308
0.8352082
0.81639445
0.84290487
0.79825795
0.09900563
0.07084823
0.08516846
0.09676778
0.1351731
0.12848327
0.6586347
0.16257659
0.41748953
0.15844174
0.50693333
0.10859813
0.16242968
0.8409009
0.108300894
0.07702644
0.09046943
0.073236115
0.06355687
0.061050937
0.081855744
0.79618317
0.08126761
0.05619808
0.034305852
0.028737394
0.0455202
0.123042144
0.9458017
0.96219087
0.96447945
0.16567083
0.045475222
0.04019345
0.053290386
0.06943187
0.0715336
0.73111326
0.17292432
0.72348434
0.7199161
0.072251275
0.07500827
0.08847309
0.07752717
0.08412842
0.16279224
0.761524
0.09742159
0.08706746
0.6191966
0.20080678
0.8351467
0.07517872
0.056762133
0.053889696
0.06344355
0.08154643
0.08497109
0.06530729
0.09723022
0.7894345
0.076908484
0.066523425
0.07479731
0.079726726
0.05894704
0.06810062
0.071492605
0.14796402
0.69718766
0.73169845
0.75259167
0.8718117
0.8917025
0.86640644
0.8641121
0.79191136
0.7511553
0.0877566
0.050831936
0.044921458
0.062366053
0.064586334
0.04308176
0.027611444
0.05208091
0.08691433
0.18092757
0.9587992
0.96046287
0.9481074
0.12771879
0.11520838
0.09571356
0.10129226
0.09828832
0.09810505
0.08606595
0.071969494
0.063416645
0.104020245
0.7276879
0.7413905
0.6623154
0.64678025
0.57698727
0.57914966
0.51722014
0.6297537
0.6065598
0.5178871
0.47456753
0.55653316
0.6145033
0.60308075
0.53122663
0.5
0.5
0.5392037
0.6552009
0.71156067
0.6762787
0.5876378
0.45403522
0.4799746
0.4397867
0.20474662
0.1509942
0.1446741
0.1838012
0.40553603
0.37130806
0.35546532
0.38607275
0.3342603
0.5286049
0.56214374
0.4557874
0.25322005
0.23283151
0.2660513
0.19905636
0.15822485
0.15007995
0.17878099
0.2061393
0.26137838
0.44027176
0.48331925
0.5601926
0.70861477
0.67178077
0.45064458
0.370394
0.27665102
0.22106117
0.21482301
0.1744808
0.13743678
0.63117474
0.15884268
0.092772014
0.10345649
0.6618416
0.67541254
0.070493564
0.062108178
0.1231955
0.27150506
0.90492797
0.9073503
0.8537446
0.74887383
0.7135152
0.094282396
0.067896195
0.066883564
0.07468338
0.08286838
0.10345749
0.21078712
0.76546735
0.11246458
0.17850983
0.17665865
0.18694408
0.3714542
0.43637276
0.3878917
0.54931015
0.17182025
0.16766769
0.16071205
0.14147438
0.17761636
0.41444358
0.35641348
0.46691072
0.7207823
0.40176436
0.30684894
0.28610379
0.30122304
0.21216999
0.19656794
0.53884625
0.22750597
0.30160648
0.173271
0.1468887
0.6025819
0.17678282
0.23211436
0.12228262
0.08279866
0.11629169
0.69813716
0.2140885
0.09589767
0.071238875
0.08603733
0.12556839
0.23875023
0.9111062
0.9425526
0.9349142
0.3729009
0.20639953
0.44569585
0.54349923
0.85490245
0.31189114
0.8117626
0.076035164
0.045720503
0.04820604
0.08236966
0.90229404
0.95199156
0.90074223
0.97028875
0.9745137
0.9697233
0.949865
0.9236342
0.06592796
0.037394475
0.034820408
0.047687646
0.62694573
0.1619329
0.70766705
0.067610115
0.04729823
0.046985153
0.06218105
0.7653459
0.77829343
0.8452098
0.07011691
0.054549575
0.051556274
0.13412632
0.21020739
0.8206641
0.6696004
0.27027696
0.5838833
0.07893642
0.088604495
0.09523828
0.15322202
0.25910816
0.8178195
0.6349213
0.13198374
0.11352752
0.12575296
0.12922874
0.10786666
0.08999263
0.77771467
0.085109696
0.07300244
0.09619362
0.15098162
0.12987795
0.09539752
0.09112526
0.68898207
0.11203799
0.088284835
0.07782093
0.08115813
0.6306531
0.09499556
0.10391989
0.1986134
0.76111734
0.8552009
0.8803454
0.86412203
0.7680324
0.80936426
0.1429406
0.077773236
0.08910005
0.6329379
0.062412128
0.049321733
0.05744406
0.11918768
0.88317657
0.9054395
0.09026774
0.06901068
0.08533424
0.057816572
0.056066733
0.06634929
0.07376362
0.83052564
0.8809566
0.17335752
0.24097176
0.26632944
0.1954954
0.10111387
0.08715751
0.67579323
0.7913286
0.7446564
0.6413209
0.2825699
0.21030216
0.173113
0.19827299
0.40057492
0.29643548
0.31506377
0.38916007
0.6816768
0.7981768
0.64771295
0.19553705
0.15064214
0.13833953
0.12794971
0.57408744
0.6296886
0.8322473
0.76615226
0.6745486
0.18986335
0.30178598
0.26170492
0.7927996
0.08325868
0.047563985
0.041136038
0.042921063
0.042587258
0.038840573
0.033000614
0.02786812
0.026384853
0.025818706
0.03131896
0.05453292
0.06414571
0.87369347
0.942758
0.06292641
0.02571797
0.018927712
0.020552224
0.022958003
0.017689267
0.014888841
0.01311208
0.01989636
0.91644204
0.92179084
0.9722364
0.98094314
0.9725989
0.037564434
0.033764023
0.026426066
0.033995785
0.064444944
0.10357291
0.8416595
0.07224811
0.047240417
0.06724544
0.8677059
0.0819128
0.05412513
0.044798743
0.04793107
0.07371711
0.7810687
0.21955816
0.12946197
0.2181401
0.88300884
0.93260473
0.94226336
0.9028379
0.8909381
0.8938243
0.8434789
0.8215843
0.13347954
0.18757649
0.24867155
0.8776213
0.8536485
0.80117565
0.7965911
0.08521085
0.06331563
0.06769193
0.08553139
0.07027341
0.051851224
0.044137836
0.050824914
0.070917636
0.08026522
0.1251495
0.88956785
0.90807945
0.2203161
0.21426053
0.20231909
0.15358075
0.5905176
0.59303725
0.57913184
0.60729784
0.7639995
0.22203453
0.08870035
0.09166989
0.1478409
0.20425093
0.8869319
0.86984366
0.15053104
0.105847195
0.07011106
0.031975795
0.03264807
0.023264699
0.0256105
0.033689998
0.026531681
0.04992303
0.92413825
0.9229269
0.9410291
0.9357576
0.9003745
0.8257427
0.8667002
0.04354051
0.027977953
0.025722262
0.026642848
0.02935428
0.031761687
0.04209607
0.07185341
0.10120468
0.14225598
0.88551825
0.13880692
0.06285607
0.059667107
0.10751538
0.29402226
0.86955315
0.13335407
0.063377075
0.041564804
0.03554001
0.038575448
0.031035312
0.032192163
0.053238813
0.07107809
0.8912232
0.8698324
0.9118855
0.9106178
0.8445135
0.81814367
0.15069075
0.10421495
0.060828026
0.073612444
0.10469171
0.09469917
0.07204529
0.059400424
0.07870186
0.7024958
0.6404603
0.5529851
0.5
0.3635491
0.454445
0.65635544
0.721744
0.3936525
0.30239314
0.45621717
0.25861308
0.19386284
0.16363585
0.2569041
0.31265295
0.8463474
0.81694293
0.32515907
0.31221905
0.33206365
0.83866256
0.8351856
0.572097
0.5044596
0.5
0.17752084
0.12286591
0.22212532
0.47768942
0.6747305
0.4376296
0.3842498
0.3072621
0.24991098
0.2753437
0.5539566
0.43242547
0.44166654
0.21909156
0.19402753
0.2707796
0.4984218
0.48827642
0.25655743
0.22192794
0.2290154
0.22518967
0.26063687
0.52301085
0.7242148
0.7917582
0.7070447
0.68300784
0.5
0.5
0.74431056
0.7410786
0.75837356
0.7867563
0.74998236
0.57248175
0.16453204
0.1396461
0.12065737
0.13707863
0.23745917
0.33417875
0.61037403
0.8154575
0.59049445
0.16920987
0.10561847
0.07746726
0.09698218
0.61346334
0.7211853
0.8378103
0.8626887
0.30225664
0.119797125
0.09371429
0.09431139
0.20207134
0.17632538
0.59835
0.13228346
0.18704803
0.73872864
0.15891087
0.07588848
0.08512886
0.1067138
0.04574072
0.03647379
0.046474893
0.05934959
0.034736753
0.02823267
0.024747362
0.04622511
0.81905836
0.95866156
0.96593016
0.95526314
0.042770695
0.025444096
0.030524723
0.048142202
0.03761143
0.06514195
0.9141356
0.08030783
0.100712225
0.07632468
0.03386715
0.04552043
0.8323402
0.86834186
0.8545948
0.8757613
0.041148126
0.024821294
0.029167932
0.044010505
0.066840425
0.8869136
0.83583474
0.8637947
0.9226928
0.92833936
0.07905219
0.045720015
0.055724867
0.12759453
0.08870064
0.075973466
0.075954475
0.13636447
0.12982973
0.24160181
0.8702229
0.09321664
0.052984215
0.047599174
0.04993602
0.053048696
0.06273768
0.09463337
0.8793714
0.8897701
0.9176908
0.9294557
0.8503173
0.1283396
0.10382745
0.6439697
0.1789228
0.7044646
0.07422285
0.061903115
0.07544979
0.111048244
0.78844833
0.11614944
0.09168849
0.10821093
0.12922174
0.7996742
0.11290967
0.11259952
0.110817626
0.7424425
0.16336419
0.12226112
0.094336614
0.10124592
0.7628267
0.72679025
0.8006696
0.82336694
0.8146956
0.15777774
0.12670788
0.10184742
0.08145013
0.08726654
0.6941273
0.29795843
0.3032547
0.76789397
0.17130752
0.10569421
0.0773368
0.057186745
0.07183362
0.08796103
0.097772695
0.080204874
0.06750712
0.099097095
0.11204986
0.18481146
0.1984514
0.12621896
0.13660786
0.1265536
0.14241484
0.52971345
0.18801363
0.19520424
0.12915014
0.12277043
0.8042681
0.15355682
0.11983805
0.160816
0.09674077
0.073605195
0.071226284
0.076499686
0.71033055
0.6437519
0.14452204
0.17308885
0.18268749
0.7407911
0.8519362
0.883548
0.8383357
0.8990413
0.545509
0.40649545
0.23260362
0.6138784
0.67356455
0.8373029
0.8005659
0.25818464
0.5316705
0.10265816
0.09039193
0.14787957
0.7840317
0.16113779
0.18091081
0.12722544
0.093644924
0.6972625
0.70805454
0.76545966
0.86623085
0.119682856
0.08632682
0.119249865
0.07647342
0.10595422
0.8517625
0.7420117
0.6925832
0.67454004
0.7147722
0.6884628
0.7435475
0.81428295
0.7648913
0.74616474
0.7767389
0.80469173
0.7518053
0.7077005
0.123959735
0.11918818
0.11211227
0.09250996
0.09956003
0.60864955
0.6632313
0.79271144
0.7460151
0.7502294
0.83146995
0.6842622
0.19571796
0.37611222
0.23180793
0.17746831
0.61025107
0.0857613
0.09155071
0.140725
0.65898025
0.08453357
0.0799271
0.07089889
0.09113716
0.09709405
0.105260424
0.13178821
0.10590475
0.091092974
0.15348086
0.20919897
0.29339236
0.71000654
0.5243044
0.53727186
0.5842356
0.7041186
0.62947184
0.5392457
0.21375363
0.219271
0.26340586
0.4441171
0.5088014
0.54738337
0.64450806
0.5632436
0.5
0.61394435
0.503542
0.51931787
0.27904272
0.2298247
0.34191743
0.28416672
0.30707628
0.23205702
0.17741916
0.19339044
0.13302387
0.14640678
0.6071565
0.52015024
0.6145281
0.4550621
0.2838262
0.26848176
0.28786913
0.83530796
0.83813316
0.67220306
0.7301708
0.82535225
0.1257723
0.12547415
0.2288008
0.078538105
0.036753476
0.031690415
0.030800335
0.029752666
0.90096164
0.94211286
0.96690124
0.98323214
0.9779001
0.9618933
0.120217934
0.047414593
0.030302798
0.030382564
0.050003756
0.066695906
0.8622504
0.6296124
0.6559284
0.90742373
0.9139347
0.872416
0.20602094
0.16762185
0.54109216
0.178028
0.12932439
0.10760756
0.13688895
0.08793552
0.71955657
0.75583416
0.8812618
0.1141078
0.05873108
0.06512909
0.72822237
0.1062372
0.11013134
0.06646677
0.056962732
0.058559816
0.0676462
0.08581733
0.07480144
0.076736
0.8071365
0.09286532
0.077165306
0.05361163
0.04549549
0.049867712
0.073346816
0.8202198
0.70637274
0.904817
0.8590002
0.8464711
0.90260047
0.8272323
0.7505891
0.19835044
0.76489383
0.062418103
0.04459669
0.044624507
0.05411102
0.0570753
0.051160388
0.05064252
0.04818933
0.060123138
0.112309635
0.89725244
0.83007884
0.7655574
0.6806428
0.7184734
0.06851564
0.05554021
0.05990952
0.069899336
0.063466996
0.060911387
0.11661994
0.8026615
0.078489415
0.091058314
0.13103755
0.21603209
0.23800063
0.85376114
0.094517685
0.062270753
0.078343965
0.10452272
0.21281725
0.43179497
0.26979145
0.16699958
0.12094653
0.09368256
0.09958788
0.57272595
0.28574032
0.6523459
0.64735496
0.11895517
0.09672266
0.14342752
0.11105355
0.13571963
0.1845385
0.11915075
0.67296016
0.111815415
0.12420662
0.1049898
0.645392
0.7306511
0.8299539
0.15276927
0.124946594
0.10466375
0.099767625
0.08366178
0.09231991
0.6638574
0.19090681
0.7523885
0.734096
0.752794
0.73515093
0.7213225
0.70550376
0.6215517
0.21660678
0.6504552
0.09504444
0.06918714
0.06766428
0.094573334
0.21808048
0.5838641
0.2172967
0.7924289
0.7392095
0.70682496
0.08781217
0.07604914
0.0832719
0.093333
0.11812203
0.15065648
0.14733107
0.8037806
0.1730582
0.12551184
0.12937775
0.5431945
0.2941943
0.5168474
0.122924194
0.17514607
0.17012233
0.15757549
0.59995884
0.665831
0.7429868
0.6202955
0.6088523
0.40999332
0.34060413
0.43156594
0.5432033
0.85698617
0.9135331
0.89793533
0.6979746
0.33747113
0.2730644
0.31282365
0.37912774
0.5037402
0.6578804
0.4006142
0.4131722
0.54248357
0.3864237
0.4036236
0.62605417
0.5827212
0.5
0.36388808
0.46646473
0.54627734
0.6869664
0.5632021
0.30869535
0.20751415
0.16052459
0.22562253
0.44772348
0.17705052
0.15870889
0.15996414
0.1683557
0.6056366
0.6650988
0.7459624
0.7814219
0.6212386
0.27257466
0.1696337
0.1679042
0.5607085
0.5330133
0.28105047
0.21327712
0.18278
0.15963326
0.17900644
0.53672284
0.50264406
0.44199106
0.15661077
0.22974586
0.63635784
0.26601526
0.16094106
0.11943563
0.06599605
0.07077116
0.75334454
0.805067
0.8365784
0.82534456
0.767758
0.105855055
0.09825052
0.7176789
0.07859777
0.052444432
0.040258445
0.036609042
0.062318057
0.8013634
0.84566295
0.9585611
0.9317647
0.8728503
0.10535569
0.06380319
0.05011948
0.046772767
0.059184387
0.7250455
0.101873115
0.11341633
0.7978204
0.77452946
0.0750161
0.07982855
0.10561994
0.12348732
0.23246093
0.7855296
0.23983681
0.21070157
0.6540171
0.59820575
0.7041842
0.84260553
0.9387395
0.9385344
