0.78108835
0.41225225
0.39610857
0.8464854
0.84077615
0.1802737
0.15776373
0.19192031
0.3178957
0.8384575
0.32739502
0.2304784
0.17878324
0.8083317
0.85365236
0.82775426
0.7804953
0.18721697
0.2849215
0.3694631
0.84625036
0.21146253
0.15877023
0.18363574
0.1675991
0.64755446
0.17680965
0.19080463
0.18418749
0.15307498
0.132949
0.11385419
0.15436299
0.7477445
0.19140238
0.23206455
0.25388828
0.728792
0.80960226
0.8247472
0.7428014
0.73505205
0.70742565
0.7270683
0.8057242
0.27789432
0.19116044
0.14609279
0.7316125
0.102429785
0.090740085
0.09347654
0.086278655
0.10068471
0.1441561
0.18265505
0.86736876
0.8806707
0.7767841
0.09935087
0.065521434
0.057278138
0.03817633
0.027066601
0.01992272
0.020386158
0.022239944
0.03863521
0.9588602
0.974585
0.97547525
0.0412366
0.02074028
0.020309703
0.02608214
0.036894277
0.051303264
0.07783674
0.08202155
0.07130019
0.7733435
0.87093127
0.84626466
0.64836746
0.5974585
0.64288867
0.7574442
0.69311726
0.72961205
0.78961074
0.7049167
0.59945655
0.52676195
0.54627115
0.580276
0.5749729
0.5675626
0.5874655
0.64964056
0.7191879
0.8284069
0.83860916
0.1473516
0.11569521
0.11074959
0.12507875
0.080694675
0.054425396
0.050964613
0.06535475
0.814638
0.8176009
0.17275618
0.19533916
0.13159342
0.061396796
0.050336123
0.06378768
0.8198494
0.86148334
0.83980817
0.806299
0.790781
0.8528862
0.09860366
0.053437777
0.044572104
0.054914515
0.82080126
0.86106837
0.821085
0.07379021
0.0461494
0.04499651
0.081713155
0.81410664
0.7658017
0.73240805
0.72482425
0.7580808
0.8641312
0.8331758
0.070756845
0.049345374
0.057543997
0.043212485
0.036850184
0.041255068
0.7195134
0.14226091
0.31857014
0.9531467
0.96730584
0.9341686
0.85721016
0.9026062
0.16466217
0.11054174
0.73989975
0.05285201
0.035795998
0.031477902
0.02918028
0.031392988
0.030084679
0.029872378
0.031660195
0.034393944
0.04112985
0.05285528
0.11354046
0.11756451
0.073747225
0.05649959
0.068149276
0.07814725
0.11237512
0.13424361
0.08260132
0.08841667
0.1234818
0.7066886
0.8405389
0.3095934
0.16691124
0.12290072
0.11728082
0.7049654
0.24311367
0.26078606
0.6886184
0.8504556
0.85659313
0.7322747
0.65366805
0.6082221
0.59260416
0.6022257
0.25163168
0.18335281
0.57109773
0.1070928
0.10469751
0.2024646
0.2790545
0.5328321
0.5131225
0.42295504
0.48372257
0.4886091
0.5281497
0.6612152
0.28043497
0.21190238
0.18594255
0.16122645
0.133505
0.20853627
0.21384788
0.18893807
0.20409605
0.5383414
0.5357718
0.6369614
0.73831564
0.65539986
0.61291075
0.17127696
0.1196301
0.10404295
0.11518038
0.6426582
0.13794094
0.16400827
0.18030992
0.12069662
0.08609749
0.084680624
0.113289446
0.7422814
0.13065924
0.07506589
0.09617226
0.74403673
0.1274862
0.059884816
0.051658228
0.06921631
0.77763516
0.93847
0.939394
0.071942456
0.036502283
0.037613902
0.124591105
0.72894406
0.20930953
0.92469436
0.93528783
0.9215801
0.15856355
0.16535416
0.81011313
0.90282905
0.16678733
0.09519849
0.07517723
0.09895107
0.117970616
0.18506007
0.119985074
0.64754575
0.105233096
0.07890196
0.06554044
0.094694115
0.64426607
0.68055177
0.7691677
0.5916654
0.43672392
0.379262
0.38044217
0.29024386
0.36674002
0.7755817
0.80355054
0.658547
0.5570786
0.5
0.25660235
0.25671768
0.6207963
0.11941227
0.1099863
0.13120846
0.11057494
0.06738842
0.050085727
0.051479734
0.060837463
0.052739594
0.048858244
0.039587047
0.03492476
0.03836869
0.06096233
0.8485558
0.90502
0.8856206
0.08318254
0.05032603
0.041964978
0.037510272
0.040400323
0.059942793
0.7473628
0.815125
0.0769594
0.067063004
0.066204354
0.06812585
0.11866571
0.19224021
0.18602797
0.13236412
0.81326973
0.5832041
0.5435761
0.5134558
0.23315883
0.18443964
0.13811588
0.5269403
0.48454547
0.56444687
0.58864415
0.6662836
0.27730462
0.35965022
0.5228134
0.84690887
0.71293175
0.58859456
0.21645527
0.21560338
0.15551832
0.15665299
0.5766125
0.6352556
0.87515056
0.89861345
0.84630257
0.72524244
0.68513215
0.64645714
0.67611396
0.086166136
0.06326761
0.056704015
0.061808955
0.062497456
0.076197535
0.151689
0.73692983
0.7802561
0.8787787
0.10203171
0.061059352
0.11109072
0.80316824
0.7979672
0.05850323
0.04736858
0.062331222
0.068274185
0.05597315
0.077104
0.06512056
0.8494652
0.8193397
0.8981645
0.8752354
0.20791581
0.8249295
0.07431928
0.06792579
0.07549588
0.07077379
0.07536721
0.09300337
0.85583603
0.9069854
0.12034123
0.068182886
0.09023095
0.74033284
0.10293906
0.07878549
0.09409578
0.6184151
0.090734385
0.08056372
0.07755862
0.13822046
0.65869194
0.71985286
0.7947062
0.6631693
0.5860379
0.64185774
0.8021139
0.8101529
0.25905785
0.22390948
0.22015253
0.2749993
0.7199643
0.59054637
0.5
0.08769496
0.09358847
0.18019055
0.63210964
0.8885324
0.18681197
0.1809343
0.075436555
0.057284813
0.10754159
0.040124822
0.026204396
0.024820674
0.030114733
0.05993145
0.138567
0.96173
0.96565676
0.97105587
0.9356428
0.10760926
0.025574291
0.017136907
0.018281177
0.030626625
0.054172363
0.07895061
0.9042966
0.8697517
0.94384664
0.94250613
0.90837824
0.7846319
0.7800313
0.051936157
0.034133337
0.034884557
0.040451456
0.049372505
0.07840402
0.8525319
0.8678097
0.039150886
0.019425167
0.021659425
0.022549134
0.014694165
0.02348893
0.021783309
0.022036545
0.9539468
0.9695025
0.9849886
0.9827837
0.9385716
0.93591166
0.026304267
0.01633504
0.015113684
0.016747382
0.020755544
0.023006767
0.02642309
0.032186378
0.03950894
0.057986695
0.07619691
0.059719946
0.048892356
0.06406632
0.790798
0.8019
0.89914197
0.9061157
0.8325032
0.76695865
0.16815601
0.21149474
0.20172344
0.17758863
0.7955826
0.6566436
0.17417479
0.11870711
0.12932692
0.5875568
0.59028125
0.27816844
0.15754536
0.11510139
0.58655304
0.60405123
0.65670705
0.71146405
0.68711543
0.6995375
0.61970663
0.57776374
0.28787467
0.35307062
0.447395
0.8511167
0.8855038
0.7565886
0.60928464
0.32706088
0.21982384
0.19848114
0.2337117
0.43525395
0.32022128
0.2942763
0.21398118
0.18368202
0.22627798
0.58083934
0.7658827
0.6518095
0.5492731
0.6369066
0.6952559
0.569008
0.2559227
0.22343355
0.2900622
0.7174596
0.6643626
0.61513984
0.739183
0.6938826
0.6930634
0.81151706
0.6024783
0.34864607
0.30523232
0.35570708
0.22417709
0.5012537
0.115959026
0.100051366
0.16016866
0.30347472
0.295234
0.6727761
0.6613682
0.6490814
0.07388208
0.072795995
0.14122574
0.19612704
0.79177505
0.35417047
0.92737526
0.930499
0.90057284
0.8075379
0.10724624
0.10676261
0.10010674
0.10264578
0.09652069
0.7853292
0.83511716
0.68536127
0.11476023
0.09419168
0.07967425
0.079323396
0.115328565
0.70194876
0.82858527
0.393534
0.29403397
0.6295275
0.5889076
0.085184954
0.107763365
0.15563133
0.19537191
0.9519163
0.95473284
0.93652564
0.08732515
0.03882719
0.032457687
0.033261787
0.03359873
0.036894016
0.0570599
0.05766342
0.8756835
0.92338336
0.91979736
0.91246647
0.89554673
0.8950748
0.8907237
0.9064748
0.87932885
0.84148777
0.095214516
0.05688205
0.042925414
0.051960822
0.69077283
0.08160845
0.057093468
0.090122476
0.1177449
0.9179061
0.9246762
0.9010111
0.11700795
0.09140742
0.1001355
0.115851805
0.8515467
0.8540388
0.30595258
0.38603726
0.59726006
0.5945763
0.7710575
0.25508505
0.17927198
0.13146536
0.10248424
0.12303105
0.14775737
0.3284956
0.6150142
0.58566535
0.55253434
0.12015409
0.12953144
0.27958024
0.403281
0.8363335
0.22606514
0.22822118
0.15330315
0.7363997
0.8107232
0.7476523
0.71778685
0.67953783
0.641247
0.5833421
0.14418013
0.106551535
0.115219325
0.5611866
0.14263172
0.22316034
0.20894304
0.24323303
0.8275133
0.34369928
0.16342184
0.10166398
0.070240885
0.0637562
0.0675025
0.08099727
0.075437255
0.7356279
0.7812337
0.9145087
0.91612464
0.8288136
0.81245637
0.10035245
0.05723978
0.05278195
0.077681504
0.6689091
0.14521925
0.25937197
0.81707025
0.07315199
0.04723074
0.06130986
0.12230775
0.19746602
0.9176388
0.9323457
0.9017016
0.07234629
0.032976978
0.02318502
0.022382392
0.034433644
0.10180511
0.9500536
0.94841796
0.9148055
0.87753665
0.93104535
0.13533197
0.046843436
0.033633873
0.03547659
0.04283535
0.052107573
0.058704082
0.055965293
0.046525553
0.04028076
0.05724809
0.8580357
0.8819494
0.9391923
0.14175136
0.06294385
0.042504124
0.036814786
0.042294357
0.08317118
0.84901965
0.8724583
0.8500429
0.8661258
0.81922746
0.8150597
0.8144951
0.80062276
0.7732374
0.7462599
0.6921171
0.21968678
0.34122118
0.7578167
0.1108923
0.09179509
0.069764994
0.0751752
0.08821175
0.109681
0.71897566
0.8042674
0.81163734
0.76453906
0.81053394
0.21873917
0.1296369
0.08529004
0.08963638
0.0802345
0.14597307
0.2426433
0.8104071
0.20951524
0.13958284
0.25313297
0.25475064
0.29332712
0.82682127
0.84246385
0.7370369
0.165544
0.23247132
0.20058836
0.18164308
0.23399547
0.17210211
0.12990153
0.117311135
0.10317244
0.1471419
0.68563205
0.8205694
0.906772
0.9138881
0.41672108
0.23201492
0.23357299
0.122423716
0.10201234
0.52156997
0.49119627
0.34733227
0.36067313
0.31196326
0.23214228
0.25516605
0.35608453
0.42684677
0.5031732
0.28390566
0.23759128
0.21882787
0.26836026
0.29556888
0.38955596
0.35470018
0.5968692
0.532081
0.4961694
0.5
0.4376019
0.40783668
0.4197888
0.4126047
0.19630888
0.232548
0.2741234
0.19868615
0.2676823
0.37285697
0.46833134
0.23335034
0.21957473
0.22269934
0.19307825
0.1709353
0.16675138
0.13386582
0.11412447
0.13543049
0.6919128
0.7184989
0.71363914
0.14184482
0.14112641
0.21472172
0.6117248
0.63640225
0.64538795
0.7056921
0.85707396
0.85174876
0.7339781
0.7580266
0.82970655
0.75045466
0.16495371
0.09330358
0.07514534
0.0708065
0.07906333
0.08183886
0.08057357
0.07764924
0.1210053
0.13050053
0.09709081
0.17107154
0.6858281
0.7096335
0.7081399
0.7108271
0.7000481
0.7230516
0.7227831
0.6629528
0.29429564
0.23918074
0.2055499
0.20605548
0.2525795
0.218744
0.6379595
0.66631705
0.6181506
0.5825104
0.5025278
0.5577277
0.58581454
0.5
0.20684417
0.5812721
0.20990819
0.17404386
0.16751927
0.18916546
0.16646981
0.48882023
0.28285706
0.290574
0.21109496
0.20403145
0.2449486
0.20169051
0.24855985
0.3631292
0.23801258
0.33942673
0.34096122
0.37921447
0.4916806
0.63837826
0.74200696
0.66404676
0.2795981
0.18477753
0.15715553
0.20675844
0.48027417
0.65690285
0.74594146
0.67858815
0.5453949
0.29434133
0.27049324
0.42063716
0.46746784
0.60085624
0.7655323
0.76178133
0.5950734
0.58134407
0.081409976
0.08691736
0.0701809
0.059191342
0.070776746
0.060098737
0.1191022
0.96364814
0.9614157
0.947192
0.07241156
0.04379796
0.038585026
0.10271822
0.16010368
0.17619263
0.19246767
0.5928636
0.6976731
0.8472934
0.8522156
0.60646176
0.517681
0.20585206
0.27176887
0.42758682
0.5784925
0.6277798
0.50635386
0.20880376
0.12549007
0.09551721
0.10105045
0.1397196
0.6434698
0.65407753
0.63064563
0.62008446
0.19462806
0.16098973
0.20073947
0.12666608
0.093368836
0.07724871
0.09848372
0.31607774
0.71865815
0.6631204
0.61162275
0.5378969
0.11618009
0.14161739
0.254787
0.63337594
0.26609337
0.22810662
0.15498024
0.10385363
0.10765097
0.82856876
0.84387934
0.8173647
0.77983946
0.7529298
0.7563374
0.8010394
0.09479642
0.05755329
0.05110777
0.060206506
0.07001654
0.07759325
0.08189488
0.7478764
0.8063178
0.73269665
0.14510609
0.1585163
0.17491966
0.15100442
0.09882375
0.10696091
0.59492904
0.5830661
0.5495332
0.61241776
0.6335681
0.6398244
0.6031011
0.5803713
0.22408524
0.16725299
0.7033392
0.0884891
0.09103895
0.086101934
0.11608841
0.18487267
0.84665376
0.10463125
0.07696659
0.13202389
0.17619649
0.22702843
0.28107467
0.8607531
0.8002305
0.7906921
0.8129824
0.28742856
0.28207064
0.2497345
0.1707111
0.1251158
0.5816193
0.20482378
0.7063803
0.1656598
0.105401315
0.10441243
0.124687254
0.16310644
0.66740316
0.20790555
0.3259004
0.6581592
0.6505549
0.68097234
0.6982863
0.68285954
0.668169
0.5561571
0.13348344
0.19756496
0.27263683
0.30302516
0.3178561
0.26229373
0.69817424
0.70294523
0.28883088
0.19098277
0.1685248
0.17722209
0.19316128
0.2826216
0.34767672
0.68778104
0.718312
0.7083445
0.6342787
0.51209456
0.5528708
0.18659821
0.17804298
0.20064655
0.27878937
0.36911523
0.6525447
0.42588744
0.3231138
0.28091487
0.5345884
0.5182751
0.5567498
0.36131248
0.27823263
0.24359469
0.22086723
0.26094416
0.4094309
0.5432543
0.6603902
0.6137671
0.44299576
0.34714177
0.3995598
0.31383404
0.25226364
0.2925956
0.36691713
0.6117411
0.58533585
0.5418927
0.482268
0.35497108
0.2994258
0.37278846
0.4176417
0.5495898
0.5
0.40423095
0.38641727
0.31693548
0.31664217
0.30803946
0.34314024
0.35775518
0.34714493
0.30949742
0.2756667
0.2429061
0.263894
0.25125492
0.24260227
0.28913102
0.2983438
0.4289319
0.32210082
0.31797022
0.4796924
0.43481112
0.6774912
0.6023121
0.6262466
0.35592484
0.43784294
0.784894
0.57845116
0.5
0.8319001
0.1107744
0.057147205
0.08126783
0.06103976
0.09110887
0.21147875
0.9670924
0.9708439
0.9653548
0.95503116
0.21559617
0.049757525
0.03216926
0.025819428
0.031767193
0.037022892
0.03999689
0.04129378
0.041588783
0.038067926
0.03124973
0.033249017
0.07323505
0.13999869
0.9593736
0.9573974
0.9292232
0.8751167
0.13613538
0.08168174
0.0517145
0.042638462
0.044149976
0.05202524
0.06866955
0.8089107
0.6806967
0.094646685
0.095359355
0.79899937
0.07012286
0.056017492
0.05728977
0.06647238
0.11314283
0.88656807
0.0824738
0.052588005
0.05355323
0.056444444
0.11652391
0.21323395
0.8797295
0.15996681
0.10158762
0.08181551
0.089030296
0.67768204
0.7636348
0.62458295
0.52944064
0.5122156
0.55172837
0.59886783
0.6196064
0.67445004
0.7048585
0.7393169
0.75721794
0.78041315
0.14256726
0.14905564
0.14812323
0.12240643
0.07678616
0.07989698
0.13042562
0.11385579
0.07602791
0.7921891
0.7524878
0.820561
0.81581753
0.8071716
0.80310774
0.7992561
0.8001696
0.81215626
0.7751341
0.116065875
0.13960242
0.107533805
0.07915952
0.10077738
0.2094061
0.24367371
0.7340227
0.3172942
0.20670186
0.54209834
0.5950788
0.71718407
0.55389947
0.35060927
0.30597115
0.36798292
0.27502048
0.26862216
0.58360636
0.62887275
0.20414601
0.26744673
0.09559886
0.07408778
0.119765446
0.039124746
0.026700962
0.022930786
0.023373252
0.0379584
0.12837899
0.938623
0.9774089
0.9824603
0.96743506
0.91324484
0.035144784
0.033033974
0.040758476
0.029287316
0.04108791
0.8249883
0.9520845
0.95273376
0.082953475
0.032194443
0.023663405
0.02414612
0.042243432
0.10060213
0.92275816
0.24834955
0.121153206
0.07192339
0.07987773
0.08197946
0.17592098
0.20512767
0.90791166
0.09783261
0.06832501
0.07301197
0.8759007
0.9049916
0.17795281
0.057054795
0.04109537
0.04094389
0.053597484
0.7648883
0.7451934
0.8958355
0.8236707
0.77612084
0.77758765
0.78266877
0.7861491
0.778026
0.789028
0.8005339
0.10955306
0.06748356
0.056613527
0.06368306
0.10901167
0.6676516
0.7342698
0.8317389
0.7543724
0.7517519
0.76839006
0.7358816
0.11366157
0.09060304
0.09470946
0.74453026
0.09692824
0.08435307
0.062258538
0.064804
0.07156669
0.103053436
0.10796494
0.82675934
0.73246306
0.063199036
0.05456773
0.039975617
0.047143634
0.09056741
0.11950589
0.89908725
0.8855575
0.7545709
0.10493274
0.07552924
0.07809661
0.07968587
0.13010772
0.26773262
0.8063514
0.68207526
0.22740294
0.18363778
0.17616291
0.106687956
0.084723316
0.17590038
0.28450376
0.8235328
0.76227987
0.7338742
0.09838937
0.1009558
0.119380146
0.14473434
0.13157946
0.035958502
0.02673898
0.02527997
0.0260074
0.03531309
0.8685769
0.9405469
0.97888684
0.9836981
0.97397757
0.9220199
0.8880278
0.036904454
0.027138516
0.028197812
0.038386077
0.046924226
0.7384316
0.07963302
0.10022778
0.104787596
0.14115316
0.43924835
0.388304
0.15462434
0.087477475
0.06608046
0.05697717
0.05627885
0.08538359
0.75716037
0.74544656
0.78693765
0.058963586
0.041649017
0.03666918
0.03745559
0.046626735
0.07722348
0.14026295
0.93073547
0.07725051
0.038211524
0.037202824
0.04409595
0.057744715
0.070788756
0.060185555
0.80909556
0.060573358
0.04996519
0.09275015
0.9377067
0.9477658
0.94547963
0.9485425
0.061980277
0.037491538
0.042995423
0.81186837
0.8597649
0.8807594
0.043934472
0.02782172
0.026535785
0.035460047
0.042203594
0.03542135
0.056865335
0.8820557
0.9210511
0.9352182
0.11022432
0.12412888
0.108749345
0.8835485
0.8465002
0.85475314
0.9221536
0.91992337
0.08498112
0.06764419
0.15362906
0.12428713
0.84935397
0.7518339
0.6884565
0.089704014
0.07483739
0.070593655
0.08942827
0.091873124
0.10231015
0.23544356
0.8374696
0.7813682
0.89161867
0.8712535
0.5610026
0.23275985
0.3785784
0.53453815
0.32870883
0.8174838
0.3855016
0.28790268
0.15213028
0.09491644
0.094412304
0.8007013
0.30950662
0.081510685
0.07912971
0.7237594
0.5323227
0.8851064
0.06454637
0.035892013
0.070596255
0.87878305
0.9686735
0.972729
0.9563233
0.07087182
0.04176033
0.054797973
0.86683416
0.072291344
0.044598483
0.043900177
0.049034342
0.07019627
0.1236098
0.22004011
0.21992779
0.27548686
0.55683684
0.2271644
0.60002124
0.4243986
0.430561
0.78867286
0.6313481
0.54140013
0.42344832
0.4193273
0.57614195
0.5749136
0.43433413
0.51330286
0.55560714
0.7259694
0.74174213
0.6317614
0.51733905
0.40533158
0.3682141
0.34792438
0.3749802
0.47572237
0.82227564
0.92520237
0.87424564
