0.523414
0.3932844
0.38043338
0.32978857
0.38677403
0.8451921
0.8358744
0.69896007
0.60389626
0.57964015
0.69636124
0.71059054
0.8349812
0.8597129
0.7682608
0.7032705
0.6945246
0.7766404
0.7465956
0.8485283
0.7879073
0.90618676
0.9318118
0.919381
0.8424102
0.8973616
0.84643716
0.807974
0.16984174
0.092589475
0.10514981
0.81613415
0.8905939
0.86648613
0.085227504
0.06576068
0.06791794
0.04866479
0.0753429
0.112153456
0.9321235
0.111141115
0.03312925
0.026778674
0.043224722
0.09633937
0.913273
0.9361052
0.23786561
0.14340875
0.09456487
0.8086826
0.8116526
0.06157907
0.051916793
0.097012356
0.91482157
0.9514733
0.9100428
0.91687953
0.8471014
0.06660768
0.047483735
0.06742943
0.77180856
0.075320505
0.094991244
0.10792478
0.8410692
0.9287904
0.05704051
0.030521048
0.031988382
0.87170833
0.8453894
0.86998755
0.9561147
0.97268146
0.97676814
0.9580943
0.89163375
0.9256023
0.06488253
0.07630471
0.048333332
0.040900245
0.029193506
0.03136622
0.062339976
0.096560486
0.9106823
0.07877836
0.08627447
0.24696039
0.86894435
0.9068801
0.77940124
0.7031527
0.07212063
0.051451236
0.050463475
0.047449637
0.052906
0.0708468
0.92057943
0.05707853
0.03486493
0.03377138
0.06266102
0.89304316
0.8963958
0.8944288
0.86017835
0.87969816
0.12010278
0.07022986
0.053331736
0.045997106
0.045216877
0.085521095
0.07680391
0.06911225
0.6912315
0.19698478
0.2567283
0.85215473
0.7758971
0.7713135
0.8159427
0.90505296
0.93617207
0.9320281
0.86771727
0.7555592
0.09762388
0.056873817
0.04996381
0.051560488
0.066147186
0.09168829
0.80518365
0.8068696
0.8021807
0.74737155
0.07232331
0.058294553
0.11144003
0.093469955
0.83179283
0.8660986
0.8830608
0.8930801
0.8817994
0.88038254
0.849741
0.18225195
0.107107714
0.058171004
0.07431541
0.8321629
0.8560508
0.83013326
0.21574058
0.13282843
0.089655004
0.072138116
0.0794647
0.10006962
0.37736934
0.8221045
0.2741736
0.24140838
0.3169684
0.7110684
0.71576065
0.76875544
0.8486685
0.7970977
0.09565513
0.052943856
0.050889403
0.11718217
0.82576287
0.8764695
0.8835893
0.9467882
0.93999803
0.12952359
0.062152848
0.0535091
0.14436796
0.83096236
0.8604449
0.8138484
0.84348387
0.66154975
0.2441219
0.22910668
0.21346124
0.3996766
0.44132847
0.79539096
0.82393324
0.8966636
0.89753443
0.82978946
0.69123405
0.69895697
0.7823861
0.77721554
0.863606
0.8448011
0.7272989
0.6492142
0.20062688
0.19559133
0.25460517
0.25277328
0.7163654
0.3596392
0.8998308
0.9434969
0.9506322
0.93276525
0.88144016
0.8086937
0.23984109
0.7012613
0.1735597
0.18796284
0.15704685
0.15979397
0.71822417
0.72015494
0.7567171
0.67984384
0.6646707
0.679914
0.7265874
0.8285833
0.86634105
0.8390598
0.73074555
0.67998016
0.6704877
0.60249364
0.15692909
0.2132414
0.26238513
0.27129653
0.29239458
0.82063305
0.90655285
0.8973219
0.8335804
0.8268114
0.071708806
0.03687529
0.032225627
0.041155137
0.8196921
0.9451763
0.91981983
0.90551746
0.04694694
0.02482031
0.023417981
0.034011055
0.82402223
0.89150035
0.93363273
0.8632933
0.9048294
0.23457204
0.23957452
0.21455307
0.1806924
0.11888026
0.08609935
0.109209314
0.21878985
0.33485466
0.48681125
0.9165824
0.8879939
