0.7641082
0.73419017
0.7293976
0.66422796
0.5771291
0.23029584
0.19840376
0.24716851
0.35712135
0.33503178
0.4102131
0.8035061
0.8411024
0.7908478
0.63247836
0.5
0.26014718
0.2317911
0.28772688
0.421769
0.7144738
0.62861586
0.5
0.21538594
0.17236707
0.1699267
0.24478373
0.6276635
0.46672928
0.48443332
0.67688876
0.50973517
0.25316074
0.21882461
0.17807662
0.17704749
0.4011033
0.17689778
0.2429014
0.4454289
0.42609832
0.43040046
0.5511116
0.5
0.20695284
0.23097093
0.258604
0.54411745
0.5982234
0.641435
0.1523195
0.13567507
0.2318875
0.6062518
0.33937332
0.27312046
0.23642375
0.6278129
0.12627722
0.10088065
0.10812722
0.13921511
0.123504095
0.12995152
0.10212869
0.100968055
0.6238657
0.11460659
0.11647188
0.12314588
0.10097816
0.14274922
0.7184969
0.7348644
0.80407745
0.7354673
0.6764992
0.6319972
0.7006277
0.59060913
0.15217638
0.13405149
0.5160719
0.5042093
0.5403449
0.6339864
0.7173892
0.7710303
0.7343432
0.70638114
0.71563333
0.08922581
0.068828285
0.08288574
0.0763313
0.08022528
0.077364095
0.70060694
0.7520334
0.8864182
0.19572426
0.08531647
0.06584404
0.06298744
0.076237336
0.06132486
0.06401964
0.68077904
0.09811291
0.16750574
0.7924542
0.89066
0.8246978
0.8642108
0.19487186
0.12046295
0.7388203
0.08062272
0.07191166
0.06243275
0.053852964
0.06799495
0.07250477
0.073713616
0.7459015
0.8381822
0.88122046
0.7428905
0.2731493
0.36140534
0.6349819
0.14443968
0.1738664
0.10759492
0.105442144
0.6748351
0.66523784
0.675336
0.09601941
0.072325855
0.09219608
0.079442896
0.091111824
0.10577154
0.10639138
0.117574334
0.1313319
0.11486456
0.20013216
0.5654004
0.114411235
0.1513555
0.23190807
0.33456472
0.25528887
0.22204468
0.6737461
0.51388174
0.5120774
0.21953638
0.31547678
0.23539078
0.53060967
0.21746822
0.25114897
0.1707539
0.20156263
0.27584997
0.6763797
0.17470841
0.22208822
0.27976876
0.15292798
0.6005911
0.7229375
0.71300066
0.8511725
0.7872915
0.47249272
0.20106238
0.14036164
0.11093728
0.19325265
0.6148922
0.6462493
0.29733974
0.20875745
0.21907806
0.37271976
0.3876524
0.4589444
0.5343452
0.7306371
0.7299681
0.81602335
0.5357471
0.1525464
0.18138747
0.32034194
0.14971706
0.7186155
0.09800499
0.053958952
0.03918935
0.041409906
0.07591031
0.17145993
0.9419501
0.9319058
0.8240626
0.762284
0.7439785
0.09197127
0.102774665
0.06622211
0.067902416
0.16432424
0.29461184
0.83226067
0.18952797
0.1611525
0.26140875
0.1978291
0.44803935
0.5947406
0.80244213
0.83789456
0.73711276
0.665484
0.57696235
0.09825726
0.20312569
0.07954853
0.06163522
0.15042785
0.11746878
0.89454925
0.9600507
0.9639057
0.92921764
0.19205594
0.10239338
0.053977575
0.04608935
0.09659901
0.21330559
0.83156013
0.8581369
0.74205935
0.74301356
0.5
0.4315111
0.17725185
0.34359545
0.2369261
0.16726561
0.7510988
0.82367814
0.72888917
0.60988677
0.18576092
0.3253609
0.2600898
0.38047242
0.705523
0.15024824
0.13406931
0.15834714
0.18998039
0.21221162
0.21575597
0.14587118
0.17093548
0.2617087
0.1891592
0.19867802
0.1069164
0.11900329
0.8466357
0.7020611
0.14400533
0.11838179
0.6733795
0.6896761
0.8815618
0.9398135
0.93082255
0.8566912
0.89957154
0.8875735
0.8487897
0.8268989
0.812253
0.81006277
0.7872868
0.22491638
0.2339508
0.75349015
0.7608903
0.7869179
0.74113256
0.25869444
0.7091
0.117194235
0.13290544
0.14245811
0.14391494
0.14230293
0.14876068
0.58069706
0.69781953
0.84483546
0.86931866
0.81415
0.8278097
0.8917763
0.9487874
0.9407704
