0.731649
0.5583955
0.48041114
0.44024083
0.3074423
0.22458808
0.23255374
0.19686987
0.19518307
0.16904125
0.15441366
0.16211148
0.24893114
0.4319581
0.2461061
0.27601984
0.5970182
0.6356808
0.5221523
0.4746949
0.5
0.671454
0.8606116
0.88462085
0.56559235
0.25242537
0.17346764
0.17150535
0.5211437
0.13962895
0.13116148
0.19547637
0.6034338
0.5105869
0.21455209
0.7313238
0.19837871
0.10081867
0.13509852
0.787749
0.83630055
0.8378991
0.7744255
0.1334104
0.10963681
0.11098851
0.093224734
0.6601953
0.67591584
0.70276666
0.7490845
0.22176455
0.16097169
0.22904289
0.7226056
0.32172006
0.20737724
0.67585665
0.6293341
0.65522647
0.6302123
0.112743326
0.10867431
0.11657604
0.1968671
0.25419754
0.27035317
0.42995915
0.21035744
0.19775532
0.36143005
0.36452997
0.633237
0.50892013
0.5500171
0.60210145
0.7495665
0.29284984
0.2353902
0.14071456
0.09963213
0.1476319
0.5682409
0.59528387
0.58975756
0.3797209
0.38342163
0.20711243
0.18429068
0.2093353
0.52989805
0.64511436
0.82227486
0.88069355
0.85721034
0.67265487
0.71331203
0.16570891
0.101562575
0.07993388
0.09366712
0.6666658
0.7086028
0.7205574
0.6461922
0.16303687
0.09352041
0.08282859
0.11339847
0.6977745
0.07297254
0.046105463
0.032854367
0.024648152
0.018432366
0.015466565
0.01580152
0.032555815
0.9674607
0.9802545
0.9697548
0.9676877
0.95529646
0.04458966
0.022686638
0.022266138
0.023275647
0.030028936
0.03783159
0.04156105
0.045084376
0.6961343
0.6133198
0.11240628
0.06808037
0.06431276
0.14055355
0.10930205
0.834115
0.85963154
0.85869575
0.82719445
0.7672731
0.13751234
0.12360911
0.082263194
0.073097765
0.11475504
0.72138274
0.8240571
0.82845235
0.7107512
0.58828115
0.6419946
0.6713779
0.66272396
0.6187556
0.54700106
0.57852364
0.62133574
0.6515378
0.6776413
0.6344312
0.6317482
0.7590746
0.81452596
0.8578711
0.8468161
0.83090883
0.78169733
0.19209641
0.14716212
0.15353523
0.6578018
0.12945208
0.072706334
0.062399853
0.0661944
0.08768215
0.11652204
0.14410546
0.085965514
0.07669201
0.12941615
0.6302971
0.44555974
0.5981019
0.69120777
0.76929206
0.9080238
0.85839427
0.1425619
0.057585802
0.058398176
0.034290694
0.034563664
0.040139984
0.02747562
0.037659567
0.8753297
0.96146387
0.9635577
0.18253157
0.04249991
0.024423795
0.021586683
0.031729233
0.87416327
0.8975096
0.90619135
0.8451236
0.054987818
0.031610914
0.02472377
0.026860679
0.042906474
0.7971672
0.8076237
0.8839206
0.80797786
0.92142725
0.11069468
0.03886721
0.019420868
0.01918456
0.03840953
0.94332415
0.9446888
0.9467068
0.9215553
0.88920975
0.035597395
0.025020018
0.034218445
0.11398497
0.13291895
0.08693951
0.09117782
0.1579111
0.82543594
0.8099618
0.83798
0.8977197
0.9140158
0.87457913
0.7906764
0.7921171
0.77952224
0.7681702
0.712497
0.10545568
0.077309884
0.08852583
0.75049186
0.8394023
0.8056669
0.10716041
0.10534007
0.08494436
0.06403153
0.057822853
0.05352449
0.06795642
0.10428216
0.7993694
0.8420433
0.77193236
0.6750623
0.657561
0.7335728
0.07945694
0.07937471
0.06833974
0.05894329
0.09175388
0.07525886
0.06312362
0.11931185
0.119089596
0.14989087
0.14928322
0.09682448
0.08473026
0.5804477
0.53706175
0.56185406
0.63558215
0.69230866
0.79862905
0.88740355
0.9024579
0.8886382
0.111871675
0.047102142
0.031815466
0.03212343
0.04112857
0.06903971
0.12452786
0.8980293
0.89807576
0.8893824
0.7990407
0.14351365
0.06014483
0.0460592
0.049645808
0.06354457
0.06446052
0.09002211
0.6761103
0.78507626
0.6993935
0.53440404
0.505374
0.5534374
0.6451169
0.701469
0.57999194
0.5
0.4421435
0.39818063
0.37873414
0.43431175
0.5285513
0.64130354
0.6901372
0.6985772
0.08572442
0.044930052
0.03794428
0.026896574
0.021412717
0.025315981
0.021663342
0.018710589
0.01760749
0.022038616
0.85732913
0.8677678
0.9109502
0.95268285
0.9583422
0.9110344
0.94805795
0.094056964
0.08007927
0.030018382
0.021849953
0.023195552
0.02761709
0.050649833
0.11679838
0.10431464
0.113798134
0.15459275
0.1610828
0.16033193
0.22730282
0.42309034
0.6930533
0.849815
0.8578507
0.76443905
0.7529736
0.830479
0.84100544
0.7695547
0.85064167
0.82277435
0.7739965
0.81651604
0.8337776
0.73104954
0.5777555
0.52165747
0.51983297
0.55699235
0.82827365
0.95711786
0.9588372
