0.8185864
0.13697101
0.07458338
0.075808205
0.06188318
0.06094354
0.08187352
0.113607585
0.09360653
0.053901475
0.044278145
0.061179537
0.85289395
0.8734108
0.88792044
0.8271989
0.26617467
0.8942703
0.07857027
0.062434625
0.07234284
0.083843455
0.85317427
0.9120096
0.090587564
0.061958216
0.05304522
0.07672682
0.12193006
0.0865333
0.75161594
0.66045785
0.53051203
0.24239825
0.22002319
0.5811373
0.6261842
0.87779826
0.92927355
0.9018944
0.89898634
0.34452426
0.2886605
0.6422292
0.70597976
0.8762298
0.9018011
0.8472959
0.8303558
0.90947133
0.93621486
0.90248036
0.26290417
0.20621262
0.20910421
0.89957
0.8960644
0.6816469
0.10544153
0.09950146
0.23933433
0.896784
0.22377828
0.17896514
0.14917965
0.098631114
0.037262034
0.030645186
0.033563595
0.036287997
0.03951309
0.043390717
0.061615855
0.8682491
0.04984606
0.03110354
0.030044258
0.03590949
0.05333005
0.090275735
0.91500974
0.8641801
0.9236643
0.8910819
0.13736127
0.13140708
0.87911826
0.0478172
0.050833788
0.050096054
0.03644517
0.027012417
0.03565382
0.05389339
0.95725536
0.9648505
0.9548453
0.8728847
0.83047146
0.8127669
0.053593617
0.037705414
0.037705872
0.047628824
0.05593579
0.057461917
0.05673025
0.050815556
0.060269035
0.7450591
0.0767377
0.055003677
0.052309114
0.07122395
0.8195513
0.12600772
0.11274844
0.752331
0.058198687
0.045454547
0.046304557
0.05810704
0.07568521
0.08723439
0.7793261
0.065024056
0.07439134
0.08729031
0.11081957
0.17953593
0.890303
0.09878488
0.0682348
0.08348335
0.69360113
0.09699868
0.08943938
0.07219772
0.046531893
0.080655895
0.18365492
0.91332513
0.88320345
0.85525936
0.8537649
0.81731737
0.10222348
0.094637
0.09120072
0.100155115
0.10319769
0.074991204
0.7605919
0.8006282
0.8906848
0.9260383
0.9169592
0.12857503
0.096505225
0.08544462
0.09655803
0.91353905
0.94976205
0.9365014
0.81437886
0.7894978
0.8079872
0.8606132
0.17426944
0.16817185
0.24359998
0.15019564
0.086769
0.06517019
0.065579966
0.10078251
0.8714733
0.8484684
0.8376695
0.7331966
0.07678365
0.06549636
0.08837208
0.16668898
0.907868
0.9336443
0.90099937
0.21025021
0.16550982
0.15737937
0.11317791
0.09176023
0.08078718
0.7015819
0.65366066
0.7277434
0.8450354
0.8639206
0.77904713
0.6271602
0.57864285
0.21678445
0.2236545
0.2399167
0.8450127
0.94047475
0.9553392
0.9231315
0.8064451
0.87822115
0.7924754
0.8363547
0.8789134
