0.7313761
0.68396884
0.64275557
0.49368495
0.4373342
0.46380976
0.5406377
0.66030174
0.67483324
0.6066351
0.5230408
0.6080803
0.66987205
0.67113817
0.73659295
0.75153995
0.71043336
0.6211348
0.67225784
0.6503832
0.66120523
0.6005923
0.599332
0.61761904
0.49410373
0.26364714
0.24249925
0.2561495
0.3140333
0.20900285
0.29062253
0.25755614
0.35532147
0.27944943
0.25774282
0.30181098
0.42906865
0.41389662
0.4071471
0.5
0.44722855
0.2234165
0.18347457
0.1892895
0.23362307
0.33046603
0.42337546
0.49105582
0.48705763
0.4110551
0.2094312
0.12901393
0.11877348
0.13700178
0.17886248
0.23587535
0.38118988
0.4649304
0.53716785
0.76148766
0.7115349
0.64206994
0.5668147
0.5077183
0.50191784
0.17232716
0.16238879
0.60194474
0.6146482
0.6916549
0.5961777
0.19795407
0.20608991
0.56043
0.6547492
0.6879213
0.70696634
0.71230537
0.720076
0.6950542
0.30679634
0.27060384
0.23031053
0.17944805
0.26701006
0.5330802
0.15194854
0.14979336
0.5260964
0.5861678
0.6047309
0.6553597
0.6681187
0.6644849
0.6160985
0.14222896
0.10351567
0.11436502
0.11088133
0.09361729
0.08814364
0.08921796
0.08371954
0.10884096
0.66824335
0.094030656
0.10450755
0.11178945
0.14947152
0.12014141
0.6792715
0.6809358
0.15817438
0.0816826
0.05619756
0.06489577
0.07748963
0.716545
0.7732227
0.8526619
0.77710444
0.09561104
0.064872324
0.070593655
0.07529922
0.07533766
0.0542922
0.043884613
0.062296975
0.8535437
0.78111196
0.8239132
0.82059884
0.80477923
0.77294135
0.071181916
0.06419673
0.11959424
0.28136763
0.8912182
0.11971847
0.108081184
0.07329479
0.06422295
0.07223536
0.07259729
0.06663613
0.11062862
0.12416595
0.64968723
0.5308817
0.1846352
0.5509723
0.1246808
0.11852292
0.08226966
0.075166434
0.6120491
0.40780437
0.5847187
0.56104815
0.6136721
0.7408066
0.17440878
0.11806834
0.09343948
0.08224997
0.19805345
0.2521364
0.15645431
0.15165672
0.12542896
0.12633114
0.16662046
0.718107
0.106897205
0.06624534
0.09146932
0.7458331
0.8710313
0.8470255
0.78458023
0.14440867
0.08620123
0.09306235
0.576042
0.60687345
0.6037927
0.18871212
0.13629751
0.29350317
0.6517739
0.66764086
0.5690914
0.6180171
0.310955
0.35707852
0.4631252
0.40417272
0.38097537
0.37744784
0.4478046
0.39846382
0.3695808
0.6016071
0.5378495
0.44165096
0.37789825
0.31952786
0.32220253
0.26044092
0.28590935
0.3931763
0.492325
0.46608046
0.47443607
0.43884575
0.47798908
0.58183813
0.52610034
0.56103647
0.56167936
0.5
0.48692754
0.45076373
0.4389668
0.3439617
0.2549776
0.2512374
0.33297348
0.2953225
0.31302708
0.58929193
0.5989315
0.5641662
0.5057114
0.5223255
0.5213342
0.18663633
0.122281864
0.09993423
0.0875419
0.08218896
0.107842885
0.7281018
0.09618159
0.049793694
0.052754994
0.16310441
0.85430634
0.9237802
0.90142393
0.91540813
0.82603806
0.7526705
0.70972097
0.11309225
0.06751381
0.050862804
0.059833657
0.67812604
0.164189
0.108109936
0.08766661
0.09596156
0.100841
0.24105953
0.78482336
0.63274616
0.5
0.5547071
0.6130945
0.7620473
0.5658701
0.21299526
0.17886679
0.546543
0.123548694
0.21138456
0.19425574
0.099024646
0.11172193
0.053939555
0.031376153
0.038934134
0.12333335
0.7415164
0.050326645
0.0495093
0.8301005
0.93979824
0.9559311
0.94607
0.9165757
0.8627382
0.042937882
0.027073368
0.026010975
0.026942834
0.036629137
0.04807103
0.052799556
0.068870254
0.11641918
0.12461222
0.11261029
0.45995608
0.11484119
0.17306489
0.61641145
0.33709225
0.29810807
0.27388096
0.24508694
0.23168923
0.2372009
0.23731545
0.16870008
0.13069132
0.12068643
0.22990291
0.4574312
0.76868975
0.2987578
0.63759106
0.64896566
0.6772764
0.7269512
0.5873557
0.30466017
0.68733144
0.26178992
0.15596496
0.15734866
0.5051641
0.5779471
0.7380415
0.7383064
0.6154611
0.5407204
0.5339507
0.5
0.20901795
0.1980715
0.54122275
0.6143881
0.6619047
0.6639261
0.6462503
0.6537711
0.69316345
0.741608
0.76865536
0.7775469
0.71263134
0.36150995
0.29798773
0.12420338
0.12220083
0.14610048
0.22624287
0.211186
0.14895293
0.54619545
0.17696019
0.16705549
0.5865822
0.1297438
0.12373571
0.20076399
0.56707656
0.61680824
0.69310546
0.6701912
0.72300464
0.2713983
0.13510567
0.0873817
0.0922238
0.6729102
0.74297875
0.68597317
0.6279809
0.6344906
0.6890668
0.15534027
0.12910579
0.16456209
0.8194457
0.8355202
0.70868367
0.6536669
0.6151604
0.5987764
0.5313839
0.1306395
0.10875425
0.13172433
0.62180716
0.7361875
0.26314703
0.26846772
0.664566
0.26810244
0.08652433
0.05178528
0.054375637
0.6518293
0.6904946
0.7282008
0.83304846
0.91874033
0.9121896
0.7865231
0.09489205
0.062189948
0.060560144
0.109552756
0.17332974
0.16827159
0.87591773
0.90637964
0.8702829
0.6384167
0.12069293
0.12930876
0.124573566
0.2169498
0.6060049
0.7535372
0.7237978
0.65730315
0.8174684
0.44935992
0.20561875
0.13531198
0.4920028
0.25572684
0.46135214
0.42806655
0.5
0.28926632
0.1884477
0.15544534
0.152423
0.46466357
0.17138779
0.138772
0.09766908
0.111095496
0.17545216
0.8000783
0.73923856
0.73234904
0.7917819
0.8579165
0.88347346
0.8573094
0.25991452
0.14259496
0.13964516
0.20526217
0.33196276
0.51565945
0.21448433
0.20032051
0.22556502
0.34201434
0.5242057
0.54590076
0.44854438
0.46170092
0.2831531
0.32589844
0.290486
0.31022358
0.36651406
0.35153407
0.29981646
0.29908168
0.22205049
0.3422902
0.6871369
0.8682866
0.79956436
0.42166245
0.22725876
0.26259315
0.46619755
0.29707572
0.24514455
0.16581728
0.12856731
0.134828
0.15385754
0.15924005
0.13250083
0.1376869
0.12498371
0.2226254
0.66459
0.5012336
0.5
0.49773514
0.21579006
0.2194927
0.35510245
0.61190885
0.16830651
0.12414167
0.30706546
0.3803993
0.85497904
0.8430745
0.6543866
0.58447236
0.08479275
0.09582424
0.23312818
0.89819145
0.90927064
0.16868506
0.13503498
0.069666915
0.057741433
0.08108922
0.768048
0.19981888
0.10429076
0.102686875
0.09800954
0.05678179
0.048735347
0.049012035
0.059185848
0.08985977
0.87004745
0.84903103
0.8857843
0.9366119
0.9433795
0.9245613
0.8652053
0.9222359
0.91131824
0.84836537
0.77626425
0.7771389
0.06371886
0.0481034
0.06099374
0.09806865
0.8926929
0.917789
0.07955623
0.050386064
0.047039986
0.06346794
0.05802441
0.07041164
0.07276947
0.06494103
0.06275155
0.111672744
0.73290473
0.079742566
0.08437295
0.10741547
0.8701292
0.21394093
0.10109789
0.08267984
0.06497526
0.07582335
0.1411481
0.16823862
0.58016807
0.676518
0.8117579
0.8662134
0.8627
0.76072276
0.83397365
0.7960907
0.84377986
0.7959381
0.60092354
0.5932598
0.64220935
0.73717606
0.8535138
0.88700646
0.8766492
0.8083671
0.83898664
0.6656025
0.20543292
0.13559674
0.10534298
0.10192998
0.60933685
0.6707259
0.78118
0.7318312
0.68608683
0.09601677
0.07233215
0.09054558
0.09721491
0.06724072
0.068691745
0.8262438
0.837126
0.85330564
0.85703033
0.8451614
0.77655035
0.7117917
0.7152704
0.09034838
0.08022157
0.07805681
0.07195631
0.05324314
0.10205352
0.7174715
0.7964783
0.76429313
0.7065289
0.24014592
0.16362469
0.12392224
0.15619892
0.65818876
0.8323199
0.87565184
0.85621226
0.6920242
0.6626948
0.5607935
0.5463992
0.6398324
0.78094614
0.75820625
0.57259125
0.54020816
0.554162
0.5681314
0.58671296
0.5793725
0.6043637
0.6703176
0.69942254
0.805195
0.75416136
0.79628277
0.73412645
0.7322984
0.6746394
0.61511314
0.7384507
0.23669085
0.12818603
0.08437862
0.21209131
0.21215667
0.6847224
0.92149097
0.94425875
0.9437973
0.9220759
0.8435916
0.22319902
0.14907558
0.1307169
0.11897091
0.12959146
0.13504666
0.40775236
0.4704024
0.7958292
0.6242167
0.31976238
0.27612704
0.33520067
0.17259377
0.15615296
0.21636543
0.48627344
0.43944368
0.34367833
0.14897911
0.13275625
0.12906635
0.19255595
0.20157783
0.56818527
0.4276886
0.22738357
0.19207866
0.13893357
0.11674543
0.5977987
0.12670383
0.11738097
0.15122633
0.15002698
0.13138549
0.120270446
0.17364421
0.70543754
0.17001882
0.16733412
0.23523787
0.18842205
0.22049469
0.5791747
0.18512866
0.5274727
0.54912436
0.5050486
0.18691547
0.21368003
0.7211475
0.17407241
0.22065794
0.717011
0.08397643
0.061942168
0.07156307
0.074065864
0.08799479
0.13154076
0.12850203
0.09458796
0.10394889
0.071491845
0.072238736
0.10770227
0.13750587
0.835971
0.15145807
0.09146615
0.07581169
0.09449089
0.7604409
0.87918407
0.8992716
0.316822
0.07614076
0.06745467
0.086604305
0.7843574
0.85493994
0.8736036
0.90161586
0.76361513
0.07020357
0.039524566
0.036087904
0.045548074
0.767225
0.8975676
0.95427907
0.960225
0.22653459
0.078963675
0.1380462
0.08806223
0.75015205
0.7472164
0.055388436
0.037481092
0.038777836
0.041894775
0.03722259
0.041654456
0.7320623
0.7193651
0.8019424
0.8909822
0.88729477
0.81392086
0.11806621
0.097173266
0.059669882
0.053305652
0.07211885
0.06997982
0.08275918
0.14379062
0.117619485
0.09265702
0.13212377
0.6646378
0.7070359
0.68055654
0.21173652
0.51556015
0.22107643
0.2872907
0.23117775
0.30283025
0.3392512
0.5138891
0.18948898
0.33047232
0.4111721
0.3964114
0.70406806
0.30761346
0.16990215
0.17057268
0.69461876
0.093265116
0.06818485
0.11647859
0.16220249
0.8400473
0.9204371
0.94599247
0.9480172
0.92414904
0.80939555
0.1384601
0.13004893
0.14308855
0.09924516
0.16964409
0.46021807
0.2001884
0.16748331
0.10873737
0.11220498
0.25335622
0.31514
0.5912029
0.7562891
0.512442
0.3779599
0.40035838
0.25314152
0.18738958
0.4734065
0.53947395
0.37710336
0.35781872
0.7168009
0.56333905
0.6486974
0.7475156
0.17222853
0.13461596
0.15401031
0.4355953
0.81396234
0.7043904
0.686165
0.7950576
0.9142892
0.86689013
0.25550082
0.16447383
0.09044289
0.08973379
0.18366903
0.16528703
0.16119263
0.14864299
0.6755384
0.81399035
0.8229169
0.7745086
0.8705849
0.8604394
0.7379825
0.59220535
0.6086748
0.20731163
0.5321931
0.11132831
0.062161725
0.04485321
0.052835338
0.08716722
0.13036937
0.15471771
0.95291525
0.9424213
0.7823457
0.6716254
0.0896506
0.0738882
0.06131425
0.112792514
0.65310466
0.103850834
0.08701488
0.10193447
0.1251862
0.563576
0.4647351
0.79426664
0.19605261
0.1642448
0.14943376
0.12836887
0.78792405
0.7269246
0.12175992
0.0916326
0.048100844
0.039162178
0.026287166
0.033021078
0.8362027
0.83012164
0.95724297
0.93506724
0.8704161
0.04854117
0.037709437
0.052004088
0.07317001
0.085393384
0.13131925
0.8028144
0.119368695
0.1599021
0.20245305
0.13650388
0.7379675
0.6441881
0.5764663
0.3564812
0.2883525
0.2598959
0.64188254
0.59302694
0.6568234
0.8601558
0.88297355
