0.860248
0.83449656
0.8481385
0.7060698
0.5
0.54247934
0.90161663
0.8978923
0.1561109
0.07373713
0.051057696
0.05005239
0.047328062
0.79901886
0.89238954
0.31235984
0.28031325
0.4070036
0.9623176
0.9642873
0.949998
0.9042898
0.16679694
0.07760932
0.10345816
0.6852869
0.060093936
0.06406729
0.10931275
0.12966512
0.104897864
0.19032824
0.2013924
0.1778082
0.6221498
0.60843134
0.7267736
0.81799966
0.76890117
0.6878855
0.10458873
0.074301735
0.072269276
0.112335145
0.18058513
0.85368365
0.8440731
0.7867873
0.798301
0.76661557
0.8560716
0.23370543
0.12986204
0.079870574
0.06618457
0.09041355
0.7520929
0.77925646
0.8739575
0.9026195
0.8700484
0.812101
0.32055745
0.38606387
0.3748311
0.7050437
0.6789318
0.66761714
0.6275958
0.08440237
0.087270245
0.11722515
0.17816146
0.21918821
0.90062135
0.13146585
0.0352071
0.023224495
0.021507699
0.021079559
0.023078093
0.030496921
0.033168603
0.060011677
0.9113404
0.9375078
0.12761168
0.040218484
0.016998675
0.015388141
0.02121036
0.014460589
0.0144994175
0.025157468
0.92657554
0.92699015
0.9710541
0.9498431
0.041693054
0.027021734
0.023434041
0.026358303
0.032268617
0.033016093
0.040016938
0.05851644
0.85305583
0.81656563
0.089962825
0.1072216
0.1802207
0.89128494
0.061076146
0.043285675
0.045798115
0.041963313
0.051909663
0.13372898
0.8816746
0.24912384
0.115063064
0.104790695
0.6190452
0.1058978
0.09487102
0.093648456
0.08138358
0.09452614
0.14536165
0.8411613
0.7632051
0.7953545
0.8312983
0.11683269
0.100356676
0.13005571
0.1709964
0.89040595
0.90741557
0.7858317
0.6897063
0.1256468
0.10653745
0.14132714
0.10586629
0.08144232
0.069952354
0.058348093
0.058734417
0.70176166
0.059093226
0.04952784
0.09035214
0.8932426
0.86597073
0.10928235
0.12678374
0.08077607
0.04874624
0.04475049
0.054196015
0.835113
0.88782
0.07568219
0.044795457
0.05790994
0.8526742
0.94435453
0.927504
0.9428822
0.060741384
0.043345056
0.087127924
0.8695276
0.82531667
0.79201484
0.9127466
0.07058734
0.0265576
0.020968758
0.026592812
0.06086841
0.18627562
0.96432877
0.9612237
0.87244785
0.8889574
0.077284984
0.040547714
0.039073758
0.03053978
0.0347447
0.057816
0.8303193
0.85305774
0.8188928
0.8012919
0.05829357
0.048377894
0.058128096
0.09074693
0.09422495
0.08584973
0.8764818
0.8477403
0.7830972
0.74561584
0.08319
0.079244785
0.12316948
0.8627901
0.06919116
0.05978151
0.09000652
0.10448174
0.1077191
0.091989934
0.13760483
0.22770534
0.7750957
0.70998925
0.6355882
0.08663833
0.08107795
0.1283481
0.19183668
0.21364816
0.18473619
0.12095365
0.76400596
0.1606853
0.09284842
0.08885458
0.09793786
0.778282
0.14003572
0.13999069
0.7819912
0.72011733
0.73759055
0.8682264
0.26186317
0.19113268
0.80327255
0.11372835
0.10159152
0.08069496
0.09872524
0.70020765
0.18302049
0.15236548
0.14899161
0.1379612
0.123905525
0.10953654
0.15245439
0.7303039
0.15564317
0.13033175
0.1545081
0.23037417
0.69906706
0.8081292
0.87328374
0.87120414
0.78572047
0.7971308
0.7115074
0.6421465
0.27892378
0.20733584
0.2415048
0.38414055
0.8227757
0.2704055
0.15623216
0.16292107
0.14283413
0.170565
0.16529675
0.14551207
0.19542085
0.8363844
0.7648397
0.7594976
0.79227203
0.13800587
0.1178119
0.095438495
0.72737306
0.79799813
0.08340852
0.066458635
0.10317849
0.88355285
0.9134033
0.9157723
0.08733495
0.06370579
0.16212946
0.8482434
0.88169235
0.13027504
0.16798362
0.18106651
0.87414205
0.8871696
0.7838531
0.73891586
0.68808687
0.6941051
0.7488784
0.22981246
0.14958327
0.13973919
0.12120563
0.105711125
0.10239298
0.12667628
0.17627753
0.21553305
0.39395648
0.8426372
0.68347484
0.65720284
0.6588217
0.6919613
0.6638201
0.58883005
0.6326598
0.6640433
0.5776148
0.5535744
0.5
0.32811114
0.28080988
0.21710074
0.2282751
0.28022486
0.31578088
0.40879712
0.56607556
0.75165284
0.73787963
0.6462932
0.7198091
0.81589794
0.77283937
0.65815365
0.38597667
0.32739285
0.34330884
0.40516675
0.5035698
0.588201
0.680037
0.7280979
0.68919384
0.6897429
0.7520342
0.8003312
0.8225259
0.8130945
0.7425715
0.5704731
0.5
0.25190017
0.3119542
0.40508118
0.34316978
0.36721003
0.65907484
0.63615674
0.6103289
0.6277909
0.6237978
0.6343129
0.636226
0.6212873
0.19125745
0.17790385
0.20821798
0.22277074
0.31449026
0.43103144
0.69160473
0.17363521
0.1825228
0.12305818
0.08292879
0.06970539
0.08883156
0.1524572
0.85521954
0.92165715
0.93400705
0.918782
0.88893616
0.080574535
0.05190229
0.058940053
0.16562009
0.7193365
0.77093613
0.80628216
0.80071944
0.7957657
0.8043757
0.13192886
0.07930215
0.084884964
0.08997923
0.06927579
0.103960134
0.2384739
0.8056296
0.060511593
0.04210157
0.056835007
0.064125925
0.060668096
0.041694723
0.0362015
0.79883564
0.823865
0.9299478
0.9446019
0.94169503
0.06968458
0.047293052
0.072602145
0.92821825
0.933719
0.8952286
0.8429905
0.047643937
0.024868585
0.019323785
0.018285926
0.020995112
0.029270813
0.036203682
0.03844807
0.035314012
0.045336373
0.92229205
0.9445601
0.9390965
0.941239
0.111322716
0.061385237
0.035321657
0.02872505
0.03051309
0.03622543
0.05660574
0.08690102
0.08492375
0.11101624
0.8968332
0.8987414
0.22616525
0.22745489
0.122033626
0.08367056
0.07206439
0.07413241
0.6664157
0.7769219
0.7634296
0.8223714
0.75558233
0.5
0.4590651
0.20253007
0.19585307
0.33406407
0.5170914
0.5
0.2951375
0.24836068
0.21875702
0.3960679
0.21760175
0.19260289
0.19855545
0.16014367
0.13745923
0.14980468
0.14795014
0.51276064
0.5461792
0.29882365
0.3749893
0.58302623
0.6985996
0.47828713
0.57662886
0.30121645
0.2892637
0.26652467
0.28356266
0.31249186
0.43223923
0.39290205
0.44411233
0.4204982
0.6085482
0.5548551
0.3592367
0.36151755
0.42229235
0.48100555
0.37489283
0.37981665
0.40360793
0.386708
0.21508718
0.19068907
0.26790068
0.46878323
0.7293853
0.80308336
0.73638827
0.37235677
0.24419127
0.21220477
0.1974114
0.19724646
0.21387754
0.25831702
0.31967977
0.38406792
0.4855269
0.4773983
0.48526803
0.1969488
0.118320614
0.08444514
0.18040137
0.685392
0.74995095
0.8163885
0.18123965
0.14511482
0.10185126
0.1138194
0.5355623
0.53677624
0.617079
0.78882813
0.7846301
0.63210404
0.21328768
0.1506065
0.15657094
0.13269903
0.16060607
0.21405977
0.18565015
0.17179725
0.1485811
0.61365116
0.67534536
0.75505465
0.7528635
0.22414711
0.22106476
0.15557061
0.139739
0.14167541
0.1187707
0.15507561
0.58557564
0.15184852
0.17624965
0.19369452
0.1906074
0.6114677
0.16506267
0.15004638
0.13340865
0.11761184
0.07752768
0.086404935
0.68885535
0.6517368
0.14334501
0.12995587
0.14825991
0.16679974
0.6830454
0.10271379
0.07446883
0.042979255
0.054763384
0.13067639
0.8866407
0.9339112
0.93744516
0.15873532
0.07242843
0.07538536
0.07182557
0.058602348
0.087155625
0.8268876
0.09743397
0.09361581
0.7612609
0.87842304
0.80177826
0.781046
0.79680705
0.8673595
0.121668644
0.10236681
0.72878224
0.06951642
0.070425905
0.10038754
0.06864911
0.056087848
0.07799826
0.7352997
0.7290092
0.76197374
0.08746788
0.0947068
0.08266553
0.07921635
0.13314575
0.79132116
0.11207672
0.0782753
0.09801617
0.110007666
0.08696512
0.092838846
0.15868239
0.14018857
0.12062362
0.10026858
0.6225023
0.26817054
0.5851219
0.76067513
0.8593582
0.88043004
0.82243115
0.8831019
0.8862676
0.65300894
0.5846626
0.57795393
0.24433082
0.5695284
0.25788277
0.19057967
0.21490301
0.25130302
0.17776136
0.1369081
0.17260213
0.57445085
0.4916356
0.5186608
0.5263844
0.38235053
0.4914989
0.5
0.3792135
0.3034707
0.5226557
0.19127327
0.16953592
0.38761663
0.35940912
0.4095158
0.23055208
0.2991907
0.84269685
0.86042166
0.78361887
0.8360495
0.11449948
0.06286875
0.04360873
0.03852786
0.07371499
0.19361599
0.85644543
0.9371829
0.86109304
0.8292872
0.17008486
0.08181281
0.062882684
0.05364498
0.057726946
0.07105157
0.6988123
0.7546711
0.621319
0.20456982
0.16388032
0.47375467
0.25084186
0.32982975
0.6532153
0.71671087
0.76216364
0.6745451
0.5939229
0.22611143
0.14648704
0.097804375
0.08657853
0.6165673
0.6348544
0.64752644
0.61553645
0.66758347
0.7956891
0.8706248
0.8603621
0.76590484
0.63941336
0.12547798
0.1422617
0.2257215
0.31009004
0.3290863
0.21849805
0.21669368
0.20408536
0.12836914
0.12136111
0.11738116
0.09965549
0.07239009
0.09397013
0.13979433
0.8351899
0.90383124
0.9052966
0.82831067
0.83138967
0.7813655
0.7921704
0.80334824
0.81463706
0.8112308
0.79536605
0.72753936
0.10702532
0.13512377
0.12307712
0.121754825
0.13661936
0.1246713
0.14254114
0.5560169
0.5005251
0.3651817
0.4589346
0.2874507
0.4371923
0.29911727
0.4419616
0.28538316
0.2701156
0.37185606
0.5001855
0.43842688
0.37223428
0.26411092
0.21232693
0.21295577
0.37481818
0.6676075
0.639157
0.67852896
0.5211174
0.47290137
0.28933516
0.27545854
0.29047912
0.329678
0.32549623
0.45645887
0.4773047
0.47373223
0.55373627
0.77240545
0.7937981
0.74891853
0.81657374
0.6690361
0.34249952
0.26402012
0.2293933
0.5448307
0.1655535
0.13824633
0.11833171
0.27930844
0.8107364
0.7541202
0.8763048
0.43711954
0.15889159
0.102453455
0.6190482
0.09161771
0.09072153
0.07620556
0.07728257
0.22577682
0.852912
0.8197275
0.21842729
0.068697385
0.05630416
0.8198812
0.8540477
0.9530591
0.94474745
0.09007968
0.06707329
0.10466347
0.6204217
0.6435792
0.68742114
0.7890697
0.6789251
0.70053667
0.8903898
0.9115258
0.85507715
0.88735163
0.7881297
0.08612819
0.051740117
0.069889896
0.14988193
0.9088482
0.8697944
0.9518729
0.95606565
0.9277346
0.8532185
0.8720448
0.7718365
0.11018798
0.08944102
0.105851926
0.24438913
0.7873274
0.092782855
0.079570815
0.07016297
0.08702986
0.2740174
0.8047283
0.12281052
0.12818062
0.20408484
0.60303235
0.2895733
0.2929032
0.21498807
0.1755632
0.7670042
0.7570306
0.7531465
0.75316954
0.7583139
0.77063125
0.71844596
0.65750843
0.16644043
0.19032137
0.26773757
0.37222674
0.7871104
0.7764558
0.6801642
0.7465034
0.76091474
0.7876935
0.7441879
0.2574308
0.15775417
0.2510496
0.29117203
0.8099979
0.84573996
0.15954183
0.13129005
0.12179317
0.08551625
0.07942825
0.09534724
0.11644233
0.110371195
0.06729406
0.06602228
0.085370265
0.7546983
0.757614
0.8704342
0.8815924
0.87315685
0.7867307
0.17177874
0.1526226
0.673785
0.10235784
0.12465621
0.11863541
0.71745026
0.75539833
0.8269692
0.7797608
0.7100938
0.7427755
0.117193416
0.09133359
0.11200813
0.15192153
0.14218365
0.09975346
0.65726596
0.6866501
0.2209855
0.15888709
0.2057714
0.38329265
0.8458953
0.77013814
0.71455383
0.5968556
0.12579031
0.11798034
0.13635531
0.7745578
0.9030661
0.9111187
0.14281364
0.06338868
0.050303847
0.051965397
0.06284547
0.063614324
0.07627242
0.14531395
0.9001529
0.09242129
0.061022375
0.09800819
0.08506111
0.8168739
0.84509516
0.8180939
0.7503721
0.74280214
0.7200347
0.31288692
0.4533458
0.65409553
0.12815708
0.14127095
0.66347533
0.65502685
0.8121874
0.19217326
0.15194085
0.6227497
0.09463206
0.11584736
0.0828472
0.07291079
0.083715215
0.10412077
0.7431514
0.8649875
0.847459
0.21738808
0.15042463
0.11305263
0.08422241
0.21941192
0.27896923
0.46742645
0.8574939
0.60660297
0.42289338
0.48756793
0.35276356
0.2828322
0.24219437
0.23241396
0.39751843
0.73913187
0.7597995
0.43439496
0.3599209
0.3766556
0.2724873
0.22189206
0.18213052
0.1642414
0.1994715
0.1936685
0.20395063
0.49793375
0.33895954
0.31204358
0.40998262
0.5301772
0.6544306
0.75592357
0.7301381
0.72820914
0.7523788
0.74068636
0.64126027
0.23989901
0.20823433
0.26526412
0.43826902
0.3855784
0.28026187
0.4270978
0.24790229
0.23706548
0.24100688
0.19745679
0.18229148
0.20933563
0.29305732
0.5117785
0.74537426
0.75252557
0.5
0.4526862
0.60034347
0.6098812
0.5875564
0.552802
0.22130232
0.16444431
0.15302356
0.08202192
0.059572842
0.06484617
0.13225792
0.14306538
0.8981245
0.8882661
0.9122433
0.7745088
0.7758827
0.08284974
0.07386395
0.062858306
0.061195962
0.119197525
0.15742706
0.19733846
0.25392586
0.7354426
0.75580096
0.78917354
0.7171196
0.75240403
0.77978665
0.70472604
0.7124065
0.6005918
0.5420046
0.14341196
0.12468328
0.19576114
0.2998536
0.41452813
0.8441444
0.75832105
0.727472
0.7262132
0.6959614
0.6952673
0.26762307
0.22485508
0.15598288
0.112784065
0.11411891
0.5581047
0.60710865
0.69542414
0.37328106
0.30031934
0.17824724
0.13537836
0.11470557
0.067715555
0.069762304
0.08129083
0.067700624
0.052158013
0.046063676
0.06205379
0.8843418
0.86846125
0.90144765
0.09019148
0.056882907
0.06780522
0.059207197
0.040558115
0.04242432
0.047697846
0.04127129
0.060174625
0.13636167
0.9085642
0.8004781
0.9214846
0.9161826
0.9101286
0.8782711
0.81873256
0.736594
0.14085975
0.115028225
0.08693032
0.075014055
0.089682415
0.6729501
0.10041191
0.109505504
0.6163462
0.07213027
0.10362207
0.17294824
0.8640699
0.82682794
0.72569555
0.75291216
0.082960255
0.086291306
0.1258244
0.13597772
0.14071433
0.103497185
0.06806083
0.07657775
0.08987211
0.1674661
0.20857142
0.25475606
0.7152413
0.76529497
0.8348243
0.6412332
0.32608005
0.2646269
0.20238242
0.22642593
0.335484
0.45804664
0.652719
0.6900503
0.32819197
0.28013656
0.28574076
0.20199923
0.14973949
0.14268638
0.5120011
0.24460426
0.18959635
0.14295219
0.13738498
0.63661534
0.7176559
0.85203344
0.86344177
0.7046121
0.1890196
0.11471842
0.105387695
0.0953926
0.11799523
0.582012
0.59595966
0.65205044
0.704415
0.7707773
0.68879837
0.45342767
0.57164526
0.8187456
0.78057307
0.82652867
0.79875606
0.08305616
0.05913256
0.07443041
0.110802196
0.15735063
0.8349599
0.84910864
0.8248422
0.85296935
0.7367542
0.11504272
0.082102835
0.07532177
0.12147499
0.12009656
0.6107821
0.5490279
0.16243088
0.17113608
0.58830523
0.5877843
0.7655682
0.35017964
0.15429677
0.111892834
0.7240751
0.86149466
0.8691602
0.74331635
0.6454615
0.5882283
0.094448574
0.09051889
0.19964017
0.709878
0.79923975
0.13726202
0.121263705
0.114501484
0.13849051
0.1792409
0.6318782
0.52928275
0.50678563
0.5
0.5041617
0.5532459
0.7066887
0.7231762
0.8859095
0.9146215
0.8966058
0.3280909
0.14516012
0.088208444
0.07538558
0.07551004
0.0851682
0.12839812
0.09120121
0.095384166
0.10270144
0.20108685
0.12348027
0.6665884
0.5385393
0.14938441
0.6130327
0.6546061
0.7146039
0.817373
0.8821461
0.8546723
0.25630808
0.6805226
0.7770424
0.11614204
0.10104092
0.086677164
0.07130297
0.06748255
0.06969524
0.14328976
0.19225505
0.14828534
0.10420856
0.65590864
0.0918136
0.078464665
0.120458275
0.14444816
0.37019393
0.56138533
0.85975343
0.76261693
0.2500036
0.13144858
0.12374936
0.25271598
0.49304342
0.6552982
0.80093277
0.7674524
0.57192945
0.4578826
0.38032618
0.37925512
0.449101
0.5887808
0.8704066
0.8992038
0.35015178
0.14381444
0.062422313
0.044234216
0.059185322
0.68991286
0.09086985
0.035931043
0.03362185
0.035589825
0.83881634
0.907251
0.9576816
0.9520883
0.86834943
0.8566808
0.89912224
0.80274075
0.8067056
0.043885566
0.030274317
0.039627228
0.03883115
0.054537997
0.09583829
0.091992944
0.09913307
0.16901506
0.6563625
0.7468542
0.5694779
0.4549486
0.40818357
0.29152852
0.27800936
0.38261646
0.51613015
0.77976424
0.7266432
0.3745457
0.26206124
0.25318867
0.26952603
0.406343
0.6671657
0.49977472
0.3849054
0.35523003
0.30353123
0.39776802
0.5612779
0.5129837
0.6414699
0.7688222
0.7529435
0.5659971
0.6260427
0.35729584
0.25135452
0.21261711
0.25980914
0.28541532
0.30196014
0.41930106
0.36134225
0.3402514
0.30234686
0.3022977
0.2492588
0.4071928
0.47805056
0.27295414
0.32404593
0.2691791
0.23509143
0.61129737
0.81154686
0.86981833
0.79724425
0.5375562
0.5588818
0.48440787
0.45933843
0.6543396
0.6315189
0.3598008
0.24244642
0.17598338
0.1731391
0.22106354
0.2133556
0.47838128
0.6637791
0.56598467
0.27179217
0.2002882
0.43732712
0.3890725
0.56363666
0.34356886
0.3045948
0.28389034
0.270898
0.2968984
0.44437498
0.40347782
0.30004367
0.3797157
0.8063527
0.84293824
0.716169
0.59710324
0.5058469
0.40140286
0.38731614
0.5037976
0.6370847
0.8088489
0.8214163
0.6063456
0.15795538
0.106964536
0.09045765
0.1019513
0.742071
0.73652333
0.751938
0.83755237
0.82528067
0.72591233
0.67580616
0.5387942
0.22492832
0.5903272
0.27782923
0.18176831
0.15993473
0.517252
0.52747416
0.55725855
0.5556512
0.17400958
0.1882214
0.25135902
0.60734284
0.71268594
0.6532083
0.45414808
0.675031
0.6787757
0.6967086
0.7186558
0.7259419
0.6371156
0.37562013
0.6507621
0.71671534
0.7976441
0.41079298
0.23881797
0.19220465
0.10319164
0.10501814
0.16134663
0.26646888
0.8558499
0.8267391
0.6765025
0.12387658
0.08387745
0.09926034
0.23620674
0.80170137
0.8685912
0.8424218
0.66099966
0.5996111
0.583842
0.6498886
0.56639576
0.549573
0.6464557
0.6405974
0.32757786
0.24185124
0.4741061
0.252707
0.30339202
0.32111216
0.52228886
0.56797457
0.8428583
0.5201695
0.34413514
0.35285032
0.7713082
0.7117627
0.5935794
0.15106754
0.12046159
0.15006833
0.7408888
0.87096375
0.88955086
0.81685305
0.27823904
0.1345921
0.08767258
0.1106712
0.3627366
0.8123243
0.67447853
0.62548405
0.6569368
0.6945886
0.5161755
0.1430372
0.21698111
0.6173536
0.522318
0.21267015
0.73930156
0.1404408
0.07326897
0.084409185
0.13783674
0.8328703
0.7777308
0.05999245
0.040569942
0.050792422
0.03760485
0.062417746
0.21430537
0.94764936
0.930363
0.8896049
0.77002233
0.81221414
0.085140206
0.056110073
0.04843918
0.050542615
0.05814533
0.05195203
0.04664757
0.045448568
0.059074495
0.10245296
0.11988078
0.87652993
0.91017944
0.3257427
0.19978051
0.71565646
0.7765958
0.8668787
0.8579883
0.1761854
0.09551646
0.07797485
0.1099949
0.18121502
0.63983727
0.68061167
0.830691
0.5
0.23079817
0.16234443
0.3135861
0.1499042
0.1416096
0.22806457
0.28905797
0.41038904
0.82314193
0.32564396
0.37630722
0.32520735
0.12268011
0.08125228
0.0927733
0.11892155
0.8002485
0.23984134
0.14582933
0.73815256
0.85429126
0.8356444
0.89312977
0.66533464
0.22198159
0.35490224
0.58983034
0.10997026
0.16745487
0.7079818
0.09944582
0.112989426
0.10857028
0.17712085
0.40291962
0.8376256
0.7860272
0.34433538
0.25344074
0.5563736
0.25686005
0.24566561
0.32983765
0.36698183
0.32232782
0.39157492
0.52956265
0.83599967
0.7817475
0.32293552
0.24369135
0.34215564
0.24719083
0.3155904
0.45857453
0.8442567
0.8723347
0.82140064
0.74670434
0.79213274
0.6425059
0.5856827
0.654902
0.711466
0.5722166
0.627778
0.8838231
0.920392
0.9105119
0.839344
0.22939467
0.1686897
0.1777182
0.22328812
0.23166658
0.15652858
0.1909132
0.1326819
0.09668126
0.07472309
0.05001749
0.046294082
0.03727523
0.03530219
0.048614606
0.1163045
0.91232246
0.9662337
0.96310896
0.13426565
0.065629736
0.04157518
0.035136294
0.045121122
0.69222915
0.65262216
0.110517874
0.0995175
0.61093146
0.11870759
0.12405107
0.17778283
0.36799005
0.23703273
0.3039169
0.24247347
0.20219317
0.7523226
0.22346388
0.09002016
0.08270937
0.681638
0.81156
0.802463
0.7714003
0.7466724
0.695864
0.1596407
0.26066533
0.4263612
0.8386667
0.83375025
0.6579777
0.35153058
0.40812486
0.41677183
0.39232624
0.6608478
0.569932
0.5203948
0.55869865
0.5743951
0.5572972
0.5457367
0.6152604
0.5884795
0.43773755
0.48188192
0.37544283
0.3511191
0.31871703
0.27042133
0.23869877
0.28852007
0.64571375
0.83155453
0.84608674
0.6783013
0.39476907
0.3591846
0.5
0.3687244
0.6562657
0.24664007
0.18899983
0.17861414
0.1636328
0.13680859
0.13869308
0.117155164
0.21043971
0.5360197
0.19870335
0.12580244
0.09297958
0.60764235
0.54470223
0.544836
0.6360437
0.6955291
0.56171924
0.53364533
0.62385756
0.87313575
0.94139767
0.94311255
0.91126084
0.83439595
0.084463306
0.05162855
0.057455465
0.048194967
0.054510005
0.04259912
0.044372294
0.0463887
0.04037271
0.034456372
0.045824934
0.04860007
0.8126025
0.9437087
0.94395745
0.865372
0.8710796
0.89866525
0.8959235
0.8749234
0.8447552
0.064677574
0.04779873
0.04398148
0.07493502
0.099020585
0.08437948
0.056175157
0.06812993
0.75859874
0.08302852
0.06593682
0.06411729
0.0617122
0.067817286
0.064432465
0.083505124
0.67859477
0.74660903
0.8037877
0.14820574
0.15626307
0.16101605
0.565742
0.15812978
0.1551551
0.22449644
0.13806574
0.105105534
0.6582819
0.09630619
0.06160417
0.07524083
0.65892667
0.071599275
0.06292938
0.088608675
0.6483285
0.90445125
0.9497571
0.94495094
0.25753498
0.1397006
0.06363228
0.05829604
0.7551972
0.096790716
0.099595524
0.07080063
0.02579664
0.034531474
0.037281368
0.9190271
0.9441051
0.9624102
0.9437839
0.90639013
0.9185891
0.028877351
0.02061514
0.023809968
0.026251001
0.045361605
0.040693555
0.028530842
0.03135202
0.07101133
0.11419957
0.86794555
0.7593632
0.06796913
0.0718197
0.14906497
0.87453663
0.8865888
0.8660827
0.07202751
0.039475936
0.03396762
0.042634547
0.070684254
0.0746886
0.085582845
0.071088284
0.089718446
0.18788883
0.21522772
0.13034478
0.11531294
0.16335362
0.19643208
0.16986464
0.24036852
0.6463494
0.7889555
0.67483854
0.19299492
0.09520447
0.06554018
0.09438225
0.7408754
0.084920734
0.059917055
0.05588266
0.07411815
0.0583842
0.06645707
0.04869869
0.08035623
0.20721924
0.93576884
0.944439
0.95195323
0.17744884
0.046207305
0.027177343
0.023101602
0.03104328
0.70515394
0.7796541
0.82382786
0.9290067
0.9227678
0.85166043
0.81784415
0.09916289
0.056457665
0.049059477
0.06273374
0.11706373
0.099041335
0.09704647
0.14816417
0.5525834
0.49331692
0.6709398
0.87065095
0.9228901
0.9288643
0.36671057
0.1611254
0.07165579
0.060429733
0.6924097
0.04747525
0.045342375
0.04344454
0.028287211
0.030086027
0.047618978
0.86240727
0.93871504
0.9106933
0.89765793
0.8366542
0.053313453
0.047970865
0.06119405
0.10435851
0.10356959
0.060802676
0.057308733
0.09787318
0.19740975
0.16025968
0.56193703
0.4797531
0.47619995
0.5969889
0.7331654
0.5309498
0.18245365
0.11671668
0.09708932
0.6202765
0.61776716
0.11156248
0.08278808
0.08046343
0.09291581
0.6117465
0.21975385
0.7217957
0.11208335
0.062433366
0.040516708
0.030688917
0.028774697
0.02685828
0.031579524
0.053065386
0.0673453
0.07639453
0.07965178
0.96293896
0.947883
0.95967025
0.25082338
0.14272715
0.07856592
0.038759623
0.02977506
0.032644305
0.038763788
0.04457594
0.055576395
0.0793908
0.21992072
0.80082977
0.17873915
0.6753997
0.058689486
0.055528644
0.08608368
0.14638336
0.83740085
0.73413324
0.115571894
0.065446876
0.070597224
0.11814233
0.1467589
0.13938175
0.18466371
0.17624524
0.712467
0.80040324
0.82956743
0.74580413
0.34912014
0.20276941
0.19264962
0.2919933
0.37274405
0.30359587
0.36386067
0.70302254
0.4562871
0.43461993
0.5139596
0.3417335
0.31617868
0.31553966
0.4928705
0.73908657
0.89453346
0.8966466
0.85514796
0.9009479
0.9346925
0.91788614
