0.82247967
0.19864912
0.12900643
0.09558388
0.082413144
0.09232047
0.72019523
0.755895
0.8873247
0.8580914
0.8894857
0.7590725
0.7265459
0.7863928
0.31614903
0.3104142
0.62149656
0.824339
0.83910877
0.8652863
0.9209875
0.9209858
0.891834
0.91432655
0.892698
0.87134147
0.8411681
0.103265144
0.08596391
0.07860739
0.093623966
0.10970918
0.121880144
0.85856444
0.23898542
0.19529817
0.18726608
0.6845093
0.10825144
0.16209833
0.81183183
0.061723158
0.038764793
0.03243997
0.03296971
0.04698209
0.064252675
0.060140964
0.044674236
0.034267165
0.043173656
0.858052
0.27629563
0.9163379
0.9343996
0.9622865
0.9417242
0.88488007
0.88584524
0.063763626
0.034699373
0.034870606
0.04380451
0.054765865
0.076542124
0.88916767
0.09149183
0.051972073
0.040396538
0.039218556
0.060348775
0.7836656
0.06608025
0.04064501
0.03272625
0.042577464
0.088702254
0.9055622
0.92732006
0.8977027
0.1447967
0.04546889
0.028461402
0.027168585
0.034779787
0.06269293
0.080905125
0.89451045
0.89739835
0.93894386
0.943103
0.1599753
0.041427143
0.033333495
0.052517056
0.9417759
0.9393472
0.926207
0.89252424
0.86487126
0.058546815
0.035914667
0.03374652
0.05488126
0.8284497
0.8845197
0.061392035
0.035032626
0.026300788
0.027819803
0.0319973
0.047951
0.084086016
0.9031313
0.82104695
0.82035905
0.054364227
0.038038585
0.04322135
0.081236795
0.13657977
0.8682394
0.8005406
0.86766917
0.104551755
0.084436834
0.086165175
0.1273516
0.21804135
0.8908626
0.11292586
0.12225283
0.10963188
0.09111356
0.11016333
0.117784984
0.65283793
0.28316933
0.39611506
0.5965404
0.6244655
0.05625039
0.04682349
0.0394444
0.034803003
0.077582814
0.9479404
0.9569459
0.9505022
0.059900858
0.05049652
0.07335113
0.10006999
0.23710549
0.9353892
0.9160149
0.36166707
0.26319554
0.13295463
0.20355703
0.18160968
0.19141743
0.102204666
0.6729136
0.58752376
0.21229795
0.74242777
0.763902
0.07402689
0.065229885
0.06478967
0.07437382
0.04909906
0.059266802
0.1052122
0.10125539
0.79308945
0.8204482
0.7943775
0.7500773
0.7813854
0.8529501
0.908351
0.92744315
0.92488265
0.23533282
0.17019175
0.111439414
0.07182418
0.06476026
0.05913125
0.061212927
0.07492218
0.7652254
0.7368582
0.45906574
0.8026047
0.60669714
0.17338195
0.15256615
0.2850777
0.7410959
0.4214669
0.3138953
0.565428
0.45851263
0.3863238
0.24156174
0.17639522
0.18023388
0.4710682
0.5104944
0.67286575
0.8627567
0.9223282
0.91030294
0.8066358
0.7124578
0.77284485
0.67936206
0.691983
0.849319
0.819655
0.79385155
0.1685711
0.09924435
0.09135982
0.13762414
0.108504094
0.086795785
0.19747578
0.14032659
0.07459332
0.79715115
0.6950455
0.0839956
0.08689162
0.82747793
0.8864722
0.9468191
0.885401
0.10602541
0.10694654
0.8990038
0.8487922
0.0609939
0.05253563
0.052083503
0.04493465
0.04229727
0.057982907
0.70901394
0.08514283
0.083154686
0.17480719
0.85202664
0.7841467
0.7233545
0.73465204
0.056685615
0.042116188
0.039571986
0.03778006
0.040916823
0.0359714
0.02768445
0.026629329
0.034026995
0.061711024
0.91695774
0.94276714
0.8427003
0.055010073
0.03210834
0.027849553
0.02909636
0.031069253
0.033262853
0.035014644
0.037952647
0.04445628
0.04727711
0.07048364
0.86380357
0.84154856
0.87094355
0.08224691
0.056627482
0.0764446
0.8712733
0.06166758
0.037127763
0.04392832
0.8203614
0.9249564
0.96423894
0.9752922
0.96395046
0.043533698
0.028924217
0.03875189
0.8464926
0.07200176
0.04119091
0.062772624
0.9030006
0.06164568
0.033415556
0.038830906
0.0398693
0.0759854
0.91202927
0.09553826
0.044328064
0.054235894
0.86812675
0.056558155
0.033709843
0.051285084
0.83412457
0.1621321
0.025130197
0.016516926
0.024970746
0.9546077
0.9767859
0.9849091
0.975267
0.037101742
0.020386558
0.021833261
0.035886858
0.900821
0.8922462
0.05122521
0.028729348
0.025392124
0.030021505
0.051091544
0.06660481
0.06527158
0.04649982
0.051340725
0.12653291
0.9333038
0.8899888
0.85285753
0.90167826
0.9080408
0.8666811
0.93021697
0.94375616
0.94731706
0.92885405
0.95048535
0.96468264
0.9555216
