0.8555098
0.8305407
0.85202277
0.7129042
0.6027549
0.5980678
0.8228205
0.81062824
0.89709306
0.90060365
0.8383702
0.30429158
0.22763513
0.2800139
0.31773514
0.8556116
0.82329196
0.8751768
0.31094903
0.10199822
0.069876805
0.093661405
0.71530205
0.086261034
0.057743352
0.052980322
0.056843806
0.064846
0.062373165
0.04698953
0.036617503
0.036979187
0.046205267
0.04656703
0.050118253
0.07848986
0.122893
0.90019494
0.066527516
0.042047616
0.040326796
0.75742066
0.8315034
0.9012205
0.9463682
0.9418423
0.9353594
0.89542544
0.9214467
0.06621466
0.05049456
0.057185333
0.85527
0.90276265
0.04803955
0.04043018
0.035742983
0.050535075
0.08260934
0.9068242
0.05624208
0.043094948
0.065123044
0.09828578
0.1038922
0.07076357
0.06788364
0.07420323
0.0858822
0.065287
0.08292576
0.06684572
0.08580704
0.6727529
0.75446725
0.61656564
0.61287683
0.56521195
0.59194314
0.61921096
0.58936
0.72753584
0.16524701
0.11725105
0.120837145
0.08554094
0.065169446
0.09121715
0.07717922
0.12520848
0.8252155
0.74262995
0.7537532
0.8543714
0.66318464
0.087048866
0.06051005
0.07136315
0.72752345
0.8641523
0.18865967
0.14072423
0.10122697
0.07776935
0.74043524
0.7261079
0.08858413
0.104113944
0.8532276
0.085051484
0.039659157
0.0316005
0.035349444
0.067057066
0.9332367
0.96713716
0.9616131
0.07052112
0.036875233
0.03216566
0.035236783
0.0602319
0.8741126
0.092430845
0.07985584
0.76064134
0.72262484
0.05206145
0.056255784
0.09593794
0.14580168
0.8828858
0.900814
0.06096589
0.035724282
0.052192345
0.64585423
0.8417333
0.9296867
0.9482684
0.92835456
0.727547
0.078963086
0.07044723
0.044534795
0.065258965
0.04672472
0.04760222
0.10908779
0.15063864
0.9006888
0.8917871
0.54982865
0.13694017
0.119867
0.121504694
0.10357444
0.18959604
0.80022126
0.24888727
0.1977379
0.12008399
0.13194041
0.106825285
0.7424016
0.84436584
0.8615028
0.7708842
0.7167697
0.8718353
0.8862765
0.84393877
0.73634756
0.75172573
0.85965514
0.85383093
0.7880711
0.840873
0.11654947
0.08079412
0.07896516
0.071326785
0.18845075
0.7529019
0.76659054
0.8516004
0.80282813
0.7747418
0.76730347
0.8286126
0.8077898
0.09067728
0.08157059
0.0687787
0.045801513
0.081797995
0.83429843
0.77318007
0.8533942
0.82774013
0.7754325
0.8996027
0.13567305
0.0808007
0.09412436
0.09618919
0.081277266
0.06658759
0.07020141
0.08381734
0.07803358
0.094126344
0.7946372
0.83961177
0.8831032
0.8822733
0.8405599
0.79114795
0.76253015
0.81479454
0.8020251
0.7804119
0.7675586
0.7526817
0.7439295
0.7753278
0.1360972
0.10079346
0.089118935
0.098699115
0.22876908
0.7066165
0.10921325
0.121053986
0.1451918
0.18125297
0.18098384
0.7592337
0.51332784
0.52775747
0.5144841
0.51190966
0.5324057
0.72327715
0.8160673
0.81681275
0.7425206
0.6747088
0.638002
0.62639064
0.61859745
0.6004589
0.5764569
0.6366794
0.625307
0.6837113
0.6850164
0.6645158
0.63340265
0.60351175
0.5
0.38984963
0.30344072
0.3391791
0.39740002
0.30535161
0.24666682
0.21658188
0.29120916
0.41124052
0.68041515
0.59789944
0.493367
0.43598062
0.18014501
0.14907292
0.16704491
0.21592873
0.207712
0.39167762
0.34823027
0.5328004
0.5089973
0.674034
0.7408972
0.6392769
0.10961862
0.07090561
0.08990476
0.1265277
0.25918075
0.2964851
0.8356081
0.14202406
0.039506435
0.028610457
0.037567478
0.088539556
0.12897977
0.1709014
0.94547355
0.9517999
0.87109196
0.77295196
0.05844702
0.051631175
0.052005183
0.05261966
0.06553384
0.06873282
0.10750951
0.77693194
0.11565745
0.09909969
0.07459184
0.06325295
0.085337095
0.1195991
0.63369393
0.5903859
0.15241814
0.11210207
0.095620945
0.111369886
0.71701133
0.70601594
0.7328932
0.72876173
0.11933319
0.09546684
0.13470167
0.14951809
0.18356964
0.31408802
0.22053717
0.30262882
0.24793075
0.58189565
0.11909839
0.16116877
0.20152287
0.21955305
0.74885064
0.8026011
0.804505
0.77921134
0.66597325
0.1242195
0.25455794
0.22103854
0.12713832
0.1569015
0.13156098
0.11358941
0.11943986
0.13207334
0.116894946
0.15643792
0.26930353
0.32454997
0.74029785
0.306929
0.40139055
0.79581827
0.231009
0.67965424
0.068187594
0.045540314
0.047638975
0.06260455
0.08231359
0.09779371
0.1507149
0.8337639
0.08264954
0.05095138
0.0438424
0.042544514
0.05780015
0.7152545
0.087527215
0.09767066
0.8043213
0.82454765
0.85352755
0.8539404
0.07059235
0.044965968
0.04210936
0.03935301
0.037214305
0.040688563
0.039765816
0.044999994
0.08059392
0.8730334
0.8582305
0.8518869
0.22574481
0.15486376
0.07140968
0.04638752
0.04709863
0.05485644
0.058923878
0.09968449
0.12759286
0.14053312
0.12698948
0.17178725
0.84165245
0.8085461
0.19040346
0.14321828
0.18799743
0.2094164
0.24844684
0.6757367
0.3058313
0.2189524
0.17986566
0.44529513
0.6093257
0.6102329
0.5027256
0.58133614
0.7322038
0.7609868
0.62992096
0.6359004
0.48816174
0.49561113
0.48438555
0.43304724
0.45391768
0.5434019
0.7607553
0.80169594
0.7409397
0.7537086
0.8310914
0.68824667
0.35422695
0.2705932
0.21135367
0.3859404
0.31920463
0.18205442
0.2146334
0.31397396
0.64527553
0.8889774
0.95432603
