0.7654789
0.72621626
0.64375395
0.5754926
0.69792897
0.9283875
0.9547038
0.9238544
0.2149599
0.16083601
0.14740385
0.8461724
0.19950695
0.12823145
0.0850587
0.7876345
0.7950663
0.8743923
0.8932075
0.36243898
0.45891744
0.56477135
0.9197794
0.6223715
0.49902323
0.39760575
0.92072725
0.92533576
0.12512264
0.06730434
0.063903846
0.044655196
0.042223044
0.059993595
0.06842993
0.063589185
0.05290955
0.06711457
0.064420424
0.06645868
0.86197686
0.85752714
0.8785096
0.098907284
0.048029583
0.050729882
0.09260566
0.12647314
0.87862194
0.8447297
0.10599351
0.1064533
0.864077
0.91491586
0.9460165
0.9499608
0.9354946
0.21308212
0.14136577
0.8901278
0.93591404
0.06674915
0.03103056
0.019956142
0.026784869
0.0611415
0.93030113
0.92986417
0.94946784
0.9303834
0.07069954
0.06409145
0.055843677
0.054710098
0.096526414
0.1460743
0.90660375
0.94430393
0.9569982
0.94054466
0.26680645
0.25184396
0.84573
0.9092883
0.8947495
0.90401506
0.9391081
0.9262934
0.88305914
0.8465419
0.11396171
0.14307845
0.12541953
0.2534876
0.38398412
0.92845464
0.19753334
0.086887024
0.033343796
0.023428882
0.024331102
0.038923364
0.08100184
0.9412959
0.9167399
0.101308
0.057981756
0.120737925
0.22325833
0.9754093
0.9821457
0.9821796
0.9701018
0.099643156
0.046238057
0.029064303
0.03979493
0.892561
0.04022976
0.021606922
0.019537663
0.026593218
0.03530351
0.042524308
0.07015377
0.8796148
0.076293476
0.06439124
0.044014174
0.038332142
0.053821396
0.081799604
0.09869922
0.096004345
0.15887482
0.8559598
0.13451886
0.118298694
0.11858304
0.75139296
0.8394615
0.20604882
0.15201665
0.22960338
0.9120231
0.9092714
0.9413955
0.9422473
0.29294908
0.2667241
0.33347222
0.8493472
0.16204727
0.14897755
0.33481327
0.8508959
0.92778
0.94562274
0.94209534
0.91128975
0.8713304
0.91472626
0.93474036
0.9436001
0.9341078
0.95080024
0.96495247
0.95511717
