0.8944246
0.8703029
0.92726976
0.94223815
0.94138825
0.9308876
0.903143
0.7999753
0.6705296
0.46964526
0.51381284
0.3057593
0.2973585
0.62553096
0.7882532
0.57474923
0.4292625
0.19028625
0.15181093
0.63381416
0.7969485
0.6918831
0.6325588
0.30047908
0.25038072
0.22848581
0.15832412
0.1241207
0.1044779
0.09527069
0.1535582
0.79854536
0.12111458
0.113463014
0.08529152
0.06205341
0.060464334
0.061884996
0.061079793
0.09401883
0.16167253
0.81048673
0.8703295
0.8884335
0.8139612
0.83668065
0.84913266
0.17757617
0.09582513
0.087789
0.73267704
0.7693763
0.14955695
0.090719685
0.08685303
0.6909609
0.11387805
0.14942797
0.115969926
0.0859745
0.07281878
0.08239786
0.11497588
0.10886483
0.12159117
0.55905014
0.44410822
0.5898311
0.78491634
0.8640273
0.86899936
0.78596735
0.8582454
0.82536036
0.88653964
0.85930645
0.6252759
0.6906726
0.22181775
0.18510045
0.18668924
0.19926816
0.25627315
0.29568073
0.75610185
0.56202465
0.43721792
0.24855168
0.19439805
0.13568196
0.086561084
0.05982655
0.056050975
0.079374984
0.79102916
0.9287374
0.94694513
0.22273283
0.09091497
0.0657401
0.037935447
0.030853659
0.03962525
0.83091366
0.84721166
0.8339658
0.80474603
0.7462061
0.06590733
0.0603128
0.07073763
0.08583656
0.109148145
0.13091883
0.8381754
0.738156
0.73723435
0.8296901
0.6701919
0.2597994
0.7946726
0.13565719
0.17225878
0.11501124
0.10640567
0.11506009
0.1322171
0.16659968
0.6779913
0.67687637
0.6202166
0.68494284
0.6481343
0.6231707
0.74765974
0.78191113
0.70092714
0.80447984
0.80695325
0.7141352
0.7909513
0.75233436
0.54866886
0.247018
0.20478721
0.3282697
0.33578518
0.3954859
0.30896276
0.39196944
0.2716829
0.27688769
0.32366735
0.45134026
0.54002684
0.5722481
0.7672666
0.85906744
0.8589066
0.78840923
0.5403333
0.5457467
0.7086738
0.57816064
0.35976714
0.33884883
0.20531121
0.15576944
0.13575143
0.12863956
0.1628696
0.1606727
0.19688328
0.19841795
0.19983087
0.19529772
0.20397586
0.3294047
0.45418474
0.5
0.5
0.39968345
0.35413602
0.21858078
0.21483688
0.2142156
0.25122967
0.34252134
0.4162348
0.4567364
0.29773042
0.26961485
0.23510803
0.13230503
0.12645842
0.178484
0.21391624
0.24707045
0.20436972
0.13920742
0.6970847
0.7189121
0.73010397
0.7557559
0.8187499
0.7186266
0.14856263
0.1400855
0.12608539
0.10255999
0.098123804
0.11106449
0.18774736
0.56254053
0.54919124
0.5963413
0.79234093
0.84481865
0.7974099
0.53756845
0.21548179
0.17021184
0.5496397
0.5441107
0.166878
0.17344654
0.108078085
0.079080194
0.08312521
0.060055718
0.08058385
0.7813096
0.82201153
0.8219008
0.8109797
0.86012566
0.10241227
0.07788818
0.072377965
0.0659987
0.11754082
0.13536397
0.19261934
0.6945752
0.5344789
0.115083106
0.15293646
0.577011
0.58396006
0.7019894
0.684533
0.83980834
0.8799892
0.8493141
0.56281066
0.12529483
0.107904635
0.4451713
0.6760259
0.085084565
0.07872041
0.081714086
0.095464036
0.877079
0.9558519
0.9625682
0.4059716
0.25233
0.09218682
0.10259001
0.5836964
0.09814899
0.17381233
0.19372256
0.74999166
0.7151225
0.8555469
0.77594465
0.9160959
0.90593934
0.2708161
0.10742847
0.066404514
0.061784305
0.079737075
0.112999275
0.08109137
0.066223145
0.05987592
0.052190587
0.06172718
0.72978646
0.18405166
0.1783428
0.9113191
0.93999875
0.9148296
0.83931184
0.17813039
0.3587468
0.8012245
0.044368673
0.034212235
0.051639196
0.1317789
0.9185372
0.93471485
0.9226886
0.123473704
0.0839479
0.06895509
0.057081815
0.0801032
0.12692809
0.18036099
0.8041647
0.6254687
0.5492003
0.5729512
0.70021826
0.7526958
0.7056345
0.6616806
0.6761083
0.63290185
0.63498926
0.6456003
0.6681263
0.2530966
0.6039569
0.2175344
0.10647405
0.0931268
0.08855522
0.07700831
0.08646703
0.18933547
0.13134058
0.8485492
0.76115936
0.7870663
0.80259836
0.8473937
0.82676655
0.82433397
0.78583205
0.7365953
0.73976433
0.08811661
0.09235875
0.08494093
0.10382423
0.10929404
0.08722362
0.096195064
0.13218477
0.44418305
0.23881269
0.5858699
0.6734064
0.3051158
0.22143354
0.23264575
0.604429
0.7156912
0.6414582
0.5
0.4313525
0.41718623
0.18312542
0.18065122
0.16905974
0.5582
0.68660426
0.6938743
0.7970525
0.39435306
0.47686958
0.3940742
0.6013616
0.8225236
0.8430339
0.78666526
0.58882535
0.40767524
0.43725646
0.5600709
0.6252229
0.42387488
0.35014993
0.40126294
0.45524588
0.50104064
0.58460873
0.38345987
0.33668935
0.35978132
0.43360642
0.6789632
0.8341104
0.8297645
0.76934326
0.5619565
0.4107385
0.37686342
0.4229891
0.30606884
0.47903255
0.49114022
0.4121763
0.49515727
0.30033872
0.22649238
0.19666529
0.16234021
0.14292587
0.2726916
0.51557595
0.52599245
0.5054823
0.43132204
0.29535285
0.22902702
0.19134003
0.19069599
0.20308886
0.2674211
0.40065858
0.4645384
0.44598016
0.39940003
0.16970758
0.16772225
0.17220825
0.18507217
0.13292739
0.10879353
0.13774681
0.12131042
0.10607105
0.12777366
0.116797104
0.11388708
0.14697066
0.7370292
0.13257152
0.17004688
0.25645012
0.7316957
0.07818427
0.056535967
0.07319913
0.15914614
0.22240429
0.8190525
0.8170764
0.31862932
0.77626806
0.77873385
0.7836487
0.7848244
0.35203025
0.8705794
0.9092954
0.1714473
0.08909331
0.057400767
0.04959899
0.058030207
0.08850203
0.124285705
0.10620176
0.059112657
0.045514464
0.06769353
0.76900977
0.047405463
0.030377451
0.035978477
0.088389285
0.9621219
0.9710164
0.94351786
0.94757086
0.048990745
0.02759352
0.027341614
0.030247243
0.026082987
0.03257501
0.050121523
0.85966486
0.8032688
0.82148445
0.87329316
0.89799505
0.19954813
0.2676271
0.27092105
0.19165014
0.24088068
0.16858694
0.13025184
0.13842249
0.15210101
0.19249767
0.2202792
0.7183058
0.5705099
0.5758233
0.64311516
0.7840439
0.7485635
0.81234944
0.26403105
0.31707522
0.21469389
0.21390629
0.7396469
0.56325257
0.23527756
0.1721971
0.15106867
0.17969444
0.6162563
0.5426203
0.54696065
0.5
0.4872946
0.20004255
0.16398424
0.13108304
0.12736157
0.20181097
0.3589781
0.737142
0.8685441
0.8380513
0.1730635
0.10666749
0.10548779
0.666441
0.8199563
0.18379639
0.09424982
0.071889654
0.07913552
0.1000756
0.11844443
0.092801705
0.7515648
0.08227067
0.06338064
0.05303625
0.05051444
0.06887054
0.66250104
0.1121278
0.14586069
0.7939798
0.06877598
0.035962835
0.03049724
0.034330737
0.03509057
0.02754014
0.032634
0.06307351
0.9056223
0.9391681
0.92735803
0.062401865
0.03831384
0.04003427
0.07805241
0.88450086
0.08821227
0.04061032
0.03310589
0.036092166
0.046689477
0.10372159
0.8933182
0.25805223
0.028404932
0.018593824
0.02093107
0.015517591
0.020772139
0.04782011
0.94369596
0.96487445
0.9731213
0.9208093
0.9117373
0.053386528
0.029655673
0.03132225
0.02945557
0.028079437
0.033534467
0.06018432
0.8643717
0.05891931
0.0362813
0.029813325
0.030449804
0.03232871
0.034506768
0.038141984
0.04295757
0.041879207
0.044708457
0.045957394
0.065668546
0.7624591
0.057003
0.046876304
0.056403812
0.08377554
0.077596664
0.08673807
0.12666191
0.14173949
0.21906161
0.20209396
0.10220409
0.08981542
0.12850478
0.096844696
0.10965836
0.08166769
0.16727385
0.12472081
0.77583534
0.84953237
0.37705776
0.15242003
0.71614796
0.1292346
0.05793063
0.077016175
0.07677957
0.07139291
0.8815012
0.8871528
0.86386395
0.86577606
0.82309055
0.09323306
0.09166979
0.08976932
0.062990025
0.06554713
0.056762643
0.080045454
0.7233117
0.803959
0.68382215
0.18607181
0.65635836
0.16191855
0.106530815
0.12564103
0.11203792
0.18392792
0.6878803
0.7196118
0.7659598
0.35814428
0.2607825
0.25774035
0.2870591
0.3522705
0.72898793
0.7546162
0.705033
0.7913909
0.83164364
0.78904223
0.28815797
0.31633386
0.53502524
0.81048447
0.67470515
0.088894375
0.066986546
0.08816146
0.13656487
0.25187996
0.9174921
0.86265105
0.11175985
0.07864859
0.74724996
0.8068532
0.9288507
0.9317421
0.08875117
0.049710266
0.043482088
0.07750378
0.1482439
0.091586605
0.10927971
0.547813
0.18333809
0.21029387
0.14959286
0.1639351
0.21629593
0.23953801
0.36845064
0.4468218
0.6292455
0.58081967
0.50265396
0.58292526
0.29935473
0.22208202
0.2704185
0.43044278
0.59641093
0.7363821
0.61530745
0.6470223
0.29368493
0.20869094
0.28059575
0.4148853
0.30960414
0.30309886
0.45454398
0.215685
0.2753678
0.17111498
0.14704841
0.37015682
0.29272878
0.13942255
0.6660278
0.6120376
0.1226876
0.12559347
0.3160663
0.6736974
0.09719143
0.09251302
0.20536059
0.8161014
0.9220131
0.91780156
0.83151686
0.8092828
0.11701523
0.083869375
0.09168438
0.6268751
0.108500175
0.075843446
0.08533474
0.6292042
0.6499613
0.7315099
0.15480359
0.12425098
0.1359053
0.1598729
0.18032119
0.22287159
0.21442752
0.21364361
0.20692895
0.15933383
0.1888425
0.2801518
0.4537021
0.76055485
0.66486603
0.72155696
0.400209
0.31283563
0.15379083
0.20796831
0.10812713
0.07509644
0.099674
0.75012195
0.8614263
0.7999649
0.19859177
0.094582796
0.08994851
0.1727456
0.28342357
0.54304904
0.55110735
0.53477037
0.5814641
0.37857398
0.3513535
0.3249328
0.45602912
0.5958083
0.73238426
0.72317296
0.81778467
0.6158888
0.38143376
0.3537632
0.44002908
0.28299633
0.22147574
0.24287057
0.23202522
0.22166649
0.26283827
0.3632797
0.20774263
0.1754305
0.19164158
0.35222697
0.59379566
0.30078414
0.3463138
0.18165556
0.13482651
0.13883191
0.20205836
0.32292867
0.15372197
0.15749764
0.58052033
0.60105747
0.70383793
0.17615853
0.1254154
0.10200409
0.09229183
0.08300918
0.097753815
0.09614231
0.082750455
0.75717735
0.6863845
0.14279862
0.21241045
0.7862545
0.17172511
0.0742631
0.04376875
0.043685008
0.07002659
0.7729649
0.89211357
0.8975033
0.91712403
0.9059433
0.9050972
0.8896391
0.86883724
0.88733315
0.1137681
0.0576632
0.05596113
0.07064605
0.09610737
0.084563375
0.08740137
0.7641905
0.08272645
0.061146103
0.05567695
0.06509952
0.08479462
0.11089211
0.13373652
0.13852136
0.8010211
0.7850042
0.6457995
0.6967196
0.6515257
0.60892934
0.58328784
0.55558574
0.5
0.21379203
0.27223343
0.63200337
0.17135832
0.1611537
0.55366266
0.081655316
0.08377301
0.15258527
0.79703844
0.1928198
0.03955087
0.02833681
0.039254744
0.72861683
0.84623265
0.9546071
0.95479584
0.1216968
0.05082321
0.056347497
0.14026329
0.14580142
0.08173158
0.06627925
0.069241695
0.09190145
0.12223764
0.19343182
0.6782557
0.7273297
0.6292591
0.5812003
0.50395733
0.13166258
0.18927476
0.4418614
0.8372369
0.16665463
0.15352638
0.078114375
0.06186741
0.078732185
0.0953055
0.091490254
0.8402795
0.8927912
0.8490857
0.9149349
0.8734693
0.6947952
0.6665102
0.6553517
0.7598969
0.8915518
0.9160534
0.3487168
0.17340481
0.29051018
0.16803259
0.60738033
0.11230054
0.1221249
0.15273294
0.5419037
0.19502223
0.18817872
0.18330331
0.6515712
0.55825764
0.5465871
0.5805968
0.6832604
0.58765507
0.5038554
0.557075
0.6601993
0.56500643
0.5085717
0.28217116
0.231373
0.46369135
0.3519273
0.31189647
0.22187904
0.18596035
0.39994127
0.22497864
0.21693635
0.28971168
0.41947174
0.65732265
0.25172615
0.19565807
0.1890672
0.1275111
0.08418946
0.65531564
0.5591805
0.6626759
0.6950249
0.8101776
0.80045736
0.8092791
0.5
0.5329172
0.5353015
0.27021787
0.44189858
0.5967607
0.7018711
0.54049295
0.53026426
0.6405975
0.8478537
0.8602008
0.7176279
0.49132398
0.47910306
0.5379566
0.741809
0.676358
0.6795542
0.85144246
0.8608816
0.6350834
0.49686906
0.475605
0.24396646
0.23346592
0.23051974
0.26494676
0.36971602
0.5198881
0.86850387
0.85858816
0.31812558
0.31869665
0.6366332
0.27408826
0.10634581
0.059934366
0.061791565
0.75681615
0.79600143
0.8778979
0.13305117
0.07286619
0.07158963
0.24551764
0.5835079
0.9085163
0.7750423
0.65944564
