0.9310377
0.9398367
0.9604783
0.9647331
0.95952433
0.9317748
0.9260457
0.9493229
0.95788807
0.9534737
0.9231071
0.9183913
0.92697084
0.9565543
0.96841663
0.9709854
0.9563299
0.96980333
0.95751673
0.31156617
0.12531759
0.055589844
0.023251144
0.022183608
0.028104605
0.039480448
0.03207723
0.026777333
0.03214767
0.031131929
0.03122804
0.036315545
0.058595274
0.107799
0.9389818
0.861791
0.8257483
0.07069969
0.050729778
0.061415162
0.11260958
0.79964966
0.06441348
0.06270438
0.07837351
0.8705512
0.897946
0.91078323
0.18529208
0.088593975
0.107807085
0.81588143
0.07716655
0.06966362
0.040388294
0.03321278
0.03278976
0.03830857
0.05287166
0.0470108
0.043905087
0.061563253
0.8644294
0.88024
0.9350423
0.2258345
0.1372925
0.7632813
0.118113466
0.16479328
0.88405764
0.9405414
0.93222934
0.094665974
0.0645225
0.10326041
0.9296385
0.92830116
0.25184396
0.12975372
0.8702195
0.8889613
0.8798391
0.16383739
0.2196127
0.92738193
0.89051664
0.055694874
0.034575533
0.046283167
0.8931939
0.90570265
0.94827473
0.052198254
0.032489844
0.040499844
0.08079781
0.9199523
0.05627366
0.026847972
0.024873039
0.021202875
0.026518976
0.024660284
0.027055291
0.03364931
0.040108815
0.05841759
0.8386672
0.866464
0.051989105
0.038036842
0.050367486
0.8981675
0.08045291
0.026900023
0.03205521
0.9310431
0.97495914
0.9762115
0.9699461
0.03585278
0.026493393
0.040203724
0.02796087
0.03476647
0.096421175
0.96446323
0.9541683
0.068213314
0.034649193
0.04461747
0.02764847
0.047834877
0.088168256
0.08010116
0.09002488
0.10713115
0.2813652
0.3499872
0.9508364
0.9534382
0.95578307
0.9559584
0.92567086
0.9473042
0.95216966
0.9542406
0.95279765
0.9345109
0.9473767
0.94925725
0.94652486
0.92602044
0.94931114
0.95487183
0.9542627
0.9365388
0.95223546
0.9529751
0.9358157
0.9530463
0.9554731
0.939002
0.9569947
0.96186054
0.94940335
0.9646773
0.97205883
0.9582241
