0.77578324
0.73789495
0.7368301
0.8834116
0.9292854
0.91199327
0.74994886
0.3980939
0.3592607
0.40797624
0.63768077
0.8281204
0.85886127
0.8052836
0.8043096
0.58556926
0.25617817
0.25827134
0.38956127
0.28906456
0.23806836
0.23632476
0.15863174
0.15759476
0.42598057
0.21245712
0.2743
0.32158262
0.27234393
0.74441516
0.20131797
0.12520918
0.14147739
0.654338
0.1460593
0.115731254
0.09533437
0.081437185
0.07388381
0.06929492
0.08836751
0.7287803
0.6958962
0.11094989
0.16952145
0.20352517
0.7115926
0.9043979
0.8233632
0.74041635
0.6823342
0.10353434
0.08068497
0.102975234
0.6771355
0.087476104
0.06504097
0.053941615
0.06164295
0.07753372
0.12563404
0.28139308
0.90957594
0.0881111
0.054355387
0.06191764
0.07196502
0.076248705
0.13542897
0.15311597
0.54062164
0.12604637
0.079696216
0.11597816
0.13254595
0.08642586
0.054802544
0.05718538
0.0822172
0.73410964
0.86435074
0.79102296
0.79549164
0.08040687
0.053490378
0.058476012
0.11613479
0.09304693
0.07383126
0.06391375
0.06208638
0.06908981
0.77956456
0.067299336
0.04223367
0.04744741
0.092605166
0.6193062
0.94643956
0.9686225
0.96025497
0.84155107
0.1104259
0.047759484
0.040117085
0.050573666
0.6399997
0.2722084
0.46226904
0.88628215
0.12531026
0.056774236
0.04135219
0.055161867
0.077019975
0.8622826
0.78047645
0.74253815
0.06631902
0.055742346
0.08678386
0.12623616
0.1638997
0.8152659
0.42271084
0.19738248
0.12800796
0.5935829
0.16008787
0.20479259
0.1701765
0.104179
0.10547561
0.6518517
0.747896
0.74884844
0.74573517
0.7353278
0.72588307
0.7135507
0.7173432
0.6803487
0.15823153
0.11083393
0.15404324
0.10407317
0.66559035
0.6617092
0.7439775
0.7977729
0.7918301
0.73541033
0.25147888
0.23234382
0.19381738
0.28113398
0.6870621
0.6939257
0.69316053
0.7034678
0.7080382
0.71201384
0.6942859
0.6634579
0.6151793
0.69198835
0.72496426
0.748769
0.6897863
0.18770604
0.1399271
0.13476479
0.13525167
0.17731318
0.60927624
0.14485611
0.1397293
0.13662758
0.14536412
0.23148131
0.36566153
0.29325157
0.23280181
0.25446773
0.37996033
0.70019364
0.6299688
0.53700083
0.35378414
0.317985
0.4251549
0.55659294
0.5163593
0.45587012
0.54844314
0.4309389
0.32274607
0.2381637
0.22068794
0.42426413
0.3801794
0.45373982
0.5
0.3237242
0.2510631
0.22087888
0.22045682
0.21909727
0.18791255
0.1536551
0.18159911
0.28758252
0.55824655
0.6392746
0.6301281
0.1694298
0.18067284
0.09084404
0.06420556
0.06605431
0.052669417
0.0953523
0.11576845
0.77383417
0.8512971
0.8699401
0.8499969
0.76521
0.76730657
0.76778835
0.07329676
0.053169943
0.04444707
0.047531035
0.051312346
0.09003953
0.12286788
0.22188498
0.7294951
0.87836474
