0.042003315
0.026365472
0.02553539
0.027776193
0.035490658
0.046758056
0.06026674
0.09684529
0.7657807
0.15600918
0.857787
0.90863913
0.9407756
0.920196
0.9122082
0.842173
0.2580803
0.81268775
0.1410363
0.19780637
0.0788205
0.10631433
0.88383734
0.04638327
0.02549392
0.019673102
0.019126495
0.019209057
0.02054085
0.041702885
0.96348643
0.9509439
0.9789388
0.9866367
0.9849178
0.98021084
0.9723122
0.04139894
0.01541549
0.013788742
0.016534224
0.020836873
0.02147603
0.039886564
0.9097555
0.03868782
0.01708615
0.011052942
0.012111557
0.015479467
0.012782369
0.023695914
0.9627494
0.94856983
0.9759647
0.96854067
0.9838309
0.9768084
0.9476458
0.032665357
0.016299635
0.011696162
0.010320932
0.010699248
0.01161464
0.0116423825
0.012968659
0.01849398
0.024175603
0.04812079
0.93854916
0.9665432
0.96505415
0.95583785
0.9793341
0.9791586
