0.7358179
0.70956296
0.8289756
0.7972725
0.7622264
0.6149074
0.4411834
0.5085327
0.63334674
0.519358
0.5
0.59960455
0.7175732
0.53987134
0.3404056
0.2899789
0.25683656
0.2539615
0.31023264
0.24562751
0.22876844
0.27179474
0.24352136
0.25889742
0.7687493
0.7471123
0.18835884
0.1620437
0.17754287
0.26002538
0.7226683
0.25694835
0.74535835
0.076723784
0.08234285
0.105167024
0.11874915
0.13864315
0.1511585
0.18168427
0.70028085
0.07726445
0.08397543
0.7114088
0.15533334
0.11071642
0.7850991
0.87506104
0.92028695
0.9001218
0.91148907
0.20936975
0.24806805
0.85822475
0.8854367
0.07771826
0.060652852
0.08143148
0.102780975
0.11542879
0.14249408
0.8177261
0.067968614
0.046604067
0.04367503
0.06752378
0.094588555
0.10730613
0.10281388
0.08511064
0.68005526
0.55850345
0.1314734
0.32777464
0.18556392
0.1391785
0.24416664
0.2631541
0.3695162
0.33019608
0.44616464
0.45409253
0.6819944
0.66592485
0.6313877
0.6161027
0.5
0.43910608
0.40404812
0.39320108
0.5292686
0.58662134
0.31310093
0.25736818
0.19393891
0.1836159
0.21944343
0.24294208
0.79347587
0.8323385
0.80309284
0.7011129
0.62833947
0.5439719
0.31827787
0.2309924
0.18344137
0.13426018
0.14373623
0.16636702
0.1930799
0.4314789
0.5653345
0.47565752
0.48014972
0.5245077
0.4326346
0.41741928
0.19620527
0.16519894
0.17011924
0.18767871
0.15329741
0.16729157
0.18833242
0.15822262
0.1591679
0.16865197
0.14242531
0.1162441
0.117536314
0.12675004
0.4902442
0.609414
0.64297044
0.5296551
0.7031901
0.81883377
0.8533089
0.27059808
0.14438134
0.12884247
0.079291806
0.06911172
0.07482464
0.094801985
0.101843
0.0946822
0.09405499
0.12146424
0.1287166
0.11658192
0.08911951
0.084285356
0.12736493
0.16191514
0.7110535
0.80392325
0.7673237
0.7406345
0.6844728
0.14243956
0.15187277
0.31348318
0.7757561
0.7165698
0.6840915
0.6567733
0.65522915
0.67455715
0.6950811
0.8312212
0.27951095
0.12554164
0.10179581
0.09950255
0.3364577
0.43868586
0.60885346
0.17350826
0.6682832
0.6577735
0.1209847
0.15990904
0.19975631
0.862738
0.93406576
0.9441406
0.9165244
0.7693524
0.7420035
0.85223985
0.82328993
0.8354162
0.89933014
0.8913668
0.8618773
0.24600844
0.35199127
0.25941527
0.8488349
0.84835005
0.25553623
0.75046414
0.08967405
0.06710338
0.05394972
0.05273446
0.049141996
0.060970753
0.0889353
0.20230879
0.8704519
0.7317181
0.07800225
0.04551376
0.048813637
0.051030166
0.08893611
0.13140398
0.1288746
0.0976442
0.109929614
0.11305626
0.07811571
0.1020198
0.70001745
0.6678166
0.6801211
0.68376696
0.15070213
0.08824805
0.07777215
0.09148214
0.1479891
0.62718487
0.6880796
0.83651966
0.8703495
0.82573086
0.8516712
0.73821145
0.08558601
0.06924948
0.09670661
0.076497726
0.08122599
0.0500353
0.0562325
0.12687628
0.173355
0.16244915
0.10912638
0.045757364
0.034883864
0.037177593
0.057813168
0.7267102
0.75209534
0.75358397
0.8494561
0.901044
0.938167
0.95194423
0.94327474
0.10635458
0.038500816
0.030434702
0.035038743
0.05521065
0.075529
0.11417632
0.8956516
0.12165372
0.067462504
0.06246689
0.083635315
0.58539027
0.122965336
0.15514274
0.15017326
0.2717562
0.65872145
0.57477933
0.6329386
0.6129839
0.6349976
0.65766805
0.6548125
0.65200514
0.6457932
0.66479754
0.707282
0.7281121
0.73220414
0.71824026
0.69904953
0.6847169
0.6939498
0.69402647
0.70436984
0.6422522
0.1821292
0.20560569
0.12133526
0.074813664
0.08480827
0.72411996
0.7521262
0.82915634
0.7133452
0.086358085
0.061450075
0.08188269
0.720659
0.780682
0.8113965
0.07098764
0.042835295
0.05170461
0.10209921
0.9087342
0.9369041
0.062884346
0.031447113
0.051710453
0.035933834
0.02011508
0.03385695
0.94160867
0.9768794
0.97808456
0.93165296
0.03080748
0.02174061
0.022123896
0.024314074
0.0320163
0.065115586
0.8783783
0.05172137
0.034454703
0.033757895
0.033792384
0.03969684
0.07964412
0.12859304
0.8629038
0.8393047
0.8416048
0.7403451
0.11455663
0.08486441
0.12536615
0.20493576
0.3098524
0.7139174
0.75948447
0.6846297
0.64853495
0.6233459
0.55128324
0.22773814
0.15824823
0.15722153
0.16023256
0.20085399
0.40201825
0.39029053
0.6661091
0.5553879
0.574315
0.7048707
0.7659728
0.70085466
0.8432128
0.8438565
0.7427655
0.48124215
0.2667498
0.2170847
0.23723021
0.28495288
0.31618914
0.36892205
0.5726996
0.7806418
0.89909476
0.91374594
0.9052388
0.8415484
0.24874952
0.16914923
0.19075769
0.22636774
0.84924006
0.85794073
0.737031
0.67575973
0.72599834
0.640319
0.27193245
0.19224894
0.2432824
0.431126
0.7856094
0.2527401
0.17648703
0.20310047
0.5999837
0.8398536
0.889707
0.8415229
0.68711936
0.6916203
0.57773626
0.5164811
0.47226354
0.46708542
0.4241919
0.52576286
0.6603318
0.24956512
0.23948401
0.22807142
0.2555979
0.13873225
0.10158661
0.06839266
0.072730936
0.12661822
0.14430001
0.9041391
0.15626311
0.08799618
0.060397226
0.05564592
0.07865636
0.09948291
0.79101276
0.8516732
0.79790384
0.8169968
0.86826926
0.78018844
0.7787832
0.8578685
0.51399285
0.3224291
0.7924855
0.122804716
0.14902878
0.27919593
0.30686912
0.77551156
0.3954541
0.21505503
0.5121296
0.13758834
0.14489013
0.41996485
0.17550492
0.29983053
0.41982713
0.8173791
0.8783299
0.8531905
0.5754626
0.19576809
0.19050433
0.71708935
0.11975901
0.09998777
0.1558616
0.10497481
0.08641585
0.148544
0.09891887
0.7847165
0.80977905
0.91531956
0.9288362
0.888189
0.89269143
0.85439897
0.20824732
0.14358893
0.123374
0.16662459
0.14121081
0.10511949
0.13020359
0.6529641
0.2689841
0.32198566
0.45174223
0.4364572
0.5949333
0.5
0.42476088
0.49119362
0.706647
0.7480287
0.6735273
0.5619313
0.41905606
0.3874934
0.2580233
0.23221004
0.17877923
0.14808774
0.22383298
0.363545
0.6729033
0.7124905
0.5361398
0.4431484
0.44775942
0.5237788
0.4032415
0.37049666
0.4960822
0.58813757
0.59077126
0.7011137
0.6785045
0.46653762
0.2957595
0.26876974
0.31080118
0.3353115
0.39474586
0.24506533
0.42151117
0.59691215
0.77128696
0.7790376
0.6207474
0.62730414
0.6786926
0.57208836
0.5206248
0.6288853
0.8248484
0.9385978
0.9502274
