0.20968942
0.11121487
0.06935759
0.10006898
0.28211308
0.3667926
0.9066498
0.905722
0.8685084
0.88557255
0.2143131
0.14203502
0.13864978
0.13651967
0.13566479
0.7811803
0.32631198
0.29593033
0.7593557
0.72813946
0.2141829
0.23719756
0.29348084
0.27802986
0.30198374
0.7969636
0.8289063
0.8409391
0.83749634
0.82473314
0.80032665
0.202912
0.12648824
0.11844301
0.11522194
0.14101371
0.13050953
0.15739185
0.15822725
0.143233
0.1809396
0.16279049
0.79254097
0.83487976
0.8534542
0.8351602
0.8331333
0.8546472
0.85635906
0.8439404
0.84015
0.85002315
0.8388991
0.21836662
0.15510945
0.1380999
0.1708734
0.20471112
0.905081
0.9017654
0.92046124
0.92349595
0.21577828
0.14581345
0.15655267
0.16565661
0.1918438
0.80942065
0.7708413
0.71770376
0.7141561
0.8336385
0.8996121
0.92450124
0.8956788
0.93530977
0.9367495
0.93780106
0.27885407
0.26443797
0.27244562
0.21562478
0.19598208
0.17998533
0.15257066
0.13027047
0.10741329
0.09045435
0.16018993
0.8242497
0.8915414
0.9191055
0.9279759
0.92346203
0.8854566
0.8916199
0.8587708
0.29778662
0.27336577
0.2625969
0.2967325
0.28606805
0.8424794
0.79860526
0.21811524
0.1754028
0.15071823
0.14939295
0.15836795
0.1822843
0.28361267
0.8712666
0.8883777
0.8819843
0.33330542
0.3164339
0.26970625
0.14565238
0.15026465
0.20809485
0.18830791
0.21512027
0.19288212
0.17277043
0.17176005
0.13930956
0.112401225
0.12702477
0.16268246
0.8406506
0.18671128
0.14721206
0.20509599
0.21151602
0.34770158
0.8887559
0.88998294
0.91928047
0.9056087
0.22517872
0.22437344
0.1774938
0.2080566
0.19871321
0.91295594
0.92571324
0.1588067
0.15129888
0.115842566
0.1048854
0.14066985
0.18140459
0.21426311
0.2744316
0.40093353
