0.76098853
0.7191188
0.71348906
0.60007966
0.5264049
0.47364968
0.31596428
0.33817798
0.43480757
0.48405772
0.6431002
0.30467457
0.24520326
0.21402855
0.23528993
0.29417744
0.41345578
0.8291432
0.89078367
0.912765
0.91306657
0.8913131
0.8230987
0.5922738
0.14457777
0.13243984
0.1184993
0.16780671
0.18311325
0.84295404
0.6575817
0.5753443
0.17916623
0.08939244
0.08847601
0.11668533
0.2871556
0.63827556
0.76627266
0.5624025
0.4477656
0.47618917
0.4051761
0.4116002
0.51307845
0.44960716
0.55828744
0.49806622
0.6174406
0.6901588
0.4495234
0.3996891
0.21190523
0.18498337
0.15769148
0.16149297
0.26079467
0.29637736
0.3406661
0.34834865
0.36443752
0.48157972
0.5475824
0.4594884
0.4952623
0.26029038
0.2710161
0.32702005
0.32575008
0.42243412
0.7403339
0.6743165
0.48199007
0.43556505
0.47167534
0.5337953
0.72211343
0.7609557
0.6354297
0.18384777
0.148862
0.21492524
0.21326031
0.15955424
0.16951035
0.5481058
0.5814115
0.6610158
0.66279584
0.5947094
0.65264225
0.8643215
0.9012228
0.869307
0.1317991
0.06649749
0.047409955
0.043310083
0.06306603
0.083619036
0.106199756
0.17269723
0.8292461
0.061700266
0.033721916
0.030293154
0.01788692
0.024652004
0.06897359
0.155649
0.97367126
0.97592807
0.9664649
0.08932019
0.05099094
0.03134153
0.031085381
0.034434274
0.03595026
0.04782589
0.7361594
0.14455259
0.19955888
0.16419868
0.085528426
0.10453415
0.7394436
0.13092469
0.07884252
0.08808021
0.6080759
0.63617456
0.71855867
0.64621407
0.55494493
0.18877487
0.6604862
0.082137264
0.056297008
0.07629004
0.09935738
0.06605575
0.050195057
0.044562865
0.045548383
0.03046967
0.031698667
0.057343595
0.88179857
0.92640823
0.91055787
0.091062225
0.08752607
0.038393244
0.02954533
0.0315478
0.0335241
0.031460565
0.032778237
0.06104926
0.14218102
0.9551654
0.9688437
0.97723573
0.97338325
0.95302933
0.20546749
0.08150344
0.08804158
0.6895403
0.88607365
0.13275564
0.046841346
0.03604648
0.062351245
0.69531316
0.05767423
0.060978733
0.10259813
0.86342615
0.8274848
0.8389814
0.9075023
0.9062322
0.080881745
0.04181224
0.03641747
0.043127876
0.08996162
0.13053533
0.12978157
0.73422647
0.76500326
0.09667845
0.093072414
0.064169124
0.054264408
0.14261459
0.23894435
0.17696178
0.20636827
0.20095043
0.15005194
0.16249773
0.5064853
0.6454857
0.8148358
0.84835595
0.75817245
0.3011462
0.20061553
0.20363872
0.22522533
0.19955596
0.2557174
0.28771314
0.34601694
0.6323576
0.60335
0.72177523
0.61681414
0.32237533
0.2267044
0.394858
0.4044956
0.21462388
0.16015983
0.17936637
0.31094038
0.26292577
0.5028395
0.47259247
0.22180331
0.2022607
0.20459993
0.26757932
0.20396803
0.3855151
0.3825942
0.21419801
0.42531788
0.3984752
0.21486877
0.15693957
0.09441088
0.07162416
0.06899837
0.061264172
0.059153385
0.07451742
0.71232617
0.6920096
0.7388767
0.7717624
0.873234
0.9063484
0.20607994
0.078649774
0.048463617
0.047845993
0.2864714
0.87043154
0.8887153
0.24656796
0.2103142
0.1370729
0.10828734
0.19374537
0.2414814
0.7115837
0.5607486
0.5253951
0.5058324
0.243617
0.46582043
0.61465645
0.12388132
0.11492051
0.11080191
0.20374301
0.15638939
0.74651814
0.63929904
0.65930647
0.81030166
0.25658047
0.22285095
0.20801346
0.08075784
0.05475313
0.06653523
0.709979
0.7041757
0.7661064
0.85816336
0.8597467
0.7971194
0.75180054
0.7129815
0.7191556
0.74743295
0.16521513
0.08037424
0.07349085
0.07690675
0.10619551
0.1474453
0.65913427
0.566959
0.58771926
0.6521264
0.8228273
0.8971901
0.92458856
0.92590064
0.902142
0.819192
0.68371433
0.20364211
0.18000463
0.1718295
0.17182592
0.12362805
0.5788021
0.35657153
0.5029168
0.5
0.3317393
0.27515265
0.21249089
0.17554621
0.2140061
0.3486901
0.1709477
0.17025019
0.23071225
0.57031196
0.7555215
0.88090193
0.8780196
0.52994525
0.3295347
0.31324324
0.37819302
0.86890835
0.86860967
0.6527511
0.2656554
0.22016524
0.20547825
0.24463707
0.38279706
0.17970647
0.14995982
0.14788425
0.7122305
0.701389
0.67133653
0.17155212
0.23522519
0.090840265
0.056601364
0.08390681
0.1378458
0.8233035
0.917247
0.3104374
0.07955723
0.04715986
0.04181146
0.04273134
0.047190264
0.05539776
0.09841078
0.8977647
0.9307233
0.87252057
0.8445994
0.8192247
0.8040965
0.8027593
0.806655
0.83479935
0.8484061
0.8082573
0.098740205
0.06747357
0.06856791
0.0776462
0.74176365
0.8293458
0.0794593
0.07049403
0.09878396
0.16507392
0.8535226
0.81309086
0.75148326
0.7843439
0.18790628
0.0826691
0.070480876
0.093468785
0.19015415
0.3269256
0.85836315
0.7906899
0.7419911
0.6992289
0.11236775
0.10480668
0.10012411
0.07458233
0.09647245
0.09699072
0.13125807
0.83130485
0.88082755
0.8521885
0.09137203
0.05089214
0.06085595
0.77432954
0.77662975
0.12758513
0.080554456
0.06307009
0.05395443
0.053027537
0.06251635
0.7515902
0.17319606
0.18120538
0.29486588
0.86606604
0.83122313
0.82128
0.07289563
0.06023426
0.11877118
0.93236744
0.95344204
0.89965206
0.93619734
0.16892843
0.053490005
0.04422228
0.0503706
0.05423038
0.09532643
0.9217208
0.065165184
0.036371384
0.029495075
0.027981104
0.03066929
0.049284123
0.86419225
0.91555154
0.9474051
0.95047134
0.09455846
0.08149969
0.10111868
0.7238835
0.75535184
0.80000657
0.8448985
0.8840342
0.19962177
0.117618136
0.080925256
0.07307695
0.17133094
0.20286372
0.26209986
0.89969474
0.9184232
0.9227754
0.8954956
0.75134754
0.5825174
0.10197617
0.09903922
0.38238537
0.7098684
0.08592855
0.06167435
0.080939665
0.2343139
0.8461979
0.8940373
0.7421578
0.07625655
0.047132432
0.07008973
0.14062057
0.9175897
0.92482996
0.8517447
0.07060788
0.071083464
0.045186225
0.017626816
0.02123376
0.8987178
0.9190721
0.951566
0.9823782
0.9728708
0.91571045
0.025036061
0.017529296
0.017181313
0.025730902
0.0492144
0.8974785
0.84121394
0.89702845
0.068565965
0.039919727
0.04288271
0.06337823
0.09658965
0.16667709
0.15909496
0.099601075
0.5852137
0.34255996
0.72088116
0.34366786
0.3546685
0.7508954
0.5299755
0.122337334
0.09092169
0.13240351
0.58443284
0.6508786
0.76822066
0.75030035
0.19369762
0.16537513
0.12127512
0.544915
0.6442069
0.6912931
0.23679872
0.15371865
0.38064545
0.48806772
0.81530416
0.7773752
0.34923607
0.27977884
0.22458158
0.12854762
0.1174366
0.6514973
0.12971246
0.05939891
0.048190963
0.04678763
0.054951478
0.09573308
0.17989963
0.95381856
0.9415648
0.24292295
0.07692388
0.046224877
0.040465556
0.04027855
0.036487076
0.049736865
0.8010587
0.7596059
0.8312805
0.08896983
0.048469383
0.04067932
0.04864836
0.8182776
0.7968299
0.88398224
0.8965279
0.96306777
0.95535386
0.065576285
0.03809073
0.035778876
0.050433844
0.82327724
0.09409002
0.052667294
0.059507947
0.77156436
0.10008154
0.06033644
0.062070634
0.07064348
0.79000914
0.8660287
0.7904197
0.74837255
0.75631535
0.7611915
0.78245795
0.9048992
0.38530958
0.29045865
0.14728107
0.13504125
0.18601206
0.11850652
0.08589985
0.6079609
0.27471155
0.25037852
0.74432856
0.83958256
0.6304144
0.30175555
0.19871457
0.15097414
0.5373916
0.59328955
0.87957215
0.93671846
0.8641279
