0.91239184
0.82755744
0.7897725
0.46919233
0.42562953
0.47286516
0.5325124
0.4569974
0.4558748
0.56981254
0.6201582
0.8355297
0.8095346
0.8344575
0.6341131
0.5
0.14700818
0.14745738
0.26095164
0.8514914
0.8440179
0.28478158
0.21575795
0.1598503
0.15322374
0.15314522
0.18050684
0.16274749
0.12276005
0.7588499
0.7953277
0.81417406
0.79848486
0.7190722
0.2359673
0.30224004
0.340894
0.26027316
0.6339347
0.59589463
0.14499637
0.11647762
0.12857014
0.15754466
0.20979612
0.25444606
0.77072215
0.7857546
0.36491206
0.36714262
0.43707308
0.51674986
0.8788541
0.8552693
0.7512001
0.6882504
0.76493776
0.3644293
0.32452184
0.34030432
0.36162663
0.8780504
0.8781823
0.8686115
0.12619448
0.08161782
0.07034166
0.0780764
0.121074304
0.18362665
0.80034477
0.5905091
0.44824347
0.50996757
0.5513833
0.53821015
0.19659638
0.19696663
0.2380965
0.36183268
0.6438475
0.59328806
0.48052514
0.5437167
0.53389627
0.5123216
0.57055885
0.24407242
0.17239696
0.10399616
0.0971758
0.5993349
0.6355645
0.46620187
0.22722423
0.21213078
0.23459472
0.29187918
0.6084485
0.47649217
0.28722647
0.27629027
0.25916663
0.3632906
0.31796345
0.31726637
0.4180838
0.7833695
0.87744707
0.89201957
0.8411573
0.67502534
0.7178608
0.5081698
0.39775163
0.41434303
0.33138296
0.15568335
0.14716566
0.11292484
0.16779916
0.46091807
0.23443535
0.31243098
0.7747976
0.57750636
0.10506169
0.16153374
0.31735188
0.89545166
0.94139075
0.9328713
0.06647259
0.022764234
0.018169036
0.023260366
0.049383506
0.1132491
0.9704653
0.9734485
0.9623605
0.08099767
0.03538543
0.030333718
0.037318118
0.05210461
0.09785161
0.8856203
0.11836412
0.09475622
0.0803342
0.086452655
0.280593
0.63170314
0.08389611
0.08934529
0.10811743
0.25508764
0.81599903
0.83000326
0.7114938
0.6478726
0.591225
0.6767616
0.5826806
0.6035106
0.62592727
0.25894004
0.230893
0.23607393
0.20786037
0.16375466
0.14951098
0.40550703
0.21993424
0.21024862
0.22706722
0.36710343
0.31445146
0.34306878
0.18390845
0.14612992
0.57566416
0.11004806
0.091905236
0.09542311
0.0509418
0.034409877
0.04496679
0.09243183
0.1760246
0.26962763
0.9494952
0.9252139
0.89347136
0.8330468
0.7988946
0.0944547
0.07873091
0.068620466
0.06108975
0.052991044
0.057459526
0.0645193
0.07756087
0.077557534
0.08429122
0.089439064
0.109154575
0.1542421
0.225755
0.6377397
0.18253106
0.14602472
0.19380406
0.5442693
0.66086656
0.773439
0.66276664
0.17909431
0.15635353
0.14649016
0.47231236
0.35198128
0.19494317
0.19368649
0.18797114
0.20534496
0.26177314
0.31487286
0.3472295
0.6388799
0.6733193
0.5699195
0.52140397
0.5260725
0.5382645
0.6081649
0.63850105
0.5719216
0.5
0.34866065
0.32508665
0.34286898
0.36095458
0.39391968
0.3581426
0.41766673
0.76655614
0.7909393
0.64371395
0.20961481
0.1158902
0.08180902
0.08424584
0.07598442
0.7098651
0.7517342
0.8635403
0.20669074
0.2511861
0.14567809
0.08912493
0.11334595
0.60093015
0.54670745
0.4856311
0.22306727
0.51221526
0.6404549
0.31970236
0.22882526
0.17039226
0.17583258
0.65475273
0.21610668
0.20292321
0.53276265
0.24240689
0.16934104
0.14184056
0.5462947
0.5314227
0.48891717
0.56604654
0.5963557
0.749643
0.6152654
0.10075177
0.06858541
0.094428
0.7147488
0.86481583
0.86563945
0.9015193
0.24679823
0.08482494
0.05268681
0.044572927
0.04305625
0.040866148
0.041972917
0.054524183
0.099708505
0.91287386
0.88096225
0.17247085
0.092186004
0.1253579
0.7901119
0.05012957
0.031825706
0.028122481
0.03679802
0.09070484
0.1806285
0.9632752
0.9696801
0.9633877
0.9580991
0.18848547
0.09024709
0.052689034
0.04300744
0.03801488
0.048771806
0.7155832
0.07667766
0.07987364
0.10606776
0.7636715
0.7353802
0.74183905
0.7356194
0.7728975
0.11056556
0.065769054
0.08196655
0.8413176
0.8757068
0.9197758
0.114445776
0.076918125
0.12766297
0.81373334
0.08375538
0.060322672
0.05529219
0.059657555
0.06758544
0.075817935
0.07545416
0.083219156
0.080833375
0.07242619
0.06208789
0.07981909
0.73160434
0.7498028
0.6549071
0.14131626
0.13822517
0.26795155
0.6880952
0.14505616
0.12899122
0.59082913
0.099582605
0.10117176
0.19947222
0.27669796
0.19585949
0.16960071
0.17841198
0.18139912
0.17040938
0.19129662
0.63171834
0.30444565
0.30361664
0.26177758
0.1937957
0.14537938
0.17089745
0.29906002
0.17885754
0.6057226
0.08971309
0.05999698
0.065961376
0.07482695
0.13317628
0.8976372
0.9333309
0.90299803
0.82604396
0.7765179
0.08027244
0.06581503
0.07102278
0.06938261
0.08789571
0.5747879
0.16127127
0.19112699
0.47113284
0.13631286
0.16749561
0.5384522
0.5346075
0.6677834
0.6274779
0.5919978
0.52833337
0.5
0.52384603
0.66359615
0.6947705
0.5760858
0.36042428
0.38736197
0.3960653
0.27672422
0.26895243
0.33971152
0.257584
0.26933533
0.19039607
0.16042562
0.15817808
0.15864961
0.5240829
0.49206305
0.27697507
0.52817625
0.51791495
0.26434416
0.35513344
0.3325937
0.16251597
0.12848279
0.13946156
0.12861659
0.6070433
0.65495497
0.8115111
0.86463356
0.83021045
0.71614635
0.6743168
0.7019157
0.77272165
0.69992733
0.40129396
0.62646675
0.08452777
0.05782781
0.06042114
0.07061975
0.68794596
0.810036
0.12278134
0.1591281
0.15883377
0.13142039
0.8937601
0.91562045
0.8964496
0.820661
0.10068178
0.083411455
0.08192467
0.070199475
0.064343125
0.057324085
0.059347287
0.08042634
0.71885556
0.13752216
0.11835141
0.11971516
0.08101496
0.11359254
0.15911137
0.18668641
0.18729441
0.6334374
0.64421153
0.39245313
0.60506713
0.5530226
0.60990936
0.64409965
0.64508075
0.6365912
0.63364327
0.66405773
0.692699
0.71076715
0.71710926
0.7253871
0.6712906
0.17780086
0.15378119
0.17241892
0.11431005
0.09335337
0.13440531
0.7277838
0.3198855
0.19689257
0.73772573
0.81697285
0.7893975
0.6532052
0.6075597
0.6170747
0.6640893
0.687343
0.6343514
0.66035384
0.7433805
0.73501873
0.7320264
0.26851192
0.44784513
0.72728115
0.38611203
0.2424761
0.54619217
0.15608796
0.1703951
0.14339483
0.13703863
0.5614934
0.5327857
0.17711361
0.1560944
0.21771869
0.33425528
0.44574913
0.34899178
0.52875537
0.39040774
0.31711113
0.2937233
0.3596916
0.5078261
0.538722
0.47206312
0.57416105
0.6029036
0.6476435
0.72038686
0.7276562
0.6418109
0.47586557
0.41902226
0.4202558
0.44802228
0.4449928
0.54264224
0.59291404
0.46402687
0.4369867
0.46458545
0.6231561
0.64479476
0.5560137
0.6143786
0.43136835
0.34547716
0.34411287
0.24490963
0.24460456
0.44877064
0.3347426
0.24723805
0.18812177
0.51207376
0.57867324
0.3657491
0.3927529
0.27823466
0.23522674
0.22020532
0.42482215
0.5351945
0.79619807
0.76886034
0.61107475
0.621845
0.7297215
0.6732413
0.5
0.5539387
0.6270074
0.5446261
0.60527617
0.77841383
0.8281314
0.40705752
0.25151318
0.2017952
0.22748496
0.8072639
0.83261615
0.37098354
0.21867006
0.5314456
0.11172441
0.15525243
0.48288557
0.82286257
0.70848405
0.6336594
0.58379185
0.18779258
0.1098853
0.09883704
0.5947916
0.21628529
0.28268883
0.17197123
0.20073995
0.3059614
0.26418784
0.4762487
0.40040338
0.36087084
0.3134424
0.26289606
0.3181789
0.6589167
0.7049942
0.38425624
0.2904347
0.365556
0.5
0.3134807
0.26873586
0.3137752
0.15968709
0.21677697
0.40817362
0.29685023
0.1984425
0.4509715
0.48207128
0.46173617
0.16054785
0.16108133
0.3220141
0.4117311
0.61266136
0.795567
0.5074509
0.20726492
0.22943917
0.26786894
0.7784883
0.1810419
0.09687707
0.08931094
0.08095327
0.63980097
0.54031825
0.6117801
0.6360689
0.7234462
0.81936276
0.6436924
0.5064844
0.530756
0.6041451
0.7626656
0.9167564
0.8976405
0.12787165
0.092060186
0.10638073
0.13720341
0.25147507
0.17782407
0.2047941
0.17827933
0.24747652
0.15799272
0.1718518
0.44093993
0.858456
0.8134478
0.82431054
0.45056012
0.8043537
0.67178744
0.6137584
0.512171
0.19769917
0.74985397
0.8185464
0.8307984
0.25038484
0.18165268
0.11561778
0.11365848
0.44945598
0.45763958
0.45706978
0.55278885
0.39330792
0.575057
0.62637717
0.5577055
0.6338641
0.8422915
0.92182374
0.918573
0.8371726
0.9259631
0.92556506
0.867034
0.6862692
0.64944226
0.73182195
0.9016749
0.9339485
0.9057048
0.607777
0.105799995
0.10064212
0.285828
0.1570973
0.79732823
0.052781694
0.03491875
0.037285548
0.049146686
0.8730254
0.96641916
0.97845066
0.96954054
0.19159181
0.07513408
0.04040335
0.046503846
0.6855812
0.68784666
0.09956665
0.0712109
0.2908307
0.37622812
0.8988794
0.9057933
0.7500319
0.74188066
