0.83552325
0.43087
0.40813747
0.7612236
0.23980361
0.19837213
0.11336023
0.09914317
0.13930434
0.1380317
0.12756316
0.09719005
0.08753508
0.25130248
0.829343
0.1299939
0.19130772
0.2337388
0.84992135
0.8407812
0.68854666
0.07927179
0.07867985
0.10530253
0.7626405
0.89733577
0.8951234
0.08842934
0.064107016
0.13989589
0.12417107
0.0970901
0.7894814
0.76495266
0.8273198
0.93324876
0.9347853
0.92050385
0.07814898
0.05251947
0.07462138
0.04534544
0.04313945
0.09478031
0.8871922
0.6788781
0.6258033
0.62321985
0.70768726
0.8835869
0.8938838
0.09369768
0.05737407
0.07675031
0.84689873
0.83078283
0.85500145
0.089137666
0.041653994
0.036180027
0.039242193
0.044255592
0.0556361
0.11624664
0.8186109
0.088185295
0.10310522
0.93718314
0.93262964
0.92015845
0.11562041
0.088881575
0.8201235
0.039396353
0.026399357
0.024957292
0.027004646
0.037897155
0.06376277
0.09916414
0.914797
0.83216923
0.8246505
0.08025141
0.057214413
0.06967035
0.83249134
0.88868344
0.07117328
0.056400005
0.065450296
0.061348543
0.054281652
0.065070465
0.08808181
0.09745355
0.08103785
0.05609918
0.05818136
0.7908922
0.8479839
0.8110052
0.7827889
0.7257505
0.11901096
0.100798294
0.15844476
0.79618746
0.8067334
0.6854928
0.13059223
0.12212327
0.13163051
0.7179374
0.13827369
0.18336083
0.14903696
0.13653077
0.13095792
0.109687895
0.12343716
0.6595045
0.10862399
0.1512386
0.1951172
0.5963003
0.32822964
0.33633608
0.6829078
0.5772176
0.5
0.38983902
0.27161467
0.28405413
0.41436452
0.45275855
0.6146274
0.65812856
0.59247893
0.5640272
0.54526603
0.5402832
0.57500744
0.59707546
0.5114147
0.18323988
0.121761456
0.098114595
0.108288504
0.09662809
0.09525578
0.23118839
0.82389724
0.08377677
0.06377106
0.04064174
0.029574601
0.03031757
0.06597766
0.92944175
0.97192883
0.96869177
0.063422136
0.042646468
0.045748245
0.035788406
0.037406232
0.050537065
0.7429825
0.6286365
0.11224053
0.15795954
0.16007432
0.2203245
0.85927176
0.8501476
0.8729202
0.67415893
0.5632575
0.5286496
0.5064699
0.64298946
0.72424227
0.7534048
0.7520882
0.6864898
0.6326559
0.5613661
0.6430778
0.6004767
0.54527336
0.5
0.54068494
0.6032461
0.6559625
0.68221945
0.18246338
0.13692527
0.11574967
0.11049744
0.6139834
0.4614353
0.8380084
0.29101333
0.36917728
0.43339416
0.7907368
0.7695515
0.68387914
0.11180094
0.14223917
0.7633435
0.048252743
0.031499032
0.02358808
0.021928938
0.024489608
0.019268079
0.024878336
0.847748
0.9759563
0.9785765
0.979451
0.917676
0.026709853
0.015910288
0.015186746
0.019758739
0.029234078
0.03947804
0.042694874
0.05312102
0.06535204
0.8944371
0.12687801
0.120425135
0.143399
0.87303734
0.86293983
0.31774205
0.6082656
0.0764793
0.060535386
0.108564615
0.15666902
0.73989207
0.7860772
0.68709916
0.667002
0.6279355
0.1379448
0.16055691
0.11161251
0.069945134
0.06774819
0.11228132
0.11838224
0.8499047
0.8894376
0.864055
0.7886677
0.8174176
0.790068
0.91288006
0.88667035
0.35483044
0.8007211
0.047434486
0.026822783
0.020661652
0.021369386
0.02202097
0.022303754
0.01726299
0.022711638
0.8572337
0.9628299
0.93643856
0.9660857
0.98054874
0.947024
0.95639384
0.034238752
0.016182074
0.013228011
0.015450135
0.019781193
0.022845155
0.024417443
0.050795674
0.8791072
0.25730276
0.24676044
0.14523864
0.057008713
0.08009142
0.15366185
0.074039064
0.061798617
0.06974139
0.07427509
0.17565265
0.24316621
0.087716155
0.07236578
0.11149153
0.22589765
0.92242384
0.30876562
0.16392475
0.034260403
0.020313872
0.025011946
0.0510351
0.098761685
0.9675859
0.9754411
0.9707509
0.85254914
0.05755008
0.040110797
0.054731812
0.040763002
0.05576991
0.8224226
0.753422
0.6904813
0.19878976
0.22361602
0.7563327
0.8374125
0.23022607
0.13941242
0.11318123
0.17824964
0.2621594
0.61134523
0.7647457
0.68386424
0.7960836
0.7760933
0.67817825
0.85388273
0.9070748
0.9143658
0.89327574
0.8327325
0.82076097
0.64340264
0.51711637
0.5367323
0.55188036
0.62679106
0.42069805
0.32154453
0.38684452
0.41904086
0.69162893
0.84360176
0.86910236
0.9196051
0.90585345
0.8697475
0.9097679
0.91030854
0.8531794
