0.68835884
0.5330622
0.34834766
0.43878472
0.3430946
0.2911247
0.32240313
0.38636485
0.6170537
0.5924467
0.5366504
0.45739385
0.48932585
0.5
0.506198
0.37960303
0.45517376
0.4868338
0.54332966
0.57472944
0.5841503
0.57123053
0.4864466
0.48657605
0.49805278
0.46888304
0.32254198
0.3427685
0.27291736
0.25393167
0.2560988
0.32867947
0.35105187
0.38186643
0.42305824
0.45434478
0.6161687
0.6228008
0.5776688
0.1983966
0.11069373
0.16105545
0.70662993
0.18993418
0.104467995
0.039409373
0.035699096
0.038996764
0.031658433
0.041204005
0.9243234
0.95700693
0.9512291
0.9508012
0.94191635
0.042002454
0.030042578
0.031216899
0.034285538
0.052234646
0.059461854
0.06909041
0.64385563
0.18707071
0.2818332
0.35790685
0.7849613
0.77718437
0.75074434
0.6655876
0.6286211
0.6543645
0.68691725
0.6981498
0.6974709
0.68951625
0.6709781
0.6589969
0.6031894
0.1913872
0.17966439
0.23542179
0.5654734
0.18501996
0.116556264
0.10348797
0.10583582
0.14719659
0.13096184
0.78358513
0.6874929
0.11331319
0.10344494
0.12580286
0.08759417
0.068149514
0.073722675
0.70117617
0.6977569
0.7180504
0.70732695
0.6468473
0.14941823
0.08313463
0.07937056
0.63540155
0.6819627
0.79616743
0.7699114
0.77389497
0.8240476
0.10273238
0.0771613
0.10022837
0.6999422
0.8348579
0.8673557
0.8033978
0.7337502
0.09989918
0.07970956
0.10477498
0.13587785
0.13489401
0.21359646
0.74177766
0.12847982
0.097648785
0.12512432
0.58448744
0.10898936
0.12548144
0.2281709
0.5919508
0.4360242
0.5896166
0.19219652
0.18912555
0.5547292
0.13275616
0.14441238
0.21154161
0.73317266
0.7659178
0.7845776
0.72497994
0.13470234
0.08614609
0.065149516
0.058236603
0.06777868
0.08747165
0.07039173
0.74772143
0.756757
0.8786496
0.8684066
0.83273304
0.7890915
0.6786712
0.14937578
0.13937658
0.10790991
0.60338306
0.09191629
0.10126307
0.10547712
0.11085226
0.63684857
0.63110024
0.09921645
0.12887807
0.17108746
0.2308976
0.22913055
0.23752284
0.30121106
0.3855785
0.3398837
0.24134758
0.22605173
0.28535268
0.35957733
0.5132523
0.47975537
0.47596493
0.43795496
0.35540736
0.3752803
0.47005847
0.40623337
0.43471822
0.49193415
0.43711364
0.48297188
0.43117094
0.47201407
0.57790524
0.71439916
0.75983053
0.87209624
0.9046509
0.90906566
0.8679253
0.14787862
0.08421148
0.050379016
0.041382387
0.80987895
0.9213161
0.9548805
0.9310715
0.94036627
0.87063676
0.07421433
0.043808095
0.052475814
0.1333816
0.78551877
0.55220616
0.10659224
0.10286942
0.093812436
0.1359465
0.83328027
0.83996016
0.8577642
0.8794093
0.7738408
0.63571316
0.16237336
0.10460261
0.082752526
0.121396884
0.6256263
0.7653223
0.7241057
0.28592333
0.19807227
0.10105938
0.089071795
0.11992355
0.17002493
0.73617196
0.7748328
0.8132613
0.16910201
0.08389581
0.056632664
0.065922126
0.69845974
0.7365811
0.76591706
0.7568991
0.7422764
0.70927376
0.09316278
0.06820767
0.080913804
0.20088352
0.27165928
0.8319845
0.8309603
0.8383833
0.8282064
0.8165202
0.80837643
0.7865411
0.7721681
0.66994125
0.106723174
0.12119979
0.11208302
0.12842204
0.22750042
0.7925049
0.8005999
0.75586915
0.73349077
0.7049995
0.38006365
0.4590118
0.7860871
0.53924066
0.8302415
0.8204877
0.80842763
0.814319
0.83601284
0.80768484
0.7881554
0.7319638
0.1894123
0.18418323
0.15584432
0.6239537
0.58729595
0.07380594
0.06376747
0.08909364
0.1567547
0.84856725
0.861713
0.7338184
0.14072132
0.09981349
0.09580189
0.090725906
0.13457538
0.17511256
0.5419817
0.5179768
0.6342901
0.8054442
0.7962357
0.5994239
0.46914032
0.43317455
0.45935524
0.62024844
0.76076174
0.6309955
0.16775587
0.10154925
0.10088277
0.24661116
0.1768066
0.69700396
0.7240063
0.67196065
0.09423896
0.07372195
0.09636273
0.14645556
0.24193615
0.8977259
0.12260347
0.060097963
0.046952177
0.049156744
0.07002155
0.7991014
0.83704406
0.34103096
0.21623315
0.77972025
0.7519356
0.78511685
0.7925725
0.23208354
0.36727136
0.78438956
0.8090891
0.13243347
0.086909905
0.07412271
0.07127569
0.08367681
0.7441277
0.083308235
0.06552809
0.054122616
0.05386865
0.074228846
0.8363413
0.86163765
0.889271
0.8056156
0.15127634
0.114451885
0.092953324
0.08413456
0.21035068
0.6214324
0.33673003
0.25245386
0.23582537
0.22060202
0.15823816
0.12985677
0.5844599
0.112718835
0.14335096
0.26952
0.320173
0.81069195
0.68653476
0.40215895
0.48943886
0.8039142
0.73045164
0.6925775
0.10842346
0.068861246
0.08240706
0.186564
0.663339
0.21052876
0.7381484
0.11291758
0.052479286
0.037431426
0.03483363
0.04761921
0.7785878
0.8805146
0.9282863
0.9447728
0.87207526
0.072532356
0.04537234
0.04442426
0.05731328
0.10626505
0.7673173
0.069272034
0.042446002
0.034210723
0.037892096
0.042811252
0.058953296
0.08815466
0.892146
0.12505409
0.10159865
0.09037191
0.06047738
0.087069415
0.08979396
0.074021205
0.10183693
0.097759925
0.11309745
0.5346984
0.47555038
0.53908694
0.562125
0.68135387
0.59130704
0.5
0.4113771
0.40679353
0.49951708
0.6562632
0.5546475
0.27386183
0.24823725
0.25972626
0.25005987
0.20675316
0.21889843
0.30075994
0.46011147
0.59438705
0.6895972
0.6887782
0.6465134
0.61537254
0.6212756
0.62617886
0.60309154
0.578396
0.57354003
0.52865356
0.56820697
0.6304185
0.56640995
0.57306594
0.5628999
0.18237615
0.1726863
0.17906506
0.1877154
0.13076001
0.14872724
0.1754266
0.1850721
0.5525653
0.15630162
0.21375507
0.35692188
0.66207117
0.24232556
0.18160932
0.10923631
0.07170425
0.08036399
0.12937357
0.23979007
0.70892775
0.73703057
0.25696704
0.12314004
0.09272761
0.082598425
0.0823829
0.098987296
0.11255053
0.12407737
0.11855757
0.6935219
0.737972
0.78020406
0.80816483
0.80036724
0.7862451
0.7720344
0.7281513
0.18487352
0.19973233
0.20655957
0.15328014
0.6484517
0.69224703
0.72510624
0.7362932
0.7320575
0.68699664
0.6035273
0.09462744
0.08152727
0.096380435
0.14616059
0.24729079
0.6643168
0.697395
0.6579451
0.6293886
0.58266544
0.504318
0.5488347
0.5829794
0.5895732
0.63167214
0.71451575
0.74812955
0.7470991
0.6762977
0.21960737
0.21686608
0.13821507
0.13330226
0.7474903
0.23162214
0.15501535
0.15429147
0.12089202
0.10844819
0.14806937
0.76904404
0.7492908
0.7759873
0.82058465
0.20467578
0.09477032
0.0636137
0.065304436
0.6513612
0.09577677
0.10667955
0.12877281
0.78246045
0.7319548
0.14359248
0.076845974
0.09420702
0.22347581
0.25489467
0.8700953
0.8685215
0.9020871
0.8518097
0.879496
0.2752359
0.19120981
0.10841565
0.08318804
0.106685825
0.6502143
0.6268465
0.13726884
0.20350495
0.15550815
0.5828799
0.11484979
0.18786347
0.23057331
0.22593161
0.5904616
0.57949054
0.55719715
0.21060394
0.19318141
0.63153267
0.323607
0.31676757
0.26200232
0.34314972
0.6631429
0.6495041
0.60414743
0.17896
0.18179666
0.22704645
0.22586551
0.6317087
0.66884255
0.6643242
0.7068876
0.72649777
0.7205092
0.7295294
0.71695715
0.7034122
0.68930495
0.36375976
0.27231917
0.23085715
0.240986
0.26380908
0.24467495
0.21007842
0.5892092
0.582688
0.3275542
0.28099212
0.2870903
0.52812886
0.35999382
0.39191717
0.30055416
0.31115788
0.6352722
0.6435601
0.6190341
0.57482797
0.5308024
0.27888262
0.1943422
0.16457903
0.19936448
0.32990906
0.3659161
0.35078987
0.2850881
0.3219449
0.61932105
0.57107264
0.35176316
0.27301726
0.21773924
0.19029807
0.20799242
0.3016959
0.49428576
0.572576
0.6560355
0.8746961
0.92804724
0.92038155
