0.75656366
0.56044626
0.5455695
0.6418328
0.88302976
0.87289697
0.7969853
0.7483757
0.70896924
0.6965904
0.5896725
0.5934345
0.6475762
0.6625588
0.7925362
0.79556686
0.65286064
0.6768845
0.86778224
0.8963226
0.73114085
0.5088693
0.36317223
0.33963546
0.8516578
0.08627757
0.06214039
0.07538732
0.051305998
0.0703211
0.0970045
0.9259862
0.07526905
0.06671143
0.043019406
0.012385744
0.009947514
0.01654485
0.8755441
0.9407901
0.9709825
0.987987
0.9835563
0.9723449
0.018598374
0.011069112
0.010341056
0.018806078
0.031873994
0.034641746
0.02760418
0.027265713
0.01773136
0.010831595
0.012804013
0.028039321
0.9102897
0.98144376
0.9888321
0.98685455
0.97236294
0.8746158
0.02136156
0.014218422
0.016901629
0.034811508
0.05097414
0.053429898
0.045767378
0.06966859
0.9127485
0.06942548
0.05811173
0.07538325
0.08867742
0.6646944
0.15143634
0.20385881
0.15823096
0.15398897
0.28883153
0.17271212
0.13683501
0.12276519
0.114201166
0.2503842
0.70748985
0.6701072
0.690377
0.7004608
0.7067922
0.73179734
0.07142423
0.042878874
0.03562848
0.048215877
0.055695202
0.053229824
0.037612557
0.026611809
0.029942999
0.6771191
0.083777316
0.17819925
0.9347194
0.9385327
0.93722445
0.9469173
0.9042895
0.09054824
0.033323966
0.023917733
0.024617327
0.028428158
0.03303391
0.031049268
0.030229008
0.037553173
0.06669594
0.13857968
0.8748829
0.78928083
0.70353544
0.062174566
0.04178746
0.06350452
0.05559883
0.03139323
0.02530002
0.018038139
0.020938218
0.046091367
0.95859784
0.95247304
0.957905
0.9526697
0.05549663
0.037368115
0.035308987
0.034514025
0.051395234
0.8840838
0.1234054
0.08709933
0.051784296
0.067807086
0.72496915
0.7440779
0.79249
0.121458635
0.086015694
0.07877816
0.10731469
0.11406822
0.11200519
0.5296747
0.586096
0.22481714
0.20637853
0.1703548
0.12883672
0.12834498
0.11712247
0.09629254
0.05934215
0.060347393
0.099251606
0.15846914
0.8524689
0.2790512
0.26468918
0.9244395
0.94454545
0.93751943
0.9393478
0.16056558
0.03873556
0.025336308
0.022592943
0.039137956
0.9391526
0.9562989
0.9540841
0.05073415
0.024631867
0.019728713
0.021879634
0.054685622
0.80398136
0.79685974
0.8540574
0.89075315
0.81032705
0.73378295
0.10290437
0.14553583
0.12132578
0.079513185
0.083900504
0.15994754
0.3667529
0.91502404
0.90085804
0.6823983
0.5816972
0.10040792
0.12771076
0.2592179
0.24718952
0.89474946
0.82413894
0.8050216
0.41504464
0.21223877
0.12670255
0.0748655
0.043985818
0.052850913
0.038690504
0.020711752
0.020050809
0.014617119
0.012317929
0.0151477335
0.046261657
0.15620992
0.9789803
0.98515505
0.98591495
0.9774954
0.11742693
0.045642823
0.026814263
0.020025369
0.01908534
0.02194641
0.028243743
0.0315455
0.04822991
0.1249985
0.87388873
0.9031746
0.9107521
0.89840686
0.87062883
0.8900266
0.8997465
0.9034536
0.8993852
0.88240474
0.85264844
0.82657033
0.76238143
0.7603395
0.7821069
0.80645716
0.33663815
0.22954418
0.5662003
0.18477742
0.13446055
0.09744633
0.080143124
0.08109651
0.63838273
0.11215499
0.10169233
0.60423416
0.17429113
0.19140309
0.16385505
0.84392333
0.87507766
0.8329114
0.732736
0.11475495
0.14078298
0.12454414
0.08727666
0.13303453
0.736782
0.08215958
0.06824736
0.07364472
0.094750226
0.13498962
0.47587445
0.26182753
0.45130995
0.8341712
0.318901
0.22902375
0.17350036
0.108529754
0.12080051
0.10455257
0.77590424
0.8350669
0.85331476
0.90414137
0.9183257
0.9126361
0.30065942
0.25191063
0.18696535
0.17178845
0.26640415
0.32829675
0.6344982
0.6054117
0.40945736
0.38251394
0.44021472
0.48903865
0.69371235
0.800689
0.8727484
0.52658033
0.14423698
0.12360774
0.11520466
0.0960122
0.08672846
0.07606226
0.059854876
0.0563421
0.07153879
0.81529754
0.202037
0.26297882
0.8343132
0.92358506
0.9084176
0.9251783
0.42406255
0.20961581
0.81582594
0.7031513
0.08408029
0.0688926
0.05993254
0.0652471
0.63189316
0.13479966
0.123336375
0.12694232
0.26297817
0.36055702
0.84725094
0.26004022
0.25753644
0.1837819
0.23940666
0.7660376
0.17537794
0.11961111
0.7263203
0.78729117
0.22567467
0.31224895
0.42091623
0.9334378
0.9363902
0.900943
0.76068574
0.67495173
0.16159667
0.23303156
0.4185287
0.88246125
0.8500722
0.113819756
0.06400632
0.062315855
0.098175384
0.12267937
0.21209516
0.87321573
0.8418365
0.91003335
0.91374576
0.8828595
0.47902066
0.25668937
0.17328306
0.12461929
0.11129642
0.15673098
0.15925367
0.15315734
0.58303374
0.54677844
0.19537885
0.15624246
0.22155266
0.52455336
0.45656896
0.44000843
0.5887415
0.5944757
0.630355
0.66455835
0.66390115
0.26595467
0.27551892
0.37091708
0.83311665
0.7967575
0.85210276
0.11719707
0.07753303
0.09911804
0.1302451
0.87008095
0.32974193
0.07113133
0.052403174
0.070213705
0.041030552
0.03394403
0.037330907
0.07114274
0.88314986
0.94001067
0.85830307
0.05700911
0.029178657
0.023671782
0.023495937
0.021351652
0.020863619
0.025085704
0.87039423
0.86786544
0.97612655
0.9799588
0.9707482
0.10117549
0.026146024
0.018366981
0.018410465
0.025757434
0.04113458
0.8893184
0.93315923
0.88644594
0.14517507
0.05745926
0.06763453
0.9346355
0.9243507
0.96239144
0.9694137
0.952748
0.93018055
0.05841916
0.0387842
0.04854682
0.8232652
0.101033255
0.1042383
0.0669811
0.0549775
0.072863445
0.101797126
0.7575174
0.10285287
0.07975163
0.07882442
0.6977296
0.7103148
0.7423464
0.7834284
0.87773865
0.8452645
0.797658
0.77312326
0.7699698
0.7546891
0.10820722
0.07128385
0.08574543
0.7514921
0.84818745
0.80492765
0.7558443
0.7195645
0.077803575
0.050103746
0.060454566
0.05000659
0.062052872
0.06056116
0.05766081
0.8454281
0.9147621
0.14539501
0.07372656
0.07845557
0.8401009
0.11541195
0.091407485
0.08284986
0.050701413
0.06657951
0.17172685
0.15830398
0.14814967
0.15316668
0.834928
0.8602266
0.762481
0.57809514
0.5298928
0.5
0.6119211
0.7181359
0.7232327
0.81718993
0.74238056
0.58373874
0.5888605
0.775534
0.75833637
0.65336865
0.60438704
0.5530474
0.5468406
0.11571126
0.1274117
0.10591536
0.6820526
0.57689106
0.2782432
0.14735289
0.09154278
0.08001028
0.081240885
0.8567627
0.11979988
0.063754074
0.059124596
0.097685724
0.8444684
0.3628172
0.079794355
0.06526314
0.15505742
0.7940666
0.7944902
0.069042556
0.06582857
0.062191296
0.8446216
0.9719392
0.9835939
0.9809647
0.9546984
0.053554855
0.048119735
0.15569378
0.8827373
0.05549349
0.046505526
0.067431785
0.15122128
0.88440174
0.21482384
0.6903101
0.06286766
0.043337326
0.042326465
0.05058617
0.07470076
0.11102632
0.08564887
0.09095925
0.7757121
0.8125478
0.15549469
0.10958572
0.46547052
0.8495929
0.91067857
0.89354694
0.6121173
0.36990187
0.43983072
0.2605526
0.27955404
0.25817156
0.5018594
0.52187973
0.6031205
0.59334123
0.61905134
0.79074603
0.87136006
0.88831055
0.8705789
0.8187536
0.8083883
0.86581016
0.88129616
0.86064386
0.8883626
0.8724626
0.8057992
0.74097633
0.66943765
0.555665
0.43426144
0.4091043
0.4568628
0.68972236
0.63575155
0.5326858
0.5661777
0.65717894
0.7775005
0.81304705
