0.7562744
0.692497
0.6483232
0.6781172
0.7299777
0.6528747
0.5948983
0.60911936
0.5944158
0.57824445
0.53765464
0.5
0.13043858
0.11336349
0.064177744
0.035373434
0.041244164
0.16660051
0.284664
0.94317436
0.9381185
0.9419063
0.9034848
0.22163512
0.09698481
0.057383962
0.053380147
0.071023025
0.12098742
0.18714055
0.8814748
0.8919914
0.85667413
0.8706801
0.83473754
0.8176699
0.8310978
0.7262472
0.34845862
0.19040172
0.15404375
0.12546104
0.1363412
0.23155566
0.38556793
0.71974653
0.7536538
0.52004737
0.4084113
0.2501924
0.1568826
0.21827832
0.21333274
0.73656005
0.75469923
0.7556759
0.7470137
0.7430717
0.75400466
0.7775387
0.7983737
0.7691581
0.7528502
0.69566256
0.13141848
0.13652085
0.119728774
0.16788314
0.2203552
0.265452
0.53425425
0.25620645
0.16324465
0.1795359
0.16138361
0.263655
0.42189094
0.70634806
0.673153
0.57277644
0.17482549
0.18007721
0.18600965
0.21169575
0.15884447
0.72095287
0.7418301
0.71851176
0.6143712
0.119784035
0.20200677
0.21835494
0.23366252
0.18360189
0.16854772
0.11613117
0.13181305
0.14302763
0.6949019
0.6933325
0.102868944
0.12875845
0.089554936
0.0591524
0.060961735
0.07911237
0.08330616
0.13845475
0.90531224
0.91399086
0.9038525
0.85283846
0.7903955
0.76644725
0.060551006
0.05892143
0.0903667
0.104354545
0.0975004
0.07550559
0.061218325
0.07228347
0.70813763
0.10150769
0.09159206
0.08691117
0.13356747
0.6994479
0.7668665
0.6935098
0.6217641
0.6908762
0.36025667
0.27204788
0.16966088
0.15036161
0.6266824
0.7096624
0.7723226
0.76091456
0.722242
0.6294235
0.17909631
0.20032325
0.27735662
0.39263928
0.8552109
0.8536211
0.82298285
0.72193825
0.6807143
0.6634898
0.642022
0.6152394
0.6204977
0.6393863
0.64159906
0.6222713
0.6021317
0.50181526
0.15915094
0.18755019
0.20569472
0.15114874
0.11188892
0.12747113
0.5836919
0.16977984
0.58239275
0.09491064
0.080848746
0.10892787
0.20679358
0.3430491
0.7788856
0.25331324
0.66420156
0.7406697
0.13898015
0.12552072
0.5692921
0.25092795
0.68499863
0.08702794
0.075767085
0.082506895
0.14898175
0.2392968
0.8955513
0.9159801
0.9301698
0.90559286
0.8835335
0.85946053
0.15771915
0.104151264
0.07201842
0.07039126
0.07867514
0.78783226
0.8610948
0.2850852
0.6267405
0.08802243
0.09887149
0.7240454
0.68728006
0.08241174
0.09803761
0.12614834
0.1008408
0.07674507
0.06257067
0.07327151
0.67699426
0.13577634
0.11529008
0.18896174
0.7922002
0.178991
0.17777382
0.1265833
0.07704723
0.076881744
0.087762535
0.08312605
0.08812061
0.12134903
0.12150425
0.11986111
0.120452315
0.10238855
0.7571724
0.15306704
0.11569775
0.09495626
0.735568
0.7273645
0.7729891
0.8394966
0.78008384
0.72025144
0.66838247
0.61361647
0.13002488
0.19994129
0.26237664
0.79806983
0.086980775
0.073882185
0.09769211
0.12512775
0.11343394
0.11921335
0.5863064
0.112412214
0.100921385
0.14065847
0.28773403
0.8303982
0.75607103
0.6707994
0.108477294
0.087086074
0.08890469
0.083357245
0.074331015
0.06830425
0.079697706
0.75675523
0.079354286
0.06942687
0.09317611
0.11007417
0.069941774
0.056035917
0.053867072
0.069220684
0.75540614
0.07402973
0.06507507
0.09148819
0.10839003
0.12543319
0.9017915
0.056776837
0.03451496
0.04161882
0.046765335
0.05416344
0.8590212
0.92166597
0.9500464
0.9187889
0.8652726
0.055862587
0.04278696
0.034562685
0.03398621
0.04895389
0.7723938
0.062312383
0.05163384
0.044580556
0.04130925
0.040668536
0.038011353
0.052880507
0.83983654
0.8265594
0.8149674
0.7761307
0.73145026
0.066250056
0.049628273
0.05715071
0.06971276
0.059847206
0.0630947
0.07000087
0.08662791
0.1112455
0.08171831
0.06970594
0.06981886
0.08360384
0.684712
0.75092465
0.79163295
0.8270642
0.7784796
0.72878695
0.6615826
0.05991387
0.062169302
0.10016942
0.099765584
0.07358718
0.05616067
0.70251375
0.112838075
0.039375924
0.06750299
0.08775104
0.8679603
0.9460988
0.93095744
0.9123669
0.12236717
0.06884898
0.03178819
0.025224306
0.037182618
0.091158345
0.13738704
0.14003566
0.11449791
0.121331975
0.18495128
0.19034049
0.17953342
0.15427501
0.14881474
0.26524258
0.73758155
0.861414
0.8945298
0.8803034
0.3663364
0.3531862
0.24445991
0.25262696
0.22448242
0.2540172
0.86067975
0.87720805
0.793214
0.230532
0.49441698
0.15709217
0.5688342
0.11871776
0.113880895
0.19209887
0.12979724
0.0736894
0.078617886
0.6857331
0.6961953
0.7311957
0.72112876
0.7253577
0.7293849
0.08097297
0.06349063
0.11027829
0.14926451
0.829369
0.87865746
0.9183574
0.88943
0.2610278
0.13914105
0.06639558
0.0656457
0.68263084
0.7500064
0.84835553
0.8006959
0.7410428
0.6573179
0.07919597
0.07241567
0.08320669
0.09633949
0.1285565
0.22139654
0.78916955
0.34016752
0.41709852
0.14789143
0.63323206
0.6665558
0.673364
0.65729576
0.118318774
0.11712203
0.114897884
0.1308005
0.13347708
0.109612875
0.5660236
0.5552214
0.60039824
0.71034807
0.7164161
0.6363725
0.16234681
0.14784329
0.16138643
0.59763664
0.6301234
0.15621671
0.17531867
0.21141551
0.1326375
0.103512295
0.13855971
0.77733886
0.08754848
0.051116098
0.045903597
0.049027774
0.06539128
0.12072198
0.25219104
0.89564574
0.16388606
0.07543899
0.10132872
0.08834304
0.17458019
0.8877772
0.0667065
0.034577318
0.032624114
0.045424875
0.7631612
0.80009764
0.92781186
0.9191121
0.85206836
0.8578649
0.06395198
0.055356614
0.046536244
0.04586064
0.051752146
0.061482787
0.78615403
0.08785343
0.064657785
0.06704822
0.082392074
0.7960754
0.76929516
0.16114835
0.28631517
0.37677383
0.85805017
0.89087933
0.8822035
0.8851927
0.87910354
0.9083847
0.9135994
0.8950911
0.8269738
0.86081105
0.7937606
0.11369971
0.10067769
0.11132096
0.8078892
0.75266314
0.07446058
0.051184487
0.047186557
0.050568696
0.056895867
0.061188243
0.06046483
0.06339463
0.06537539
0.06988941
0.06977855
0.06990776
0.06895204
0.061643336
0.05330629
0.06449105
0.74241066
0.086067595
0.08465621
0.13560706
0.87046945
0.8703201
0.8965645
0.8660183
0.81906956
0.8484633
0.1391609
0.076945096
0.06953098
0.06722196
0.056127
0.05460163
0.07276104
0.7880863
0.8120437
0.8374237
0.79577845
0.7760862
0.7622164
0.7417847
0.7231778
0.7436937
0.77581406
0.79741824
0.79588884
0.7722451
0.7358602
0.68565524
0.12295488
0.09464008
0.10675018
0.14179246
0.19211788
0.14671828
0.5784317
0.11496105
0.126131
0.20502166
0.7879061
0.76919544
0.29889798
0.15928537
0.13084726
0.14528295
0.23870648
0.33565313
0.6030906
0.8587128
0.5055838
0.25264525
0.18152678
0.53319335
0.5637337
0.661542
0.56802803
0.55406994
0.6560787
0.71512765
0.58247983
0.16349295
0.14260593
0.21615718
0.5942249
0.62855536
0.6532014
0.6455853
0.22716677
0.13100846
0.086369805
0.07863924
0.6770874
0.68218714
0.123916164
0.059134528
0.04866923
0.078105666
0.23159593
0.93934476
0.93593544
0.91669136
0.91671926
0.18052538
0.06921116
0.04467271
0.041678492
0.09850732
0.7504302
0.06854249
0.07338716
0.10413836
0.15504806
0.8197204
0.81717795
0.783482
0.7495579
0.68628204
0.6584214
0.67378616
0.10624554
0.07441246
0.074033216
0.08862634
0.0836143
0.06272005
0.061999492
0.7357789
0.7562468
0.81995773
0.84122753
0.8009884
0.67486125
0.101417325
0.08865081
0.09131675
0.6399756
0.6644154
0.61288065
0.15107457
0.18121824
0.13816275
0.1061804
0.5903844
0.49841028
0.21751693
0.20245056
0.4701049
0.39752018
0.6818339
0.7142002
0.19530182
0.18433143
0.123306006
0.13465379
0.18556947
0.42755297
0.48792502
0.7927375
0.8473705
0.7137806
0.73626417
0.8054712
0.77472126
0.68492115
0.63291794
0.2959412
0.24251981
0.14321154
0.11036783
0.21601057
0.6333538
0.2961078
0.3021882
0.61228865
0.68737704
0.6122692
0.5793
0.5121856
0.35723987
0.38891074
0.68853986
0.7478826
0.7955292
0.77067703
0.7522549
0.1835897
0.14917335
0.16080154
0.2265812
0.7678123
0.34074074
0.19480476
0.21033476
0.44444826
0.11087401
0.20042458
0.77492386
0.7714833
0.83650154
0.7107834
0.6017718
0.49835172
0.12522829
0.17113788
0.520889
0.12757576
0.2737286
0.39822146
0.34260172
0.24788381
0.49742463
0.2034895
0.21128002
0.52650875
0.58293134
0.6995678
0.64255214
0.5386952
0.4291055
0.4074381
0.3886476
0.40513545
0.49103937
0.4174378
0.52413934
0.35108373
0.24147956
0.19484273
0.17430885
0.4032362
0.73332226
0.7382585
0.70189613
0.40939623
0.2649787
0.22698046
0.22359627
0.21452
0.22440565
0.17178388
0.1802207
0.33349153
0.19919904
0.20917182
0.37865463
0.45837265
0.55163467
0.5702194
0.5
0.4969699
0.5
0.54105294
0.20970747
0.13156988
0.12374744
0.1533966
0.166356
0.18268122
0.3963103
0.36324015
0.45044112
0.60806483
0.7196925
0.84366447
0.82708573
0.63837755
0.65919966
0.480804
0.48760766
0.61581165
0.7391341
0.44043082
0.25286144
0.21098538
0.38113555
0.16217615
0.14956352
0.20260176
0.19870554
0.3957765
0.2541533
0.3365055
0.31113616
0.32033533
0.46426013
0.5816294
0.6801844
0.73959595
0.5718637
0.2926774
0.21866448
0.16252209
0.12382238
0.5854943
0.6587286
0.56371415
0.6474403
0.6084796
0.7143026
0.6812774
0.6665396
0.6037773
0.6155463
0.67326075
0.7193904
0.067307785
0.058687024
0.060842354
0.038743448
0.039355878
0.07035727
0.10061232
0.82010365
0.94476414
0.07117562
0.024762224
0.019651422
0.021127168
0.023659905
0.022519123
0.021499436
0.028157119
0.80936915
0.85304755
0.8883958
0.9322996
0.06604305
0.036249828
0.042635813
0.9409955
0.96853393
0.9733045
0.9650252
0.8179028
0.8445639
0.030288953
0.018724414
0.017025204
0.021410441
0.027206859
0.038343295
0.040197477
0.0452473
0.05459632
0.06075353
0.06755836
0.07338736
0.05110766
0.04491894
0.04178408
0.05735039
0.07079884
0.07830156
0.74997634
0.87400615
0.8902857
0.80717444
0.7352148
0.113492124
0.07225633
0.06403162
0.050529763
0.062496904
0.74467504
0.06219426
0.037640426
0.03561146
0.04536693
0.09604999
0.12966712
0.89616805
0.9390153
0.8675385
0.07265544
0.038309526
0.032948244
0.034503408
0.038467176
0.039529942
0.035935998
0.03813202
0.04894731
0.8286906
0.092078164
0.060506344
0.05336692
0.8020633
0.8163876
0.8547605
0.89195704
0.87690496
0.9215918
0.09430231
0.11319227
0.12100006
0.097333826
0.04360434
0.03890896
0.04544853
0.06109504
0.07916125
0.08242945
0.078712344
0.07842685
0.09191863
0.08894855
0.10257698
0.20826104
0.71792305
0.11556486
0.10514004
0.6724927
0.103918366
0.11368722
0.12918468
0.096716516
0.107073106
0.69759864
0.68500006
0.6096537
0.123884596
0.12876107
0.61526686
0.14681919
0.17792681
0.6206939
0.66007924
0.76793367
0.879921
0.89721185
0.8714965
0.2747717
0.22286785
0.16201326
0.099948764
0.08726555
0.080895185
0.10754119
0.20654148
0.67189664
0.8522938
0.91444
0.31298342
0.14916432
0.08368519
0.07611396
0.13164411
0.122580774
0.11924282
0.1133265
0.08657057
0.07617864
0.6371196
0.09693884
0.1109375
0.824855
0.16869257
0.12811992
0.73887
0.06816176
0.07120105
0.05610456
0.058713473
0.07634619
0.13332304
0.15815419
0.8251829
0.150625
0.18267033
0.82866275
0.8257249
0.1505899
0.09200574
0.11723989
0.16593753
0.84143806
0.84505844
0.885793
0.83474606
0.835301
0.8854254
0.8829761
0.8447978
0.7906421
0.3827993
0.8530759
0.9078618
0.88363624
0.80008376
0.76272225
0.7722437
0.7749894
0.79693824
0.7941704
0.061167322
0.04254626
0.044507127
0.06396898
0.109549336
0.12653394
0.93183565
0.04928175
0.0201568
0.015265557
0.014994438
0.022842314
0.89619535
0.8924254
0.97502047
0.98337156
0.9632343
0.95012045
0.043204084
0.029608008
0.022287777
0.021628981
0.03294298
0.8419941
0.059660338
0.050375164
0.034942318
0.03236419
0.039735455
0.05953679
0.89952207
0.87054956
0.882776
0.907295
0.89120483
0.88427866
0.8661531
0.8559853
0.7644872
0.27817073
0.8223997
0.8435933
0.88091195
0.8626344
0.82790107
0.8504552
0.12014828
0.0769303
0.08901221
0.15967438
0.84297985
0.8694568
0.09971621
0.08224376
0.09446842
0.11648832
0.107784666
0.079725094
0.06791793
0.10433271
0.81376487
0.597962
0.17505938
0.6645408
0.1695196
0.33724254
0.86191344
0.8043769
0.118010096
0.1090555
0.7288164
0.09603565
0.12095016
0.10060791
0.058950502
0.06002208
0.08169487
0.10076968
0.08383931
0.10094453
0.21367207
0.86003864
0.9234226
0.9589553
0.94812876
