0.94950575
0.94327325
0.90876627
0.80162567
0.72992486
0.7267354
0.7912303
0.7992701
0.68798935
0.5773448
0.4391069
0.41316685
0.41078007
0.39321512
0.48480946
0.5
0.43468797
0.40301305
0.49028432
0.34082368
0.22162929
0.17334008
0.1794219
0.41489682
0.43233338
0.6302799
0.5371623
0.7021103
0.55011827
0.55783
0.601053
0.76729417
0.67473763
0.2274877
0.19262068
0.16142486
0.19420573
0.21942247
0.17620237
0.1576943
0.24635106
0.23300695
0.2617019
0.43783695
0.26387206
0.25624686
0.3435617
0.4569826
0.6911955
0.8559451
0.857289
0.71814346
0.7706903
0.5882756
0.67759264
0.46798033
0.28437936
0.31556147
0.7139829
0.5445667
0.4881813
0.17033876
0.1736571
0.34833175
0.84516114
0.8303193
0.10041388
0.073440015
0.07656424
0.095990725
0.17185354
0.19986114
0.8507604
0.9176131
0.060254317
0.041976232
0.08573036
0.09998585
0.100028
0.9507373
0.9459217
0.83427346
0.8491393
0.82549447
0.77628696
0.79110825
0.0594628
0.06615818
0.066763766
0.063920595
0.08697088
0.09884489
0.09984345
0.092143245
0.07650613
0.08234167
0.2362563
0.81702125
0.10570242
0.14398523
0.17940055
0.5091962
0.1796794
0.5518008
0.14464922
0.1147222
0.43028402
0.41426885
0.5147533
0.48605692
0.2171869
0.1725812
0.15718682
0.12211284
0.6254059
0.71310604
0.4984569
0.565403
0.90019554
0.8871745
0.6672395
0.12874123
0.078671426
0.067025185
0.062110793
0.06808395
0.07695547
0.13654171
0.9161896
0.9300895
0.38197583
0.15571144
0.7351784
0.7384428
0.72899216
0.060246162
0.065723695
0.10763642
0.124341585
0.099215314
0.09973496
0.12448406
0.7639777
0.1543871
0.47300225
0.08291418
0.118089095
0.7312594
0.8567805
0.4575098
0.60149366
0.91614527
0.06962652
0.038482312
0.04284947
0.020070443
0.020418594
0.0415211
0.9503746
0.9817879
0.9831834
0.9715205
0.030398091
0.02069344
0.02176685
0.027312456
0.049488906
0.05468655
0.8680053
0.4141051
0.6182899
0.9217649
0.8825766
0.8927017
0.12789561
0.08813307
0.6441729
0.20651749
0.8451338
0.84620774
0.9349844
0.9227296
0.7952414
0.0767986
0.046598185
0.044397596
0.80423677
0.8805098
0.9492186
0.951934
0.119624145
0.17848061
0.12396776
0.8274127
0.9418164
0.96196675
0.9532188
0.8856191
0.09410066
0.030770844
0.022111574
0.022640787
0.030044897
0.057726607
0.9139368
0.0784382
0.071432546
0.90729064
0.93870926
0.93622094
0.90594405
0.04020222
0.025196465
0.023248306
0.029233608
0.03780564
0.04609085
0.05092524
0.06758633
0.81704336
0.05496975
0.051769525
0.06984435
0.05748333
0.057239424
0.07697248
0.116514355
0.8366809
0.65405804
0.12457758
0.12672162
0.70382637
0.056696273
0.05677897
0.086596996
0.11541752
0.1490113
0.18960845
0.11004944
0.08297971
0.051401325
0.061337885
0.10108155
0.086492136
0.111618824
0.89923316
0.058468726
0.04403561
0.099817604
0.9110258
0.9109971
0.08163535
0.089895785
0.029011399
0.015746597
0.013946474
0.014560175
0.013500829
0.018624308
0.8691689
0.6888753
0.974378
0.9823445
0.9568706
0.8301949
0.8647892
0.030110402
0.022267735
0.025886763
0.032243434
0.02894821
0.031070422
0.036322683
0.0545151
0.041336346
0.038494714
0.054905977
0.8560509
0.9091284
0.8514894
0.122430354
0.16008475
0.096397586
0.06639887
0.064889334
0.099998794
0.7646748
0.88517886
0.09603447
0.057257436
0.059954993
0.063817024
0.05153615
0.037278652
0.041210674
0.77865696
0.862452
0.919457
0.9108592
0.92069674
0.88245374
0.8879442
0.9044859
0.8013584
0.096180476
0.11633456
0.051851187
0.053925015
0.07418338
0.062220156
0.07081735
0.7552817
0.85747576
0.78373694
0.8698881
0.081644565
0.04808706
0.06082042
0.07614302
0.8210926
0.5
0.03611878
0.02533957
0.03611633
0.94816166
0.9606326
0.9720448
0.9439432
0.9422256
0.034603063
0.02437255
0.022435471
0.020037167
0.029818872
0.054990046
0.092195146
0.13997076
0.90522045
0.11279426
0.06669546
0.054728206
0.07289972
0.7966087
0.8924027
0.82565194
0.7568799
0.124141
0.13955233
0.16466445
0.17988442
0.5897768
0.5221358
0.7764753
0.24479918
0.14680292
0.36207366
0.22932652
0.10547375
0.15838481
0.6063142
0.667002
0.7978382
0.9185862
0.9289353
0.41618094
0.40858752
0.23067772
0.1551941
0.13360618
0.112810165
0.78822064
0.7311738
0.8849271
0.8725427
0.5342492
0.21325226
0.144454
0.094572134
0.07094121
0.626483
0.6486635
0.8867668
0.8652159
0.2006416
0.1052668
0.104171485
0.13290794
0.52727836
0.6391155
0.3503526
0.24716519
0.212916
0.34254962
0.18433855
0.15639125
0.2577722
0.46319777
0.27633637
0.20680213
0.16156887
0.36016214
0.2082344
0.17637354
0.46306825
0.38632643
0.48647147
0.5105673
0.66620713
0.5962586
0.68544203
0.79306936
0.8068101
0.7402143
0.7185633
0.6224494
0.30168763
0.2298928
0.28668967
0.18012509
0.24523076
0.23278534
0.2045781
0.27740335
0.4553056
0.20987093
0.18218862
0.19686893
0.27759117
0.34538227
0.57610685
0.83690155
0.77566046
0.2728234
0.24940515
0.71322143
0.57587993
0.15733275
0.16508105
0.17868468
0.20817626
0.7800469
0.12678708
0.07503351
0.07403065
0.06520592
0.0759915
0.731886
0.725149
0.20324895
0.71507066
0.86611474
0.2710237
0.16292658
0.7091062
0.06910686
0.06245305
0.046063248
0.045417976
0.06534927
0.062108275
0.0428693
0.032608107
0.9293463
0.9138678
0.9818309
0.98346543
0.95767975
0.94279045
0.91138184
0.032536548
0.03313756
0.036309384
0.03372984
0.028723355
0.029738236
0.035704833
0.05899493
0.8970431
0.25795242
0.21637475
0.7819958
0.8030186
0.22179253
0.7858467
0.762192
0.75330263
0.83357674
0.10604231
0.0798736
0.07090011
0.09168241
0.1371884
0.77678883
0.15135752
0.19073868
0.21783574
0.23892377
0.85027194
0.8173922
0.24739811
0.23808603
0.68603975
0.15202452
0.11738062
0.105084054
0.10161802
0.5578196
0.27121508
0.4377186
0.50536036
0.79756415
0.14059828
0.08718445
0.07692008
0.08090279
0.08779491
0.079218805
0.08074548
0.7707909
0.86105376
0.1395939
0.102807604
0.43975073
0.72463155
0.12614302
0.10501079
0.592395
0.10564203
0.11591034
0.5727373
0.49193007
0.9178693
0.94631785
0.89189017
0.854983
0.1514506
0.14401674
0.6676519
0.75342214
0.12599866
0.11959253
0.6359407
0.08148563
0.10614184
0.13097247
0.86228895
0.8969806
0.09005012
0.05811891
0.10412006
0.7044625
0.77523696
0.9103342
0.9019357
0.7019928
0.08673479
0.078205906
0.1362295
0.29449683
0.8805573
0.2440055
0.21061754
0.25112325
0.11279037
0.09349525
0.14314336
0.12186705
0.092539854
0.07769201
0.39886728
0.4279885
0.93069065
0.9446585
0.90439266
0.21364024
0.09683667
0.15987092
0.1528839
0.73790354
0.33508807
0.5425872
0.25313628
0.41268367
0.30700633
0.1527552
0.107296996
0.13008025
0.11462556
0.08014309
0.06890658
0.055987675
0.059155844
0.08319173
0.14390868
0.28652093
0.9294639
0.08757811
0.05081277
0.04963986
0.062150728
0.058566887
0.0722014
0.062488712
0.06117716
0.088771716
0.69314665
0.9233737
0.9500615
0.9414918
0.25956053
0.075171694
0.04945085
0.05606123
0.6320141
0.11255384
0.099899836
0.58603424
0.7758566
0.8787283
0.93989676
0.9515529
0.9256949
0.1011405
0.07826891
0.6277829
0.04647562
0.038197722
0.06959371
0.19902182
0.89598286
0.8558824
0.7282194
0.0755661
0.04790666
0.047066752
0.040834397
0.038150765
0.035943758
0.05356373
0.08727309
0.115071066
0.90099806
0.8374372
0.08209714
0.05108678
0.04342859
0.0565131
0.12707543
0.13101913
0.09701451
0.090133406
0.59513515
0.40337625
0.7524511
0.17570665
0.09370635
0.06896668
0.05853795
0.059098326
0.061972033
0.10149755
0.121098325
0.8646637
0.8475135
0.17133422
0.07113138
0.045262363
0.053899813
0.7402163
0.05391109
0.04195075
0.058701597
0.19690527
0.9196797
0.9593987
0.95116234
0.12725222
0.053199507
0.041478556
0.050063934
0.08386816
0.06875092
0.055142414
0.055925317
0.73611057
0.18760285
0.8651813
0.070876904
0.039788276
0.05411141
0.7933
0.78463155
0.8903556
0.9615891
0.9714945
0.9597782
0.86702496
0.7949915
0.054454617
0.064140104
0.0971825
0.88748276
0.8819676
0.2215219
0.87546724
0.06538449
0.026966766
0.020131666
0.01828676
0.022545265
0.026531633
0.031522628
0.037945632
0.9137702
0.95521635
0.9660383
0.1314358
0.1567627
0.05742392
0.04537542
0.04596926
0.05471791
0.05788936
0.81816113
0.074759096
0.06712657
0.8920583
0.9627375
0.96908385
0.9171827
0.071007565
0.05654521
0.804886
0.04431026
0.034640543
0.034231756
0.0345046
0.036397327
0.041430656
0.049013898
0.80011874
0.79630184
0.10709454
0.075084925
0.21247709
0.35837927
0.8584145
0.17434421
0.14788412
0.09348484
0.11034666
0.7096684
0.50396734
0.17505579
0.15752633
0.110617384
0.5905806
0.6523922
0.75951755
0.70795375
0.6475617
0.43499076
0.113031164
0.103651255
0.37986857
0.9344682
0.9514629
0.9360226
0.11349547
0.05611212
0.06067334
0.042882737
0.063138284
0.05268957
0.047796838
0.8391067
0.8636901
0.10596118
0.10233214
0.92867243
0.9528663
0.9519982
0.08660072
0.06465865
0.03251406
0.042015564
0.89322734
0.8593545
0.8712708
0.9157621
0.8765579
0.923911
0.88691145
0.8849456
0.79153204
0.054164615
0.037116446
0.03497018
0.04737951
0.074347705
0.10050193
0.85375404
0.7712078
0.07519179
0.0661172
0.09244299
0.13157488
0.11210473
0.08641785
0.075986825
0.15696152
0.3037018
0.6883262
0.8911973
0.9174413
0.8808527
0.6194211
0.6622053
0.8513104
0.67394376
0.09751406
0.06860732
0.068005204
0.07394767
0.103585035
0.074730635
0.07365261
0.08155386
0.08464767
0.10002794
0.8859267
0.10420578
0.07173732
0.07928612
0.090851724
0.09873749
0.6136581
0.115854025
0.09983731
0.5657979
0.12201337
0.18891305
0.79721
0.105041824
0.08007668
0.05356275
0.053153053
0.07444471
0.8015765
0.8293446
0.8307758
0.102495685
0.08717652
0.0973332
0.09345651
0.09942973
0.7068137
0.12102778
0.14631416
0.81058824
0.082796104
0.0647921
0.07357482
0.10970386
0.08880709
0.08290527
0.650706
0.19307011
0.72897464
0.06797163
0.07094146
0.11880992
0.09321786
0.058943894
0.044157714
0.051157523
0.09338748
0.1253396
0.07114777
0.06458302
0.088274434
0.08246661
0.101168856
0.12760936
0.3480811
0.55809927
0.25811163
0.16059917
0.2697184
0.22152735
0.24609847
0.7975174
0.5842689
0.11281726
0.058408454
0.045849774
0.061581302
0.74628794
0.7666422
0.9117687
0.8931385
0.16508439
0.12506579
0.15069373
0.2885113
0.9095268
0.9390265
0.91979283
0.5105251
0.28731424
0.32477698
0.45192352
0.86134386
0.9007251
0.8883893
0.67274565
0.16773611
0.24011095
0.22575466
0.14782335
0.12310451
0.09728895
0.11894235
0.08358663
0.6720901
0.20913301
0.75679475
0.07760303
0.05611565
0.05039734
0.049535304
0.054227304
0.068374336
0.105329044
0.84644634
0.35013205
0.9405571
0.93610466
0.80336285
0.6830489
0.09784174
0.088437594
0.078948
0.1243766
0.20391321
0.78042316
0.15431951
0.17582026
0.7306834
0.25919357
0.542298
0.19694895
0.5903291
0.102079436
0.13340987
0.19373028
0.735351
0.40535632
0.347725
0.23542115
0.15476121
0.11401627
0.6508267
0.6766234
0.22811872
0.24496572
0.24391307
0.5330034
0.5597169
0.32450303
0.38537946
0.22528267
0.5076345
0.6636998
0.71973294
0.65565354
0.8247735
0.6863787
0.27848753
0.30509543
0.37457138
0.4588554
0.39656723
0.17221473
0.12261156
0.119383246
0.6637178
0.10823409
0.088737935
0.083041616
0.10611864
0.12214857
0.7217733
0.23093738
0.17098118
0.7856012
0.13712518
0.08251636
0.10798144
0.781531
0.07941654
0.060825516
0.08469432
0.1969762
0.8762956
0.08571626
0.06094878
0.07155751
0.06175765
0.045304563
0.04296967
0.0688591
0.901663
0.9414211
0.8646874
0.94118416
0.072358355
0.044560652
0.054216906
0.12625997
0.23194815
0.90251744
0.816701
0.7323623
0.61072975
0.10114301
0.09746474
0.75994265
0.06719662
0.049519625
0.040874816
0.03923003
0.04468806
0.08197913
0.20682049
0.8736256
0.7941543
0.7245917
0.06643787
0.049646534
0.08170076
0.09739047
0.10426194
0.12861533
0.10388735
0.14371409
0.11033478
0.097054236
0.08304
0.15531406
0.14667538
0.52516764
0.27296135
0.2718646
0.5238944
0.3197954
0.25083876
0.15367466
0.11408787
0.23353404
0.3354932
0.36526862
0.17764714
0.2497151
0.25251755
0.3880973
0.7678802
0.16531827
0.116890505
0.1296583
0.11004164
0.14220089
0.118202515
0.62441486
0.50993466
0.45941836
0.46335566
0.4510765
0.62979
0.799912
0.8720345
0.8448798
0.27276853
0.16062272
0.5597793
0.1310032
0.058982335
0.04292964
0.052721296
0.68774384
0.72524
0.92939645
0.9245084
0.82363087
0.69608915
0.07069978
0.05163384
0.051321223
0.07430808
0.14450236
0.2517337
0.22539851
0.17151074
0.30874762
0.34516513
0.19656737
0.1547717
0.2761116
0.3482905
0.74754524
0.6577085
0.28987178
0.2352932
0.26052272
0.49970493
0.56009144
0.6557332
0.43972477
0.31730393
0.3128802
0.3652311
0.42766735
0.40324762
0.40065485
0.34029418
0.30458328
0.26903817
0.21906161
0.31899932
0.4452525
0.25834012
0.19294742
0.30403352
0.48197648
0.22678189
0.1674281
0.15383208
0.5187574
0.40914464
0.32075375
0.31837168
0.37886992
0.31830376
0.46094933
0.7329994
0.7981448
0.38112313
0.40788752
0.4573214
0.865355
0.88225526
0.7567767
0.5008236
0.29245484
0.42292988
0.41626763
0.6638543
0.5
0.45034173
0.24974631
0.20847625
0.273127
0.4364472
0.47311184
0.36419937
0.50988907
0.657995
0.676661
0.8322852
0.8170231
0.6756689
0.4045127
0.33939293
0.42207474
0.31177726
0.3627751
0.34985593
0.43649644
0.79052585
0.5516327
0.34555984
0.24076326
0.15179467
0.22976755
0.21258506
0.5462683
0.149615
0.19255519
0.09507443
0.07398822
0.08843151
0.049635436
0.7481766
0.7946829
0.86568
0.9366892
0.93458885
0.08966366
0.058306266
0.07220223
0.14746523
0.16147187
0.22202046
0.84357214
0.20274471
0.112256035
0.06583337
0.039842315
0.044084992
0.08375532
0.15414587
0.8207478
0.9023729
0.8541909
0.8368262
0.8718043
0.8066475
0.7916837
0.17077288
0.07274033
0.054848976
0.05627225
0.09371683
0.15213893
0.21688507
0.7357852
0.83285445
0.73815507
0.7563495
0.24163371
0.19819213
0.5452386
0.10288557
0.0976992
0.14559405
0.23192143
0.23640859
0.91701627
0.90844524
0.74481165
0.08939751
0.05179754
0.046570897
0.050837852
0.06684176
0.17993708
0.1706622
0.92893285
0.88882285
0.9343863
0.93115234
0.8975178
0.17550759
0.20514274
0.17864412
0.90586716
0.89565825
0.109885946
0.08524384
0.80525607
0.88874567
0.8388331
0.06360591
0.040412437
0.04381357
0.82172084
0.86970085
0.90047324
0.9317904
0.08745491
0.10115522
0.0827482
0.8431179
0.9348639
0.9361362
0.09936424
0.07281982
0.76793194
0.7784467
0.8818082
0.8208359
0.073235504
0.1077433
0.11199833
0.9112651
0.8925884
0.9614295
0.9455838
0.91133803
0.1136569
0.057494674
0.058389224
0.040026736
0.07523358
0.053823788
0.057561632
0.09327803
0.086564586
0.13614273
0.08713255
0.089663684
0.6412372
0.14202084
0.15612735
0.12937498
0.13556159
0.099998735
0.06959971
0.04377435
0.03691642
0.051666785
0.037124205
0.027740847
0.030436186
0.8217398
0.8522888
0.8981543
0.9529531
0.9564543
0.9286341
0.86597
0.8824352
0.053044118
0.048809025
0.035554834
0.030241607
0.0330104
0.040620606
0.07099359
0.6986856
0.7851232
0.871577
0.83627415
0.24607159
0.20340244
0.18384723
0.12522686
0.19938785
0.35120437
0.4064197
0.6361692
0.12181397
0.089707434
0.611085
0.21438734
0.3664594
0.74096394
0.7619215
0.88899004
0.19918315
0.113492675
0.05430251
0.034320343
0.03332235
0.028932575
0.042888097
0.90530074
0.8520837
0.9048934
0.92221075
0.90378004
0.9429123
0.9347813
0.82956713
0.8028944
0.035541423
0.023977613
0.026364986
0.022891825
0.026488367
0.031950105
0.040482074
0.8566339
0.9248878
0.9437534
0.23637156
0.22497948
0.11683649
0.080446884
0.095874906
0.15553953
0.1655686
0.16034997
0.16260232
0.13819301
0.119094655
0.09635792
0.07769259
0.63326305
0.57715195
0.23389027
0.15789343
0.74799
0.8282066
0.8307038
0.84367204
0.2874102
0.46655062
0.769471
0.7086294
0.09690585
0.094897084
0.09609711
0.109697014
0.15523696
0.17269488
0.19066757
0.24646124
0.18943499
0.7646044
0.18133582
0.15316698
0.79989403
0.6314542
0.1197165
0.11494849
0.8228305
0.88775986
0.08078505
0.045725632
0.04172813
0.035382435
0.037078626
0.036505513
0.037572287
0.04404197
0.06858592
0.9135868
0.17518212
0.12087621
0.107702695
0.1039238
0.9463569
0.9411896
0.050446972
0.024084792
0.030438114
0.024046939
0.033961717
0.058353987
0.92110556
0.035290822
0.021774964
0.04044096
0.10150443
0.9545868
0.93235284
0.09024523
0.076266035
0.91443384
0.9330762
0.9448387
0.07857265
0.07245319
0.86823887
0.9254075
0.036100995
0.019490326
0.015302373
0.014719207
0.015772328
0.01696867
0.022485115
0.034577012
0.05175083
0.05424746
0.91934836
0.9180977
0.06416307
0.042447235
0.040587675
0.040712364
0.04016921
0.03526073
0.04658769
0.06774839
0.05582661
0.05695956
0.06621966
0.09200669
0.08501803
0.82110953
0.84632725
0.12338844
0.13338092
0.7442871
0.08245738
0.07509678
0.07587461
0.067861184
0.30695602
0.3920202
0.8265592
0.6037756
0.4361152
0.3719882
0.4598202
0.5678702
0.82820135
0.8588224
0.78419894
0.86467487
0.8363148
0.687966
0.6606174
0.20210014
0.4086941
0.30325243
0.046788577
0.022927854
0.02264739
0.026704855
0.038032014
0.021775817
0.024855709
0.92331016
0.94854355
0.9814547
0.97783196
0.036993843
0.017925812
0.01432772
0.015231059
0.017549518
0.030287452
0.048618507
0.054753117
0.07692956
0.1890983
0.72705287
0.80506027
0.43238598
0.3887935
0.5
0.2511902
0.19483107
0.18664776
0.21607514
0.27516937
0.42764276
0.59356487
0.90933067
