0.7825976
0.30310234
0.2532875
0.28967145
0.4377055
0.9076543
0.92709637
0.9317703
0.92665106
0.9054968
0.8557569
0.8608998
0.29849708
0.2150751
0.2189439
0.31388894
0.8495861
0.10181322
0.0828203
0.11528748
0.8343617
0.8672564
0.8499643
0.8127342
0.72267014
0.68946093
0.09609476
0.08531796
0.12237553
0.78254354
0.14174503
0.16613847
0.20151922
0.21141249
0.64925575
0.6218826
0.8102545
0.78171086
0.80296874
0.82760763
0.70382035
0.69458044
0.22380307
0.14328311
0.095669575
0.096923076
0.14307678
0.1129745
0.08158749
0.07375413
0.7772069
0.8854245
0.9329639
0.92606807
0.77774376
0.66810906
0.07970104
0.07442289
0.16099484
0.32411963
0.6745962
0.53004885
0.5
0.22880037
0.1785786
0.19906959
0.35784712
0.20273377
0.15302505
0.21877024
0.23021051
0.68087894
0.5169622
0.5352634
0.6389561
0.76882243
0.7492291
0.2724258
0.18668309
0.15852931
0.3144242
0.21693298
0.76643276
0.4991638
0.48601487
0.64604336
0.8788437
0.9384543
0.94764805
0.9287021
0.8813084
0.6465535
0.13955577
0.11036783
0.10124214
0.09012732
0.13970698
0.5030542
0.25036395
0.23631202
0.41554102
0.41901293
0.2367035
0.24445131
0.5
0.4825643
0.29271412
0.27400336
0.28837118
0.42685047
0.45319328
0.57294184
0.4407754
0.54171765
0.37351996
0.39448908
0.5391584
0.7723973
0.7902679
0.7275202
0.41536653
0.22871456
0.17177327
0.17730585
0.3097475
0.40303046
0.39924562
0.21131305
0.17489769
0.2314608
0.44868332
0.64073294
0.52114373
0.49672666
0.46064883
0.5052905
0.6050155
0.40489507
0.47391847
0.29940745
0.3178586
0.5869488
0.3617748
0.47018206
0.23361123
0.18572198
0.17292449
0.18110007
0.21902083
0.25553375
0.5463616
0.7200941
0.64141786
0.646646
0.66722834
0.8151603
0.7987433
0.5543357
0.26190713
0.22767118
0.18220851
0.16968937
0.15543729
0.54213864
0.63090074
0.47099397
0.41446248
0.17441787
0.13654517
0.14088221
0.26882705
0.8675541
0.87816226
0.72438115
0.52949774
0.17563684
0.298543
0.14158306
0.14242703
0.5895641
0.6356143
0.4444899
0.51164234
0.37713102
0.42592618
0.28311154
0.25342777
0.27034456
0.52874213
0.8219879
0.9037476
0.9255096
0.916099
0.86268365
0.7144987
0.7396898
0.40672758
0.4946085
0.4138684
0.573712
0.61804485
0.7567837
0.5775961
0.6331041
0.24412376
0.2262334
0.27104932
0.44626585
0.320116
0.5510923
0.26948968
0.22178471
0.2397205
0.7479447
0.53894925
0.12869138
0.1192344
0.13970982
0.8376308
0.8561134
0.64762133
0.108908735
0.06180862
0.062363
0.7467308
0.87653697
0.84500587
0.89852387
0.10539105
0.06543934
0.07119056
0.6211715
0.6740837
0.81816244
0.7373903
0.67499197
0.6545327
0.55371934
0.15323684
0.09715746
0.13862665
0.57177037
0.11130357
0.13230702
0.1878259
0.64775723
0.4182066
0.78145486
0.17302933
0.14313161
0.20579194
0.6096182
0.40903294
0.24083924
0.16451618
0.12411178
0.20744401
0.17221914
0.16502711
0.21916132
0.28415358
0.24471648
0.27079648
0.28970364
0.35102415
0.44316772
0.24324256
0.20928465
0.2883678
0.16243322
0.14906965
0.3018766
0.19968575
0.20704715
0.26414555
0.5995204
0.4272421
0.37926117
0.44343248
0.5
0.27961594
0.30613396
0.50505877
0.44813398
0.35053134
0.2465708
0.24663909
0.26967287
0.33202827
0.30787766
0.29412276
0.39928347
0.42827415
0.56891036
0.7101099
0.6838975
0.8020253
0.75263846
0.56243944
0.49933568
0.50431865
0.24375075
0.26971614
0.44242916
0.44589868
0.3586161
0.46479252
0.5420159
0.12486827
0.12819168
0.11532774
0.100008845
0.12637335
0.1121608
0.60446954
0.5776583
0.6682844
0.73334616
0.8710598
0.8236855
0.85319614
0.6290312
0.1379901
0.10015924
0.07771858
0.09592869
0.53247184
0.1446034
0.33827594
0.81842554
0.1710837
0.14927253
0.14307725
0.13323972
0.11379208
0.11442821
0.30331427
0.2804398
0.3265842
0.46578315
0.31960747
0.4939198
0.4640405
0.24288537
0.20238097
0.2377113
0.21783112
0.29261413
0.2024767
0.22659095
0.24927026
0.67357594
0.7288955
0.88107854
0.89873344
0.8396955
0.28248417
0.17656407
0.120328404
0.09202874
0.22062251
0.23310067
0.6343449
0.8041324
0.6703395
0.6171189
0.12396405
0.10657411
0.111774
0.14030936
0.111540206
0.11982651
0.121350735
0.0951187
0.7569933
0.7882833
0.74285436
0.72799873
0.7275459
0.6839703
0.6815489
0.69149184
0.6429826
0.11831865
0.08577753
0.093355715
0.64808655
0.6255828
0.114096284
0.15534133
0.2614617
0.7984752
0.7271823
0.7425512
0.7764266
0.18916464
0.1282932
0.075407915
0.055902448
0.0629359
0.7051571
0.11558021
0.19349585
0.825091
0.91487235
0.9358736
0.92921126
0.1269046
0.092591606
0.69909
0.044073462
0.03279186
0.03360412
0.051368352
0.100246824
0.84198844
0.9080243
0.12225253
0.06284434
0.08143789
0.8284472
0.7962508
0.06722881
0.051719125
0.052358612
0.07333978
0.119834214
0.11825642
0.088086516
0.08674393
0.109843835
0.1768503
0.24168696
0.7749923
0.76154715
0.61503386
0.18106931
0.19205762
0.60819453
0.62845814
0.66899127
0.6515355
0.57481545
0.17630376
0.14175674
0.12167391
0.14439659
0.53942025
0.571706
0.5757065
0.56784904
0.5121299
0.16729611
0.14514244
0.123297565
0.10996368
0.11209489
0.09375086
0.10266014
0.643754
0.12673587
0.09555284
0.13883829
0.5610899
0.10924199
0.14147691
0.691436
0.82940096
0.8151033
0.821641
0.72996867
0.14276905
0.1279067
0.5723927
0.1771834
0.1271967
0.14879048
0.60858655
0.535218
0.51516736
0.57581306
0.7227945
0.7168329
0.62455153
0.58766866
0.5779436
0.5226111
0.3352579
0.6088521
0.1811678
0.08344154
0.08808342
0.6165332
0.10096476
0.14950903
0.12025375
0.08111233
0.1700976
0.85786885
0.86145264
0.8934257
0.80362666
0.77278
0.093190566
0.07219185
0.0868948
0.10236178
0.095677786
0.079078816
0.062631495
0.0823548
0.58687264
0.28380153
0.8040359
0.7732019
0.59037393
0.56219107
0.6291013
0.24119905
0.20114054
0.14038274
0.17244883
0.19614218
0.34999686
0.71002936
0.8288556
0.71016204
0.6548529
0.6235064
0.3687729
0.29310733
0.24645475
0.23688087
0.48776913
0.66040236
0.52570313
0.31999516
0.19070089
0.21123666
0.17522953
0.26839057
0.45777962
0.3157789
0.24022123
0.2770115
0.26896083
0.29068503
0.6944825
0.57908666
0.47056428
0.36315116
0.36921343
0.44844958
0.48326552
0.43415654
0.62065583
0.5256905
0.21248546
0.28994384
0.21376191
0.19857267
0.8095909
0.7756252
0.91025305
0.9034639
0.8555324
0.79481465
0.89252853
0.9081647
0.88439053
0.773529
0.17658104
0.13289018
0.14958331
0.19213031
0.48245692
0.5432248
0.27573517
0.47538677
0.64767253
0.6495869
0.49284095
0.50705016
0.27482146
0.2413275
0.3078828
0.36784923
0.8100297
0.8497559
0.7351836
0.3705623
0.21919426
0.15356813
0.15763135
0.26430088
0.29159868
0.6251394
0.40374792
0.416665
0.41911882
0.5882662
0.4712039
0.57025933
0.46490505
0.6013766
0.7188638
0.6663252
0.35102907
0.25292024
0.20554465
0.19882025
0.1763957
0.1953435
0.22480057
0.15499105
0.1767648
0.14644572
0.27722824
0.27425155
0.6558087
0.07927147
0.069501735
0.078496635
0.07381651
0.14128399
0.10230642
0.115038924
0.86749876
0.9503955
0.9651949
0.9602211
0.9476007
0.30041748
0.20010224
0.1251644
0.068945736
0.053569604
0.11454435
0.21974978
0.8313446
0.3874896
0.20481023
0.15400785
0.114652485
0.10258685
0.79978925
0.1343466
0.07212821
0.057871297
0.06300887
0.07921703
0.6890462
0.67326117
0.6992016
0.7188095
0.7624112
0.8319935
0.82890236
0.6254943
0.25437707
0.6765141
0.10525288
0.08955801
0.08566015
0.13312042
0.56310457
0.55303115
0.5064434
0.1403605
0.1375777
0.39429393
0.40044585
0.50997394
0.80080914
0.14916271
0.110183455
0.12661785
0.15021683
0.28620923
0.5824653
0.68523866
0.7539542
0.6667119
0.6109706
0.56973606
0.59782267
0.639631
0.112357296
0.047476776
0.05631183
0.09602342
0.080606155
0.8942044
0.945418
0.94219255
0.7791358
0.07068159
0.065565504
0.04581327
0.05199625
0.058725897
0.67426175
0.71328294
0.5563462
0.5296151
0.703478
0.6315762
0.6024935
0.38432798
0.29270518
0.20515633
0.13423541
0.1534888
0.23173651
0.43606257
0.21570325
0.19359052
0.47187537
0.46293828
0.389803
0.20337892
0.26250595
0.5921002
0.86336607
0.82382095
0.61933887
0.25610644
0.16780184
0.124379136
0.4426007
0.42788103
0.519751
0.6206039
0.53132534
0.5691906
0.4746938
0.17981666
0.25906682
0.178362
0.30317363
0.31459945
0.36356562
0.4728659
0.6832005
0.32571355
0.22712277
0.2279142
0.24227494
0.383326
0.5536357
0.7840257
0.3512698
0.35511082
0.17682347
0.1366459
0.545777
0.63641953
0.86916727
0.8870842
0.79701483
0.611059
0.5572053
0.5778311
0.4392738
0.39901888
0.41197753
0.4519635
0.47632664
0.49941272
0.25280935
0.22139652
0.20531353
0.214116
0.31411287
0.38999483
0.38257566
0.2851237
0.28151348
0.2785803
0.3517316
0.28727064
0.3191091
0.38418245
0.5890029
0.53115696
0.5266627
0.6194673
0.5
0.5381807
0.6306672
0.59079874
0.69533086
0.62870866
0.43224624
0.40399662
0.35146773
0.39877445
0.5
0.3180082
0.26445964
0.2773011
0.3379328
0.5137421
0.5145956
0.4768386
0.15070759
0.22186814
0.23571439
0.18121031
0.57288057
0.5926667
0.5340651
0.16537887
0.17564556
0.57430714
0.64270306
0.6157897
0.6634033
0.8193868
0.5235954
0.36295655
0.6810195
0.5540083
0.5
0.17176263
0.18466611
0.15545306
0.14582784
0.13649459
0.11584741
0.17731634
0.37393707
0.2222718
0.32034114
0.720185
0.31355023
0.22964253
0.20009892
0.1929676
0.3693922
0.16844729
0.17640692
0.41101572
0.23965831
0.4390828
0.34720197
0.44655576
0.37123618
0.5
0.4337693
0.37032914
0.25917333
0.1557131
0.106117144
0.57824785
0.14172602
0.09197851
0.08175671
0.6205841
0.64020497
0.6962636
0.85392034
0.6660805
0.20049621
0.19001377
0.13779603
0.6026317
0.115583315
0.12386815
0.15035653
0.16983825
0.53820497
0.17118527
0.12623547
0.16247542
0.1788857
0.77710915
0.29182947
0.17994387
0.2614024
0.21827674
0.14101538
0.6894165
0.11152248
0.087065704
0.08419741
0.08058655
0.094787
0.08806715
0.09214027
0.6895716
0.6701879
0.6006295
0.105781294
0.10633098
0.28162903
0.3294505
0.8408897
0.1853965
0.06899102
0.05278359
0.06458795
0.6990815
0.79007286
0.8173439
0.7989735
0.7236338
0.09862518
0.073469654
0.077869445
0.10682842
0.73887634
0.10592033
0.07993069
0.07537446
0.083971426
0.6897976
0.845926
0.19872476
0.08157705
0.06007992
0.068530336
0.6604931
0.7074752
0.7497324
0.79610693
0.7927825
0.15011312
0.112527326
0.07411626
0.08900628
0.7426937
0.0880642
0.07298516
0.053087153
0.036483273
0.051817298
0.060047384
0.08026645
0.09155903
0.93090653
0.92974514
0.9452721
0.09034818
0.044904456
0.046196733
0.054466758
0.058455337
0.06425354
0.052396324
0.061600417
0.7986667
0.07421101
0.063332
0.10479106
0.14731258
0.91018015
0.913909
0.13582341
0.057228763
0.04465635
0.058460653
0.7540868
0.8296641
0.88116944
0.86445606
0.85946107
0.8584393
0.8838176
0.87010676
0.84416944
0.12673137
0.08218151
0.06663458
0.09171845
0.8077356
0.16825178
0.09913788
0.1025941
0.63297343
0.10607202
0.13401861
0.14518097
0.12439899
0.2131497
0.5674913
0.55809623
0.6528369
0.686296
0.7561083
0.7570313
0.7914445
0.7774262
0.7734419
0.7198981
0.68287176
0.5981765
0.20320347
0.15465127
0.20835541
0.44564283
0.13878115
0.14307766
0.6107511
0.65503246
0.697715
0.72351855
0.5938338
0.16151217
0.17107907
0.12950143
0.55494255
0.56112677
0.6546778
0.76579046
0.74140465
0.7949493
0.28589597
0.38040912
0.35620266
0.79574543
0.7845138
0.66229415
0.5856259
0.5
0.1905828
0.14793457
0.4244175
0.15662242
0.2332089
0.40846384
0.80645174
0.70764595
0.109641284
0.06519124
0.06455329
0.13487905
0.11075932
0.103823975
0.109589934
0.063888796
0.5912937
0.20942982
0.8426739
0.90619147
0.059485763
0.027963612
0.024667762
0.025629912
0.026450735
0.03109975
0.039629504
0.8238889
0.040868152
0.01954607
0.022990083
0.048867367
0.9525748
0.9611693
0.9802596
0.974625
0.073524706
0.035824005
0.027985252
0.020557899
0.02224125
0.026606714
0.029713338
0.031787865
0.03151677
0.03982165
0.05460959
0.8662515
0.92157936
0.51582676
0.92523694
0.09442415
0.05813392
0.06564416
0.08146245
0.07771133
0.12597845
0.8295614
0.13035253
0.14861943
0.88262486
0.88576293
0.13728732
0.11460657
0.23077503
0.14467041
0.59453475
0.106067926
0.081545465
0.12026028
0.60886234
0.6073831
0.10663318
0.08263352
0.0809255
0.13651194
0.13208027
0.11043681
0.14761047
0.8347666
0.8513506
0.9023101
0.87122667
0.8213155
0.8926065
0.90750796
0.88658834
0.813706
0.2502688
0.16634144
0.26399922
0.70487744
0.23244052
0.14621091
0.09856534
0.10228554
0.5485469
0.48527148
0.2568277
0.2364221
0.19092423
0.42184886
0.47657314
0.6620236
0.69723284
0.8295715
0.8349274
0.7527552
0.54094684
0.34846357
0.39477283
0.1862396
0.20019427
0.17636064
0.24286856
0.18121663
0.1758248
0.18768804
0.23794557
0.1788754
0.3249329
0.23663649
0.23106812
0.22133845
0.14892553
0.23254919
0.6371739
0.54757565
0.6562059
0.15407988
0.1175256
0.14066666
0.08466807
0.08611395
0.111345485
0.66958296
0.6557523
0.5470073
0.76314175
0.18207033
0.08699134
0.057517454
0.05293838
0.7493164
0.82426685
0.93138343
0.9247664
0.80851156
0.59893984
0.062347326
0.05005737
0.06441784
0.26000756
0.90100026
0.88714087
0.16773787
0.13866644
0.118355885
0.11470549
0.45025024
0.37412706
0.82248545
0.6101231
0.20431107
0.3559582
0.29599375
0.2721091
0.74081177
0.5829244
0.5425585
0.6905491
0.85522974
0.86197996
0.6122851
0.18235764
0.3557509
0.2650566
0.6909688
0.15922523
0.08340202
0.057894997
0.054869
0.06828529
0.72622013
0.7761724
0.7468928
0.09898239
0.064431116
0.06569548
0.1086487
0.8516979
0.09221195
0.10038906
0.9124879
0.95807177
0.95355713
0.83028555
0.06532146
0.040673587
0.054162037
0.8836982
0.8917333
0.8925333
0.07324369
0.022709977
0.014539521
0.015041688
0.02690511
0.96006817
0.9140133
0.9655487
0.97999644
0.93927324
0.95145744
0.043143474
0.02222583
0.021501573
0.028531365
0.04775187
0.049606495
0.056896128
0.058620665
0.055281084
0.06957728
0.7518886
0.079473026
0.08624472
0.075432435
0.09572794
0.8234049
0.06342108
0.04565267
0.045440365
0.06497906
0.20900457
0.7713657
0.10307896
0.10429259
0.16357268
0.23881897
0.15147634
0.13789196
0.16470432
0.5856694
0.57268536
0.569369
0.6725065
0.8765263
0.92847764
0.8773279
