0.79312843
0.7405013
0.73697466
0.8236219
0.7850963
0.764095
0.63046163
0.64536965
0.74732107
0.7042531
0.5986653
0.68847984
0.7438806
0.7399365
0.7573658
0.5936472
0.35274398
0.2381896
0.25472444
0.39694977
0.727567
0.64072424
0.59817946
0.09956541
0.06001281
0.06992413
0.13431911
0.1269971
0.86008346
0.8860917
0.91432637
0.82763964
0.13418496
0.11475809
0.08388425
0.06349479
0.081350945
0.61042386
0.6766279
0.83985746
0.86927915
0.80185497
0.8811133
0.8462139
0.28030345
0.5808548
0.08246293
0.05338165
0.10070722
0.74252146
0.894359
0.8517065
0.9437063
0.94525236
0.91305244
0.15271595
0.11613954
0.07671996
0.087858066
0.662681
0.28591868
0.20978433
0.17984043
0.15021464
0.6243271
0.6944333
0.8474354
0.91463095
0.9329385
0.7988338
0.77680725
0.7207332
0.6151528
0.6931838
0.09435034
0.085537404
0.09006701
0.106820725
0.19842768
0.73934436
0.18464206
0.078428455
0.080684066
0.7314664
0.7934903
0.8218705
0.873476
0.07621473
0.029830944
0.023455476
0.027609888
0.022319019
0.02107144
0.021475555
0.04368581
0.96891946
0.9683879
0.94883806
0.92576104
0.060912002
0.03421862
0.034629982
0.029586438
0.028921198
0.029032873
0.03900519
0.069511116
0.8800937
0.8317269
0.74982077
0.081087545
0.085998714
0.16099352
0.8604675
0.13099897
0.07355016
0.05479022
0.05073071
0.06829145
0.7392235
0.87008554
0.88249904
0.688917
0.14319049
0.13276201
0.19652374
0.41641665
0.36372858
0.46604207
0.77131546
0.1939816
0.09983272
0.061824575
0.07208081
0.7298601
0.06323677
0.04060937
0.04515088
0.097852446
0.23324418
0.92950344
0.9103915
0.8002988
0.83478445
0.9318261
0.92922133
0.9179146
0.07847749
0.034566715
0.0266827
0.028363291
0.033894207
0.03266512
0.032720596
0.051495202
0.04593479
0.035810895
0.0686427
0.95263535
0.9275311
0.82932514
0.09335746
0.08870699
0.8609454
0.892271
0.07006674
0.051250737
0.049687818
0.057327
0.056705866
0.046716083
0.04345178
0.046921708
0.052187134
0.074249834
0.24662468
0.8771551
0.8530357
0.8810403
0.7763849
0.67210567
0.16338454
0.24779606
0.7283061
0.86846036
0.89687246
0.8354654
0.7849002
0.80261296
0.82075244
0.78125495
0.8568544
0.15746519
0.12351339
0.08887305
0.0686232
0.12629889
0.12209377
0.113495365
0.10904164
0.31144556
0.65284616
0.30529106
0.3754852
0.7761798
0.7468299
0.86694247
0.89813745
0.86720324
0.47947937
0.46734184
0.23547973
0.2629582
0.4152955
0.37030816
0.77582437
0.39782637
0.295136
0.21985482
0.3910029
0.108368695
0.10905408
0.54564846
0.6101238
0.7729508
0.6498073
0.5759296
0.5737471
0.5327922
0.4950871
0.25130892
0.41954243
0.18307927
0.45014054
0.21410643
0.44103542
0.50947064
0.6621374
0.6043782
0.76153094
0.6285826
0.615183
0.59069836
0.5568612
0.5
0.18521355
0.20725708
0.27751136
0.7215457
0.20424081
0.12876983
0.13300812
0.69914013
0.1769268
0.15102322
0.671544
0.7374901
0.78472453
0.76276416
0.7128882
0.5951089
0.18333007
0.25375038
0.680596
0.1186986
0.102512866
0.15657292
0.6055083
0.24913412
0.18027398
0.19053088
0.5627805
0.5893999
0.2269381
0.23303156
0.22949316
0.24739443
0.25370225
0.7299756
0.6334011
0.60443366
0.6412459
0.796943
0.87772214
0.86638093
0.7843393
0.78995997
0.10496076
0.07968757
0.0406067
0.03957638
0.033739764
0.020708995
0.017040836
0.01536446
0.01891731
0.053101216
0.9438082
0.95319796
0.9775295
0.98011416
0.965408
0.8496288
0.80135053
0.8410782
0.038815055
0.02295013
0.01929354
0.02102693
0.02476391
0.026902065
0.03057562
0.04453916
0.076134056
0.08629572
0.09830385
0.10725622
0.13464046
0.18097025
0.15096325
0.13590954
0.18178023
0.18834537
0.14357474
0.12414452
0.7131751
0.474546
0.16445181
0.40398335
0.6062903
0.10822334
0.105965205
0.6344782
0.61815774
0.19539428
0.6963318
0.08486721
0.077705845
0.051365305
0.047242157
0.053071864
0.0587972
0.05762765
0.050129253
0.050375752
0.034345627
0.030470597
0.04125571
0.046539973
0.030000038
0.021229792
0.044819888
0.950383
0.9731015
0.98217404
0.9802404
0.966851
0.03213792
0.019348044
0.021387182
0.028476499
0.03709471
0.036852565
0.77113074
0.73866785
0.7400515
0.8650895
0.83734727
0.8604526
0.9126292
0.9121943
0.8670007
0.86574984
0.8032302
0.08259618
0.061169766
0.0651443
0.10011838
0.13434577
0.1438458
0.123217024
0.09970769
0.07736027
0.097326174
0.55247265
0.14712876
0.61802775
0.60750026
0.11214657
0.10465612
0.10255137
0.2576328
0.7836017
0.75171584
0.33037907
0.3543237
0.48682618
0.54172474
0.24267712
0.18716589
0.4426512
0.2665318
0.30440667
0.277565
0.20649162
0.18881902
0.19675808
0.22994214
0.17039695
0.13057168
0.1808286
0.5039151
0.4702044
0.5065165
0.40461576
0.18184915
0.2944671
0.40388265
0.38949838
0.5440716
0.5760434
0.7056758
0.32807502
0.25772557
0.1997445
0.13946785
0.12481939
0.14757846
0.1315373
0.18289778
0.21102183
0.3662895
0.19911417
0.464765
0.44395754
0.13001753
0.09120143
0.1344454
0.21204355
0.13212408
0.11483567
0.7776688
0.89858025
0.8984389
0.8039817
0.68708
0.11853054
0.15944366
0.1229356
0.09783261
0.14762096
0.12725638
0.24996635
0.2472041
0.29408282
0.3787776
0.3413374
0.58584964
0.70909226
0.6985533
0.6996332
0.7082589
0.6755915
0.6602707
0.66618824
0.61005753
0.58042467
0.54523754
0.5
0.46158877
0.37552282
0.15704489
0.18173613
0.3554259
0.6720419
0.62576205
0.56301713
0.4446135
0.13176787
0.19280036
0.16440833
0.3255941
0.29583773
0.33252782
0.17128453
0.19553742
0.18453382
0.387716
0.26584604
0.34498402
0.23414825
0.21767518
0.21867391
0.22807898
0.42691055
0.23574921
0.18983154
0.12840173
0.09572788
0.14420019
0.5648047
0.5689125
0.57927567
0.59414244
0.6247912
0.6371577
0.76443994
0.8549332
0.86415726
0.73058873
0.28048977
0.13832164
0.0898392
0.087594725
0.123748824
0.21264635
0.2603087
0.46501604
0.61526924
0.72874314
0.6977222
0.78666854
0.7172433
0.34999517
0.25266245
0.17436558
0.1570451
0.5791078
0.4958546
0.32095563
0.35210055
0.43187308
0.39238596
0.5
0.4460225
0.2142211
0.28097504
0.39165354
0.30347255
0.1846511
0.15762815
0.16604888
0.23852524
0.3909631
0.51384526
0.14988415
0.13304652
0.15626326
0.15804118
0.15586883
0.2828341
0.7645927
0.8109283
0.642329
0.104593426
0.085239366
0.11270797
0.75182164
0.8816176
0.90052634
0.7972252
0.6504073
0.09139295
0.08149784
0.16070613
0.72085243
0.8481777
0.69230586
0.07701743
0.060393304
0.05966722
0.07284771
0.099889755
0.17580137
0.90194684
0.9251897
0.8893941
0.1903746
0.10043049
0.06621743
0.08081931
0.30582747
0.81313896
0.11524884
0.07082676
0.060798332
0.04281002
0.09479594
0.08685342
0.8193807
0.881752
0.27746144
0.112558365
0.059982248
0.051205423
0.09370969
0.06830216
0.08813155
0.06841619
0.15858902
0.17713471
0.15221667
0.8607592
0.88128704
0.9229939
0.31141493
0.16431609
0.12495656
0.09697064
0.76806706
0.11763717
0.08322361
0.112201005
0.20648158
0.8354994
0.10728382
0.0912173
0.13624282
0.09919193
0.07228782
0.05783902
0.053998683
0.05749626
0.05519645
0.06605337
0.10246497
0.89192367
0.9129792
0.8041917
0.8273353
0.9076737
0.8939005
0.13400573
0.12567505
0.11472119
0.63842607
0.6634803
0.7225529
0.85769176
0.8757843
0.15222925
0.08996963
0.08393301
0.09024811
0.66681856
0.09248075
0.08817907
0.743181
0.78250843
0.9404387
0.9359721
0.102585316
0.092561014
0.7817505
0.26286694
0.25381637
0.11017122
0.10737182
0.7270091
0.69425577
0.087103456
0.098034136
0.11276249
0.82006156
0.13984533
0.17539065
0.11461783
0.08075561
0.1259959
0.60855615
0.5462756
0.17393574
0.2385943
0.1790218
0.7303001
0.7675903
0.7029188
0.24725242
0.108940855
0.11828127
0.10852634
0.57696885
0.16446298
0.12487141
0.09677322
0.11894948
0.11622178
0.12892957
0.3649638
0.82105863
0.8669309
0.8281461
0.8664806
0.83589727
0.7296678
0.6028001
0.254645
0.2221636
0.21236277
0.677672
0.13747707
0.10120997
0.09849855
0.12969369
0.58025724
0.5701981
0.57589465
0.65537524
0.7857703
0.7973403
0.5972422
0.19274393
0.13392338
0.6528562
0.17227367
0.10652478
0.11284483
0.08380771
0.08300044
0.6779438
0.121043764
0.07922181
0.07287356
0.102256894
0.74607694
0.7472827
0.080540836
0.057714153
0.08069376
0.7911002
0.7744022
0.85169274
0.17724253
0.04884639
0.052421283
0.87155896
0.9401926
0.96664065
0.95449805
0.06922348
0.041929174
0.037622236
0.036906388
0.039126594
0.061818138
0.78439087
0.10086952
0.10447726
0.117080934
0.11282671
0.0891917
0.103586726
0.110196196
0.07043365
0.078189924
0.68501
0.12385627
0.20132342
0.16534568
0.09619624
0.092336275
0.084796555
0.10022574
0.42924827
0.5230062
0.8666118
0.8958953
0.8843705
0.8413983
0.7076366
0.44656646
0.2554314
0.21247433
0.212474
0.25058535
0.34109834
0.55394775
0.40394214
0.35087663
0.3281909
0.36353013
0.47592697
0.5269065
0.37454093
0.34967223
0.42142788
0.6767182
0.7370219
0.84433395
0.841863
0.2529788
0.14855558
0.11595028
0.08541769
0.07357257
0.073805496
0.060596075
0.057775386
0.06369221
0.076531336
0.07975723
0.056992915
0.7454714
0.7891468
0.7930617
0.7594082
0.24627656
0.8836407
0.123011276
0.04856056
0.038190864
0.03909244
0.062819965
0.08689889
0.06633795
0.06588948
0.12931806
0.22026831
0.4291945
0.8700051
0.61710757
0.5267365
0.3094751
0.23930219
0.5
0.35057077
0.5
0.2792556
0.19476792
0.22251116
0.33296576
0.17258242
0.22982359
0.45804134
0.42200178
0.49185467
0.3455335
0.2432139
0.21521987
0.17148304
0.1690885
0.2553049
0.21291158
0.29896387
0.19716167
0.20930174
0.15838829
0.21502347
0.16303363
0.21623954
0.41601977
0.47078598
0.73882556
0.6607419
0.7015751
0.7760669
0.71449697
0.490935
0.39749137
0.46513605
0.5514819
0.629891
0.7856284
0.5654306
0.13839275
0.106662445
0.15340365
0.19047341
0.10969076
0.7334496
0.08049956
0.059668448
0.05775204
0.071987905
0.100577675
0.8769649
0.1344797
0.13651097
0.24858573
0.19395216
0.09482574
0.085201435
0.6896395
0.11045418
0.078462735
0.09030093
0.53854126
0.21706897
0.8073942
0.79242426
0.808802
0.73827064
0.22040452
0.76124614
0.10200582
0.08410766
0.111471765
0.7528536
0.072074085
0.055221163
0.055251878
0.0674073
0.12540069
0.1673967
0.14709277
0.09020876
0.0757462
0.07954179
0.10451815
0.14383414
0.78835976
0.11993072
0.10000241
0.6575797
0.10574605
0.12369743
0.66805214
0.7283957
0.8116939
0.9259781
0.9027008
0.28255725
0.18682687
0.8187596
0.1208832
0.10705148
0.7008885
0.08237158
0.06757104
0.06142829
0.062215384
0.07316159
0.103702456
0.82304907
0.7843952
0.10644563
0.08083308
0.07827902
0.07809287
0.10419045
0.65015894
0.17657647
0.655313
0.13430333
0.08397801
0.10874306
0.15411164
0.7145618
0.27806127
0.24803218
0.33495426
0.7731989
0.7547015
0.81984067
