0.60150546
0.43661487
0.41906708
0.5199091
0.7942862
0.8109522
0.7327698
0.6970217
0.80524707
0.8407745
0.8233061
0.76516443
0.70572317
0.17203018
0.17393695
0.19253719
0.17546657
0.16462193
0.18538658
0.26042017
0.3114877
0.8565494
0.80067354
0.35173443
0.77379054
0.79305595
0.7960426
0.7015987
0.2298245
0.66433674
0.6251475
0.1386238
0.15434441
0.14142886
0.13465537
0.64154345
0.60990036
0.244204
0.45024607
0.44484648
0.25922218
0.23991805
0.26084313
0.202815
0.15382743
0.11212425
0.16481021
0.76668215
0.75457525
0.7206719
0.6979329
0.1574171
0.089526206
0.06260625
0.04873879
0.057866354
0.7691283
0.7905263
0.824206
0.86425567
0.7246672
0.068494886
0.04614252
0.0580045
0.09810082
0.2261757
0.9192445
0.9108558
0.13293132
0.079042256
0.07757663
0.077876836
0.099165596
0.13752308
0.8380194
0.8631985
0.7303142
0.807228
0.46497378
0.39082354
0.45038512
0.47474623
0.72703123
0.85634094
0.85745573
0.2613432
0.09353576
0.053965442
0.056125537
0.10103774
0.08158163
0.087662965
0.122375816
0.9099517
0.9124845
0.79196984
0.033177435
0.019351957
0.021680811
0.039215595
0.034842364
0.06379392
0.6445567
0.07033052
0.8392599
0.9612466
0.9848941
0.986826
0.97705346
0.9635816
0.02889751
0.017041929
0.014335149
0.015458204
0.023105767
0.042907022
0.11574876
0.10879733
0.08987624
0.11544332
0.1835109
0.19292219
0.16898876
0.9359461
0.89251333
0.123991914
0.12440047
0.2514868
0.9200322
0.9296214
0.8907941
0.14997369
0.12061926
0.7785742
0.9250629
0.95531994
0.9543599
0.92065126
0.07860675
0.064596385
0.6228789
0.08906039
0.24977532
0.25906134
0.87201804
0.79095995
0.082781136
0.0810338
0.07459854
0.06835652
0.13237949
0.10734912
0.10041836
0.07534901
0.12323996
0.058397066
0.042936992
0.03463824
0.029622873
0.039910316
0.8285482
0.8128095
0.9634673
0.97703516
0.97521555
0.9605619
0.14193074
0.045393083
0.030892236
0.03360269
0.21359332
0.87368494
0.88005596
0.6981164
0.12159328
0.10865857
0.07948836
0.57594943
0.57877976
0.65875196
0.8270686
0.8911624
0.9048337
0.876569
0.2499751
0.13675497
0.13875858
0.1169072
0.839671
0.79380274
0.7547067
0.6875523
0.09430854
0.09989422
0.15507387
0.29011318
0.68167156
0.53704035
0.5375281
0.5837091
0.63816047
0.64724743
0.6219323
0.53824675
0.12886089
0.1338918
0.15832332
0.14664839
0.17614123
0.22207053
0.33214033
0.55579066
0.5276188
0.33095938
0.29349515
0.3541388
0.38493985
0.24357602
0.20693173
0.23495682
0.5789681
0.76309925
0.5773697
0.56465673
0.6883553
0.70316637
0.23127215
0.15359452
0.16487855
0.21090043
0.1988133
0.19124079
0.19164766
0.36516514
0.39066732
0.31465125
0.23821701
0.25690618
0.32897735
0.45848796
0.31232187
0.18440127
0.15277675
0.16579764
0.20500459
0.21814033
0.5671314
0.5006974
0.53412837
0.5185949
0.49069154
0.21243311
0.24339166
0.19558793
0.27500793
0.32143977
0.3241577
0.3275193
0.3983862
0.33483025
0.3932957
0.41725856
0.4186719
0.2815693
0.2469233
0.20732662
0.18478996
0.14964053
0.14748429
0.23680043
0.29131544
0.3514088
0.48774064
0.43832055
0.35482028
0.17762399
0.1800572
0.17094475
0.17782167
0.66706353
0.77696383
0.86634487
0.83007246
0.67001265
0.24193537
0.35160938
0.29348892
0.17555435
0.24627963
0.22075696
0.35951728
0.35814586
0.42389616
0.6301517
0.50798637
0.44157887
0.1999144
0.15752032
0.30161595
0.40513107
0.61027396
0.6931741
0.64027387
0.4431697
0.30251062
0.18789303
0.24252887
0.29008272
0.38786402
0.2395586
0.22636797
0.27909982
0.3821159
0.33848247
0.44860482
0.60707146
0.42001554
0.36080098
0.41939488
0.8929041
0.93556106
0.9413746
0.9226988
0.86533415
0.6085143
0.1516627
0.18202305
0.23864849
0.56632423
0.34481522
0.21125108
0.1751937
0.17231184
0.21528755
0.44798726
0.78378135
0.6336319
0.5
0.5
0.5
0.19627503
0.15250003
0.15156987
0.50443035
0.47361115
0.48012647
0.5583693
0.6615004
0.72934985
0.680219
0.6582657
0.59608674
0.18737784
0.2062519
0.19883764
0.11942176
0.07724615
0.08977839
0.7745713
0.73817
0.780037
0.86059
0.8410762
0.7239602
0.077694885
0.061458085
0.095263764
0.15765795
0.92772907
0.93415517
0.91777587
0.13069266
0.05819348
0.04740869
0.05345016
0.0689678
0.75223655
0.09384193
0.09563256
0.068098985
0.08881047
0.12830938
0.8606118
0.19722013
0.18798167
0.7824324
0.8271243
0.1301644
0.10536304
0.6798951
0.72143
0.78768873
0.8874485
0.8705945
0.7397244
0.71457654
0.8020937
0.7613864
0.799754
0.8436681
0.7695689
0.7501438
0.6935324
0.14175685
0.1252315
0.60691947
0.11243069
0.16435272
0.81458074
0.16571225
0.07628805
0.06729619
0.06208341
0.08008664
0.090635754
0.064008474
0.050006844
0.04319812
0.05594177
0.79210865
0.8887501
0.9424517
0.9581697
0.94956076
0.86993253
0.9237855
0.22375666
0.11193035
0.07805913
0.09566873
0.7096236
0.7186073
0.69072384
0.1337768
0.14238156
0.6529435
0.13850161
0.20708193
0.24727449
0.2745067
0.6474564
0.7254118
0.7782929
0.7642623
0.73641706
0.7148178
0.704923
0.6995207
0.6962284
0.18333925
0.13847429
0.14054754
0.61721486
0.62097305
0.65676993
0.7098991
0.7172123
0.3297197
0.24362509
0.60896343
0.15139961
0.13451332
0.15736994
0.25554726
0.7250377
0.743999
0.7649464
0.8263354
0.8290568
0.7654746
0.7333709
0.633688
0.110437185
0.096914716
0.09783049
0.08351378
0.06520679
0.060917336
0.07606442
0.842786
0.7499841
0.761075
0.7846496
0.82504636
0.8346517
0.15206406
0.14977981
0.7840012
0.07293805
0.06048096
0.070515625
0.09256242
0.1629782
0.8680078
0.89812857
0.2782049
0.12650444
0.07750073
0.05665026
0.056426045
0.18406762
0.8758789
0.8691789
0.7632986
0.73786616
0.7467476
0.77063906
0.7918372
0.13735385
0.1090207
0.12944302
0.65859586
0.14585213
0.14185783
0.22227176
0.50335586
0.66385406
0.5735459
0.68470484
0.6070483
0.5311995
0.6224953
0.555925
0.62071455
0.6583791
0.6457362
0.34981048
0.28625327
0.26058057
0.27803713
0.40588477
0.3790018
0.45651618
0.80793065
0.807279
0.6948632
0.7848434
0.70487267
0.502181
0.5852369
0.79413694
0.8175352
0.66407514
0.5953694
0.28174862
0.17764352
0.1477679
0.15129359
0.21301754
0.25475836
0.2632823
0.28542724
0.37446964
0.30209434
0.35260555
0.37279075
0.21956228
0.21604286
0.3546289
0.18314378
0.1591974
0.15225786
0.17521742
0.33628798
0.47749263
0.4639598
0.7867343
0.7430542
0.5380324
0.6170671
0.41122675
0.29666364
0.16463763
0.15757036
0.29164517
0.29127195
0.31084844
0.3581242
0.57235223
0.21528745
0.16807158
0.18563545
0.22726089
0.29272023
0.4346305
0.7491645
0.76517475
0.67016
0.7879642
0.6767646
0.3376803
0.24181584
0.23334876
0.46923652
0.40659475
0.6850323
0.23707625
0.23429798
0.12267781
0.09416251
0.16469082
0.22727562
0.33683407
0.8805731
0.8617717
0.71791947
0.67343664
0.6538454
0.7184056
0.8108517
0.77846736
0.7482553
0.84042144
0.20031105
0.10848458
0.08175687
0.09524443
0.087180704
0.092101105
0.14701019
0.6010847
0.42164308
0.19771661
0.602144
0.37948534
0.280396
0.32769305
0.34859738
0.35599256
0.21600527
0.13991977
0.11391362
0.12357539
0.28621742
0.5710051
0.19868512
0.18063328
0.67981243
0.762681
0.2000315
0.12045884
0.091879524
0.09280514
0.110472046
0.17958868
0.17195398
0.6259461
0.11912652
0.17632873
0.20865135
0.7496413
0.20471112
0.18416874
0.07186328
0.04082799
0.048629202
0.60442215
0.1564878
0.8236665
0.91661847
0.88492185
0.8827
0.08243434
0.0476033
0.039842423
0.047350638
0.08301632
0.66857624
0.83140326
0.7543793
0.15893972
0.17483665
0.14306429
0.12364079
0.101032324
0.06460837
0.05061072
0.05872898
0.7253225
0.72032416
0.72992903
0.75424194
0.068082735
0.04343553
0.052365046
0.81798047
0.7817449
0.9332814
0.93014526
0.8878927
0.90148413
0.8296348
0.8800839
0.08516374
0.051904593
0.046513025
0.047415957
0.05568811
0.080105625
0.12580307
0.1349468
0.11994753
0.09040062
0.10076891
0.79507715
0.87662536
0.84863764
0.90314823
0.90450674
0.8767005
0.7233856
0.12614658
0.07583849
0.07936561
0.6256615
0.26641196
0.32954314
0.4089864
0.88340014
0.9202913
0.9203098
0.9123468
0.8853692
0.8239213
0.79732054
0.83469003
0.2919918
0.22657056
0.13787201
0.092130296
0.08499914
0.119498774
0.64914626
0.59932154
0.5617092
0.30621812
0.6237841
0.38068864
0.29739487
0.23970127
0.5613559
0.13301091
0.1563207
0.18029499
0.1622878
0.15659018
0.2367071
0.34275225
0.80161935
0.8295427
0.78710264
0.6974225
0.59221137
0.73385596
0.7094075
0.45164874
0.5
0.5
0.2894577
0.2508525
0.2357704
0.33623314
0.67885554
0.74926335
0.6903107
0.5
0.35379896
0.35337457
0.35403183
0.38109422
0.39410207
0.41590893
0.2622798
0.18528014
0.15493536
0.16258141
0.6590598
0.8432172
0.8439252
0.5893037
0.46013638
0.10162618
0.13183492
0.2658285
0.17400779
0.23913988
0.6643357
0.6548512
0.65478563
0.5997624
0.16637357
0.112449564
0.108031146
0.17029445
0.24086511
0.6805068
0.2726165
0.38410148
0.53761214
0.91351604
0.9316642
0.9228423
0.8867732
0.749516
0.5860048
0.2786529
0.1982215
0.19023179
0.4214891
0.13388327
0.25162047
0.15170646
0.1137333
0.6187711
0.75787556
0.873809
0.84639764
0.18908475
0.12475549
0.14209041
0.1977064
0.65399826
0.431375
0.4007588
0.3373982
0.50890124
0.53197706
0.30843058
0.23851308
0.19676499
0.21807592
0.20469812
0.18602988
0.19519393
0.22431615
0.25096893
0.22522126
0.18149681
0.19902885
0.16256697
0.47653404
0.55532074
0.64943826
0.51345915
0.5065495
0.60888046
0.7335078
0.77596396
0.7430198
0.78337485
0.5919203
0.32265353
0.4509369
0.19482487
0.14760794
0.153039
0.18718849
0.18212533
0.19213913
0.38956338
0.8633881
0.8968097
0.8673612
0.7686351
0.73424345
0.20359646
0.13363567
0.1061672
0.10441792
0.21919133
0.13255093
0.13097605
0.2876439
0.5194335
0.13878657
0.6062569
0.14375971
0.12119547
0.21853043
0.89621735
0.9081965
0.07408095
0.03620068
0.030385597
0.033466227
0.04538651
0.04914086
0.07312811
0.8948874
0.91042966
0.94465977
0.92428935
0.8675568
0.8961196
0.11066283
0.05853234
0.05780657
0.056071695
0.059904538
0.046802416
0.049686193
0.70438796
0.6245669
0.6065831
0.6708142
0.8360915
0.86796254
0.79415345
0.84814596
0.61466944
0.19325416
0.3706424
0.31361568
0.6736173
0.07908222
0.09909573
0.13629414
0.15309916
0.12935324
0.11729438
0.15326929
0.6563048
0.20638807
0.21537454
0.21671414
0.16706325
0.19391492
0.2513473
0.7874596
0.394183
0.17510763
0.10146787
0.08766119
0.5341934
0.19155723
0.5433611
0.5161852
0.12850623
0.12360391
0.5787653
0.13118409
0.08382929
0.074221164
0.07992485
0.58444583
0.63060546
0.6987157
0.79652864
0.86012983
0.7216567
0.15575843
0.092900604
0.07884125
0.07992113
0.5499473
0.16846533
0.25985804
0.67815346
0.73824054
0.8034672
0.13490337
0.09443973
0.08930374
0.11413397
0.17121404
0.6127576
0.2795553
0.12944944
0.13472351
0.19182187
0.5593989
0.52292603
0.61843866
0.60798013
0.67862743
0.7552879
0.7626861
0.8212
0.14916825
0.08396836
0.06151493
0.07654118
0.11746358
0.15735304
0.18276483
0.92327935
0.07919017
0.063100696
0.05173733
0.029316887
0.035349276
0.0727278
0.8267626
0.9253586
0.93062294
0.87870044
0.8511431
0.88635397
0.1480006
0.08623741
0.05640221
0.07199163
0.052712355
0.055985592
0.7422635
0.06518064
0.0668769
0.08812835
0.09480461
0.07886644
0.1807657
0.3230163
0.83642256
0.7888517
0.8005388
0.33663353
0.3509403
0.20978822
0.15438049
0.13544334
0.15187024
0.23650135
0.46821937
0.3625379
0.38525477
0.26463693
0.15871228
0.14281997
0.21542303
0.16820145
0.4389465
0.16190936
0.7918144
0.11648644
0.05398313
0.041005887
0.039399844
0.05420499
0.7010796
0.75192755
0.80752665
0.7935607
0.7649854
0.7400087
0.086656734
0.057143185
0.050243244
0.05090989
0.05769011
0.08801175
0.10514678
0.08560747
0.10221882
0.12745474
0.23187827
0.5835498
0.5448733
0.26956087
0.28226763
0.43576005
0.34393498
0.35182732
0.39923397
0.25108635
0.17559612
0.14593075
0.23688248
0.57353127
0.50823814
0.2586938
0.29331625
0.320103
0.30438694
0.23238859
0.5187854
0.76032835
0.9053446
0.93493426
0.90929645
0.18021728
0.17457384
0.19144776
0.118185
0.072792046
0.061037075
0.06937089
0.7163951
0.598257
0.19616151
0.79987514
0.2798161
0.41102713
0.734453
0.08943571
0.07740882
0.13372827
0.1641475
0.8759373
0.8936644
0.73046786
0.76406145
0.890851
0.9251499
0.9323781
0.91128016
0.8318238
0.8314698
0.9080985
0.92576057
0.8962969
0.7683542
0.657379
0.096340686
0.073128134
0.068422504
0.088494435
0.7462902
0.71542567
0.11118923
0.09004708
0.12912248
0.84689087
0.8113777
0.12417736
0.12260242
0.09097543
0.08225613
0.09455655
0.0969727
0.08999928
0.7413386
0.767415
0.7385518
0.85537887
0.8654896
0.779749
0.77058715
0.81465364
0.22710212
0.22542366
0.1975588
0.1533983
0.13618988
0.47741285
0.31996322
0.29451433
0.4519013
0.47665834
0.485077
0.5930047
0.5546155
0.5
0.6210149
0.9158418
0.91814864
0.8931187
0.8077941
0.53237635
0.2869189
0.20507056
0.14143158
0.11745877
0.21588188
0.21232557
0.24820054
0.45438772
0.5589402
0.34869844
0.35863554
0.38053748
0.20754799
0.33632568
0.3509181
0.26228267
0.32210514
0.4373143
0.28036085
0.25899446
0.20088778
0.20269132
0.26858443
0.33972937
0.48118675
0.43521276
0.43850833
0.2620151
0.25577572
0.3357163
0.5888028
0.57507604
0.25142884
0.24813913
0.30347994
0.31183067
0.41828248
0.42021245
0.5
0.659994
0.32889923
0.28098056
0.24612506
0.20067148
0.13930708
0.084449574
0.10684612
0.17514561
0.78925014
0.86334383
0.8765864
0.8519228
0.854475
0.84843403
0.8467732
0.8087323
0.8353337
0.18828079
0.07809911
0.07058896
0.076421045
0.08484378
0.14602527
0.23543073
0.2550924
0.72458905
0.53105277
0.45841622
0.19230191
0.19633327
0.16142607
0.17149764
0.6407972
0.6621585
0.6305593
0.6940031
0.6854287
0.6256114
0.15323368
0.18095557
0.24461477
0.24113622
0.61935174
0.70610875
0.52025735
0.34238195
0.29440436
0.38331577
0.39899933
0.26722696
0.31064454
0.41328666
0.69249094
0.6099798
0.24303484
0.279444
0.28709888
0.27859664
0.53262496
0.54946196
0.58799446
0.7088672
0.7699093
0.7424412
0.34032133
0.4426912
0.4273224
0.3539072
0.59038734
0.18573886
0.14844202
0.13843046
0.13798659
0.15707709
0.7112282
0.65001154
0.14449427
0.14401032
0.100175306
0.07834748
0.105871044
0.123021334
0.2007127
0.75623006
0.73908037
0.7672374
0.7014123
0.702929
0.7254189
0.13337104
0.12636907
0.11145336
0.17576405
0.16635638
0.622138
0.4343661
0.44604227
0.6019253
0.88574344
0.95165664
0.962201
0.9553985
0.93302536
0.8886107
0.21867879
0.15463799
0.13455763
0.17762586
0.14015594
0.107393816
0.09954535
0.28919274
0.7626006
0.29969853
0.21269111
0.74134564
0.23958175
0.18465191
0.17235507
0.21773632
0.81846637
0.781135
0.84187347
0.7675931
0.82756424
0.23236774
0.20062903
0.3550428
0.4000612
0.78926647
0.40624884
0.5
0.6854623
0.1662772
0.22724475
0.27445668
0.57948273
0.47170186
0.42349914
0.40705106
0.41880673
0.58883905
0.74481666
0.84789807
0.42051348
0.19612677
0.11166368
0.08804081
0.17639014
0.27595708
0.16303465
0.120807
0.12161115
0.16691539
0.18163957
0.21226057
0.4078983
0.3102922
0.25619215
0.30003402
0.2865006
0.3793094
0.3580721
0.25454134
0.3129262
0.41069257
0.6951838
0.61349577
0.6844356
0.7530415
0.6180881
0.21876198
0.19740367
0.1684436
0.18991035
0.6895084
0.56750536
0.519618
0.5881544
0.79844797
0.8997278
0.91641897
0.90204245
0.84221333
0.67171305
0.5358503
0.17557997
0.22226067
0.29615116
0.24569842
0.51995534
0.24260041
0.18918258
0.15145232
0.1453848
0.52330524
0.5472234
0.6511407
0.82771546
0.8610645
0.770014
0.5994595
0.6299011
0.7419875
0.73255026
0.60560083
0.51452255
0.5458605
0.26474896
0.20516118
0.26585275
0.4479605
0.500189
0.46964493
0.28244027
0.21053459
0.18320298
0.22051439
0.28906196
0.36846587
0.6204536
0.5949268
0.64215285
0.7782628
0.62395126
0.49586397
0.48425353
0.7244619
0.69201595
0.82011753
0.7516414
0.5
0.40681416
0.3781001
0.35459015
0.2290583
0.2926626
0.45141613
0.84537226
0.8438167
0.6113062
0.13378331
0.111155525
0.21837625
0.4319433
0.8833946
0.8745977
0.758472
0.59558797
0.16077502
0.14852518
0.7547164
0.10063181
0.06524336
0.065522574
0.11907945
0.3308923
0.8359098
0.69002837
0.7265846
0.85744333
0.8442832
0.7300263
0.70346254
0.7306167
0.07680022
0.057033483
0.07344003
0.124432616
0.12670225
0.82715994
0.09282778
0.06959716
0.07197688
0.06824729
0.072244056
0.08204165
0.092537835
0.08584986
0.072628304
0.50024587
0.14254144
0.7547996
0.10869071
0.14503774
0.8450518
0.9366371
0.9567212
0.8966125
0.079867184
0.051987566
0.05824497
0.6775455
0.073308386
0.057937134
0.07715362
0.78108525
0.0646214
0.04783976
0.043449163
0.04759719
0.067781486
0.07166184
0.8620379
0.121516325
0.06241015
0.04014163
0.034482628
0.044727772
0.7836627
0.8371384
0.8035139
0.8457474
0.9111012
0.90878165
0.8291351
0.88925636
0.16376933
0.09147738
0.071451366
0.06271879
0.094246775
0.08239523
0.091247156
0.69378203
0.64660215
0.6296115
0.12551673
0.14470637
0.15077527
0.15917596
0.7245991
0.31758717
0.40065822
0.47741455
0.8150951
0.77964723
0.84031546
0.7407009
0.693017
0.6768141
0.10978258
0.09492422
0.06322979
0.06007074
0.06674837
0.07654907
0.0629082
0.050881732
0.0648268
0.08638177
0.84050876
0.9008681
0.8457493
0.072740525
0.0555494
0.054676145
0.053213008
0.06491361
0.9027213
0.07744082
0.036944915
0.03875279
0.14749539
0.9070512
0.96430415
0.96805286
0.90389115
0.8634359
0.06622699
0.035637915
0.030479893
0.03993372
0.76588
0.7781623
0.061712712
0.043933168
0.042547185
0.09336276
0.15920258
0.8977413
0.949079
0.9552225
0.9267644
0.65747666
0.09692008
0.08419523
0.32293272
0.7852822
0.1089108
0.09338615
0.6475191
0.68219024
0.8272455
0.3025704
0.22432224
0.19520041
0.19993144
0.39332154
0.8634314
0.5259477
0.39170885
0.36704516
0.6711215
0.8794183
0.9288647
0.9363067
0.9188964
0.79971814
0.7363133
0.68779284
0.83276916
0.89790696
0.89574325
0.81076765
0.17781816
0.0982467
0.09556471
0.69052964
0.793048
0.69736177
0.56177557
0.16894616
0.122504525
0.15389548
0.59987116
0.25869617
0.28711987
0.3120656
0.46717617
0.23343614
0.249596
0.22607602
0.31181264
0.63736236
0.5248535
0.28904113
0.40633976
0.29166594
0.7316131
0.0868062
0.06734485
0.056744315
0.06339456
0.105607584
0.05221226
0.04705157
0.069761865
0.13076922
0.9365323
0.9333858
0.096187614
0.047266375
0.06922041
0.042236727
0.05698491
0.80419946
0.81869274
0.81182367
0.04920141
0.033007413
0.03307376
0.058345262
0.09181128
0.87029815
0.8358503
0.911341
0.83821
0.80642736
0.8886203
0.1169157
0.053846464
0.049350634
0.0675137
0.11296009
0.14924002
0.095304355
0.07501273
0.20067637
0.77226
0.5771132
0.5
0.18494375
0.17168787
0.20771779
0.624731
0.48693344
0.5845831
0.78787476
0.81152046
0.6300284
0.303425
0.21938284
0.18800256
0.20154294
0.20061994
0.22744085
0.29017925
0.5560241
0.6693581
0.5395748
0.45418975
0.5
0.6318488
0.6885376
0.7657871
0.71666044
0.5406445
0.5151918
0.57451415
0.42004803
0.39667338
0.35903493
0.2642741
0.19736736
0.18341282
0.14849564
0.2039215
0.21413657
0.24495137
0.36359924
0.41096517
0.41159734
0.421848
0.39455706
0.46386403
0.4876745
0.18704022
0.15460978
0.1334372
0.15237418
0.5443504
0.19549592
0.2463401
0.15050678
0.11507068
0.56148773
0.13553835
0.14898877
0.29093426
0.59749365
0.14563715
0.12578507
0.5170371
0.1379929
0.17719473
0.6329614
0.7297351
0.80652046
0.77909195
0.72032315
0.21883379
0.17476103
0.5473628
0.17249073
0.30560252
0.6558357
0.17012535
0.15162744
0.2550513
0.7305733
0.11776441
0.10022306
0.11332584
0.14981309
0.5939666
0.13209751
0.14267683
0.19883958
0.17844854
0.14676508
0.1494213
0.22100168
0.22003415
0.16357216
0.84344864
0.71690315
0.09154499
0.051060554
0.04806483
0.060684595
0.74315083
0.80457443
0.873798
0.75577825
0.10796832
0.069953136
0.10377962
0.1467005
0.7626408
0.72527456
0.7013433
0.681763
0.656147
0.6020668
0.5
0.14764349
0.22555807
0.25468573
0.23940526
0.24292086
0.5359136
0.32028878
0.20414372
0.16866532
0.5422393
0.3086924
0.2766317
0.36212903
0.77110964
0.68424284
0.5701621
0.15036993
0.117789544
0.5590323
0.57181084
0.6855639
0.6533135
0.69682974
0.72896695
0.6290376
0.525109
0.15044941
0.4268651
0.6029204
0.864953
0.8831244
0.41899168
0.2408238
0.23005849
0.44660425
0.20198321
0.27758607
0.33330956
0.6600608
0.6140722
0.66775864
0.7664637
0.69528186
0.49262634
0.40389907
0.5065041
0.70254356
0.19100446
0.12076671
0.10092209
0.76463234
0.89158833
0.88509107
0.20628354
0.15038994
0.22613087
0.6301492
0.58509195
0.5644787
0.6273808
0.8206566
0.83713603
0.7600598
0.7914061
0.5277867
0.23249437
0.5821806
0.58607274
0.12972015
0.11581117
0.07903897
0.07255382
0.093054846
0.13192979
0.81037945
0.7373577
0.7975865
0.905383
0.9090586
0.85297877
0.1574355
0.11032979
0.7791044
0.86627537
0.84005433
0.7675265
0.106356286
0.10960099
0.78942907
0.8811563
0.89526814
0.10947256
0.092265986
0.07780525
0.08480929
0.14137167
0.21660946
0.40213686
0.3304821
0.2598332
0.54133236
0.7691893
0.80409867
0.5480642
0.3971226
0.3519795
0.37709004
0.586103
0.6932963
0.72590905
0.6021357
0.25370532
0.16252157
0.16651042
0.26756114
0.35630813
0.7418077
0.81209105
0.48119766
0.34137177
0.24816008
0.22783516
0.29987168
0.39595455
0.34127003
0.5920688
0.36390874
0.2928908
0.26625574
0.4002449
0.37896007
0.66849476
0.5
0.36330655
0.38510707
0.7649582
0.6824369
0.28800172
0.44406605
0.1668431
0.11285467
0.122407675
0.17431998
0.252607
0.8520291
0.87507045
0.80607873
0.84890395
0.65235776
0.11827872
0.14256561
0.12396131
0.1495602
0.83698475
0.090613686
0.06578509
0.05413602
0.049710456
0.057551626
0.067818455
0.7301104
0.922577
0.9297597
0.8380877
0.82373506
0.90267515
0.88223034
0.87893516
0.87161034
0.7553519
0.75327164
0.08561967
0.072796434
0.066558465
0.06770743
0.0658689
0.099132046
0.6976324
0.116274595
0.17481656
0.19692613
0.22372384
0.83855546
0.8802542
0.7918274
0.715707
0.6788402
0.11645645
0.13142225
0.16854101
0.13722037
0.12006268
0.6046445
0.6647235
0.819727
0.8063826
0.6351757
0.625262
0.77600044
0.7691862
0.60510665
0.5568079
0.5447676
0.5530673
0.5821842
0.628229
0.67588633
0.75312865
0.7161114
0.6879265
0.17143841
0.16218694
0.1804519
0.09686636
0.06787367
0.09549033
0.15012729
0.13711059
0.12223408
0.105103076
0.13272326
0.74928576
0.6264892
0.59220743
0.32341623
0.5104922
0.5682655
0.78159034
0.69479924
0.67183167
0.69375104
0.70432955
0.7331994
0.77975607
0.77031726
0.72981894
0.7216013
0.6962951
0.72470295
0.76983887
0.7389654
0.2925607
0.16276476
0.10836303
0.12258434
0.6902325
0.7851184
0.7671968
0.7096783
0.7127924
0.6645481
0.6096426
0.60251486
0.61324656
0.6727679
0.7404467
0.8160693
0.90134907
0.9027245
0.8485971
0.15492293
0.116462015
0.18906187
0.28713715
0.6626928
0.69715905
0.76462704
0.7227009
0.685346
0.6636334
0.7051521
0.65715915
0.58133286
0.59618324
0.6401283
0.6952281
0.74874914
0.73460287
0.7619469
0.4912365
0.41936737
0.35616508
0.694234
0.72438073
0.67555714
0.20995797
0.320448
0.24700387
0.31859493
0.5943782
0.12271555
0.1123813
0.10491382
0.09391549
0.12492103
0.17028427
0.19600266
0.7110074
0.6946482
0.63074714
0.7490399
0.78261083
0.73068035
0.57316726
0.48921654
0.46409962
0.4255444
0.1637269
0.26718667
0.4349862
0.68740916
0.81675124
0.71006316
0.35697588
0.2122584
0.15396981
0.17253089
0.363505
0.36379
0.2218802
0.19005315
0.2530351
0.38120678
0.40915427
0.5779635
0.5
0.55413604
0.7309017
0.6767587
0.40705305
0.31443346
0.26689443
0.27513883
0.3732847
0.47505736
0.6877316
0.6849142
0.56240463
0.6920725
0.6023168
0.40645295
0.45682642
0.56949025
0.5099404
0.4996392
0.3977002
0.3186275
0.33831653
0.497968
0.39158705
0.37251958
0.38535303
0.34031478
0.42240822
0.53848255
0.5044731
0.5
0.35309884
0.2826621
0.254317
0.3324608
0.6601421
0.6856515
0.5585719
0.46212876
0.25339428
0.19812772
0.21170081
0.3637866
0.48217186
0.38235173
0.2945414
0.31505784
0.24846488
0.20011957
0.24800152
0.38950092
0.44336492
0.6067685
0.64932394
0.8705411
0.86510175
0.8099734
0.69116735
0.7779371
0.70716614
0.40916985
0.423159
0.51214206
0.47201902
0.5545507
0.4902536
0.25412872
0.20830633
0.20035537
0.22087257
0.3671513
0.316761
0.39942178
0.76114625
0.73261964
0.6442204
0.69092184
0.6055579
0.64573425
0.42434245
0.18519264
0.12963417
0.46904296
0.1984425
0.13136242
0.6081803
0.5831782
0.67740375
0.788998
0.1350498
0.09846852
0.17885785
0.20654967
0.79181296
0.7010374
0.64505595
0.58931464
0.2053504
0.17414741
0.12316211
0.08795441
0.09759212
0.081421755
0.1616165
0.7171445
0.67710227
0.6438328
0.13620713
0.17973596
0.1327483
0.09997708
0.726243
0.82792556
0.210755
0.09154534
0.094776474
0.70384955
0.7398438
0.86066735
0.7674618
0.13557306
0.10095018
0.05478811
0.05674095
0.74042773
0.74855447
0.9271971
0.9442207
0.9232306
0.8313797
0.90816367
0.88603836
0.8260731
0.89267594
0.8573189
0.76777697
0.6961027
0.7043237
0.12958893
0.10804295
0.09304764
0.1069062
0.70685244
0.601115
0.099857256
0.07909111
0.120238565
0.7553288
0.82169646
0.14898202
0.175182
0.14572474
0.22219962
0.8573414
0.13879855
0.09486284
0.062254403
0.09556201
0.094278365
0.14330603
0.20793223
0.29698014
0.2342103
0.18977785
0.18274397
0.2880677
0.74841994
0.77753973
0.89603186
0.9129762
0.8615655
0.24467157
0.17051987
0.509817
0.10936221
0.10740559
0.11925477
0.2727141
0.6583901
0.1285665
0.091675624
0.57043946
0.5784539
0.6713879
0.88888776
0.9213339
0.89567626
0.66850483
0.12247165
0.11070936
0.63094497
0.14258818
0.16080949
0.18996169
0.14871356
0.548516
0.14664826
0.16284244
0.5356042
0.49286827
0.123965606
0.10960538
0.12163614
0.1834752
0.32106036
0.8921756
0.8847716
0.8023913
0.8086165
0.1584654
0.14544737
0.8239805
0.0850974
0.04587096
0.04321628
0.044644326
0.048472084
0.0581034
0.8457146
0.08296088
0.071867615
0.7835655
0.9054007
0.8658805
0.07082389
0.068608925
0.22594035
0.9370719
0.928235
0.93306595
0.14522682
0.05480131
0.04280242
0.043674327
0.04676561
0.050647717
0.04713844
0.050328862
0.051573627
0.04618032
0.04231031
0.054275297
0.11270835
0.9031676
0.1137272
0.089584604
0.09744082
0.122646324
0.14538473
0.6757092
0.1323198
0.08872078
0.06343135
0.071641415
0.072541416
0.75549465
0.7915354
0.8076537
0.79516065
0.2733152
0.11430348
0.09492875
0.09258232
0.26136225
0.66011196
0.7435641
0.70977116
0.82630104
0.85361713
0.7934875
0.68557376
0.7243627
0.5880123
0.4828893
0.28049842
0.40609914
0.5209247
0.56013095
0.41090462
0.3844269
0.45802358
0.5151925
0.5413856
0.8358201
0.8743975
0.8140989
0.84249336
0.7542283
0.86269003
0.8495784
0.6831663
0.2743559
0.49142072
0.3296898
0.45859325
0.8239144
0.817502
0.5777427
0.36335757
0.26075155
0.2427516
0.23454885
0.2063108
0.20628703
0.19791801
0.2544172
0.49716154
0.42873845
0.32876164
0.38570607
0.37652245
0.31234556
0.23711935
0.24674994
0.4186273
0.1968292
0.19584137
0.33959228
0.54384255
0.3992462
0.21376157
0.1911107
0.22756849
0.27558514
0.4479405
0.37228388
0.25838897
0.20878488
0.19668452
0.25239044
0.25988138
0.29202813
0.6034624
0.7759553
0.85404754
0.84229803
0.71140563
0.71468574
0.32900083
0.30376226
0.39869872
0.6194907
0.5212811
0.520839
0.6066178
0.7600619
0.41517016
0.3457677
0.39240906
0.17088778
0.1593147
0.26835367
0.17502156
0.68634534
0.04643269
0.04103209
0.04729828
0.039813083
0.037180357
0.06697457
0.9618396
0.9676096
0.95955527
0.071906365
0.038067825
0.037106447
0.04519836
0.08192317
0.07086308
0.065518804
0.087185435
0.17633244
0.111083984
0.71027774
0.68188596
0.75776774
0.6613225
0.6223871
0.09214457
0.09556518
0.12548675
0.20612055
0.33599123
0.81459963
0.73928
0.7306559
0.15880033
0.11933301
0.114775784
0.5772506
0.6287386
0.31246808
0.2114855
0.73241496
0.7702068
0.1358141
0.09603832
0.11941485
0.15028076
0.71346915
0.57391196
0.85309416
0.7417276
0.8890103
0.8618629
0.73841107
0.7969166
0.17955574
0.122255534
0.6425665
0.56325936
0.1205602
0.16070218
0.18470223
0.814302
0.16011404
0.12876794
0.20032902
0.8915619
0.8935321
0.6423315
0.098456435
0.08818107
0.34305206
0.81381226
0.1085673
0.07501723
0.14909822
0.5901728
0.6443359
0.69624317
0.7866913
0.16639033
0.11180658
0.5731797
0.57949334
0.80444545
0.8986762
0.8768318
0.41865534
0.49001884
0.17300463
0.33449385
0.2457292
0.19868618
0.625965
0.47653428
0.20305899
0.3499829
0.63861406
0.694133
0.19976583
0.13533844
0.23461072
0.63486123
0.2743565
0.27612966
0.3094833
0.25294578
0.31284538
0.6620524
0.5070997
0.3975399
0.43946797
0.26028705
0.3859059
0.49036908
0.3111861
0.40510988
0.35039252
0.35003012
0.42359993
0.33784238
0.5105011
0.29369056
0.1518852
0.15070584
0.29110947
0.33462635
0.76707554
0.22423497
0.14635706
0.14363593
0.13692877
0.13289733
0.77235126
0.6578415
0.64982665
0.59811944
0.13080089
0.0898874
0.2641476
0.18516435
0.15431903
0.4029964
0.46006915
0.8306822
0.86104935
0.71152014
0.30408424
0.2844126
0.2738908
0.36281204
0.54248595
0.5018607
0.5308069
0.25053734
0.16830719
0.19499713
0.31857115
0.7117445
0.8778363
0.84160644
0.665301
0.595146
0.22957167
0.11060284
0.07815206
0.09700206
0.06654934
0.2000839
0.7662444
0.92785674
0.8924608
0.18436426
0.2603594
0.78525203
0.12658556
0.095025554
0.13310944
0.17662318
0.2482397
0.24956386
0.17474863
0.3719362
0.21171178
0.32008138
0.23439464
0.26588494
0.16816585
0.2590786
0.28805962
0.2616379
0.26916045
0.23946038
0.24069802
0.30573982
0.350212
0.55390453
0.77801657
0.86997294
0.9004112
0.9025419
0.8843034
0.8440413
0.7534917
0.767255
0.66595227
0.7803965
0.7151252
0.43638125
0.3753326
0.5796045
0.3176888
0.2338651
0.22715215
0.19508871
0.36811927
0.6618638
0.56726074
0.34792086
0.22728199
0.14576407
0.15049006
0.2128773
0.17378609
0.38104305
0.3048487
0.41701007
0.43961677
0.83973706
0.896303
0.8628128
0.91777825
0.95313406
0.9555486
