0.7204743
0.5
0.19869283
0.33491588
0.4001111
0.27571747
0.2528053
0.25382203
0.2633437
0.29498768
0.3879856
0.55307484
0.49835014
0.3255326
0.3084529
0.24462417
0.2050979
0.18976833
0.15242398
0.13798551
0.40998822
0.41744378
0.5629748
0.74355847
0.6321224
0.7773582
0.5964607
0.51348406
0.6298517
0.49222705
0.38230607
0.1558904
0.12724859
0.14614688
0.35311514
0.33956307
0.2460751
0.1166208
0.06733528
0.059171807
0.08391595
0.11697243
0.22326852
0.88346726
0.8353159
0.80593336
0.8166851
0.8120467
0.8092247
0.120518066
0.078265466
0.07600604
0.06898916
0.06797872
0.11222961
0.1296447
0.6857155
0.12906358
0.13164064
0.11737494
0.10022251
0.13097066
0.21343133
0.3003347
0.37175402
0.40484205
0.44147876
0.42905855
0.57892245
0.5397119
0.13309202
0.14147632
0.21162394
0.22340311
0.20306005
0.13368164
0.16751723
0.33279878
0.7920621
0.65102357
0.56638354
0.5409721
0.58436465
0.6747607
0.14226168
0.10950952
0.13269563
0.7937759
0.12411076
0.08577435
0.08480114
0.089875974
0.104166955
0.14291611
0.100459136
0.08885897
0.643258
0.10860103
0.08941581
0.1055764
0.71581894
0.87756306
0.8392175
0.7893925
0.23017098
0.6362322
0.11836115
0.13722572
0.61848164
0.19188868
0.70102674
0.09034879
0.0830081
0.08599851
0.08561637
0.085627034
0.08251737
0.10846634
0.66967136
0.108782545
0.13127829
0.20009342
0.7675013
0.8687468
0.8846039
0.8526256
0.74209315
0.65612406
0.6740272
0.599497
0.634381
0.75890994
0.770739
0.7139719
0.7324825
0.8018492
0.15136996
0.107597135
0.1009563
0.08382788
0.07561608
0.09085223
0.7709684
0.073706225
0.0541415
0.06589551
0.10589098
0.10719213
0.12095183
0.8515041
0.32861996
0.31245074
0.79328865
0.9048446
0.9372283
0.93901145
0.94096446
0.68011755
0.48199207
0.72209066
0.13722105
0.25692624
0.2591402
0.3058825
0.76995915
0.12047425
0.11929894
0.628893
0.073694944
0.07827183
0.11956313
0.14063708
0.13735217
0.22756906
0.68703854
0.24835385
0.16876613
0.17402181
0.3022898
0.44260663
0.52907044
0.6546669
0.38394728
0.345424
0.5084816
0.6280069
0.6874177
0.6450267
0.6516518
0.511132
0.49823976
0.5506055
0.2101139
0.18033817
0.2728347
0.6175842
0.55442524
0.3829789
0.34017858
0.3423862
0.46844858
0.67898315
0.6684018
0.34783435
0.35935712
0.39691502
0.61054134
0.5522948
0.51235235
0.5
0.48554683
0.42859063
0.2444269
0.21049029
0.22121078
0.31174362
0.473033
0.50607955
0.4172945
0.432732
0.44309038
0.4174765
0.47065914
0.36672902
0.37175998
0.25547096
0.41564465
0.38650236
0.4645761
0.41205806
0.24904889
0.25746772
0.24778272
0.23802735
0.14705983
0.1590215
0.16469663
0.11195318
0.11358708
0.123092316
0.09094263
0.091498196
0.12952669
0.24274991
0.1560923
0.59337175
0.09354293
0.083048
0.06440982
0.07054706
0.7411486
0.7551722
0.7376209
0.11638366
0.08279498
0.08106723
0.10030117
0.096752204
0.08492268
0.090579204
0.08407537
0.5091466
0.16476135
0.20155963
0.804255
0.8224873
0.6853629
0.61095273
0.5
0.5876711
0.71748275
0.8690897
0.8105679
0.61163604
0.55857915
0.3071251
0.24257624
0.186277
0.44571197
0.42576686
0.41891047
0.4936542
0.35198972
0.3216712
0.3335588
0.5976649
0.25564915
0.26016712
0.75889045
0.44215482
0.45867544
0.44495076
0.69074017
0.6337887
0.08927222
0.082492195
0.12751018
0.2383772
0.29712853
0.8676555
0.8287218
0.56719655
0.58769846
0.88628566
0.8672054
0.84387934
0.18395533
0.12273748
0.05849094
0.0664391
0.05815081
0.8312264
0.8154136
0.8115761
0.8547522
0.86022246
0.8218402
0.08057182
0.055960033
0.058047857
0.10504994
0.16649319
0.7816383
0.80965376
0.7055703
0.21471678
0.21122934
0.6704864
0.6277047
0.16090964
0.15184802
0.11171844
0.07627426
0.08562752
0.6607066
0.66007656
0.27873272
0.20863271
0.19877394
0.48597723
0.11196156
0.121654086
0.5414699
0.5294538
0.29640177
0.41782153
0.45954674
0.75686586
0.5
0.46896818
0.695102
0.6045361
0.47240567
0.6274752
0.52973926
0.23489848
0.15839115
0.13278727
0.16009884
0.1670473
0.13221838
0.1390973
0.110525884
0.5662211
0.6414563
0.77035695
0.68214965
0.64322346
0.54615515
0.21571852
0.17518438
0.48161831
0.16733903
0.1382741
0.13307783
0.08709378
0.07079075
0.19224048
0.20892747
0.75731623
0.90997773
0.9423542
0.9378386
0.89961207
0.7365842
0.7091464
0.68445814
0.683465
0.7227426
0.8356563
0.11315016
0.067542225
0.062381376
0.05718168
0.14060993
0.2515138
0.26186648
0.8213969
0.87132615
0.2515314
0.16203257
0.08409897
0.04782834
0.049528513
0.06349898
0.043665864
0.032973494
0.06799334
0.08331324
0.914044
0.901544
0.90618706
0.9467288
0.91695154
0.92530096
0.9062968
0.08397062
0.05152395
0.04957144
0.053333007
0.7093664
0.062787615
0.07630475
0.07695551
0.06174036
0.11819083
0.27409536
0.7250239
0.69707704
0.53603184
0.27197784
0.48721167
0.4870481
0.54236645
0.6529079
0.5
0.4617548
0.263577
0.29918227
0.39589638
0.75886786
0.29659685
0.18037237
0.15758027
0.27925968
0.2560045
0.6555499
0.65244937
0.6183867
0.10279134
0.09900867
0.106131986
0.1813464
0.24850366
0.88987494
0.9078123
0.89733577
0.8273902
0.569525
0.5165925
0.16287494
0.14788277
0.18019836
0.16670506
0.16550967
0.20299816
0.45460844
0.45776093
0.28578797
0.27229446
0.3425714
0.18639639
0.20775129
0.25753272
0.7151229
0.7134028
0.72584015
0.73241585
0.52974176
0.4848678
0.2734751
0.26151243
0.33117247
0.8030646
0.8338629
0.7642335
0.7247753
0.6824977
0.29986513
0.19913094
0.1531136
0.13188696
0.21112579
0.56601286
0.57058686
0.6727052
0.69884557
0.7400595
0.7049203
0.65770686
0.5784848
0.5780318
0.30829132
0.2803761
0.7310325
0.13303578
0.13959144
0.13912512
0.13980877
0.16165401
0.1284605
0.12143765
0.7216969
0.07824313
0.06396198
0.07885174
0.13140552
0.258339
0.82572705
0.7919501
0.7362257
0.11629147
0.07287227
0.08572456
0.6417018
0.11041321
0.17466313
0.15532051
0.06944483
0.04963168
0.049849268
0.0797285
0.8208384
0.9070684
0.87767905
0.8278564
0.8133957
0.0854948
0.06014274
0.0506242
0.050640225
0.08478955
0.6750678
0.7784527
0.71604586
0.71799326
0.76066816
0.71342415
0.7624946
0.28131148
0.18593937
0.55231315
0.11405329
0.09670895
0.10656205
0.6165032
0.660138
0.25792816
0.16618334
0.11547391
0.090173356
0.12874843
0.69799346
0.12334957
0.13556151
0.21003371
0.68479955
0.6932244
0.17125945
0.17307647
0.09684871
0.064815395
0.05742915
0.055300508
0.05643651
0.06831648
0.1286586
0.1854843
0.90677243
0.90100443
0.7897899
0.81746674
0.8933451
0.91465855
0.91871876
0.9048485
0.8372289
0.6886281
0.6563197
0.64536303
0.7091384
0.8669489
0.2294465
0.094606034
0.08304771
0.07500148
0.08045467
0.07477892
0.113711536
0.113325156
0.09441029
0.14377885
0.62102187
0.591754
0.51821315
0.19464333
0.24797684
0.29453358
0.1695769
0.50109905
0.3027876
0.5597385
0.5630462
0.2836301
0.22820841
0.23553583
0.28376266
0.44723514
0.38980114
0.28315896
0.33394396
0.47785407
0.50015783
0.5896931
0.6324997
0.50709546
0.5
0.4415292
0.43940023
0.31047496
0.29731613
0.31174198
0.37099168
0.2495415
0.27684194
0.4136911
0.2709435
0.24907202
0.2102216
0.25358683
0.24279192
0.19306333
0.1786885
0.44850877
0.3369803
0.28705978
0.30132708
0.34510386
0.3877044
0.39005458
0.4743655
0.5049733
0.5622479
0.5726476
0.18673754
0.13626346
0.11701397
0.09124523
0.136366
0.300532
0.7935769
0.6898112
0.60851216
0.60071194
0.513467
0.51948464
0.5189915
0.46896568
0.5598203
0.64927375
0.6934618
0.7949832
0.7292121
0.7269727
0.6512105
0.17786355
0.1814838
0.81045353
0.7739203
0.082287855
0.06250647
0.07432817
0.047645133
0.04586484
0.042014867
0.041013017
0.04522746
0.052960414
0.03253752
0.027274305
0.025114872
0.033134513
0.7467303
0.7710679
0.8653828
0.8992967
0.9527071
0.91427964
0.93624455
0.06586465
0.03549167
0.03030108
0.02587312
0.028681202
0.036528032
0.048020188
0.03402217
0.032982897
0.03423416
0.035205986
0.035609744
0.03667367
0.037762247
0.065786645
0.8998444
0.09036039
0.08695925
0.86065966
0.87383145
0.89125437
0.048004877
0.026216976
0.02541017
0.03437062
0.026907584
0.026457785
0.029759474
0.057516832
0.922964
0.036857605
0.018000761
0.015614906
0.01618067
0.02397686
0.03607212
0.8915844
0.91934645
0.9498872
0.94773626
0.0649357
0.028545333
0.021669554
0.028694902
0.04460767
0.034810808
0.03361367
0.02932857
0.03655997
0.06504437
0.78960574
0.9253345
0.1488515
0.11166199
0.08715706
0.055267673
0.061628282
0.116847485
0.09877341
0.050545987
0.060143203
0.7563769
0.9005238
0.836441
0.8006203
0.7871041
0.8429774
0.09615166
0.08052064
0.13077708
0.17506912
0.719523
0.08908175
0.090736
0.15086521
0.8028813
0.76131374
0.7364323
0.7272979
0.15990481
0.09679922
0.07590889
0.063682474
0.098525874
0.12418044
0.20210314
0.377984
0.46033224
0.5022447
0.48021683
0.42632484
0.3824742
0.3491266
0.36555246
0.39096576
0.36104998
0.54754424
0.47463503
0.40435496
0.2791427
0.27354965
0.3640754
0.23551935
0.3127875
0.38765007
0.36386687
0.39350137
0.4864281
0.51019347
0.5
0.4293208
0.31654096
0.2927377
0.4204174
0.4726132
0.5092657
0.5
0.43096092
0.3003237
0.18939477
0.20504671
0.21804853
0.28747553
0.37300333
0.3044435
0.35229176
0.29920647
0.26285455
0.30431274
0.37647584
0.3343911
0.64684635
0.5929748
0.51820546
0.5
0.5
0.33074474
0.29538545
0.22508067
0.20230864
0.22918868
0.4418922
0.5250514
0.61174625
0.6215972
0.6791234
0.7958781
0.8475626
0.86768055
0.8709688
0.8463339
0.7857054
0.7681521
0.7000119
0.6621245
0.10389708
0.11797145
0.20925707
0.22713867
0.23155133
0.21701163
0.68177927
0.105253346
0.12878302
0.18186499
0.87632567
0.88010967
0.10650654
0.081148535
0.10304694
0.067825966
0.0748772
0.09262793
0.063678786
0.742058
0.7921339
0.86011314
0.7819484
0.7445757
0.7748958
0.77630806
0.79945344
0.8845573
0.1685587
0.09609993
0.05801809
0.046581
0.04920122
0.059506256
0.07467582
0.82064486
0.89009845
0.08772691
0.04942622
0.042148095
0.044651702
0.052823063
0.060841694
0.09816709
0.10550419
0.8011419
0.923536
0.9263948
0.8706479
0.90527
0.839861
0.8062297
0.89189446
0.24142808
0.21865194
0.18073396
0.14127325
0.108130164
0.6927476
0.08344839
0.08955098
0.13341986
0.7756835
0.83630425
0.8659726
0.13439803
0.08323563
0.093169644
0.7066868
0.17899314
0.19374631
0.17740704
0.14955653
0.12211896
0.13525882
0.8018584
0.812376
0.7032548
0.6258435
0.57089597
0.58972234
0.731518
0.8436954
0.8466749
0.8874729
0.86795205
0.8003012
0.79411995
0.69758344
0.13472934
0.10465855
0.12899563
0.22023927
0.2971717
0.6600403
0.50713795
0.56208646
0.5544826
0.5301948
0.5466717
0.23686518
0.2066156
0.4492326
0.5281655
0.5870298
0.551439
0.28503585
0.2631154
0.23277546
0.55087155
0.56468606
0.6302027
0.15751603
0.101134196
0.07251893
0.06083802
0.072294444
0.1081942
0.09360941
0.16789374
0.2691716
0.9053177
0.82961756
0.21005818
0.6267579
0.21727343
0.84870416
0.08811155
0.055987358
0.053144183
0.05499639
0.064482704
0.06961487
0.070641406
0.07619766
0.09855967
0.09831625
0.7847207
0.08694139
0.059179526
0.057115193
0.08205364
0.77742404
0.08312257
0.056423154
0.047534406
0.046330124
0.067584515
0.10240265
0.79051346
0.82707757
0.8541385
0.8336195
0.104892336
0.08582279
0.1490917
0.7923662
0.8609063
0.8042941
0.8952903
0.18396233
0.11478346
0.168305
0.8429688
0.1253434
0.07229897
0.06057378
0.05653854
0.05550009
0.051678922
0.046913903
0.04607959
0.06750951
0.8015944
0.8887083
0.8752453
0.8642269
0.8402989
0.82708275
0.8094484
0.78934956
0.21598677
0.7778527
0.06993796
0.051322497
0.04826928
0.046650082
0.050455138
0.058953073
0.07471549
0.0823005
0.086907275
0.07358108
0.05928145
0.6635346
0.17957693
0.879656
0.9002601
0.12068419
0.09439839
0.12420714
0.117850535
0.104567714
0.6893925
0.15089402
0.09944358
0.091301605
0.1637864
0.76490796
0.7759148
0.73483646
0.70291215
0.30441394
0.30437502
0.26179722
0.56506824
0.6374391
0.6682201
0.6814045
0.6770436
0.4513563
0.44437337
0.28420904
0.22341429
0.18020897
0.14599273
0.092259035
0.07791111
0.083140075
0.683199
0.1950664
0.13598886
0.1583466
0.80968267
0.80329585
0.88970655
0.9023652
0.37307566
0.13467182
0.09677062
0.6712085
0.7459078
0.68338543
0.6342572
0.6262878
0.58311284
0.61839706
0.5735606
0.61117864
0.6088587
0.70891976
0.75525314
0.092099845
0.07734344
0.18455522
0.7437202
0.899178
0.88679403
0.6266077
0.09901607
0.09283661
0.13700847
0.6134224
0.89908993
0.9043617
0.20698324
0.15701862
0.11127952
0.22399375
0.22241692
0.30882224
0.5703962
0.81823844
0.64206517
0.63148934
0.449207
0.40603074
0.40615225
0.4005512
0.5391976
0.620132
0.39885432
0.2866384
0.26762936
0.36409476
0.42760736
0.60980296
0.57647187
0.39020264
0.4155134
0.57670087
0.81006324
0.8472074
0.80215
0.73635113
0.8359041
0.78262824
0.1477666
0.09927267
0.093297675
0.23258963
0.31926295
0.8203108
0.6992835
0.6186638
0.5598795
0.15576224
0.27664748
0.12420487
0.100426435
0.14550903
0.15135755
0.15035447
0.16859289
0.15210788
0.095103994
0.088387
0.7401704
0.25638354
0.19874123
0.7216861
0.7488317
0.61283296
0.63169
0.6918619
0.84195834
0.4843614
0.21769673
0.5979938
0.10065869
0.09918325
0.12522845
0.14922144
0.1488841
0.14820911
0.5369696
0.6929719
0.6585003
0.6580671
0.701542
0.5762313
0.4943669
0.44690534
0.39562252
0.26954865
0.24592954
0.21864374
0.27715948
0.3337815
0.39971703
0.6204177
0.37237594
0.29689917
0.25354886
0.37344873
0.45680156
0.31223336
0.3027816
0.3108917
0.39509952
0.7604589
0.5470579
0.20650761
0.16539082
0.1697637
0.19182974
0.3306588
0.16748011
0.19419551
0.46314734
0.46662486
0.20488231
0.15247871
0.16505809
0.11139809
0.10394143
0.0947598
0.1511258
0.76745015
0.6695158
0.6790932
0.683379
0.07769357
0.046550848
0.03467937
0.03431449
0.06510792
0.13691851
0.23439682
0.9620006
0.95324135
0.91613126
0.894168
0.15564346
0.09061946
0.05762683
0.039093122
0.032739367
0.0323924
0.053708885
0.80832034
0.8734433
0.8309419
0.7582311
0.6527731
0.5836159
0.078339174
0.07192275
0.07963926
0.08678139
0.0775751
0.11185936
0.1347798
0.6743044
0.82336444
0.8596297
0.7895121
0.81324244
0.7225122
0.67586356
0.7871538
0.7774643
0.5366283
0.5572502
0.4401258
0.31804556
0.22961299
0.39598465
0.18017532
0.13778937
0.14240314
0.18213284
0.2701079
0.2815305
0.22145794
0.119223475
0.122723006
0.653262
0.16389921
0.1318972
0.081144914
0.06798064
0.095482744
0.18670446
0.248641
0.78990924
0.77982837
0.75360775
0.7355813
0.71545976
0.72378016
0.7925627
0.8023338
0.7688346
0.7443379
0.78688455
0.78906155
0.7906063
0.8458385
0.2067809
0.15569577
0.11007177
0.10057921
0.082776815
0.07980309
0.08873626
0.71195024
0.69883484
0.09255032
0.09595765
0.09185876
0.11904252
0.23268667
0.73357344
0.81363344
0.83322716
0.51380414
0.46865955
0.39296502
0.24696861
0.19390401
0.6531776
0.6230967
0.6008442
0.30519727
0.23874798
0.13101941
0.08891741
0.6394061
0.706623
0.71064717
0.7373246
0.76202005
0.71364707
0.6343271
0.5575521
0.09885206
0.07945132
0.12395349
0.18072894
0.56676114
0.56654567
0.5070839
0.11765397
0.17532752
0.22632872
0.28406227
0.36235085
0.66978997
0.6283956
0.2972652
0.37544402
0.6098323
0.16365379
0.14444733
0.11302648
0.14363977
0.12560575
0.07362076
0.06835467
0.10210095
0.6957316
0.7123138
0.7449337
0.7789506
0.8431466
0.8634305
0.7654621
0.30387902
0.12022859
0.09544979
0.7038461
0.78409684
0.7502933
0.742317
0.6976315
0.11108544
0.12380811
0.19349235
0.65630496
0.79538286
0.72267056
0.6857684
0.68054545
0.77076876
0.25258756
0.12071757
0.09849072
0.09588671
0.11749572
0.1521439
0.14582822
0.12825872
0.12723786
0.2356448
0.68807006
0.6223347
0.54073435
0.27611867
0.18315375
0.14803693
0.2507548
0.41574594
0.26270872
0.2689794
0.23776746
0.2200336
0.2969906
0.16836368
0.14041282
0.5246607
0.48801357
0.5
0.5
0.24263723
0.1496738
0.3233146
0.28550914
0.2009005
0.30236444
0.17516036
0.30101573
0.22002412
0.16216628
0.21789664
0.14568682
0.14748283
0.1874511
0.21254571
0.71311265
0.2713775
0.21168597
0.82303256
0.819282
0.62320095
0.58412033
0.6690028
0.81874096
0.76599336
0.19317542
0.13332383
0.5264256
0.17908826
0.28740898
0.33268777
0.3043934
0.36711326
0.61454546
0.837887
0.68214715
0.29232192
0.21778968
0.3409728
0.25656486
0.25168017
0.31107178
0.37206513
0.42895198
0.6104305
0.62663555
0.57827044
0.6627463
0.706702
0.74900347
0.80970883
0.80649906
0.7528948
0.6557239
0.72782546
0.7260254
0.73563707
0.64361787
0.5147154
0.22588673
0.29344404
0.24009717
0.61387193
0.6988052
0.7055419
0.5873771
0.5
0.44113886
0.21007296
0.24796228
0.2440834
0.48942444
0.2489404
0.19493546
0.20609224
0.20772283
0.23037542
0.26756024
0.28568935
0.3100963
0.25996757
0.2593817
0.35105065
0.56005615
0.72879964
0.6444011
0.62034017
0.6073285
0.60005915
0.25578433
0.28223374
0.16281112
0.09498087
0.08422333
0.1288488
0.69815487
0.26332572
0.15747051
0.6740018
0.62659144
0.24087088
0.42828146
0.75484407
0.78166044
0.80299175
0.81586236
0.37889314
0.230946
0.73394156
0.7414704
0.21710162
0.37173694
0.70349646
0.10495513
0.08221962
0.082442954
0.11417241
0.19989371
0.29919612
0.8170554
0.77355224
0.6020767
0.5058245
0.29730994
0.30990115
0.3903156
0.8431488
0.9142323
0.92371005
0.8941186
0.29841256
0.16898522
0.13383564
0.09308346
0.093766965
0.78631705
0.117533594
0.099391386
0.18351835
0.21684109
0.22301103
0.91146904
0.8972154
0.68670946
0.1005593
0.047911163
0.03365574
0.035932265
0.83936507
0.8933555
0.9627398
0.956533
0.05766172
0.04340526
0.10455655
0.2402066
0.8942787
0.9024684
0.8052376
0.8407141
0.7330092
0.70918405
0.67745227
0.112331346
0.14268766
0.18190484
0.2233807
0.9067881
0.9081319
0.2315887
0.12037541
0.7421931
0.09180456
0.062288854
0.05060245
0.044203434
0.040598124
0.053645354
0.83509046
0.85772526
0.9396545
0.97246236
0.9660303
0.91309404
0.88381916
0.073618844
0.042555094
0.03652281
0.04679133
0.6342199
0.08857166
0.08995948
0.6574032
0.15988907
0.37028906
0.89288116
0.8870322
0.18773331
0.229168
0.30545616
0.42539245
0.8383766
0.7854646
0.74552757
0.75231934
0.72552586
0.700025
0.6591242
0.6217553
0.6541139
0.67638934
0.7290457
0.8469362
0.86339635
0.82338154
0.8176173
0.08638397
0.049873542
0.04556768
0.057390794
0.059739348
0.12440367
0.92003405
0.89320785
0.8172235
0.8465478
0.12782797
0.06931033
0.07119849
0.056638572
0.06381475
0.07119353
0.79271066
0.8078706
0.12792808
0.15009925
0.14065768
0.11134834
0.15977372
0.7312596
0.09967914
0.09408599
0.11589496
0.13262379
0.12698807
0.5920009
0.58999205
0.7191618
0.64843875
0.5457106
0.21450979
0.1344688
0.10516099
0.23142047
0.28596854
0.71139467
0.55433416
0.5575857
0.7514413
0.84288746
0.7642758
0.74232906
0.546585
0.28311914
0.14463314
0.15690418
0.24384935
0.36692268
0.26866075
0.31527668
0.2643995
0.1996235
0.2062547
0.36193198
0.18275397
0.15869667
0.17090686
0.29919037
0.29524374
0.50918275
0.4788266
0.2819063
0.28167042
0.34198043
0.3701981
0.3532713
0.39586574
0.42195612
0.3667194
0.26076224
0.27487484
0.43981847
0.28620714
0.23945728
0.23948221
0.25175527
0.2916961
0.17817003
0.122634225
0.09184487
0.09828065
0.7137055
0.83285564
0.87938267
0.81537014
0.92325497
0.93791837
0.93044215
0.89959186
0.81719935
0.13800275
0.13049038
0.16534707
0.55692154
0.8304847
0.8337872
0.6980471
0.70341974
0.5
0.46956256
0.472603
0.4335802
0.42425472
0.43606168
0.4694117
0.1662547
0.17912854
0.14754163
0.10715543
0.10760926
0.7866673
0.7698941
0.8026058
0.8508271
0.79520357
0.7581174
0.76745385
0.1438356
0.15153314
0.23380205
0.2363928
0.21023093
0.6318649
0.49044093
0.47470552
0.48195735
0.46463606
0.44892302
0.51939076
0.19085078
0.2350161
0.24157757
0.16588105
0.089405596
0.06495553
0.7023044
0.057254266
0.033454254
0.047970515
0.75851715
0.92019963
0.96597666
0.9772397
0.9688079
0.9380866
0.8017011
0.061741795
0.046244368
0.04832059
0.6707276
0.05161591
0.04838552
0.087947704
0.12809637
0.240577
0.3639258
0.8961851
0.8325604
0.7390925
0.62192094
0.58467346
0.608641
0.6208909
0.64721674
0.6633535
0.61826915
0.58919966
0.6478463
0.61672133
0.63516635
0.34409556
0.353873
0.5071089
0.7343081
0.6402486
0.59756196
0.5
0.27071553
0.22921287
0.21081814
0.49811673
0.11876598
0.11369245
0.119142346
0.11626559
0.13640897
0.22116616
0.7434823
0.762134
0.2847919
0.12675004
0.07494129
0.072126865
0.6580504
0.679625
0.73194176
0.8007159
0.73589593
0.49776733
0.68233687
0.3308331
0.743674
0.8436418
0.19219531
0.07294323
0.054730926
0.05365431
0.05478279
0.08962833
0.17663772
0.9410971
0.9489472
0.92819595
0.8703953
0.827286
0.78227496
0.76292866
0.80895954
0.8310844
0.84733665
0.85398906
0.88301116
0.16521005
0.08169741
0.070341974
0.07297788
0.07353787
0.07402271
0.07076032
0.76121485
0.8361246
0.3776242
0.7380084
0.5868869
0.83837664
0.73798573
0.67223585
0.6661473
0.75873923
0.3644462
0.3210817
0.81414133
0.79269636
0.27404046
0.385078
0.69046915
0.6782379
0.18790494
0.14692381
0.120763704
0.09677911
0.10476391
0.15906015
0.69315654
0.72387815
0.7087697
0.685439
0.70864886
0.71840733
0.72008026
0.7066985
0.23524484
0.12791717
0.10846568
0.5707308
0.17578684
0.11432753
0.07569161
0.0905634
0.15355384
0.74775136
0.7251112
0.1361994
0.15158108
0.16069047
0.16786042
0.19152151
0.88671345
0.11593466
0.06273275
0.061344124
0.044867102
0.036129367
0.044597432
0.81277096
0.8348439
0.92341363
0.91953075
0.8725189
0.88522077
0.9029629
0.9055782
0.8508227
0.8758782
0.06878433
0.059018604
0.073000506
0.061857108
0.044267714
0.057482723
0.8039219
0.10769931
0.088532746
0.08553298
0.09942097
0.08090745
0.7687581
0.7522679
0.7496387
0.7455956
0.75254226
0.75822824
0.7477091
0.7592519
0.8007916
0.11348068
0.08147572
0.071042076
0.1570393
0.2396038
0.14720957
0.18294565
0.36823818
0.51798475
0.4048775
0.39512447
0.4660931
0.5563042
0.5651196
0.096206866
0.09807865
0.064101495
0.07873534
0.11286725
0.2093337
0.8928924
0.92459416
0.9016417
0.45718423
0.6369075
0.08568197
0.09712605
0.1733161
0.25088492
0.8700063
0.8239053
0.8507103
0.68865
0.60660255
0.643886
0.3428694
0.28204542
0.11111275
0.103072114
0.56515676
0.29029903
0.7454394
0.112773426
0.110140815
0.113820426
0.11998242
0.13867803
0.28948635
0.35795516
0.33852953
0.42507043
0.5421365
0.5111623
0.64950407
0.5660255
0.5085788
0.52168417
0.53717214
0.3992307
0.32089332
0.3005782
0.31146044
0.3336997
0.41830847
0.56968594
0.44182867
0.40456
0.4723758
0.5333274
0.49439946
0.32577556
0.24574141
0.2395969
0.18975277
0.15343985
0.19917966
0.18797716
0.3873387
0.46783912
0.7854279
0.8062475
0.6919381
0.5
0.5
0.5966495
0.5
0.46377128
0.49004084
0.5820212
0.5
0.43877184
0.36557072
0.4242321
0.2740144
0.2357762
0.1995619
0.33868545
0.30673468
0.38377306
0.42880204
0.65138763
0.8489133
0.8764888
0.7885112
0.388425
0.22547187
0.20374501
0.23492323
0.27335116
0.17865063
0.2582797
0.25204596
0.40233395
0.71938586
0.5
0.27797177
0.24180642
0.23115174
0.24257554
0.31427926
0.18447113
0.15763864
0.17934462
0.20024595
0.16616693
0.15909377
0.30206665
0.53121036
0.7273435
0.7017977
0.78781015
0.6345943
0.57324153
0.62285155
0.7895362
0.8454389
0.8081105
0.6228236
0.55864894
0.60274315
0.38920125
0.33506444
0.14328587
0.11951817
0.13745433
0.128502
0.12801321
0.6209667
0.6913456
0.700648
0.6595585
0.67807007
0.66383815
0.6092096
0.107092366
0.110875875
0.19832928
0.22873181
0.71161294
0.2446669
0.2638665
0.3439074
0.6639668
0.8554057
0.79201025
0.25147128
0.20603997
0.50799644
0.12580097
0.14194135
0.15509328
0.12900716
0.6706069
0.100062884
0.082625374
0.09168779
0.11912907
0.11191443
0.7766631
0.14000875
0.08463088
0.049644787
0.038241502
0.038728554
0.054740347
0.79981303
0.83594227
0.92901886
0.9349951
0.9035917
0.9369505
0.08119434
0.033622142
0.024663351
0.023460712
0.038772915
0.08487837
0.9014289
0.86166555
0.80297863
0.6852036
0.08487059
0.07677526
0.0727482
0.101973236
0.11613273
0.8634624
0.86544144
0.1289186
0.11545879
0.087343544
0.11477218
0.6789887
0.14810172
0.2226016
0.7307784
0.66722876
0.60911185
0.577931
0.19025563
0.17883757
0.15923661
0.13170701
0.08799181
0.06599157
0.05136242
0.04197695
0.05259565
0.8030869
0.83824676
0.8137698
0.821979
0.079311624
0.0656886
0.065260276
0.047517423
0.045203395
0.11083083
0.15468064
0.17591844
0.15631336
0.17866763
0.13340455
0.11823607
0.15297991
0.29097217
0.5520162
0.6906448
0.73672265
0.6440732
0.68185514
0.74458694
0.72221833
0.61764497
0.64926034
0.8491048
0.9012012
0.89669394
0.853565
0.62337375
0.18487155
0.19544433
0.1875214
0.18303405
0.608571
0.08287504
0.068375476
0.08511305
0.2200881
0.8055316
0.71816766
0.68676454
0.62022495
0.61771894
0.097699784
0.07491226
0.08555422
0.24531884
0.2785947
0.26491314
0.8259688
0.604865
0.2816752
0.6671373
0.16786093
0.14397071
0.1625789
0.82382816
0.84567976
0.7564366
0.83288616
0.68393433
0.1053885
0.06887895
0.07598721
0.7017989
0.77770865
0.8337828
0.7803101
0.12055243
0.073089965
0.07650284
0.59199333
0.076626524
0.06972663
0.0868591
0.7230703
0.41365087
0.8919437
0.85086274
0.14932348
0.10075566
0.08769033
0.0628474
0.061073873
0.12179562
0.69938385
0.8926866
0.23229855
0.078177884
0.041535467
0.026930222
0.031271517
0.057171736
0.036369875
0.83625144
0.86013806
0.8465923
0.9684532
0.9628505
0.84813386
0.8886211
0.09409371
0.049774572
0.03643338
0.031423736
0.040590122
0.04225115
0.06662747
0.6931811
0.6398933
0.62762004
0.6719837
0.809891
0.8556865
0.32517356
0.1956187
0.14360508
0.28245148
0.3914195
0.57862073
0.7054829
0.74110824
0.8490182
0.5994964
0.14572483
0.08765497
0.07060556
0.65405154
0.88053495
0.94666034
0.94907886
0.89631945
0.60712147
0.114780724
0.091760546
0.12183367
0.56296
0.28647447
0.21289083
0.14493136
0.095313706
0.58187443
0.6070398
0.65279466
0.6858838
0.72860193
0.7854657
0.7523897
0.7036739
0.1695062
0.14867777
0.18712693
0.3061336
0.57613677
0.64886016
0.7025039
0.683789
0.6971086
0.72588754
0.7063966
0.69376045
0.72557336
0.51875234
0.16451031
0.13052289
0.10148132
0.10138604
0.61466885
0.16159937
0.12819408
0.5481705
0.14917012
0.23369034
0.56441855
0.55151325
0.63795674
0.68211895
0.4514642
0.22469792
0.6074165
0.10714075
0.08065224
0.10557416
0.08916977
0.19030187
0.27972484
0.72196007
0.7051839
0.7384788
0.5381996
0.42410833
0.421821
0.3807224
0.39744678
0.16945122
0.30011827
0.27514207
0.3143967
0.36902648
0.79810303
0.7876439
0.5392804
0.5
0.5114609
0.31045362
0.39272407
0.4049118
0.5636243
0.7065361
0.5282573
0.59499353
0.33934754
0.25691047
0.30476767
0.35894695
0.17896849
0.18514672
0.24678268
0.27327216
0.30465737
0.4286965
0.45619604
0.4334789
0.5159181
0.53508234
0.5
0.23833919
0.2327356
0.45779034
0.52418727
0.66744375
0.59058976
0.4814384
0.43883073
0.31224543
0.3173999
0.43599987
0.5911127
0.39503366
0.40142268
0.4431972
0.6300237
0.36702344
0.29456237
0.2825758
0.40474913
0.37960723
0.43183893
0.42964104
0.5686188
0.43646872
0.36463076
0.43334296
0.6242835
0.6000899
0.44847447
0.4272906
0.4843462
0.613921
0.3825752
0.37891895
0.572246
0.39822242
0.38293114
0.37743208
0.41444677
0.55508786
0.8249351
0.83891046
