0.87114626
0.68007123
0.24602999
0.19964823
0.2241211
0.24596326
0.31334695
0.22787693
0.30290672
0.6891227
0.4571519
0.59572047
0.6213902
0.5
0.2346242
0.18529831
0.15106562
0.12153233
0.09732197
0.12602358
0.63037574
0.1153971
0.11357215
0.09101939
0.06793056
0.06546366
0.059820015
0.05340287
0.054575812
0.04636064
0.054175027
0.7572937
0.051496495
0.031198408
0.032610647
0.04898853
0.062283423
0.89446324
0.9213411
0.917666
0.8755818
0.04963041
0.03339174
0.0320795
0.044309046
0.061513375
0.077530585
0.08367728
0.05842217
0.09881046
0.7632536
0.07794169
0.06450598
0.1157672
0.15474343
0.16236654
0.17734547
0.55132914
0.16725625
0.24899672
0.6882392
0.5
0.63088846
0.8690779
0.90202373
0.8715589
0.6255281
0.38005114
0.13516447
0.14957379
0.54611814
0.4519377
0.2317855
0.19482026
0.1840704
0.19035603
0.29102817
0.7891741
0.65959233
0.7641394
0.3387091
0.25956765
0.25748143
0.3733061
0.67375404
0.30414647
0.225172
0.1754047
0.13972622
0.6832594
0.05791599
0.056670558
0.089888595
0.062361117
0.10552644
0.19292085
0.9581244
0.9489623
0.83164644
0.08503937
0.04672929
0.048025217
0.051722884
0.10651068
0.13523395
0.62516344
0.08382646
0.084599264
0.13322994
0.81947994
0.9301738
0.9548963
0.94815844
0.1233003
0.1113093
0.14731275
0.6576503
0.56870645
0.59711355
0.26040977
0.16322494
0.17463115
0.73863626
0.17987464
0.12938109
0.15347819
0.14552808
0.8348321
0.863763
0.729793
0.7789452
0.6819919
0.70340973
0.6239937
0.65489775
0.57713634
0.6248102
0.9278727
0.9231727
0.27569094
0.07056121
0.038426127
0.030594343
0.028166907
0.030473933
0.046916995
0.07652208
0.062485933
0.86237395
0.877941
0.035135664
0.01627575
0.012261298
0.014104428
0.020657783
0.9390832
0.9679612
0.98279566
0.9774686
0.03048229
0.015521207
0.013954463
0.017107513
0.031722277
0.04173471
0.033808183
0.07873853
0.907261
0.0655783
0.07788425
0.09956665
0.89746267
0.9000409
0.72796893
0.077908054
0.06976846
0.069965325
0.7948626
0.9261474
0.9558964
0.94982743
0.8713054
0.048197083
0.025309633
0.018385923
0.017987346
0.013912502
0.023012174
0.88128275
0.7167218
0.9706186
0.976306
0.9475579
0.9425439
0.8533123
0.0375294
0.030525181
0.03432896
0.09508901
0.060711205
0.091442384
0.8020551
0.051321317
0.028671587
0.019200834
0.02207385
0.02058911
0.01777756
0.018732367
0.027244095
0.8930066
0.8686848
0.97323245
0.969429
0.12062911
0.11794491
0.081961446
0.7734016
0.03736002
0.032151297
0.047362134
0.034706444
0.06678846
0.06797644
0.0776107
0.24325034
0.11213279
0.15702459
0.27187368
0.32474798
0.87943256
0.88804126
0.62266856
0.30380094
0.24827339
0.24531251
0.48668182
0.64202106
0.28837502
0.2146944
0.19258188
0.25455675
0.3091868
0.42510962
0.35973832
0.383969
0.842534
0.8284954
0.18636818
0.12640665
0.13505855
0.26008976
0.8844962
0.9310507
0.91706145
0.8380473
0.86828774
0.7526546
0.047018565
0.029619155
0.029273184
0.03434003
0.046224296
0.05262898
0.936968
0.86714876
0.95317054
0.9477333
0.08228873
0.03499515
0.03654512
0.0752798
0.03637728
0.047489244
0.835084
0.84882265
0.86794484
0.054918062
0.04036193
0.049130764
0.089804776
0.050344102
0.046739932
0.09450616
0.16094643
0.15176642
0.08913328
0.06800171
0.07814292
0.59589475
0.571015
0.6262763
0.63985103
0.68188643
0.23423716
0.14704198
0.1087017
0.19734976
0.44485652
0.16031882
0.30109134
0.5683095
0.35928792
0.83457786
0.122854464
0.052072816
0.05329187
0.097509064
0.06603253
0.047603805
0.06861034
0.09579056
0.7516837
0.7452411
0.820909
0.9205621
0.1892014
0.09808786
0.060287837
0.046815455
0.059257045
0.09787565
0.07900933
0.07091969
0.15486403
0.6548753
0.54196775
0.4766398
0.732001
0.63499653
0.63619226
0.7735903
0.7849614
0.6882261
0.63497955
0.70195884
0.19076692
0.15918413
0.10880634
0.091697946
0.079110324
0.7952597
0.87097096
0.82474315
0.19348127
0.23769817
0.17062439
0.25950006
0.28037077
0.8384454
0.7785402
0.52112436
0.43354398
0.17807645
0.17136982
0.16556656
0.19372708
0.3702104
0.6453954
0.7655098
0.54155535
0.3422711
0.23811279
0.21327752
0.24205472
0.31291285
0.52485955
0.41893688
0.47140697
0.5063936
0.5
0.53333443
0.64085287
0.5945755
0.6657887
0.81231576
