0.03671796
0.022679027
0.024717396
0.03251746
0.026766453
0.025616314
0.027303295
0.031212546
0.0486822
0.84340173
0.9027341
0.05711171
0.060212318
0.060436074
0.043756824
0.051430583
0.888527
0.04255001
0.032507546
0.049485836
0.0645542
0.93046975
0.86810356
0.94216555
0.92748463
0.04591703
0.021777129
0.019019816
0.022808481
0.016673733
0.028457144
0.93741626
0.9341423
0.96476614
0.9834556
0.95480347
0.92888033
0.902629
0.02838901
0.0137674315
0.011875945
0.020176861
0.017470488
0.012911987
0.012048476
0.013165679
0.018835755
0.06212645
0.9797717
0.98474556
0.98366666
0.9783438
0.037419852
0.015187965
0.011031119
0.012343533
0.018082397
0.02576631
0.03113261
0.0410728
0.89702576
0.04121933
0.026315277
0.027072404
0.036819667
0.067291975
0.9482852
0.9599311
0.918444
0.8832707
0.89226454
0.08465421
0.053172275
0.06356133
0.85167587
0.039973106
0.02727104
0.022441179
0.022934735
0.02814661
0.04964218
0.890235
0.96145165
0.95367527
0.94306666
0.9758399
0.9779589
