0.9178517
0.904226
0.9444828
0.9524133
0.9310148
0.7254064
0.2590705
0.15971874
0.14336543
0.17110845
0.27463862
0.376648
0.82975006
0.45800912
0.49386886
0.4812395
0.5761166
0.15932658
0.1588568
0.22681363
0.8274653
0.8635232
0.4299245
0.3241972
0.35841954
0.35883123
0.5618226
0.16847828
0.18812634
0.60965663
0.755502
0.8261774
0.49843436
0.44823307
0.4325713
0.7334719
0.5315029
0.13620448
0.21855077
0.5983354
0.109547205
0.11243331
0.16249858
0.19148955
0.80321085
0.84097904
0.30121753
0.21574372
0.16406427
0.14575145
0.14429069
0.7021264
0.22041126
0.2956583
0.6872718
0.69625115
0.5701142
0.2427746
0.51516306
0.14094618
0.149219
0.53968215
0.31476638
0.7665644
0.78319716
0.7311956
0.6915931
0.073066264
0.0702056
0.12874895
0.16983357
0.81909066
0.92454016
0.92032605
0.10571943
0.05410775
0.047294155
0.048198603
0.05577388
0.04079319
0.04633889
0.749855
0.04280949
0.028492708
0.046224426
0.79552543
0.94323206
0.91902626
0.91337675
0.87265354
0.92879796
0.14933848
0.050372265
0.03634634
0.034100384
0.052662004
0.08416779
0.06699704
0.054209217
0.046147417
0.06441313
0.78996015
0.7477543
0.74677664
0.8534538
0.23336306
0.17986181
0.15371427
0.23941424
0.7740188
0.8076006
0.23885645
0.5376224
0.12612537
0.25547284
0.5772135
0.21289854
0.61687845
0.12596142
0.10539403
0.106419705
0.111794606
0.20265967
0.26699093
0.18303387
0.64379007
0.5515555
0.14031503
0.28056085
0.1341181
0.16791636
0.6342977
0.13989371
0.110002145
0.18324445
0.27403384
0.28621355
0.8365425
0.25247878
0.1591869
0.17778306
0.16636983
0.17116524
0.17489555
0.6452312
0.60223526
0.10360559
0.080724075
0.07885155
0.5579461
0.13448171
0.13335493
0.3643329
0.851678
0.9099181
0.9184626
0.6198267
0.44183502
0.20636144
0.10575938
0.1629507
0.17797898
0.1550165
0.2267582
0.21536963
0.2872586
0.27283126
0.32029283
0.7229171
0.9103736
0.930346
0.92150503
0.8681673
0.27717865
0.20774911
0.36787936
0.92990285
0.941589
0.91516185
0.11235205
0.051620267
0.04621407
0.048326463
0.06016984
0.07687525
0.78524405
0.06906552
0.05333968
0.06347769
0.09361657
0.07273705
0.0663826
0.7389412
0.07130983
0.059942007
0.093501195
0.8118781
0.07379206
0.050644416
0.048546102
0.07569975
0.8683301
0.15467627
0.035533138
0.023289
0.021059675
0.03654519
0.88958627
0.93455493
0.97623867
0.97786385
0.96204
0.07199663
0.038242724
0.035211362
0.029794982
0.0397793
0.75127614
0.70875263
0.05474083
0.055197895
0.07419733
0.09436985
0.8240869
0.04114792
0.036333922
0.08158576
0.94932956
0.96031755
0.95581675
0.04966984
0.03073018
0.02830236
0.036174633
0.064066805
0.09876418
0.8616327
0.18759556
0.7855223
0.7315373
0.7758533
0.17440212
0.07814715
0.05204608
0.065301724
0.09171347
0.8905104
0.90279424
0.1694355
0.20261963
0.16777861
0.6976734
0.8173233
0.15361263
0.13668714
0.13593116
0.14362004
0.32232726
0.6731877
0.108770326
0.124340534
0.7102707
0.096106395
0.06543993
0.058351696
0.05568535
0.08218249
0.13267207
0.13508368
0.0856812
0.06366947
0.05421924
0.05163263
0.0727689
0.7457959
0.7382772
0.9047224
0.8632931
0.88359696
0.7936213
0.76057285
0.79371583
0.872685
0.8551078
0.89245105
0.8502823
0.85183287
0.88481724
0.8959857
0.19683847
0.06413674
0.046275
0.043412436
0.04895399
0.051678322
0.052144382
0.051686913
0.045715373
0.046862118
0.047905248
0.043887727
0.050432958
0.13814177
0.8879792
0.101471744
0.13544646
0.17141433
0.19965978
0.188067
0.39788467
0.176151
0.118197605
0.13584955
0.5924967
0.6291944
0.69460523
0.6682308
0.2356545
0.17264894
0.13628484
0.12211574
0.634001
0.110822916
0.15202908
0.20581502
0.68489707
0.07741256
0.08549506
0.07794907
0.13058543
0.8175679
0.050019845
0.03428223
0.054873265
0.065615326
0.8565842
0.9337273
0.92869896
0.8621204
0.82353204
0.81968653
0.068875976
0.05953894
0.053150147
0.060100816
0.081786446
0.094226584
0.065369725
0.07104371
0.66420764
0.11581322
0.13528459
0.12897818
0.62624496
0.09970722
0.113776304
0.18606819
0.29327065
0.79410446
0.55038005
0.48169634
0.42668885
0.5209386
0.6248137
0.8235676
0.8295857
0.6992091
0.5607429
0.15561572
0.117078885
0.10834021
0.7241823
0.79174733
0.1368188
0.11990581
0.09632072
0.087238185
0.7870027
0.84361297
0.104365036
0.086906135
0.7030225
0.7060962
0.7864202
0.22021614
0.21567757
0.14919205
0.10648501
0.0792168
0.076393954
0.076106176
0.09350943
0.8475862
0.104482524
0.06766216
0.069364324
0.69225556
0.272674
0.4730036
0.89735824
0.9146431
0.8558716
0.17000914
0.13134319
0.67544264
0.20694774
0.6416114
0.7147189
0.7602054
0.8869654
0.82185227
0.845262
0.12351074
0.07955717
0.08484025
0.71383274
0.8560495
0.14373586
0.12669206
0.67932284
0.09294207
0.0678383
0.05796452
0.05165064
0.05400155
0.05267479
0.058740214
0.083644666
0.10595162
0.12500891
0.18784603
0.9228885
0.91892904
0.87551916
0.16806586
0.15453862
0.8065926
0.24630436
0.098746486
0.102761395
0.2740031
0.87119967
0.85032296
0.1800617
0.10672082
0.14509758
0.5023648
0.36161065
0.4529676
0.2665187
0.32006794
0.69390327
0.8243964
0.12064395
0.08366032
0.09888975
0.14740726
0.15062869
0.117837735
0.8817705
0.096006416
0.06698406
0.06991152
0.0624097
0.054587856
0.06799534
0.7815311
0.07525049
0.055663157
0.039506406
0.03652263
0.049512994
0.11453937
0.8538668
0.8571879
0.82942116
0.90350026
0.8997389
0.87347233
0.8630873
0.105000995
0.056643315
0.044786226
0.04212478
0.04705263
0.06827246
0.87595797
0.06476806
0.040003642
0.036187425
0.040159527
0.07710743
0.099541485
0.8818516
0.85011685
0.87535524
0.101343386
0.09494223
0.08514159
0.06339694
0.083295844
0.1578059
0.8458233
0.81414086
0.56992316
0.54911906
0.825898
0.12936847
0.100635394
0.11180573
0.13442841
0.10773272
0.08632118
0.11740878
0.6819103
0.6957798
0.7449341
0.7936486
0.68163884
0.32550693
0.55936354
0.23695521
0.7131244
0.108952954
0.07536134
0.080775574
0.12482293
0.15891364
0.15592082
0.14442308
0.7215846
0.09373658
0.09015494
0.6910081
0.7767142
0.78571767
0.79486233
0.7392915
0.31313452
0.7342098
0.1095295
0.061557774
0.04475506
0.052871242
0.12928702
0.9324019
0.95902437
0.9429511
0.7504137
0.06888009
0.04116363
0.03470694
0.043865304
0.05752596
0.7327949
0.22144419
0.74284184
0.718122
0.7343862
0.7227588
0.7412737
0.06885721
0.083591074
0.10532761
0.09136847
0.09742741
0.059213072
0.050446745
0.1487945
0.31087402
0.8958929
0.32571372
0.7794392
0.1690736
0.11254402
0.10489341
0.11022247
0.13428459
0.1466777
0.101762116
0.084885515
0.5677089
0.11220807
0.16441104
0.21869124
0.26375642
0.790796
0.6395882
0.2516132
0.13634112
0.121003665
0.1895188
0.54814404
0.62487406
0.5445604
0.5215984
0.15265712
0.12065662
0.18249114
0.39016375
0.65928566
0.5890817
0.47319734
0.19270891
0.15702942
0.21831547
0.22423996
0.27595052
0.62497777
0.6917004
0.2862802
0.21829225
0.23643215
0.33112139
0.5619634
0.23164053
0.19031475
0.5007077
0.46194696
0.36128706
0.28154567
0.39671984
0.28571072
0.31514433
0.7788463
0.5372629
0.17693141
0.13827822
0.091629416
0.11157017
0.28322294
0.1579247
0.73742926
0.8452468
0.6701568
0.16023818
0.1143013
0.14204922
0.49941346
0.12232359
0.12892264
0.3100383
0.5797619
0.6744219
0.2514116
0.22177117
0.27013698
0.32561222
0.69513905
0.6389372
0.6808122
0.7778611
0.66347736
0.66492295
0.73087287
0.19590797
0.17088261
0.21546476
0.13936307
0.5297644
0.16680107
0.18651427
0.72757065
0.64395124
0.6864818
0.81153136
0.6506352
0.15032937
0.15825094
0.6039933
0.096208215
0.09386795
0.13515641
0.2786022
0.7318176
0.83014196
0.6773593
0.12315216
0.15410197
0.17703666
0.15023631
0.14339069
0.1186682
0.17157239
0.75579274
0.61692
0.6098615
0.5
0.55354995
0.15579279
0.15404776
0.17453553
0.46844244
0.55971974
0.73167485
0.8515611
0.8248512
0.20066299
0.14600077
0.093542255
0.08188619
0.3035713
0.8433737
0.80133873
0.8770083
0.6686124
0.17370625
0.11132534
0.08775507
0.0807274
0.63674444
0.5914715
0.6109448
0.50462276
0.13577288
0.18120876
0.36934298
0.8358409
0.1476406
0.0698283
0.065276906
0.5768872
0.19811685
0.74274564
0.83340204
0.76446027
0.7059825
0.11086156
0.09626332
0.1634867
0.20722261
0.786069
0.8577554
0.7155688
0.13185234
0.10641233
0.6956772
0.76264566
0.82220215
0.787748
0.73596585
0.7867226
0.14498739
0.1240493
0.6668349
0.17111096
0.14703143
0.10515866
0.106714286
0.69193864
0.68361354
0.6981987
0.7736807
0.3591771
0.56894946
0.11218232
0.10680604
0.1678498
0.76848
0.16715614
0.107233174
0.11341107
0.61687934
0.6072024
0.6998527
0.16740312
0.23843196
0.1924084
0.18569675
0.13874848
0.110302255
0.06827868
0.08797545
0.28395778
0.81889874
0.40248474
0.45861349
0.21997464
0.14925484
0.14011215
0.1787175
0.3919969
0.5937052
0.5440016
0.5186131
0.32391724
0.69975835
0.5942623
0.628643
0.7965639
0.7788086
0.6010582
0.5674014
0.6067386
0.5627036
0.1290595
0.1315193
0.10538043
0.15841842
0.31571725
0.80344933
0.5388289
0.13356698
0.16960075
0.5872484
0.53112
0.65131545
0.7190809
0.30200917
0.4928842
0.8626125
0.8733682
0.8125802
0.8533552
0.7091572
0.7126462
0.078123346
0.056150187
0.059660796
0.07134773
0.081986755
0.08932605
0.90025735
0.06791497
0.036030598
0.047710236
0.81764346
0.8827022
0.9377994
0.8860963
0.72380686
0.06634945
0.059397817
0.07726409
0.8693179
0.07888398
0.072077505
0.106439695
0.070924774
0.0629743
0.06276228
0.17218795
0.17371461
0.6359051
0.6284088
0.54490817
0.51109874
0.16961846
0.086908765
0.049304444
0.033038586
0.042700864
0.043690026
0.046886224
0.88320565
0.9660578
0.9773052
0.9673827
0.8422698
0.04243108
0.026137246
0.026063725
0.041726235
0.06729134
0.7309707
0.7098351
0.7799368
0.67546684
0.668635
0.7933269
0.6570848
0.15213816
0.14406087
0.10598223
0.087709606
0.17291541
0.13256073
0.10430309
0.12924479
0.12162782
0.1276568
0.28397915
0.64286155
0.11197867
0.07281018
0.06391426
0.075649254
0.7210792
0.2657506
0.10556582
0.09122083
0.0767328
0.65946263
0.70119834
0.7308387
0.768481
0.7795131
0.7436211
0.13030945
0.13391651
0.11298001
0.2550418
0.8182373
0.7080421
0.11933256
0.089508176
0.09474111
0.113273956
0.6520227
0.13352506
0.11247284
0.1008775
0.113980964
0.17000927
0.22200648
0.77966034
0.78479093
0.63218725
0.5501431
0.11878607
0.075411156
0.06950377
0.09093825
0.7369238
0.8343244
0.8447307
0.87568235
0.71888036
0.22231552
0.15711784
0.10501206
0.10100459
0.5840298
0.61170864
0.36312073
0.43067235
0.30819064
0.3221001
0.41076913
0.51363224
0.39978036
0.30709273
0.3269379
0.26042143
0.30842805
0.3525726
0.45700926
0.46626493
0.5101674
0.6943564
0.5166919
0.4195859
0.2169604
0.16238452
0.3212248
0.5682733
0.35537717
0.23974243
0.23463361
0.25018483
0.20363912
0.2774956
0.39558214
0.40473494
0.48723346
0.18771575
0.15375578
0.11444969
0.66635305
0.74716336
0.75041693
0.77135265
0.3058994
0.20131688
0.267918
0.47583243
0.41489995
0.41734266
0.44689995
0.5268808
0.51247746
0.48787415
0.3802031
0.3453288
0.3162044
0.2832226
0.25846317
0.41846168
0.5005976
0.61314255
0.81682557
0.9206691
0.9089002
