0.7220612
0.20004456
0.13831155
0.14788857
0.13769877
0.44570014
0.4162536
0.6196996
0.9007411
0.92913437
0.92308307
0.8679902
0.602965
0.097709484
0.072446994
0.097712785
0.16169558
0.82900536
0.099497706
0.07390183
0.050494205
0.053536285
0.80961454
0.8294389
0.85490113
0.90351266
0.0831355
0.06556804
0.07958741
0.073020466
0.081443936
0.116147526
0.14046057
0.14965804
0.82240975
0.6244872
0.6629887
0.8006348
0.70831174
0.6871552
0.69047076
0.75004196
0.662
0.13923351
0.14812663
0.15310168
0.13676864
0.19760855
0.7197283
0.73235416
0.63187987
0.13587953
0.1515287
0.09852803
0.06903796
0.076564535
0.6488647
0.13658625
0.1949735
0.7503815
0.06764572
0.056163985
0.06186201
0.056225035
0.07199715
0.06420508
0.81914735
0.81117713
0.854092
0.9030977
0.8167046
0.8313063
0.08979538
0.09080463
0.080051675
0.065513685
0.061276168
0.079977535
0.78956324
0.7861992
0.8489784
0.33419243
0.23859312
0.72327363
0.19125402
0.6459069
0.072000235
0.06531173
0.09772524
0.13486414
0.80541986
0.77009153
0.8246304
0.21281147
0.20972429
0.26537943
0.277793
0.20198499
0.21266668
0.2286894
0.14640664
0.10731495
0.61025274
0.65601355
0.8178406
0.8552054
0.75342166
0.7396705
0.792758
0.2694341
0.195031
0.22020847
0.23317443
0.7166572
0.6727197
0.6694122
0.09311272
0.100296155
0.12100216
0.13947865
0.110341325
0.08420446
0.80355763
0.05193527
0.02101432
0.018996332
0.036337625
0.049726743
0.06810185
0.9533721
0.96229404
0.9722304
0.97041
0.96456635
0.11518342
0.07560085
0.05292794
0.027361233
0.026981596
0.024760589
0.04665655
0.050794896
0.07288458
0.079264715
0.078499146
0.14863567
0.8082015
0.729851
0.6649522
0.1460102
0.056483023
0.03409032
0.034443654
0.109539896
0.101336874
0.086990036
0.9612988
0.95860535
0.92980564
0.92363864
0.9060159
0.08269662
0.068894945
0.057855673
0.041826192
0.03897541
0.08407739
0.13534497
0.7791162
0.5232768
0.4330917
0.45044407
0.3873422
0.3230792
0.2629108
0.17136085
0.12394224
0.6093494
0.60091966
0.34227115
0.28029975
0.29244512
0.16066945
0.095767766
0.062914036
0.06958875
0.12003594
0.74916375
0.8276078
0.21981028
0.116951875
0.11877835
0.07644603
0.06550208
0.09990977
0.24528639
0.7710143
0.783877
0.7840622
0.7918484
0.7481876
0.30786666
0.18276483
0.11831017
0.12012286
0.619645
0.6955202
0.671034
0.6785458
0.763153
0.782752
0.74310493
0.29115558
0.16627872
0.12820545
0.13136087
0.09653465
0.096681096
0.16954479
0.7265054
0.78066826
0.8007461
0.82103676
0.32042158
0.193436
0.2534672
0.69955915
0.74699473
0.76124406
0.7612564
0.74484503
0.708104
0.76032746
0.77980334
0.8022729
0.09360568
0.095522925
0.19489843
0.15680459
0.09600438
0.10094057
0.11498871
0.079279594
0.07927413
0.1515448
0.7368659
0.78437275
0.71406907
0.17283793
0.2073701
0.19039021
0.08796778
0.054692835
0.06495884
0.78205645
0.8027673
0.90538347
0.9105942
0.83816046
0.08248743
0.04364093
0.04694714
0.028760042
0.054903727
0.9645564
0.96673167
0.9472181
0.85393393
0.047987565
0.032940805
0.04295949
0.06340852
0.122608125
0.7316877
0.57011956
0.6281456
0.60295594
0.6866317
0.1712159
0.07444731
0.097433895
0.15969789
0.22107951
0.2696569
0.79491127
0.29211393
0.20279472
0.2438152
0.6021992
0.6185645
0.25482568
0.1329815
0.08818383
0.1042055
0.117547944
0.12624298
0.15004972
0.19349165
0.5967965
0.6197113
0.6004437
0.6473699
0.6679374
0.31182683
0.37269792
0.5134254
0.5747939
0.5804471
0.788912
0.640547
0.53780687
0.5200855
0.6344913
0.6731048
0.84500945
0.8618194
0.78009266
0.89085466
0.88845235
0.70860344
0.48310235
0.5394506
0.5048176
0.26435682
0.20303304
0.19564685
0.19000776
0.53631693
0.58654344
0.3529788
0.2541676
0.21388981
0.47857141
0.5428775
0.59643537
0.8524154
0.7366592
0.5559915
0.57672465
0.8923191
0.94206727
0.92206025
