0.38372833
0.28626016
0.2439134
0.82291883
0.85254335
0.802383
0.8067715
0.34758073
0.35062063
0.5402707
0.8761227
0.660832
0.58020264
0.22543983
0.15277125
0.13352905
0.11024476
0.12051891
0.15063204
0.24208687
0.31837866
0.44010165
0.43353006
0.39464632
0.7483412
0.3783886
0.45618176
0.42534283
0.4469752
0.42166257
0.83255965
0.8055553
0.63959944
0.5577931
0.1647345
0.25106624
0.273509
0.25038564
0.70464194
0.7566366
0.8121099
0.76054585
0.8065812
0.09315212
0.07522802
0.08868958
0.08268556
0.0933417
0.18491048
0.83218783
0.8070839
0.75172216
0.7327394
0.73933136
0.820517
0.12679793
0.14701004
0.21547394
0.7602109
0.889189
0.20903532
0.112920724
0.083634466
0.6395287
0.664639
0.8310378
0.7497581
0.8527328
0.30567065
0.25157106
0.25708848
0.33091033
0.82344764
0.82882863
0.6822426
0.66792953
0.85646284
0.83404815
0.6224144
0.56758446
0.6343643
0.83681244
0.856022
0.79162186
0.82562935
0.7485458
0.756607
0.8159253
0.14049141
0.13999291
0.09728057
0.103401236
0.2842529
0.86022675
0.24576393
0.12263521
0.14981374
0.7627122
0.37200123
0.8452153
0.2408756
0.30914026
0.861985
0.8475655
0.8440461
0.8796501
0.77502567
0.6488615
0.14934793
0.13980107
0.64769644
0.24153799
0.64470655
0.11116973
0.119741656
0.21503095
0.8222579
0.14272064
0.0766593
0.07799742
0.115139924
0.17963706
0.79297346
0.77194625
0.123168774
0.14650746
0.1533619
0.13612665
0.10311374
0.08432547
0.11048788
0.1390422
0.14147669
0.12618466
0.10405351
0.111318566
0.6157134
0.5212155
0.38382274
0.46172702
0.42946422
0.58365643
0.65198964
0.6030831
0.658315
0.5738434
0.6352059
0.48242414
0.30589765
0.3266283
0.17241083
0.16839689
0.25638953
0.5240813
0.3245261
0.35648757
0.3562119
0.49194035
0.3225922
0.37279677
0.44750196
0.66283363
0.7261869
0.53153235
0.5862565
0.7015301
0.54083717
0.59183913
0.282788
0.29677644
0.46082336
0.27525556
0.18303414
0.14600489
0.12022345
0.10731699
0.14584751
0.19947119
0.5913649
0.618762
0.61492026
0.70844513
0.83699954
0.1502416
0.0980912
0.112504765
0.09693083
0.12079634
0.16064298
0.17651519
0.19064151
0.61214304
0.70494306
0.24406631
0.26765814
0.7282582
0.5841902
0.12536475
0.160274
0.19248371
0.34997568
0.55424535
0.15306883
0.13705173
0.54097193
0.12195762
0.13631055
0.5037564
0.12574543
0.22558223
0.30869755
0.40336743
0.9388403
0.9207222
0.11968995
0.056751117
0.045536626
0.045599572
0.064703085
0.7535065
0.8228446
0.065821625
0.059840683
0.024249975
0.02149052
0.034245625
0.8733634
0.95957804
0.932681
0.93443906
0.048689842
0.028860666
0.02576139
0.028449602
0.03753287
0.041890994
0.056483477
0.07649956
0.059286557
0.07238938
0.8096021
0.7683763
0.13893907
0.14724529
0.118003495
0.113678336
0.6602283
0.12967436
0.1295432
0.5685902
0.10953308
0.112456866
0.6131145
0.09341912
0.08522505
0.06345535
0.13408895
0.7028678
0.8593082
0.8484281
0.20138182
0.17024328
0.57015646
0.13047318
0.12120472
0.21514575
0.090079166
0.053658944
0.063236356
0.05231403
0.047152597
0.15287127
0.94151926
0.9639614
0.9729574
0.97278917
0.9562714
0.91630244
0.9224374
0.89792746
0.11196469
0.15316927
0.06555376
0.048238695
0.059994895
0.063030995
0.65356714
0.5314438
0.47124264
0.20933999
0.15642174
0.17820068
0.35357904
0.18831286
0.17033082
0.23776284
0.17087235
0.56199604
0.36688572
0.6514605
0.5132689
0.5813285
0.5606554
0.6150982
0.29833648
0.57382786
0.48683482
0.477971
0.8813324
0.8751829
0.76968336
0.83054817
0.68792766
0.6414848
0.100758106
0.07568931
0.08966138
0.097832836
0.16012983
0.14347589
0.16486132
0.82463795
0.83742815
0.92189354
0.95400566
0.9540088
0.94474435
0.9339351
0.065181985
0.033798054
0.035709128
0.022892298
0.025229301
0.041429803
0.07495956
0.95002246
0.96570486
0.9652545
0.93641144
0.838994
0.1038128
0.09080442
0.79556596
0.8501779
0.037384897
0.018626219
0.014535292
0.02066587
0.023933712
0.01704336
0.01476086
0.02462843
0.06956702
0.9576277
0.97138166
0.9415647
0.91275567
0.06390197
0.026942113
0.021137027
0.02295797
0.029813794
0.035044953
0.034881383
0.035910126
0.037871815
0.03808663
0.036055826
0.036539875
0.0350246
0.030299235
0.029003128
0.024920207
0.03007204
0.05097684
0.868045
0.9321197
0.93885326
0.8688331
0.84108764
0.08794959
0.06629909
0.06784457
0.115600936
0.08160021
0.07791813
0.05892539
0.078449205
0.17114887
0.26959515
0.8737696
0.9009094
0.83486944
0.8648802
0.73611015
0.7142067
0.7425439
0.21129246
0.16354756
0.21359017
0.43230715
0.1788584
0.15713109
0.1566241
0.66698176
0.7946029
0.82183987
0.14198293
0.1607965
0.14830813
0.28862903
0.3967533
0.9076909
0.8079007
0.1567155
0.069903515
0.07209842
0.084884115
0.085902035
0.09087598
0.06354684
0.057716932
0.082265414
0.8791297
0.08302116
0.055988982
0.088596344
0.77771604
0.78456527
0.9247066
0.88950175
0.9432832
0.9512496
0.9572021
0.95204127
0.9310709
0.90329975
0.072588526
0.045215078
0.05275901
0.70093036
0.05070793
0.042988554
0.059685342
0.076893285
0.8617117
0.8473943
0.90964866
0.87839764
0.89044696
0.8528071
0.13253123
0.17804094
0.13242039
0.10054802
0.23842826
0.79339856
0.19644828
0.1736409
0.13228737
0.10440097
0.102407925
0.61643225
0.538915
0.5103284
0.18860328
0.23627727
0.4908504
0.8324141
0.69764596
0.5950221
0.23839866
0.17893523
0.16907597
0.16139808
0.11985984
0.15777671
0.52629673
0.46779543
0.6411118
0.554261
0.30586153
0.30638847
0.3539125
0.2332256
0.27605572
0.72175694
0.64788926
0.66485703
0.41932583
0.16902243
0.32126358
0.33974177
0.78420985
0.6324067
0.5760162
0.53436077
0.15248494
0.14080304
0.3874425
0.80113006
0.81746465
0.63974124
0.68746436
0.85213226
0.8702157
0.80010575
0.87798727
0.81762916
0.31919158
0.55432487
0.17194849
0.18533993
0.1271788
0.098384015
0.12672698
0.8551605
0.10405062
0.054653797
0.044956207
0.054853495
0.7083644
0.06277849
0.052638855
0.0962963
0.8289533
0.87658864
0.8234381
0.08964701
0.063516006
0.056064222
0.05987983
0.06526666
0.058395807
0.06159195
0.06063815
0.0940714
0.12544127
0.13129848
0.17574671
0.578508
0.26091278
0.84210443
0.87732714
0.8435011
0.65583944
0.59176135
0.5870324
0.62692356
0.76574516
0.7524007
0.5688665
0.54969615
0.60660213
0.87197536
0.9188504
0.9026955
0.8249268
0.8533724
0.27150136
0.32575434
0.21331093
0.11641595
0.11443039
0.7259401
0.08638488
0.061823476
0.077764645
0.040857513
0.029739847
0.025683811
0.027667467
0.046788845
0.06013304
0.85858333
0.960805
0.94242585
0.95522755
0.9570267
0.9540448
0.16941845
0.102122806
0.051831488
0.036388066
0.046794716
0.0440444
0.042982444
0.051218957
0.08035772
0.72343576
0.23075318
0.2516398
0.14403456
0.06833419
0.06628103
0.10886453
0.119367845
0.81091034
0.7650454
0.76611555
0.8113174
0.6790088
0.11138066
0.10141847
0.09711337
0.66772234
0.15973647
0.21326211
0.33596757
0.8843067
0.8904798
0.07007708
0.046506934
0.032641243
0.02105894
0.01873207
0.017369682
0.034290075
0.9737152
0.97456986
0.98701185
0.9819187
0.9687951
0.0341324
0.022404717
0.019375654
0.025067316
0.043593843
0.053797252
0.058811177
0.8926535
0.8872072
0.12733063
0.0752428
0.077035666
0.7462673
0.107074745
0.1512933
0.16382386
0.8354681
0.78445435
0.8223718
0.7218593
0.64832664
0.604336
0.6329735
0.69458103
0.82172567
0.87276536
0.8939743
0.88159615
0.82904583
0.80775434
0.8217603
0.7619982
0.6641112
0.12048493
0.1757453
0.094242066
0.06550339
0.10457794
0.18242633
0.27314672
0.8298258
0.7517904
0.64665794
0.100640826
0.10567958
0.17737663
0.16510384
0.1311103
0.09073588
0.10074542
0.14216754
0.1335802
0.12581967
0.20988701
0.25495622
0.26636234
0.52742577
0.20581058
0.32727385
0.31707704
0.15236942
0.10851765
0.5233593
0.19424163
0.5095752
0.57233924
0.6463965
0.7707736
0.7809645
0.8263334
0.6476628
0.28901035
0.7484374
0.12123551
0.1228031
0.1585415
0.20500642
0.25774956
0.8428253
0.8143617
0.5118301
0.29776934
0.34646973
0.6770821
0.8363575
0.5260143
0.37252185
0.3166851
0.73926973
0.6887456
0.72353196
0.77318794
0.6958873
0.6356992
0.74686986
0.73647875
0.8434858
0.857663
0.7875663
0.76222956
0.64439523
0.6017364
0.61977804
0.6508437
0.68302405
0.7192037
0.6025279
0.20931028
0.27877364
0.3743224
0.73743063
0.7633737
0.6080825
0.60369444
0.8320959
0.80576766
0.8161408
0.83340234
0.72754574
0.2169031
0.16220888
0.102618925
0.09370019
0.11926259
0.72493047
0.09275697
0.074126706
0.09020896
0.07291803
0.0722131
0.06589778
0.10646317
0.21126647
0.88409936
0.93606234
0.9349057
0.8582596
0.121789075
0.06801928
0.07590124
0.6414126
0.104731
0.11602482
0.17246278
0.7947846
0.7486958
0.728934
0.7226762
0.76523906
0.20296556
0.19765633
0.6004313
0.13727175
0.09312002
0.07881246
0.11288176
0.19824615
0.7158141
0.8095453
0.17884086
0.13760118
0.122989155
0.089773886
0.06507017
0.06284069
0.057425965
0.07778211
0.108964995
0.76589185
0.92726916
0.14605564
0.04419883
0.0306818
0.028534237
0.025930531
0.02891145
0.03487897
0.48303905
0.066289596
0.67065376
0.7255741
0.9609384
0.96245337
0.9828928
0.9753508
0.95345384
0.036533397
0.020131798
0.01873337
0.018573508
0.017977994
0.030965963
0.068025455
0.13941768
0.94877005
0.95127636
0.93634427
0.89858615
0.9161857
0.5950654
0.3101326
0.17421481
0.12904134
0.13413091
0.2166257
0.3262612
0.42484018
0.65279037
0.26424763
0.670964
0.099679224
0.07399258
0.0816464
0.06806494
0.061395664
0.082201496
0.67636055
0.66010785
0.19536228
0.2200172
0.17287564
0.13596614
0.08995647
0.122056305
0.09506442
0.79968745
0.88770986
0.9012306
0.762995
0.09006345
0.054147966
0.05648622
0.7149786
0.7375989
0.89862376
0.8918356
0.78126484
0.80150944
0.10446069
0.11641217
0.32837093
0.93475467
0.93563837
0.10447193
0.05000944
0.041882347
0.034355033
0.03206363
0.045368746
0.7998708
0.92868465
0.91562855
0.75570023
0.7154699
0.7168153
0.8134045
0.9438214
0.9557063
0.9377223
0.8251996
0.04734154
0.023988178
0.021087475
0.036766782
0.05467701
0.043222096
0.8220014
0.88313276
0.0648968
0.05801882
0.060187772
0.89558077
0.82746387
0.9616633
0.9745353
0.98001933
0.97545457
0.96192
0.94755447
0.052483566
0.026310794
0.02184009
0.042661827
0.033730596
0.042476248
0.19409259
0.25414157
0.21022727
0.3801085
0.63630235
0.5349822
0.102200665
0.069605455
0.070705764
0.21142851
0.6721325
0.74778306
0.8583832
0.8835555
0.7978901
0.23401405
0.1347743
0.51571524
0.145987
0.1792976
0.23917985
0.287125
0.41751888
0.19722241
0.17571345
0.21438414
0.7748323
0.76796883
0.8172597
0.89336216
0.83728236
0.5783249
0.19546807
0.14712352
0.15389827
0.3680645
0.47781688
0.71792185
0.7484436
0.6905454
0.8662162
0.8834444
0.84239966
0.7374572
0.6420439
0.5167014
0.15927885
0.14278322
0.557516
0.60552573
0.666167
0.6315744
0.24431732
0.15831816
0.14637451
0.15992515
0.33452436
0.2959548
0.33709356
0.80806565
0.8393705
0.7353937
0.5234137
0.5
0.44766602
0.3467592
0.3616659
0.45543128
0.5757998
0.5
0.45373246
0.40579364
0.47047803
0.31680527
0.2958822
0.31537655
0.39372635
0.3661129
0.40123785
0.5
0.26883414
0.26327765
0.3437916
0.3838976
0.48115978
0.31083626
0.2971097
0.25079978
0.21149689
0.17608038
0.42308736
0.32478365
0.51410383
0.43246365
0.42118979
0.507317
0.7102822
0.5786897
0.46071672
0.19563979
0.14137176
0.2518521
0.28177077
0.34325156
0.59156054
0.39205554
0.3339186
0.3961773
0.30768645
0.19793808
0.2097502
0.26194838
0.403739
0.2466809
0.34310234
0.39892995
0.20230298
0.25125265
0.38539788
0.21450205
0.2549699
0.23965788
0.22975299
0.27321053
0.4604371
0.41823295
0.48473567
0.5338997
0.3639912
0.2951481
0.40000463
0.32274604
0.36133912
0.36800614
0.29767916
0.19152965
0.17167377
0.20029657
0.41002646
0.5118068
0.7145964
0.8502918
0.8808061
0.8516275
0.705322
0.6151008
0.20845267
0.16176775
0.14514636
0.24780394
0.28927127
0.24802655
0.32353315
0.838202
0.8540175
0.75370246
0.8155536
0.6893789
0.45790878
0.5990968
0.85849965
0.76740414
0.15088293
0.12238403
0.18931514
0.41793147
0.5147249
0.59519637
0.7066948
0.4275773
0.26205364
0.23118483
0.24140893
0.18439285
0.1638052
0.20849589
0.35666728
0.21320179
0.23299263
0.4762818
0.43627125
0.48136747
0.2783203
0.22279412
0.19330305
0.20492265
0.26292256
0.28715238
0.47175768
0.463234
0.595601
0.42926285
0.43148336
0.47195268
0.4612882
0.42178097
0.5849312
0.6751415
0.65890986
0.66425234
0.66541195
0.6328922
0.6095554
0.5365236
0.21477063
0.19217303
0.17249522
0.19843297
0.81886315
0.8198203
0.15063609
0.09821156
0.1047263
0.6373868
0.34224355
0.67122763
0.74289405
0.6033256
0.5590191
0.6410497
0.86277324
0.9171009
0.9077741
0.62494516
0.8451526
0.17184596
0.10989244
0.09688447
0.65080005
0.6018379
0.12049958
0.10678516
0.122061096
0.13905407
0.5956395
0.601013
0.6462931
0.8068581
0.8209287
0.65733445
0.29391477
0.2585689
0.22509326
0.15088066
0.10133373
0.097352244
0.6566454
0.7049684
0.61946344
0.20935194
0.22397886
0.24254565
0.36658433
0.8122343
0.7283356
0.10992511
0.088536195
0.19068865
0.7337197
0.78782725
0.76463926
0.7242465
0.16519207
0.11275855
0.14559108
0.72883713
0.16991338
0.18282883
0.23669018
0.2592041
0.6053993
0.58586043
0.5320213
0.1087108
0.12117584
0.18435116
0.6520445
0.63986653
0.20144866
0.22060351
0.2021124
0.12993369
0.07892654
0.08041803
0.112376444
0.84870595
0.23688498
0.095503666
0.06330545
0.06897648
0.64242387
0.2594757
0.7949202
0.76712024
0.9204761
0.93289983
0.9042904
0.804371
0.7444917
0.7454922
0.76740277
0.21462426
0.6627078
0.07518707
0.06432314
0.1060908
0.16580515
0.7311638
0.72616094
0.09343416
0.08204865
0.08045118
0.1501643
0.1330198
0.1443161
0.19229826
0.52596956
0.40785873
0.27810812
0.3297426
0.20105487
0.1598003
0.5637742
0.63421977
0.8467152
0.87180954
0.7955379
0.4316453
0.36773327
0.44358423
0.56809604
0.5501421
0.3258993
0.33713046
0.40356198
0.2009913
0.16604826
0.14532015
0.12715884
0.15587564
0.17536081
0.15426607
0.12954699
0.14629711
0.14829765
0.56480634
0.6027622
0.2842259
0.30361474
0.22712597
0.17049523
0.15925962
0.17431201
0.19185272
0.461374
0.55161935
0.60514784
0.6010812
0.55214185
0.53261083
0.55770737
0.5595029
0.114428505
0.13605598
0.14085941
0.083310276
0.065764174
0.0825747
0.088233784
0.114745006
0.135949
0.101537146
0.099716984
0.09423029
0.08289971
0.07666479
0.06764996
0.05965911
0.08047832
0.75697994
0.7487113
0.75899905
0.120027594
0.16569279
0.8648385
0.09557581
0.049926326
0.04004789
0.057096355
0.7934485
0.8789009
0.7927357
0.08942736
0.06112389
0.05172146
0.08055002
0.10064836
0.06621004
0.060621455
0.048149552
0.046007086
0.10570765
0.17935096
0.8741074
0.88198113
0.79218006
0.81004256
0.10320391
0.09024035
0.10074139
0.12431745
0.81027323
0.69729733
0.65175354
0.69949424
0.7330683
0.90346205
0.89232546
0.74818647
0.1119007
0.067245185
0.06788102
0.11697428
0.14117773
0.09517696
0.074621074
0.069579974
0.081801146
0.13951382
0.17929375
0.5319214
0.26433653
0.27890632
0.37488917
0.173767
0.20479317
0.37549508
0.19130649
0.15874277
0.39289933
0.19575761
0.14090404
0.14853829
0.1993356
0.20027223
0.19415128
0.5167863
0.6187596
0.43731037
0.36226472
0.3474165
0.3641051
0.19278128
0.14480548
0.15682717
0.25299156
0.36452177
0.6112137
0.7422137
0.65202934
0.705144
0.51167053
0.50708693
0.15978943
0.15073924
0.14371261
0.14159974
0.3355973
0.2857587
0.15527411
0.13418654
0.6940956
0.8331771
0.71502423
0.6877896
0.59772444
0.12682262
0.30186832
0.19135225
0.16926281
0.19251938
0.11707581
0.17872182
0.26720622
0.23857068
0.18312316
0.20639935
0.33437413
0.44476232
0.68248093
0.677697
0.74110097
0.8535228
0.8462462
0.6581952
0.37626603
0.33175498
0.6341552
0.514199
0.5263736
0.27424955
0.1880307
0.18187219
0.25470638
0.31559223
0.42974058
0.30847284
0.31553805
0.34189352
0.2070624
0.18453327
0.19874734
0.4495551
0.76326144
0.8782895
0.92176753
0.8599406
0.51207834
0.27574432
0.30120888
0.08940978
0.0653495
0.12811685
0.7324545
0.8314424
0.9173394
0.8856252
0.13753344
0.11195739
0.12515575
0.16741973
0.3761941
0.5404771
0.23164396
0.20931692
0.27989683
0.4068308
0.28942624
0.30828673
0.43875608
0.29723164
0.3074788
0.3903622
0.34191918
0.38092363
0.4381681
0.57958436
0.806182
0.8600125
0.60995674
0.3810361
0.31282178
0.31412637
0.7285728
0.69500047
0.75568324
0.69423336
0.67628837
0.6807367
0.6580919
0.6148828
0.58355963
0.6838735
0.700708
0.7393835
0.7090787
0.7088721
0.74291945
0.7799189
0.7993336
0.82006186
0.7391545
0.13907501
0.114396155
0.14483052
0.11042255
0.13022263
0.09307994
0.08391856
0.7358256
0.69503194
0.23529099
0.73799735
0.6842688
0.10518608
0.13969065
0.15138888
0.14274827
0.7825194
0.8450512
0.23032771
0.092335016
0.06381304
0.06711772
0.67382175
0.11013311
0.15541805
0.73669523
0.8816865
0.8879582
0.9143062
0.8846934
0.84211135
0.82292753
0.13017981
0.11288787
0.74429023
0.073697016
0.061384495
0.061678287
0.067175694
0.0692205
0.07756719
0.100233525
0.10777292
0.8578529
0.8914168
0.8703515
0.77380544
0.8325893
0.78207487
0.696343
0.7141207
0.7388322
0.8106511
0.679654
0.27174416
0.7132337
0.64052486
0.09075951
0.09428736
0.12651323
0.119214624
0.11279245
0.087058954
0.100046806
0.771456
0.8534983
0.88341534
0.063501015
0.025803741
0.018150765
0.01690059
0.023377132
0.060973465
0.1381183
0.9657765
0.9569066
0.9402102
0.92213106
0.8829761
0.14229086
0.055657223
0.0374092
0.03499713
0.046365894
0.071318164
0.065886945
0.07446108
0.119871296
0.12421076
0.14335875
0.57498956
0.6150209
0.74550587
0.7226367
0.7622267
0.6839538
0.63790125
0.7091493
0.7825931
0.77128875
0.82008785
0.7613053
0.6495144
0.108276054
0.08524816
0.07834986
0.077394426
0.10527901
0.14855082
0.8349744
0.7432192
0.7300832
0.7859891
0.8545741
0.45496148
0.26543918
0.746202
0.09777785
0.08160157
0.09540775
0.1583112
0.65743273
0.73688525
0.7865052
0.8103165
0.7286052
0.52351946
0.16674553
0.21350817
0.16592692
0.13570543
0.112001725
0.077695
0.077819005
0.63553876
0.24186295
0.38499308
0.77599955
0.25631624
0.70430875
0.22233428
0.1127041
0.085543
0.07773036
0.10463545
0.7010038
0.37011436
0.3052247
0.7331052
0.6891121
0.67997307
0.6830639
0.69222224
0.7384993
0.7939765
0.85005337
0.83693653
0.7496323
0.623693
0.2560472
0.45383108
0.6535739
0.14158514
0.10143615
0.12311052
0.5481862
0.20060517
0.38314936
0.62178546
0.25280517
0.703476
0.1502145
0.08382364
0.08256581
0.110792205
0.25077334
0.6389049
0.1010521
0.09279085
0.15555398
0.3028417
0.87805784
0.3055163
0.095810734
0.054248787
0.03476796
0.03028837
0.031895086
0.036638305
0.032635972
0.07732821
0.9358032
0.9344625
0.9048739
0.061338738
0.035909906
0.016575417
0.016121265
0.03913226
0.1657878
0.9700749
0.97739625
0.97156054
0.9424134
0.8429261
0.055777732
0.028295584
0.02150184
0.022467619
0.028296392
0.040823
0.041460413
0.052871954
0.05364407
0.07924615
0.08755117
0.064751744
0.057756517
0.10381446
0.23184535
0.77825814
0.7122022
0.24720225
0.16793661
0.1500796
0.16231611
0.14065167
0.18213877
0.18008755
0.14754592
0.16324691
0.6851686
0.6138841
0.731005
0.5477285
0.21295944
0.16346507
0.1907011
0.42381054
0.42167574
0.29879713
0.6006481
0.6898625
0.6227656
0.6856706
0.70982915
0.6025982
0.39307633
0.518149
0.46377647
0.19592057
0.1533482
0.1675047
0.5964141
0.8437268
0.8518632
0.81224734
0.61885047
0.2778965
0.15876497
0.11141229
0.122565016
0.29230782
0.4086162
0.30726245
0.15931031
0.17360108
0.6438267
0.32027924
0.2182469
0.11753434
0.08288188
0.04629828
0.038235538
0.059210096
0.8629572
0.8937682
0.8796136
0.8630196
0.06576167
0.04212902
0.04273886
0.06410853
0.0942018
0.09768143
0.099457614
0.66149205
0.75303715
0.59896785
0.5510876
0.5073064
0.58472574
0.7326359
0.15357715
0.10203847
0.09258971
0.105749756
0.123675905
0.77313787
0.87857795
0.881342
0.7631253
0.71745336
0.60683775
0.09479451
0.12913232
0.08178263
0.12626117
0.1859937
0.7515657
0.9039953
0.911853
0.8882635
0.7069574
0.09740328
0.063861474
0.066408254
0.102312244
0.10209291
0.1775974
0.0865708
0.05301918
0.7456174
0.6959455
0.8215625
0.9334764
0.9465171
0.90024835
0.7457663
0.7029795
0.8213753
0.9353401
0.9409413
0.9095825
0.16934025
0.19520545
0.09309421
0.06871803
0.0483287
0.0869226
0.10666506
0.114628926
0.77382463
0.6735113
0.06512624
0.040918045
0.049749866
0.14520077
0.13117626
0.17714168
0.91646385
0.8996133
0.05252542
0.022711208
0.01554038
0.019225199
0.042577717
0.91940874
0.94810677
0.9719793
0.93225753
0.174866
0.033133607
0.023661794
0.023761997
0.028669894
0.04650598
0.09128313
0.07999105
0.16809818
0.7821157
0.14884904
0.15872216
0.8661195
0.91869724
0.92815065
0.9159795
0.16380501
0.07216439
0.050435167
0.05002566
0.080428116
0.9108497
0.90940905
0.09481763
0.044110887
0.03607734
0.048335366
0.15589385
0.1951744
0.9033137
0.937334
0.92729753
0.19174185
0.266613
0.21623428
0.09548565
0.5853562
0.18358089
0.7141694
0.84833896
0.7003191
0.66155064
0.6983875
0.18527879
0.08426887
0.08470047
0.67093503
0.70183605
0.75341374
0.80830306
0.12438733
0.08949703
0.09662418
0.71909285
0.790347
0.28643748
0.59792227
0.09805407
0.108640745
0.1426455
0.20165059
0.81267744
0.80183244
0.60115284
0.5128921
0.29710665
0.42578033
0.7916907
0.15644924
0.13862862
0.11058736
0.096682586
0.5907028
0.53031194
0.17246628
0.2878067
0.34488234
0.27530584
0.43011737
0.5202741
0.17361134
0.22839284
0.2509166
0.27289096
0.27387148
0.2763551
0.28823054
0.30734304
0.44351596
0.36266068
0.41101
0.47365415
0.5006202
0.59167254
0.49793723
0.40808687
0.49664584
0.4203855
0.37035957
0.36415127
0.3922362
0.34562284
0.29073521
0.27737385
0.3586169
0.45184287
0.36331373
0.33313605
0.2688916
0.215476
0.20477293
0.26660657
0.29012784
0.38683906
0.47777647
0.65419555
0.6119152
0.67874885
0.53474975
0.47041994
0.55847853
0.37784463
0.36519063
0.35726988
0.36087224
0.35711545
0.56014603
0.688991
0.6943501
0.50716263
0.3415095
0.26897857
0.23183548
0.52211565
0.5291927
0.63680655
0.8084548
0.799603
0.41016608
0.26096597
0.20736481
0.22220977
0.22381076
0.21055192
0.5424443
0.39191756
0.17995356
0.21246175
0.2924191
0.26424196
0.18363063
0.56485784
0.07880428
0.0881761
0.5815382
0.70372444
0.9191774
0.9102559
0.17517097
0.10862799
0.57735777
0.08289115
0.12787533
0.13045272
0.10752103
0.12201638
0.538379
0.71451014
0.8902642
0.9142832
0.88554525
0.58569497
0.12789121
0.09795821
0.11001451
0.09190312
0.08050538
0.08569285
0.68550664
0.30936554
0.8872852
0.91395646
0.8620004
0.6666967
0.5908765
0.58497596
0.60195374
0.6061773
0.6556681
0.6924246
0.65371233
0.23674889
0.6232916
0.31146353
0.26002273
0.5894122
0.35702905
0.3123672
0.36562163
0.3222531
0.7006791
0.52678144
0.56899256
0.89709204
0.9390738
0.94095266
0.90185094
0.20907694
0.1026177
0.069890685
0.09073883
0.13683836
0.10221579
0.092167065
0.08122898
0.11837579
0.7724479
0.083754495
0.061911814
0.05533481
0.06254288
0.12907279
0.0845914
0.12235494
0.75124997
0.8969622
0.85901886
0.7161313
0.6858652
0.6748943
0.70461684
0.7758521
0.84271234
0.7233741
0.08162411
0.05232631
0.047156353
0.04693273
0.065582275
0.8543991
0.90582067
0.07080061
0.04791519
0.109906435
0.25602752
0.96814495
0.9723455
0.95759493
0.0751691
0.03861106
0.065449424
0.112327896
0.9400374
0.9326225
0.18916202
0.057948012
0.037852734
0.036348697
0.04621069
0.7291319
0.71455514
0.7070668
0.73147357
0.72074264
0.7759861
0.07818994
0.054660384
0.06428375
0.093977526
0.07419118
0.05174146
0.051749494
0.8105771
0.8118836
0.95054895
0.9164926
0.96779823
0.9598228
0.94684035
0.28908876
0.12311987
0.80154127
0.12029062
0.055570472
0.035089407
0.035621867
0.04836336
0.79622674
0.9065011
0.9359193
0.20950058
0.095240064
0.07317676
0.25085273
0.8217259
0.078693405
0.05748496
0.15910347
0.8047196
0.69738525
0.13783002
0.22345562
0.18400837
0.25053972
0.16590008
0.1036959
0.1085015
0.52530706
0.13579829
0.20602682
0.58891517
0.12937216
0.12694253
0.11449353
0.10135815
0.10672509
0.15664917
0.13173483
0.77708226
0.12695985
0.106874496
0.64360607
0.6856466
0.7699933
0.8584642
0.83887196
0.3439046
0.7820244
0.10374294
0.056155868
0.060798317
0.11511655
0.8969954
0.9404402
0.8949122
0.7700246
0.11811302
0.06560212
0.0543106
0.065762244
0.5992648
0.1989773
0.7846718
0.7392536
0.74868804
0.8357638
0.63453877
0.15187465
0.18638654
0.74400944
0.6514232
0.095166974
0.11366872
0.18264525
0.18491359
0.15829818
0.2844189
0.40532058
0.8446701
0.7393574
0.8487388
0.8397247
0.5390971
0.31659004
0.25103104
0.21622029
0.18632644
0.19831374
0.6179938
0.8353316
0.7124961
0.5258134
0.23131539
0.20300682
0.33931538
0.5726457
0.7503509
0.9176318
0.9022336
0.737655
0.109409615
0.092482425
0.14022988
0.119485535
0.082636125
0.06451163
0.066350356
0.7860449
0.16818653
0.07768196
0.06989613
0.10985415
0.10142997
0.7415907
0.8633728
0.2827425
0.15063697
0.63966906
0.6094657
0.13023177
0.13041767
0.66227835
0.7080515
0.7132946
0.7355681
0.817803
0.6448483
0.15567681
0.14304076
0.68909436
0.584168
0.2174731
0.4505121
0.84544724
0.73613197
0.727826
0.8248886
0.13118511
0.0976799
0.091467135
0.09143367
0.13903366
0.7189204
0.08898919
0.073130324
0.08260703
0.10990363
0.11474114
0.109655894
0.1157218
0.7055619
0.6418532
0.58344305
0.5873445
0.6166573
0.7102635
0.39158657
0.2525975
0.24671616
0.37175134
0.51047015
0.5
0.4620704
0.32341832
0.22361448
0.5258352
0.1867289
0.22192389
0.2548625
0.23110172
0.7160414
0.6985024
0.67925125
0.20920004
0.14256416
0.107303455
0.12879857
0.710699
0.72587883
0.7488566
0.72676355
0.6981613
0.66731423
0.63869405
0.66816324
0.70296425
0.7320508
0.7518002
0.7567133
0.72908556
0.69050264
0.69004667
0.5902823
0.15834163
0.1523747
0.118819684
0.114952
0.638051
0.6845261
0.6285063
0.28833562
0.35737556
0.33400673
0.26770952
0.5356993
0.6260506
0.84853375
0.8996849
0.8581862
0.18455775
0.11531597
0.092614666
0.68876606
0.6448233
0.8416661
0.16356865
0.075864755
0.06743912
0.2634745
0.84466434
0.79251105
0.879492
0.6727938
0.6096481
0.6685056
0.81946754
0.7558582
0.91658694
0.88513625
0.7044497
0.5681973
0.09919275
0.08874291
0.0713013
0.10942711
0.58542734
0.25483987
0.5705209
0.14312953
0.08159008
0.1093278
0.16959873
0.19145744
0.18977821
0.2326829
0.19216993
0.1495574
0.22260118
0.66554046
0.6728353
0.54836756
0.67601204
0.8664726
0.92410505
0.9297916
0.8934145
0.4945276
0.2436553
0.18590213
0.58985776
0.688105
0.598026
0.5822261
0.1199714
0.07275677
0.097130984
0.15015957
0.31973875
0.88540894
0.8491882
0.8575871
0.66901344
0.111659184
0.0809402
0.11115496
0.22041841
0.13650583
0.15666963
0.13532752
0.16164535
0.31769088
0.24542579
0.1749926
0.19102246
0.31778005
0.27115446
0.49954653
0.30807108
0.2213505
0.34860203
0.2833208
0.5015598
0.37005726
0.3874984
0.4825984
0.6212801
0.7821462
0.64249915
0.32852766
0.33739927
0.38161275
0.46756586
0.9085175
0.93261075
0.90082985
0.6478431
0.07540528
0.05043754
0.03933449
0.04262973
0.029791214
0.027632028
0.028189626
0.8662746
0.952469
0.97558683
0.9743541
0.96263206
0.089178234
0.046995007
0.062215026
0.025764562
0.023405034
0.044200804
0.8766847
0.86887133
0.84786546
0.07076978
0.055326276
0.05249916
0.0446826
0.083502784
0.1320223
0.7827615
0.5635389
0.112163335
0.14316218
0.45965207
0.7696419
0.12873939
0.14692993
0.25151992
0.41893584
0.763841
0.6952737
0.8370049
0.7879165
0.5435512
0.6036627
0.2624498
0.22005251
0.17489909
0.17673261
0.17031166
0.20322652
0.18089524
0.67729026
0.8527099
0.78817195
0.32464057
0.30537853
0.20734689
0.25711334
0.19811806
0.26289484
0.4007964
0.39673638
0.22293937
0.3089694
0.5213041
0.4463976
0.5322729
0.75234693
0.77419686
0.5915477
0.6763498
0.51587963
0.46106678
0.4909262
0.15018149
0.14728554
0.15034811
0.20915319
0.16619587
0.16658561
0.86256707
0.9022007
0.90507686
0.84252816
0.72533023
0.7122582
0.6412239
0.6105436
0.60575944
0.59348834
0.5882121
0.6735882
0.5902881
0.44765884
0.3479675
0.31394938
0.14907914
0.24433118
0.4027615
0.50821173
0.41093373
0.4150288
0.22213405
0.20776014
0.21072558
0.122618966
0.08929834
0.13723004
0.19504672
0.21173647
0.19988135
0.6803167
0.6537313
0.67773765
0.7944002
0.4046284
0.353327
0.29705337
0.20988835
0.10654063
0.11176267
0.22781187
0.32030267
0.24928886
0.5920744
0.54861504
0.2919121
0.3278527
0.44813424
0.667593
0.712759
0.6392622
0.46183693
0.3924161
0.3235672
0.40333167
0.41857368
0.4755509
0.6563447
0.6454352
0.53226924
0.42334685
0.34394956
0.27754834
0.23901096
0.22556825
0.22629051
0.26648265
0.2942517
0.43041742
0.39853027
0.26814255
0.2870761
0.507946
0.84760994
0.9006678
0.85766965
