0.15532383
0.17386775
0.95243365
0.97220755
0.977527
0.96868736
0.22644436
0.113245085
0.0716818
0.07548227
0.8880706
0.9180799
0.8646082
0.11676248
0.10902237
0.9109157
0.8758903
0.94232255
0.048381805
0.023661278
0.026840562
0.05735429
0.96263593
0.9708152
0.966996
0.035087794
0.01466557
0.018309208
0.013574141
0.013959292
0.026554635
0.97379625
0.9835158
0.98614013
0.9765345
0.029892942
0.017338105
0.013647563
0.0134853665
0.019935932
0.033807583
0.91991246
0.9270434
0.7824382
0.12710825
0.13667166
0.9388809
0.9424111
0.19984908
0.05123182
0.036032014
0.05553642
0.8397512
0.05145942
0.02575224
0.0196678
0.018631477
0.022380095
0.036296252
0.08758766
0.94279045
0.93994975
0.27764907
0.03806093
0.026783308
0.055259746
0.9534937
0.9786324
0.98239464
0.9701541
0.9745291
0.92462635
0.9538464
0.03492501
0.01601503
0.01251327
0.015082039
0.028375372
0.024913503
0.03370124
0.057743337
0.9518168
0.89975715
0.049386412
0.03165426
0.029281903
0.03415072
0.04473496
0.053166322
0.10622466
0.9097724
0.09142235
0.08954904
0.86101747
0.90599716
0.88478297
0.86123943
0.1343813
0.14025332
0.9158935
0.96337336
0.9711032
0.9599419
0.8860989
0.10499779
0.08810381
0.23762833
0.25641164
0.94060564
0.9045828
0.95139766
0.96425694
0.95091105
0.5172604
0.577713
0.9275195
0.94793963
0.95095545
0.92543274
0.95359194
0.9595081
0.9605262
0.9405108
0.95754594
0.9599779
0.94237125
0.9587184
0.96157897
0.94630164
0.96170795
0.9659689
0.9547325
0.9680674
0.9743723
0.9612366
