0.8163503
0.6727764
0.5626999
0.54092896
0.54328215
0.6195452
0.76093316
0.7248858
0.66147125
0.6662381
0.73291755
0.87756217
0.90464497
0.8533326
0.40640622
0.22942084
0.17038092
0.15085189
0.12778106
0.11291913
0.6819789
0.6926523
0.2237455
0.2529384
0.37899205
0.3733038
0.29040343
0.690595
0.70884466
0.8080231
0.81053925
0.6186774
0.112530775
0.09925029
0.13197534
0.85036266
0.8739226
0.79446673
0.8442531
0.10265412
0.094253294
0.1300539
0.09960025
0.085537955
0.10754368
0.8485513
0.16333133
0.09788075
0.07257014
0.07024304
0.7098304
0.1812251
0.087287664
0.07730175
0.09043231
0.72409797
0.85234267
0.7301166
0.22573319
0.70989984
0.68681663
0.095330484
0.076981604
0.10065736
0.13167295
0.82251006
0.9105897
0.84738064
0.8962773
0.77171355
0.5712221
0.13449582
0.14921026
0.6821993
0.14065199
0.17907101
0.68072236
0.6130263
0.28663367
0.7661454
0.71815103
0.6786556
0.6505522
0.69813615
0.72178
0.13556342
0.08719552
0.07845367
0.10035276
0.098133184
0.8701659
0.7770391
0.80437785
0.91049737
0.93032116
0.92806584
0.88704425
0.87829936
0.9024355
0.883437
0.88229495
0.8909767
0.89421064
0.15403658
0.17751771
0.08556989
0.0936746
0.18559791
0.8180489
0.7731726
0.76729006
0.7202099
0.081007354
0.066685796
0.10519865
0.19638583
0.86167425
0.8897409
0.88906807
0.11078184
0.077198856
0.15344517
0.2418317
0.85496056
0.85379624
0.25856653
0.80188537
0.09893604
0.078872964
0.0765121
0.0726429
0.07071083
0.72480416
0.67038596
0.6725298
0.08235737
0.06462521
0.11696821
0.7193869
0.83596617
0.12707794
0.123095654
0.12510034
0.13577883
0.14375848
0.08897742
0.056478884
0.057042975
0.08109751
0.09694112
0.16605479
0.6123817
0.5717447
0.44775382
0.39977983
0.38367346
0.19051927
0.14426766
0.14100167
0.13909867
0.12439583
0.09646252
0.10193114
0.16294561
0.29906806
0.8337272
0.11319998
0.088119105
0.08088456
0.7008759
0.098124966
0.13744731
0.13871591
0.0909244
0.055144425
0.06654778
0.7801416
0.8365251
0.8338855
0.09605517
0.10749306
0.20522726
0.86105466
0.15489492
0.10278127
0.09319446
0.70112926
0.73366123
0.77998245
0.0963001
0.07586778
0.07123206
0.06602134
0.06587542
0.068366036
0.10406301
0.17506261
0.74637854
0.7361961
0.6461207
0.12048692
0.085790716
0.06469078
0.0654717
0.10683481
0.76621085
0.85490173
0.09751211
0.06613652
0.04033167
0.04197692
0.058950745
0.86325234
0.9501871
0.91525054
0.9515732
0.1440492
0.05551775
0.062271755
0.07874893
0.11022948
0.8447656
0.596081
0.10621394
0.1591894
0.6031758
0.11831171
0.15340227
0.21548915
0.8203034
0.9025641
0.92135143
0.8929252
0.68652886
0.5970424
0.54620105
0.57319134
0.6458598
0.72334933
0.818279
0.8070622
0.70254344
0.724307
0.8782497
0.8714497
0.21330677
0.17425248
0.13842629
0.092123665
0.06838717
0.06480383
0.693624
0.09333275
0.060856905
0.049228027
0.07346208
0.8158652
0.84812295
0.82303345
0.10461826
0.072525576
0.06738404
0.13026918
0.78014934
0.11596648
0.08522591
0.10230167
0.62331367
0.11788525
0.09868301
0.072473705
0.064415194
0.07545213
0.08997798
0.6524452
0.082976155
0.05944024
0.062048513
0.08759545
0.12264955
0.090978704
0.11617623
0.07148097
0.06921356
0.06875902
0.7730298
0.7980661
0.9034133
0.8743427
0.8457392
0.83946216
0.7567019
0.24147014
0.8578086
0.119895466
0.057350453
0.054384016
0.057447303
0.06378817
0.06575095
0.059683148
0.059988406
0.089044645
0.68923664
0.090532474
0.07097367
0.11284175
0.68063784
0.13241193
0.16538061
0.30499962
0.13206547
0.07572978
0.05198119
0.06025465
0.093165554
0.068263344
0.12085009
0.106266454
0.071396224
0.7809665
0.83935213
0.058474734
0.03499424
0.031255066
0.041595586
0.07183613
0.049434118
0.0408423
0.7948982
0.86633915
0.9197816
0.9502814
0.9577163
0.09794803
0.092438936
0.057143874
0.045132253
0.14996761
0.81177765
0.09048178
0.08205052
0.7275855
0.70685905
0.06591439
0.07857184
0.08629371
0.15743124
0.8487496
0.13866962
0.073618054
0.077707835
0.09256244
0.13920923
0.15680324
0.15505828
0.19214503
0.72979075
0.6794325
0.8557173
0.87344974
0.30263537
0.11901145
0.09736486
0.34524253
0.35234773
0.9242173
0.89428014
0.653256
0.12445659
0.14245327
0.14337856
0.11167369
0.18677256
0.5530757
0.5073331
0.5636456
0.47638527
0.53207856
0.48388463
0.5397002
0.8132377
0.90545774
0.88705426
