0.85109013
0.8177527
0.8638397
0.80161965
0.3119944
0.25050116
0.32496017
0.47340435
0.8057816
0.7139936
0.7416059
0.27154875
0.20098993
0.15499176
0.19935682
0.23123558
0.34323058
0.75141555
0.72375506
0.8135315
0.7095697
0.81480825
0.7759983
0.8327322
0.80496943
0.48320708
0.34271914
0.34617847
0.32410106
0.5993334
0.20602293
0.18087439
0.2567287
0.4296849
0.23559695
0.17355159
0.13984886
0.1636662
0.26671243
0.20419087
0.28164384
0.34733048
0.6684818
0.6574525
0.5153576
0.6048518
0.5
0.30147165
0.31068414
0.30136004
0.24009262
0.2649542
0.24902695
0.25333557
0.23008226
0.21468306
0.22549167
0.30188432
0.3620872
0.6337994
0.5193184
0.6397585
0.7196792
0.5446175
0.45654386
0.38421154
0.41608936
0.5510442
0.80685014
0.8211427
0.7028007
0.6044463
0.5185656
0.47444448
0.21832833
0.24219827
0.1802232
0.14840154
0.108455926
0.092686355
0.12134365
0.10668171
0.09502169
0.112372525
0.7932969
0.7418051
0.7058214
0.6537635
0.63592154
0.64111465
0.6936484
0.705889
0.76965356
0.8404106
0.7507299
0.76946634
0.10261352
0.069251284
0.07198109
0.06409938
0.08110173
0.07007921
0.07153123
0.11038047
0.11800426
0.17382278
0.82212424
0.67685366
0.73028
0.23386441
0.15520935
0.11944681
0.10503735
0.17342442
0.2179228
0.60127914
0.45605722
0.6006934
0.5749597
0.6081822
0.74545234
0.7938504
0.74758375
0.8567274
0.8206157
0.25339338
0.18223116
0.6062867
0.5562146
0.11751232
0.119331226
0.2557122
0.23063844
0.1065639
0.07521194
0.64568365
0.6655854
0.8797763
0.88558275
0.794093
0.7668511
0.77855337
0.8594277
0.10246211
0.061108384
0.05669979
0.057576988
0.06428892
0.09170485
0.87693447
0.19232526
0.109946586
0.6588752
0.65671396
0.73687476
0.82895136
0.74075645
0.6828743
0.6787046
0.7080238
0.7325672
0.7369229
0.724899
0.68757373
0.6852537
0.81993484
0.84320897
0.80205315
0.78659254
0.7926954
0.34018838
0.4716167
0.86183727
0.8389415
0.115643345
0.10761965
0.07582467
0.0537943
0.054777257
0.08299683
0.8699494
0.8855831
0.8374364
0.75675195
0.10226035
0.113646105
0.114245765
0.089546494
0.06539511
0.071082644
0.7492059
0.7863403
0.11289537
0.11804878
0.73062885
0.80581445
0.7832742
0.8785402
0.41249567
0.38333535
0.17328829
0.0934487
0.08468424
0.09028115
0.23642349
0.19070466
0.17701092
0.24420236
0.5083675
0.52248406
0.37730056
0.72438204
0.48765856
0.5190937
0.60735124
0.6387217
0.18039337
0.118835315
0.08843733
0.12064425
0.61763734
0.5930526
0.6339568
0.6461164
0.09376631
0.12560925
0.12645872
0.17648953
0.9026088
0.9505073
0.9597082
0.9510049
0.91199046
0.12772173
0.06976445
0.044324156
0.031504523
0.06238449
0.7410075
0.81735814
0.8810916
0.75899196
0.6722597
0.6032221
0.16249941
0.10572135
0.08355123
0.14179112
0.16911371
0.7111574
0.56897545
0.4643507
0.5333281
0.4591379
0.5553905
0.09561171
0.07405638
0.15863524
0.16523826
0.6063655
0.7282294
0.81385607
0.78074133
0.7547579
0.42408934
0.22730912
0.17413545
0.13450441
0.09945769
0.10794531
0.12227335
0.1025635
0.08549814
0.076453306
0.72689074
0.7069133
0.7218667
0.07032922
0.04391649
0.05318886
0.11003027
0.14191267
0.7619564
0.7707755
0.8205334
0.87279123
0.8453573
0.8359841
0.12321931
0.07276411
0.059323624
0.07810357
0.115054764
0.7178576
0.6894289
0.103079766
0.08153919
0.07128639
0.08225326
0.07479452
0.088373
0.5970659
0.660655
0.7653779
0.8894968
0.89220285
0.77459455
0.087988526
0.040372282
0.029565463
0.029764995
0.045074165
0.08353538
0.10511485
0.12744746
0.9220559
0.15085503
0.060852665
0.029384352
0.018968329
0.025732756
0.030266853
0.020748688
0.020532904
0.021062339
0.8950589
0.7848334
0.9639901
0.9607246
0.9531228
0.91873306
0.91959506
0.036157805
0.023279984
0.017121797
0.016293442
0.01767723
0.022459742
0.02948196
0.029366683
0.03914064
0.8869661
0.9121815
0.1082525
0.111227706
0.09655099
0.07203117
0.057218567
0.05779585
0.061769318
0.15525985
0.76941085
0.8812109
0.90830874
0.9020599
0.8600785
0.7471499
0.66841596
0.57941085
0.29296768
0.27315375
0.2509153
0.2098471
0.18178156
0.1903105
0.25503114
0.5698862
0.6310053
0.46534184
0.44318786
0.45485616
0.5
0.24786599
0.20621487
0.1786327
0.2578607
0.25991115
0.25470918
0.6408382
0.54816705
0.09725613
0.06607978
0.08333623
0.7040704
0.7460857
0.73850644
0.6429624
0.10063698
0.06981039
0.10142184
0.5783711
0.55059505
0.15745935
0.12324187
0.11125585
0.12634128
0.19964844
0.22380114
0.28606886
0.36151087
0.2902464
0.13940217
0.63456243
0.08250208
0.091663316
0.13637717
0.12720299
0.11724706
0.09723145
0.081581704
0.6724542
0.1542684
0.12813278
0.21343215
0.7691483
0.8302889
0.78798574
0.77903634
0.78388256
0.14061849
0.21151279
0.2115203
0.92227584
0.93325144
0.8995534
0.7146571
0.10521004
0.078445114
0.07266926
0.07368746
0.093457796
0.21442102
0.62287515
0.08337879
0.11428985
0.18428233
0.22205408
0.2689839
0.79995924
0.14788641
0.12300654
0.4627516
0.127356
0.19732587
0.21824342
0.20090348
0.5679531
0.6774409
0.65061814
0.6919153
0.547929
0.5
0.54716814
0.45058662
0.39837834
0.4709379
0.40595782
0.3917295
0.4861177
0.30740592
0.30541226
0.3646041
0.6273301
0.72910213
0.62509465
0.38145426
0.3798371
0.38718724
0.37385857
0.33348966
0.2726898
0.23746353
0.21901348
0.41513076
0.6997671
0.7005017
0.52709234
0.5
0.43540317
0.13757557
0.104044095
0.08545307
0.110856675
0.1001699
0.07650475
0.058366343
0.08997047
0.122428246
0.84982014
0.81361955
0.86451745
0.88573045
0.21209414
0.17571852
0.77518207
0.09950439
0.11990905
0.3165985
0.6283586
0.1297359
0.12908682
0.11452806
0.14090037
0.5139251
0.49807858
0.46915495
0.43840018
0.1817403
0.1880269
0.19080031
0.32404876
0.58499914
0.5086887
0.10613154
0.11556421
0.63088614
0.66173875
0.67032814
0.6148554
0.5062189
0.17471963
0.2698303
0.68106544
0.29179475
0.3268354
0.38445124
0.3418324
0.7681886
0.7302818
0.58294314
0.5
0.46641722
0.23908177
0.20163408
0.19276176
0.41045794
0.29826674
0.28822678
0.28213695
0.24827932
0.25328377
0.6383021
0.47282916
0.54114974
0.45457482
0.5311985
0.4864313
0.4984195
0.53535074
0.6159441
0.7010225
0.48478234
0.44612336
0.19805254
0.16294152
0.13711938
0.13072816
0.18121742
0.7607732
0.14656734
0.08361547
0.08717733
0.62563705
0.6089176
0.63897043
0.63900894
0.60640854
0.53193796
0.12997103
0.24688348
0.18604627
0.14431274
0.73964375
0.12121618
0.087492965
0.0823228
0.07102548
0.06532735
0.07233036
0.69113296
0.7053895
0.8457354
0.8325971
0.9135292
0.14761075
0.08114354
0.064588085
0.07810944
0.79916745
0.7452826
0.100142844
0.10079941
0.6374601
0.09835094
0.1348237
0.14267601
0.18072964
0.86086875
0.8688077
0.7936445
0.76263094
0.7722002
0.1843687
0.12520228
0.123008646
0.4433417
0.1994724
0.21617849
0.72587425
0.56987023
0.6399902
0.7947261
0.70615065
0.6715156
0.5
0.5
0.5080366
0.56438994
0.51046544
0.23489918
0.21811825
0.22881024
0.17593609
0.21383648
0.14455932
0.09901105
0.071871124
0.07711779
0.30561954
0.8693105
0.89433575
0.7643146
0.7060043
0.7076479
0.7724833
0.72355396
0.6891175
0.67558163
0.66195804
0.6429188
0.6423783
0.092519514
0.097615466
0.07390938
0.08481124
0.1297457
0.11115412
0.13651593
0.73375016
0.4752854
0.47237235
0.48548815
0.51608586
0.5037818
0.15310188
0.103327066
0.08159126
0.083066486
0.6284414
0.61239403
0.5901026
0.83465403
0.9193918
0.92907715
0.8763698
0.20217106
0.115359455
0.09035568
0.10737977
0.53930175
0.6062161
0.69351566
0.81632453
0.58017087
0.19308822
0.123314634
0.16864003
0.19416036
0.20326027
0.83941936
0.8510176
0.91206664
0.8971813
0.75946695
0.55738163
0.11430979
0.0757646
0.08917155
0.10284848
0.06865355
0.06202838
0.7074285
0.7037815
0.7229766
0.054088306
0.035686884
0.034560546
0.0361398
0.84799325
0.9709779
0.9841155
0.98249304
0.96337026
0.03825596
0.02294993
0.02396829
0.050695047
0.7877846
0.83489037
0.9001473
0.07068259
0.0501594
0.055854112
0.0741363
0.08526434
0.1006536
0.60945755
0.1138484
0.1087429
0.09612223
0.10650573
0.81583834
0.29463696
0.20953575
0.10681618
0.091547795
0.05698491
0.064146966
0.7532509
0.8188675
0.19480616
0.17918633
0.112677805
0.2426673
0.81695145
0.050310943
0.034037706
0.05291114
0.8467151
0.9478168
0.95034003
0.08712985
0.046808198
0.04711926
0.05946936
0.06863753
0.052724853
0.051169414
0.7465084
0.074002214
0.09342871
0.2056807
0.95673275
0.96254724
0.9339041
0.90342796
0.08606368
0.04815139
0.057516757
0.8431286
0.050313678
0.03656915
0.036670584
0.0354608
0.036694717
0.038906883
0.05798502
0.8390281
0.90088075
0.90482676
0.2192859
0.66390914
0.09400372
0.11414521
0.8470693
0.8139669
0.82128215
0.08978375
0.07701914
0.09632267
0.1744553
0.8789024
0.093698844
0.08057044
0.06931865
0.05879303
0.066170454
0.09613672
0.72662735
0.7606345
0.8693788
0.88204134
0.8006203
0.7274114
0.07248078
0.076426
0.04149558
0.04711479
0.8546581
0.90097654
0.9180071
0.9112168
0.8621157
0.081659645
0.054863583
0.051856276
0.055319656
0.062348653
0.07258682
0.107753895
0.17241044
0.7257295
0.82183945
0.7599836
0.751351
0.70359415
0.73246455
0.7147148
0.6397359
0.6750611
0.70954275
0.63818604
0.5910047
0.5941948
0.59744865
0.10099898
0.076858155
0.054636355
0.11900496
0.13499394
0.24884325
0.958178
0.96257275
0.96860313
0.9653049
0.9474069
0.9135102
0.2357426
0.22068873
0.08835814
0.07633353
0.1058689
0.30944154
0.8191075
0.7101667
0.43727854
0.7467691
0.56033474
0.124813065
0.25958937
0.0957475
0.05704465
0.09263732
0.2164274
0.1832531
0.81717867
0.7725906
0.7187573
0.67631537
0.087129705
0.06870824
0.06789556
0.09316183
0.08567688
0.101314284
0.19285539
0.6339307
0.69115865
0.36620775
0.67636496
0.79478925
0.7483361
0.52222645
0.52756625
0.6809143
0.89512956
0.92494845
0.8785511
0.14424738
0.06622477
0.06106925
0.05905124
0.38039613
0.8760232
0.916691
0.718783
0.22889449
0.12986901
0.07090216
0.109950244
0.08007942
0.6387567
0.5474862
0.63617265
0.704555
0.55962646
0.6385386
0.817653
0.8459759
0.7754171
0.781876
0.85957915
0.6556416
0.29435202
0.20735623
0.17634231
0.13976128
0.14342098
0.14746477
0.17429917
0.1876037
0.395898
0.79033494
0.8041703
0.72733414
0.679573
0.39891958
0.32558227
0.27681568
0.19130975
0.10846123
0.45748207
0.40305197
0.4602336
0.6375343
0.8864089
0.90720135
0.41826117
0.56092966
0.66138875
0.6671406
0.6032447
0.57228035
0.19756009
0.16856988
0.16176276
0.17567691
0.5563516
0.682568
0.8747016
0.9106118
0.862846
