0.04196778
0.030839497
0.0493005
0.04170444
0.037859064
0.032238238
0.035500184
0.053803526
0.07403824
0.92920387
0.86660534
0.863865
0.88108706
0.88762873
0.9505783
0.9390682
0.91992635
0.92349565
0.06867645
0.04087497
0.033714946
0.048831984
0.9207213
0.93380195
0.94320345
0.96811813
0.96795523
0.9483678
0.96556485
0.969202
0.96077013
0.934082
0.93388104
0.04328281
0.022548303
0.018820956
0.015261128
0.02243802
0.9080692
0.9476569
0.95691043
0.95992744
0.9490361
0.92911506
0.9538326
0.031184025
0.01826936
0.019722957
0.01688913
0.025889182
0.9230324
0.92048305
0.96062106
0.921655
0.04796503
0.045359053
0.038005915
0.02880735
0.03616424
0.9276814
0.9193714
0.9730594
0.96112823
0.9751134
0.9495061
0.97322494
