0.7184828
0.51178765
0.493225
0.5
0.5939126
0.6787339
0.73925805
0.749027
0.6920562
0.55803597
0.38815758
0.3633934
0.46195406
0.51595616
0.6288336
0.6254354
0.6446766
0.6775338
0.6046541
0.36870283
0.34398964
0.40545544
0.37535346
0.19125871
0.20266469
0.31126288
0.7491181
0.7591396
0.5801282
0.4901326
0.19412403
0.16604567
0.21141061
0.5629089
0.7310963
0.8088845
0.74609435
0.7629672
0.55372435
0.20901887
0.15794665
0.11842589
0.1251392
0.19100465
0.77434444
0.82041025
0.758829
0.7415991
0.71709585
0.73706794
0.8107495
0.73758745
0.11884088
0.07562241
0.060313832
0.046477716
0.061000634
0.089332744
0.045631576
0.026776168
0.02257957
0.02522478
0.026412377
0.03556684
0.05462872
0.85439235
0.06086681
0.072067514
0.9208224
0.95363843
0.93767977
0.8648645
0.88555485
0.035740156
0.0279758
0.03467094
0.030422114
0.044962846
0.04490494
0.05874323
0.0754065
0.090565644
0.11168533
0.90138435
0.17029646
0.20832683
0.84706473
0.83068454
0.83887035
0.80597645
0.7335244
0.1018146
0.11000543
0.78063977
0.12416014
0.1703602
0.16735524
0.14420047
0.12466984
0.8618681
0.12257677
0.08000412
0.08457954
0.07541865
0.12864266
0.7825743
0.72626674
0.7399461
0.7750527
0.776738
0.22167347
0.31807914
0.8112445
0.15804626
0.104356594
0.07887492
0.08842114
0.72603565
0.6991915
0.6488068
0.69373405
0.6942295
0.7298375
0.7694755
0.1308586
0.14108844
0.13780765
0.12955987
0.12101953
0.084426016
0.072719015
0.07697547
0.13249946
0.7802676
0.8440383
0.8697828
0.8291447
0.68223417
0.617289
0.6403331
0.75965774
0.8246234
0.77599907
0.37126905
0.59472764
0.18703859
0.18578662
0.55551976
0.35162035
0.46167645
0.78271353
0.6927404
0.7454696
0.71682835
0.70325655
0.6892372
0.66156507
0.6093253
0.24937479
0.27551815
0.3856058
0.75947267
0.112789765
0.11414116
0.113478325
0.09776198
0.082425475
0.067324355
0.1493241
0.20204397
0.89826554
0.8681855
0.057828765
0.028242748
0.025740232
0.0412489
0.053420518
0.9059131
0.9296861
0.90933645
0.7779381
0.059912313
0.04378719
0.03681354
0.038114272
0.06335245
0.7946096
0.095388874
0.07605052
0.073672645
0.073451504
0.08781955
0.10330784
0.12213519
0.11421348
0.61585647
0.7256692
0.8178634
0.8249868
0.27326554
0.21360916
0.20460442
0.20792162
0.25923645
0.23333715
0.18312503
0.17993453
0.8429751
0.82333225
0.7288122
0.6718162
0.07593493
0.06145046
0.11278577
0.30843675
0.85057294
0.80462474
0.76756316
0.119444124
0.10646978
0.085586764
0.14350061
0.15374859
0.754389
0.65840805
0.13699107
0.14290561
0.2737584
0.8491017
0.12459371
0.093150504
0.087007016
0.78788733
0.7625957
0.82222044
0.83001953
0.117371336
0.09649351
0.08999493
0.70772535
0.09511396
0.08366859
0.11218202
0.7075773
0.74813926
0.1364586
0.117719956
0.0898003
0.083728366
0.08377657
0.075612746
0.06839589
0.06566683
0.09750812
0.6904744
0.7950043
0.7701476
0.24958254
0.21032272
0.13292731
0.11803545
0.66132766
0.6857634
0.73228365
0.7443897
0.7385962
0.11448399
0.08497856
0.077040546
0.08026462
0.10941271
0.0871159
0.7990147
0.83494574
0.8021636
0.792919
0.7573784
0.76377845
0.7600646
0.74257016
0.14495705
0.104323074
0.10695971
0.73817104
0.0735233
0.05944654
0.059214927
0.07023078
0.09724412
0.13160834
0.16103178
0.8247244
0.79868364
0.12190975
0.104186945
0.19830857
0.5733507
0.18756916
0.17620924
0.2439248
0.2648349
0.2888665
0.7051765
0.72929615
0.69242686
0.21580866
0.2452877
0.25272268
0.23573174
0.21767482
0.18020773
0.16435911
0.11716996
0.6813024
0.68729496
0.6858685
0.6908497
0.6241122
0.13762385
0.10163162
0.13883296
0.12074083
0.7423907
0.75167894
0.7413376
0.09623979
0.069916
0.078547664
0.13213432
0.15518227
0.14426453
0.8526627
0.068328984
0.04822563
0.08493847
0.7995974
0.89362764
0.91401786
0.8816161
0.8448071
0.81228423
0.80837584
0.78619576
0.75796103
0.7801458
0.8702047
0.1364482
0.061231915
0.05460633
0.07500654
0.10669473
0.11421141
0.07931763
0.06289363
0.07752602
0.68837214
0.09316318
0.07523407
0.06556095
0.07588553
0.7653141
0.82516843
0.865004
0.82329726
0.72549254
0.2504332
0.68676513
0.13513985
0.17311037
0.22025378
0.17273366
0.1289031
0.10982445
0.12482302
0.24155566
0.32921737
0.6910018
0.60636437
0.5660687
0.5984165
0.7681649
0.84917617
0.74570906
0.35808095
0.31105036
0.51930004
0.51633626
0.54374164
0.15058793
0.108646244
0.11163494
0.31514305
0.59957916
0.6006142
0.5659956
0.5196252
0.59608394
0.16356312
0.14970489
0.098661646
0.109178014
0.26767704
0.2310878
0.29552308
0.5345123
0.26951095
0.30142173
0.3191838
0.4356307
0.59990823
0.7177474
0.5629232
0.5369326
0.5177141
0.5070724
0.4341704
0.53421307
0.8154382
0.89607406
0.89390486
0.822027
0.59187293
0.6190085
0.7030417
0.66851723
0.8969845
0.8795688
0.17566022
0.11322246
0.10782946
0.21180692
0.8714961
0.13566194
0.06775489
0.04662543
0.036803525
0.04011398
0.052614756
0.035394754
0.03920032
0.07768504
0.9376538
0.05575953
0.022373816
0.019483382
0.021099266
0.021454066
0.022596085
0.025833197
0.04349265
0.9148901
0.17492293
0.20826226
0.97142136
0.98067147
0.98098826
0.9580827
0.061667707
0.035242885
0.0244345
0.028866185
0.03758875
0.034355357
0.040635705
0.8164341
0.093155265
0.057657517
0.061232466
0.76928866
0.0957737
0.14847948
0.882742
0.8895246
0.9078135
0.9325976
0.8681298
0.8479144
0.91742766
0.9386223
0.044771686
0.023381848
0.025513258
0.01967956
0.033873957
0.9464404
0.9641586
0.926562
0.9048438
0.039572854
0.022790557
0.024235185
0.039942317
0.08020343
0.9177339
0.068185486
0.03826313
0.0370406
0.05935662
0.07694225
0.056883518
0.036997985
0.045078605
0.08260439
0.119149044
0.20572127
0.9533444
0.93877995
