0.76526815
0.6735888
0.6444701
0.6816393
0.7146588
0.7102727
0.61104226
0.5432411
0.53885394
0.6039483
0.77039886
0.78453887
0.6611079
0.5438233
0.5
0.5004226
0.6593503
0.66549975
0.72209823
0.7546024
0.68506694
0.47111923
0.28901824
0.25988346
0.38636643
0.46642047
0.6560157
0.599664
0.5596235
0.49131724
0.41244286
0.46361145
0.42132065
0.2844388
0.31565163
0.2639421
0.3696022
0.32435796
0.40294775
0.5
0.5148379
0.51219463
0.49526775
0.41666976
0.3427651
0.2861861
0.20526576
0.5377392
0.53079534
0.15909393
0.18273453
0.17333019
0.1172101
0.08184535
0.06959934
0.079923436
0.13167639
0.1754806
0.81618625
0.78490543
0.1407882
0.07739401
0.0888567
0.168236
0.6343827
0.18127678
0.774925
0.08894556
0.10544846
0.121675685
0.12695757
0.7759846
0.86277544
0.8440429
0.92241836
0.23772396
0.1789661
0.13999234
0.15458874
0.74583
0.17784396
0.6779457
0.094299085
0.06493546
0.07594647
0.10402745
0.10803502
0.077480905
0.0654068
0.08455721
0.15327367
0.75712925
0.09555572
0.1205115
0.18278836
0.26456437
0.79077226
0.80511814
0.35006282
0.43072632
0.4848039
0.6437812
0.77702254
0.7568112
0.19243719
0.14859505
0.17070636
0.5405638
0.14212058
0.10160916
0.120438814
0.741719
0.6146586
0.12092719
0.08339827
0.09434866
0.6879928
0.8260597
0.7269313
0.66911316
0.603873
0.102680854
0.09706294
0.1923792
0.76311755
0.82135373
0.6990803
0.60668564
0.1348926
0.10758688
0.106481045
0.6746672
0.815712
0.76535773
0.72008246
0.57182676
0.118286274
0.19847022
0.23592052
0.77467287
0.16378345
0.11829522
0.11344821
0.08587626
0.074643776
0.6477916
0.6340702
0.6428888
0.7219492
0.7767389
0.7362036
0.73890734
0.7447343
0.7039851
0.121958844
0.13257064
0.16363463
0.1339034
0.19026694
0.67125106
0.67461324
0.7590873
0.6815313
0.14460418
0.12251814
0.13934691
0.19010597
0.124951765
0.103680015
0.6071539
0.5959019
0.6868958
0.370507
0.33473265
0.28379387
0.6422286
0.68078107
0.6283559
0.5706687
0.2200583
0.20031857
0.26724258
0.3139939
0.32541728
0.36794403
0.66273457
0.46580043
0.4386306
0.43820766
0.43793923
0.43698928
0.31421277
0.4737079
0.37080246
0.42133152
0.23595898
0.25988573
0.38019708
0.81818813
0.9005186
0.8640721
0.21667235
0.17734393
0.4270465
0.67213905
0.6687303
0.10942553
0.06958128
0.07537279
0.093365386
0.79186493
0.6863385
0.67966473
0.66406846
0.6834192
0.77680516
0.86709523
0.85399175
0.12424609
0.074775845
0.089249566
0.0994662
0.7320212
0.66751206
0.5367527
0.17318824
0.20897476
0.23472017
0.8908154
0.9217728
0.8850215
0.21784584
0.16811736
0.15643236
0.10734775
0.16866033
0.21203832
0.78711027
0.71578133
0.8138547
0.69699115
0.74401385
0.8549426
0.8056057
0.54011095
0.15750447
0.1178351
0.38194492
0.5984723
0.8341193
0.7899249
0.82088166
0.15427464
0.12715174
0.33516598
0.8872729
0.9007296
0.10410275
0.039602026
0.03471052
0.79219997
0.6973427
0.9628577
0.97403485
0.96362734
0.8971519
0.077613786
0.06366388
0.07337563
0.7090132
0.77445877
0.15574884
0.24722661
0.18787687
0.1490247
0.1334293
0.13728738
0.1141652
0.66031086
0.23465323
0.18617168
0.24140842
0.62497836
0.7542648
0.8701608
0.890951
0.82365006
0.8328659
0.7417494
0.6608304
0.6046193
0.6007103
0.70316154
0.77527726
0.7538068
0.29999927
0.20466633
0.2048505
0.50604093
0.20556228
0.29059312
0.21430528
0.19338892
0.5634053
0.47198582
0.4658785
0.28181812
0.32938716
0.47063497
0.48402357
0.5285061
0.6057091
0.86160225
0.9234714
0.91462415
