0.69045466
0.31700233
0.28610346
0.45854387
0.40199533
0.6928639
0.57244843
0.4511694
0.4263302
0.47261629
0.4473606
0.35073093
0.3328483
0.19240053
0.14863792
0.197621
0.33448744
0.62723094
0.52921546
0.22693758
0.16634996
0.37488458
0.3122712
0.3276707
0.45158347
0.39663726
0.17790657
0.23516753
0.2809925
0.35008648
0.62367177
0.5491746
0.5
0.43557957
0.27279416
0.20161252
0.16610487
0.19664796
0.22460559
0.20094262
0.22278339
0.3038649
0.3997138
0.7017214
0.5748382
0.690158
0.4578707
0.42372853
0.15496577
0.10542532
0.12155332
0.14768052
0.69118255
0.80621976
0.20615332
0.15738891
0.14769931
0.08413497
0.10191811
0.83535
0.79895294
0.7307441
0.09311422
0.08261584
0.098989405
0.16618232
0.2805207
0.9359704
0.9382736
0.9051553
0.6652372
0.11156914
0.077391416
0.10938757
0.107347935
0.5559632
0.4244422
0.16695844
0.15415636
0.20414734
0.73746765
0.7193136
0.7408003
0.7425217
0.75769985
0.6090762
0.19728726
0.1364606
0.12692912
0.45038152
0.28136122
0.3485016
0.23049699
0.22182846
0.26878855
0.36563054
0.4321909
0.6030014
0.80476046
0.81350064
0.61408025
0.26474115
0.47720012
0.16506913
0.12724584
0.11361224
0.11934432
0.15744273
0.729517
0.66462004
0.71909714
0.79892755
0.8249077
0.70143104
0.08973976
0.064570606
0.060247947
0.07755372
0.14708999
0.11975966
0.90382326
0.8476662
0.9249518
0.90359247
0.8314648
0.0587356
0.038533654
0.04029991
0.055376176
0.09512372
0.09486955
0.78173625
0.10084169
0.09872841
0.75259537
0.06576097
0.050801035
0.05345238
0.077611856
0.09176779
0.08808876
0.063247725
0.062292755
0.0981851
0.7298561
0.08561131
0.07854913
0.7407451
0.81287074
0.87314117
0.9161736
0.12456154
0.09912439
0.7654113
0.76374704
0.78902936
0.77832645
0.075125776
0.059886094
0.06281809
0.091082744
0.11030814
0.09890268
0.07550067
0.80133486
0.79952896
0.8229649
0.90307444
0.82145005
0.75949925
0.18045369
0.2535997
0.6932095
0.14219508
0.25568286
0.78063464
0.27914792
0.78871995
0.09230984
0.077170976
0.052903924
0.05371906
0.11245017
0.86822385
0.90679324
0.09720043
0.079209216
0.12640876
0.06806802
0.04460542
0.053412553
0.08432405
0.09841662
0.067749016
0.093427815
0.10262268
0.1017553
0.1484896
0.14640865
0.1558254
0.20203562
0.15123282
0.10106107
0.08052808
0.090152554
0.122899435
0.21429326
0.78519744
0.7938298
0.7526144
0.6232827
0.31977978
0.6090917
0.11764938
0.08832782
0.11000265
0.7062101
0.82293516
0.8475843
0.8456115
0.16045055
0.09315275
0.103789136
0.54485184
0.2121104
0.68600345
0.69785815
0.69868135
0.7206369
0.20462327
0.18461607
0.18563123
0.13073283
0.09983073
0.608657
0.5320053
0.1848181
0.3070561
0.6823164
0.2292433
0.29775545
0.37514907
0.7861253
0.7476007
0.5557788
0.5360727
0.6559554
0.70137274
0.5541381
0.565085
0.849624
0.9136277
0.9190245
0.89247245
0.8019767
0.30340764
0.20245448
0.15399112
0.13532016
0.12964739
0.31105068
0.4155452
0.33383915
0.33643577
0.33387923
0.5240315
0.5900571
0.47524402
0.18201895
0.14196552
0.124398954
0.12754104
0.62415946
0.6403147
0.6424928
0.6990325
0.7592101
0.6515781
0.5563094
0.4654093
0.14095403
0.35228384
0.24466516
0.25077358
0.5764032
0.15953372
0.14908612
0.13643798
0.10921029
0.14873657
0.63725525
0.6507592
0.6710624
0.12657082
0.14110136
0.15067802
0.17723289
0.1665177
0.22887196
0.84792316
0.87443966
0.7913251
0.6071449
0.5443902
0.53990656
0.57546544
0.6939359
0.7090859
0.7748832
0.32854757
0.2080383
0.19715725
0.7224932
0.73039705
0.6574266
0.6813296
0.6690429
0.6316894
0.62928563
0.11711994
0.14073847
0.14922972
0.12101557
0.12349416
0.10614565
0.100777134
0.2514183
0.7098013
0.7246915
0.71081203
0.6607359
0.6362204
0.62974435
0.6444218
0.116259925
0.10871909
0.09042045
0.091930464
0.3236996
0.8062192
0.83985853
0.7516763
0.8543685
0.841073
0.752183
0.6896787
0.69733775
0.7581259
0.73878247
0.72342217
0.7210921
0.73705673
0.7680054
0.7807486
0.7515002
0.72301847
0.11901213
0.110038504
0.14779471
0.1715173
0.23957868
0.16670424
0.5687839
0.5670182
0.1281888
0.13844937
0.12367448
0.13681601
0.22434781
0.71034706
0.16428418
0.11120765
0.10107639
0.6231414
0.6932756
0.8290142
0.8068647
0.61802316
0.5128539
0.5537382
0.6508628
0.823578
0.7881501
0.21660873
0.20501935
0.29027176
0.74475175
0.67703843
0.9161882
0.9050405
0.7658874
0.6971542
0.09190898
0.055633444
0.044317245
0.052562166
0.081778266
0.057003535
0.05067822
0.065478705
0.039023228
0.06352566
0.8553232
0.8746746
0.95904166
0.9496826
0.08901073
0.038952142
0.037250698
0.7971668
0.859064
0.9528093
0.93383354
0.7693942
0.057402395
0.04151926
0.047650736
0.8174388
0.918223
0.9339119
0.0926164
0.06889329
0.07293474
0.2999038
0.7564247
0.07854104
0.06699154
0.09764236
0.0887581
0.06621755
0.12960683
0.45473367
0.62959385
0.62992
0.386287
0.24953972
0.16026293
0.118578926
0.42049542
0.5164438
0.39359984
0.50223005
0.36154732
0.69266975
0.79880565
0.60266954
0.12778024
0.09346549
0.104059674
0.07712438
0.1257267
0.1947424
0.9272343
0.94517845
0.9210871
0.1079364
0.07665957
0.08359595
0.79962075
0.7387768
0.056148794
0.041492775
0.047030773
0.08463563
0.28120595
0.8834797
0.51526046
0.43587646
0.38307533
0.71136135
0.24238539
0.8336423
0.8395956
0.09947779
0.10844241
0.13358372
0.3837389
0.89833236
0.79052585
0.8194326
0.095294416
0.054609954
0.045294333
0.041111343
0.044959504
0.052920725
0.060385082
0.090078376
0.8992271
0.05729606
0.032024067
0.028076647
0.024797434
0.028409341
0.037098523
0.053332217
0.0835344
0.8480605
0.07177093
0.08956474
0.101511575
0.07061484
0.0646004
0.07679994
0.08851826
0.14472899
0.1453583
0.15140377
0.1153489
0.11065349
0.1550491
0.24373144
0.19074453
0.30183056
0.2396736
0.64624697
0.26058763
0.14950998
0.2910369
0.1285473
0.5769633
0.58711994
0.59869194
0.5539517
0.33901498
0.688998
0.26427805
0.17685992
0.16859907
0.5316585
0.39329425
0.36075112
0.3244495
0.55681384
0.62286115
0.4471774
0.4189899
0.36038604
0.4332506
0.4203985
0.44142482
0.09827562
0.08438953
0.17820804
0.2500551
0.48063824
0.93430233
0.91193247
0.12828556
0.051313166
0.044670895
0.060614366
0.07356568
0.049757537
0.047255076
0.75645524
0.2467133
0.4215
0.9288496
0.9437479
0.9145435
0.8333767
0.8104045
0.117439225
0.069077946
0.0489174
0.055187546
0.70327276
0.7270931
0.74004763
0.72952014
0.08773711
0.06267866
0.09035031
0.7428719
0.8728496
0.90064746
0.25942555
0.13514385
0.2860149
0.79195577
0.8091808
0.8837754
0.83380437
0.8710318
0.21495387
0.11107822
0.17276146
0.6387787
0.6784288
0.7323686
0.8808589
0.09419168
0.059041727
0.06778838
0.7845001
0.86637676
0.08404577
0.07664798
0.12450753
0.11875302
0.7748187
0.9155736
0.91962796
0.8069002
0.7054897
0.6574704
0.13634518
0.1506334
0.8098965
0.07082449
0.08082585
0.13277078
0.1279191
0.08536461
0.06451425
0.10191216
0.7253193
0.14284733
0.21093355
0.11144286
0.095433615
0.09149287
0.12383713
0.1278008
0.14261366
0.15803578
0.14006744
0.19175199
0.14127216
0.17561361
0.40122876
0.7538415
0.7252497
0.7414704
0.35760835
0.3473378
0.17868483
0.09122613
0.072631896
0.19766623
0.27308288
0.8746719
0.8725244
0.7522085
0.6390748
0.61416066
0.6416175
0.5676269
0.10710136
0.10287976
0.10638966
0.077708885
0.07249899
0.63999796
0.10914638
0.11379361
0.68082273
0.7513081
0.055144157
0.04150799
0.057043947
0.06391335
0.87806857
0.8217842
0.9741033
0.9793666
0.9678784
0.14406948
0.084676795
0.047805425
0.035537418
0.031093426
0.0444
0.74167585
0.050916575
0.048302498
0.07308157
0.083515085
0.09076076
0.82154197
0.8267038
0.8263779
0.8666276
0.86144096
0.138864
0.09327084
0.086144455
0.08063445
0.10991301
0.12242842
0.16204643
0.53100514
0.13015494
0.13544466
0.15574099
0.17678052
0.111506894
0.07057869
0.07449296
0.086281925
0.07676159
0.06146057
0.054121856
0.058307406
0.109556876
0.70065385
0.7636098
0.8560093
0.8473127
0.9218265
0.12504499
0.03983447
0.032341253
0.050189942
0.10041894
0.93853533
0.96430737
0.9538157
0.08777897
0.03434539
0.026516674
0.02629514
0.029333062
0.038032874
0.057066895
0.07151981
0.88712645
0.8937078
0.8882117
0.90112
0.9167977
0.83021766
0.7763261
0.08065337
0.057309274
0.051410392
0.12900378
0.86842245
0.06880202
0.043834526
0.041843124
0.10798885
0.8494978
0.90295005
0.90297025
0.8427915
0.90291864
0.10299704
0.11758806
0.060316447
0.024615709
0.020161659
0.033035945
0.8990426
0.91943705
0.972445
0.9687075
0.924839
0.9118538
0.84358835
0.04847055
0.052426875
0.040759217
0.045077167
0.052436788
0.34712955
0.9070608
0.93307436
0.9062693
0.75407696
0.7330914
0.6059663
0.57356185
0.5782068
0.6953452
0.93887967
0.9533053
0.9338248
0.2098756
0.08947528
0.055902924
0.054596446
0.04869647
0.050397724
0.7252528
0.0839698
0.070795715
0.69518274
0.6833739
0.8781942
0.9418109
0.8904713
0.73150474
0.09975302
0.08096471
0.73447347
0.065039515
0.05480945
0.048027545
0.060831483
0.08706893
0.32090813
0.74949265
0.094337136
0.0913445
0.0950051
0.086689465
0.117451884
0.13271359
0.112611525
0.16966514
0.63567203
0.7805732
0.7671918
0.83986056
0.73116237
0.6642879
0.5824699
0.5
0.20420992
0.60839236
0.075427614
0.07626225
0.06918352
0.12307008
0.13773707
0.21694149
0.89742494
0.13160513
0.048485417
0.03935842
0.05322797
0.80610985
0.79645854
0.8363146
0.8426306
0.082709044
0.09402367
0.053289235
0.06678893
0.05724114
0.06785185
0.0766613
0.090201005
0.08684301
0.23797981
0.42307308
0.17123736
0.7395181
0.6016691
0.43075675
0.2144151
0.72986275
0.12813346
0.07405329
0.040667415
0.05003437
0.0436182
0.030636147
0.03810495
0.046329495
0.055526614
0.9441903
0.969942
0.96666723
0.07287391
0.035699967
0.045597818
0.31449914
0.78638506
0.7465937
0.07501901
0.061159596
0.08416576
0.06427682
0.12792705
0.65662146
0.5743265
0.85280997
0.80538124
0.5288955
0.3683093
0.26220334
0.27440697
0.372242
0.39215016
0.5886649
0.78598243
0.8152375
0.38398683
0.42924035
0.4611566
0.455567
0.39546937
0.25861546
0.82240075
0.69064164
0.6030115
0.14294395
0.16024971
0.20805831
0.21587485
0.19350258
0.16113412
0.65410197
0.7455093
0.71593255
0.4458365
0.40590733
0.20502974
0.13260317
0.17594819
0.4974993
0.7158517
0.8820779
0.8337435
0.6712662
0.68134546
0.3941966
0.18524002
0.20766486
0.23708971
0.20163284
0.53955346
0.5088807
0.16004974
0.14443043
0.12770572
0.19233222
0.35955057
0.3465742
0.84810764
0.72531855
0.63404727
0.5629876
0.57181054
0.5756437
0.78178793
0.85966724
0.84592795
0.1424389
0.11179697
0.09903616
0.19834378
0.30043033
0.3981342
0.8120766
0.9127215
0.91452205
0.8608736
