0.7112081
0.67275196
0.4332939
0.19474778
0.19720565
0.27773333
0.29093134
0.38586357
0.22267641
0.18780598
0.16633761
0.30874196
0.53036517
0.64249957
0.2385074
0.18931891
0.59520286
0.7974528
0.7932317
0.91243887
0.92732996
0.88198113
0.46735057
0.36721104
0.13103618
0.12996988
0.52012616
0.42879838
0.21035913
0.28512752
0.22253571
0.1692073
0.169387
0.30958566
0.4391353
0.7479451
0.5635622
0.5
0.5007831
0.12926929
0.08892373
0.08728411
0.19750425
0.2675176
0.86076665
0.8740456
0.22342923
0.17210723
0.6937122
0.06805118
0.06357771
0.06767456
0.04924671
0.034823067
0.03837876
0.03899635
0.03413234
0.052474804
0.8761358
0.91080993
0.921863
0.0675269
0.05494098
0.05575735
0.04400553
0.044676606
0.06741619
0.075080715
0.059863236
0.04977466
0.04747321
0.07747429
0.7711695
0.13650164
0.085170686
0.08982662
0.07653478
0.09225137
0.15405287
0.12568618
0.087650515
0.075886734
0.17371905
0.28856066
0.8510488
0.91929007
0.9219467
0.84026253
0.81549835
0.87545145
0.10024572
0.059794407
0.05506706
0.044659413
0.06149802
0.051974162
0.03905631
0.053381782
0.06112762
0.7965572
0.91100025
0.92999643
0.2723961
0.20647843
0.3994154
0.87128055
0.7392965
0.76523197
0.91204137
0.9017725
0.814094
0.8025693
0.08510525
0.057235382
0.05187299
0.058081772
0.07444077
0.10260314
0.080264024
0.055514526
0.057073973
0.7906235
0.69248426
0.1871604
0.67471266
0.65894246
0.70676166
0.7359655
0.89676356
0.82261616
0.24154961
0.7626258
0.7492815
0.06253789
0.053093947
0.07987252
0.079836756
0.06937678
0.052011903
0.04595296
0.052412856
0.064611055
0.8480158
0.9019966
0.9416826
0.9385654
0.86958396
0.92313075
0.17340204
0.16858564
0.21837924
0.79457724
0.8301041
0.10149535
0.08309413
0.18524973
0.7080831
0.075682595
0.1033706
0.15855995
0.11242849
0.107887514
0.07620497
0.049206994
0.064631686
0.1429665
0.15671684
0.2090438
0.25175744
0.3260696
0.24335408
0.22309954
0.40452874
0.23935239
0.26582867
0.29213446
0.56089944
0.73669326
0.73652726
0.5860659
0.51170105
0.61565304
0.42039272
0.48526973
0.41492087
0.3140485
0.43096018
0.32499564
0.37608424
0.52776974
0.5
0.36985245
0.18209422
0.17631164
0.29441023
0.68502414
0.56829214
0.33991876
0.4888005
0.40404907
0.25180897
0.62280065
0.632992
0.61364806
0.59824425
0.52682656
0.18426152
0.17967723
0.17818475
0.1977112
0.46265996
0.44656968
0.604488
0.70202965
0.42949334
0.6061202
0.259143
0.14975461
0.09060492
0.08234413
0.12715665
0.25143296
0.72771794
0.75133884
0.72170705
0.09454077
0.074344516
0.1002315
0.6763849
0.20225973
0.16982234
0.095031135
0.04975399
0.053184904
0.074607804
0.0834794
0.090998605
0.20027052
0.93094915
0.920467
0.83026606
0.859703
0.17249092
0.104148045
0.13884728
0.8555398
0.07586928
0.05197162
0.05407894
0.066113986
0.08694125
0.07987399
0.05152332
0.041848782
0.06667466
0.81409204
0.83976895
0.81512475
0.77020353
0.76026064
0.13633771
0.095165566
0.074503146
0.06320676
0.1007158
0.12410865
0.6031617
0.401805
0.8235696
0.7260349
0.6935458
0.6910723
0.6755976
0.06939425
0.057347152
0.06575413
0.08833344
0.09867992
0.09989552
0.85804373
0.10075651
0.037757862
0.04037075
0.03425956
0.029906683
0.055929247
0.06075059
0.93489707
0.90634674
0.9306737
0.07756348
0.0541418
0.0451364
0.043671876
0.046598375
0.04866432
0.081137665
0.7759198
0.07103665
0.05132881
0.04818772
0.054798543
0.11360666
0.18838994
0.8388087
0.80246085
0.8506102
0.2019885
0.10387267
0.0701902
0.074811585
0.6968398
0.12058515
0.07391858
0.06617899
0.06469303
0.068824194
0.0999434
0.8652902
0.091055326
0.0688713
0.17309196
0.79043275
0.7698892
0.075178675
0.06735015
0.2009485
0.9189714
0.92539114
0.8079206
0.06521417
0.053296134
0.06292904
0.9126
0.91871035
0.93898463
0.8358684
0.10254663
0.06252996
0.049186308
0.049429517
0.08085244
0.77178484
0.082099766
0.065785676
0.061677687
0.059891753
0.06487612
0.0758429
0.1516838
0.27508095
0.89923334
0.92003876
0.9192971
0.9025985
0.6793568
0.62532866
0.21858054
0.13545719
0.118015595
0.544095
0.27167264
0.66334844
0.7116578
0.7157817
0.69962656
0.695327
0.7241655
0.7456488
0.7766538
0.7596313
0.7363145
0.7223108
0.6579757
0.14384924
0.12218599
0.13336761
0.23785019
0.5477951
0.48898786
0.7793025
0.7549814
0.64451516
0.58272886
0.6988575
0.7313685
0.7330725
0.7354584
0.718627
0.22193678
0.25362447
0.17652509
0.09949809
0.08826093
0.6631834
0.72047716
0.698395
0.6707327
0.64938337
0.6575989
0.6679777
0.690739
0.72818923
0.7718918
0.7894835
0.7878731
0.73563504
0.6604147
0.09772424
0.088985324
0.13391756
0.17200121
0.23273554
0.73371917
0.79045516
0.71475464
0.63801575
0.61543405
0.5
0.31085446
0.465318
0.6287905
0.70982367
0.82486415
0.82345104
0.7537346
0.6904593
0.48398232
0.5242606
0.08950297
0.08113294
0.034228817
0.021441165
0.031649455
0.08409606
0.9653759
0.9679126
0.94759923
0.9490754
0.07602241
0.03436376
0.030934215
0.040784653
0.13431713
0.1788675
0.64086133
0.50806487
0.51538384
0.52302665
0.52635795
0.530911
0.6085639
0.7108041
0.69194776
0.40280437
0.27283874
0.24670899
0.29621753
0.3291306
0.33221138
0.31392908
0.3279096
0.34653714
0.442207
0.63495076
0.57590795
0.56506425
0.6279593
0.59028614
0.27251008
0.31180668
0.31830263
0.30054897
0.27837947
0.4911991
0.5682108
0.68801886
0.69242096
0.57629347
0.5263115
0.48375857
0.39467418
0.3088587
0.5567162
0.13466233
0.124695
0.15392765
0.15662365
0.2059346
0.19479108
0.19820148
0.8340182
0.8352763
0.7633009
0.6524535
0.59387887
0.57791924
0.6259067
0.68283993
0.6730467
0.18344706
0.30309507
0.228441
0.21288705
0.26004535
0.22612044
0.22039683
0.46651
0.32516992
0.43766809
0.5982224
0.22654669
0.15818036
0.15104254
0.5885671
0.71047366
0.70014757
0.6531101
0.6205524
0.64820594
0.5652783
0.5270261
0.16969964
0.13514063
0.15851831
0.42867854
0.48909456
0.55887455
0.44188318
0.53601056
0.2683592
0.24160758
0.21994406
0.28854254
0.5358742
0.6117601
0.72720814
0.73490083
0.8079416
0.79245406
0.6774372
0.40398982
0.32829887
0.33385685
0.3056197
0.54703945
0.5
0.4360659
0.3711793
0.3017427
0.37139004
0.44938272
0.41682175
0.3544444
0.3381703
0.3362494
0.2946702
0.2834694
0.4123345
0.4939997
0.61899745
0.87648934
0.8587707
0.29103187
0.19836502
0.09478873
0.07643064
0.11098859
0.14240222
0.14539643
0.77105457
0.70901805
0.082283355
0.11427322
0.109399416
0.07373404
0.8297348
0.87030137
0.8878828
0.8892672
0.86649567
0.111474834
0.11789073
0.10647631
0.09291464
0.7605373
0.082749374
0.08298529
0.0946722
0.083374605
0.09444834
0.11351098
0.12887111
0.24810743
0.17172264
0.198174
0.16373202
0.11303986
0.160602
0.29957598
0.6410614
0.605891
0.6039693
0.5926373
0.105908364
0.09081326
0.13711013
0.78549933
0.10885257
0.060726546
0.06446913
0.124495156
0.1058625
0.763468
0.79216474
0.8822328
0.07985485
0.04592663
0.03295883
0.036126044
0.06831852
0.07186246
0.07132385
0.93447644
0.9339611
0.9201405
0.8744526
0.8569097
0.04559192
0.026070429
0.021995615
0.024483852
0.040322334
0.06188659
0.07132314
0.8972159
0.85705346
0.87413275
0.9242311
0.9168785
0.8854803
0.12365617
0.10060515
0.066873394
0.051873412
0.080906935
0.67364514
0.08656624
0.098788664
0.121487305
0.1635633
0.26639208
0.38653603
0.70847756
0.68280226
0.25170857
0.2281072
0.17977771
0.16361761
0.110531405
0.085522406
0.7557758
0.7309718
0.7494753
0.74393934
0.7173907
0.68421096
0.6380796
0.12423251
0.07312344
0.06550199
0.09953669
0.7842424
0.8137512
0.7693314
0.7831959
0.81188583
0.850498
0.84762424
0.8160269
0.097964145
0.100597285
0.079592094
0.042254042
0.033588093
0.050481595
0.8370321
0.8487351
0.8388532
0.83955723
0.90216607
0.903955
0.075223275
0.044967033
0.0639985
0.104201436
0.10509935
0.09939958
0.06981753
0.049024437
0.06313241
0.120550536
0.7586243
0.8114
0.12384317
0.121456206
0.11616016
0.11539475
0.11832753
0.11876108
0.6222921
0.6231012
0.6970007
0.33095285
0.23363325
0.23501459
0.6855397
0.7048336
0.80151105
0.8227805
0.7869588
0.28539455
0.20413516
0.16548197
0.19116089
0.20918998
0.15655205
0.1555829
0.51157165
0.51085716
0.6861375
0.70897335
0.6104357
0.5144939
0.510968
0.60723215
0.62127954
0.6572906
0.69897646
0.74823195
0.66561896
0.31575823
0.24044843
0.2581847
0.25300875
0.40933028
0.5897698
0.3125597
0.28552204
0.27502266
0.2721707
0.57991487
0.6895165
0.8384064
0.77595073
0.869636
0.85846037
0.6122343
0.2732886
0.21896248
0.1960499
0.26536122
0.62911415
0.5816148
0.6475415
0.6543191
0.7657944
0.1459402
0.10329044
0.15051094
0.7944489
0.2635029
0.10092929
0.074334696
0.09898107
0.08175939
0.057609845
0.08758011
0.8517823
0.90961254
0.17861943
0.043876722
0.03724266
0.058889285
0.8046148
0.8665468
0.08752489
0.023863614
0.016040599
0.016100556
0.025886482
0.062407747
0.9698467
0.98383015
0.9881904
0.98252976
0.963906
0.025491372
0.013691807
0.012927165
0.014581111
0.025109027
0.058686927
0.8982342
0.9285018
0.080978535
0.03607953
0.037107006
0.048931707
0.80909735
0.8533193
0.16999507
0.15039018
0.114864066
0.073409535
0.0729558
0.11196611
0.07509936
0.090697326
0.12162416
0.14757513
0.81244826
0.73387617
0.75831366
0.63205636
0.58649653
0.5942359
0.12081878
0.107834876
0.08877557
0.107558295
0.15085226
0.78174126
0.16789852
0.033430703
0.029905323
0.04938017
0.9463165
0.9603635
0.9375219
0.85720855
0.8051127
0.03774826
0.032436974
0.046423182
0.05774059
0.067227624
0.06342705
0.06864588
0.083898015
0.10145002
0.69318676
0.6273242
0.5734729
0.5378201
0.538617
0.5903223
0.5500827
0.63113153
0.6288245
0.66245633
0.7191041
0.7949606
0.883763
0.88686806
0.20775314
0.123852044
0.09737916
0.0632236
0.04477514
0.07110511
0.051661123
0.033711042
0.03343841
0.05106591
0.9032563
0.9246239
0.90127134
0.94785887
0.062213246
0.025768267
0.01594505
0.015255568
0.01971124
0.041562773
0.072700046
0.09859531
0.9524789
0.9312447
0.94340426
0.07049691
0.03429805
0.025690196
0.023251908
0.024349596
0.027862318
0.036876097
0.038484924
0.86814046
0.8652382
0.94544667
0.95675457
0.93803585
0.854229
0.8430047
0.052026547
0.041436877
0.039306812
0.04538456
0.05156257
0.08611413
0.80161965
0.12301292
0.115815565
0.102173075
0.09609842
0.6036233
0.5135557
0.24214028
0.78767484
0.16413683
0.15191498
0.07236534
0.07332446
0.67962945
0.08076945
0.0858976
0.061673436
0.074264385
0.28573155
0.34045
0.95288754
0.9347611
0.8012137
0.7278108
0.11959616
0.093394294
0.07595622
0.07418246
0.07973086
0.098365515
0.64902794
0.115128316
0.11933118
0.12706374
0.13407002
0.5583239
0.39569265
0.74618
0.74571145
0.79703236
0.73324716
0.5910563
0.6305983
0.7509856
0.763197
0.665633
0.56169486
0.52535164
0.116694376
0.10113278
0.101862274
0.1906109
0.68928784
0.6962035
0.103404045
0.073184386
0.10756926
0.16712981
0.14344327
0.07109474
0.067470536
0.18482174
0.36053208
0.8996222
0.7747166
0.6490394
0.65843827
0.18293881
0.10823436
0.15667741
0.7516679
0.7822897
0.8265349
0.78400946
0.77654284
0.8164929
0.7204251
0.13972457
0.23755823
0.22653735
0.180897
0.121636584
0.1325484
0.7320552
0.8002891
0.7061344
0.20338225
0.15388513
0.15783851
0.31970787
0.71108365
0.64536214
0.5707335
0.44561744
0.47194898
0.42348957
0.3591653
0.40297073
0.42940316
0.45631957
0.44651926
0.47091588
0.44106722
0.36314952
0.3801237
0.47942057
0.8144588
0.87734675
0.8394327
