0.37517124
0.23946579
0.21573278
0.24105605
0.8561895
0.88401395
0.5408547
0.2514868
0.17382918
0.15234812
0.7294242
0.59092426
0.6529301
0.8753261
0.8891852
0.26193622
0.14657287
0.1071835
0.68374944
0.69007856
0.06398194
0.047578294
0.051848795
0.037143216
0.100799866
0.89424706
0.9751288
0.9761245
0.96102154
0.048210274
0.03424398
0.028889816
0.08027492
0.1264971
0.9058749
0.89376944
0.28209367
0.37100863
0.51225036
0.92989314
0.92203695
0.8471513
0.9106242
0.8858017
0.16256012
0.12465039
0.12174132
0.1579253
0.5567725
0.5137779
0.27445447
0.44493735
0.7265149
0.08293825
0.04469056
0.031333826
0.03785547
0.027749814
0.023386868
0.026410757
0.8600712
0.86905146
0.9231228
0.95453596
0.93389624
0.9399261
0.8997255
0.05448609
0.043709178
0.05177863
0.053361308
0.038566843
0.044969678
0.08339899
0.11899868
0.124494195
0.78540826
0.7710783
0.71419615
0.67631924
0.7266232
0.7848529
0.76887953
0.82698107
0.83569777
0.7762332
0.7604632
0.31118724
0.27049312
0.29473248
0.59134847
0.15656136
0.103755586
0.12980291
0.13090484
0.7903122
0.7839006
0.18259451
0.16031155
0.14925313
0.119634226
0.79207313
0.083831176
0.094225384
0.09427209
0.875116
0.88380426
0.8603675
0.7534453
0.74885094
0.07748834
0.075624645
0.06481205
0.061702937
0.08663845
0.10743131
0.23589598
0.8653114
0.103831664
0.0747036
0.0625488
0.13381016
0.64237654
0.17460798
0.12139393
0.11958744
0.52874035
0.5264013
0.4884768
0.21434045
0.17291044
0.18243207
0.23995717
0.7768456
0.6755122
0.44806153
0.4961853
0.22683384
0.13451204
0.117083006
0.1775122
0.5230491
0.3822168
0.18976854
0.21315806
0.5721541
0.586425
0.6101846
0.13048999
0.10212464
0.093864515
0.10386225
0.12802105
0.121918514
0.097412206
0.07808098
0.110877514
0.6346725
0.10417371
0.083635986
0.08489908
0.08761018
0.084779344
0.07243858
0.07059567
0.07523199
0.11443171
0.22435358
0.2749373
0.8423591
0.6943268
0.55378157
0.24848992
0.7009991
0.114547886
0.09462348
0.12010997
0.64342797
0.09153457
0.11385633
0.18871051
0.7492606
0.054713298
0.039295927
0.040148947
0.03874037
0.0735012
0.8548941
0.9406939
0.9413026
0.8756138
0.064770676
0.049835365
0.046679378
0.046142224
0.050781988
0.05436712
0.04936222
0.06852561
0.87476856
0.087147295
0.06383811
0.07626137
0.8080703
0.06120002
0.052272364
0.045840677
0.040450085
0.043957364
0.08441895
0.7473622
0.12579694
0.16326827
0.30928954
0.86926246
0.048503578
0.019840723
0.014096491
0.015870096
0.022879504
0.8593929
0.94720656
0.9753793
0.980354
0.95862424
0.97129405
0.94997036
0.8905115
0.06595977
0.027903548
0.02399577
0.024154667
0.03892693
0.89013535
0.042707924
0.037105884
0.062294845
0.06389361
0.07342112
0.14807011
0.15327346
0.095988885
0.08306592
0.07778365
0.12603942
0.15989968
0.19112839
0.17353673
0.15399027
0.6253957
0.64435846
0.6584634
0.54242754
0.48213243
0.47341606
0.5
0.58383596
0.7408813
0.78569216
0.731929
0.6120784
0.56114846
0.5111992
0.5113161
0.12742604
0.11617578
0.0916653
0.081294075
0.09707288
0.6812618
0.12692702
0.14645809
0.079907484
0.08568571
0.77015615
0.0623032
0.036127247
0.029412111
0.03781813
0.09715809
0.11454125
0.10177665
0.89910007
0.90541005
0.9519356
0.93676656
0.92246604
0.13173836
0.08902894
0.058396067
0.04263023
0.042716544
0.0427426
0.054790836
0.73587275
0.080266215
0.07778081
0.094751105
0.13616054
0.8374099
0.3459508
0.18305258
0.49433064
0.091038354
0.10151766
0.16193742
0.62572545
0.71383375
0.1979185
0.1937102
0.27265164
0.29846695
0.6802201
0.69979006
0.6927991
0.11304161
0.113043934
0.17110017
0.16736211
0.16429912
0.22090508
0.812796
0.7787516
0.83800644
0.83914244
0.8311666
0.83921385
0.8330207
0.8265556
0.8229499
0.78730094
0.1610588
0.11174925
0.16917636
0.135537
0.1082256
0.11873027
0.16367082
0.21449347
0.21528552
0.22869949
0.25793096
0.24251017
0.28577554
0.68145186
0.6363963
0.55294394
0.43325064
0.4307833
0.56097865
0.5971918
0.67491454
0.68453145
0.73912036
0.68653107
0.431043
0.2981681
0.27816543
0.33790895
0.37117934
0.3473649
0.35733223
0.4435243
0.33244434
0.27757362
0.28055832
0.22217935
0.18421689
0.1699349
0.22037868
0.3956089
0.8013077
0.89707947
0.9284714
0.93924516
0.92264044
0.5438335
0.24863365
0.20240057
0.5617781
0.5482957
0.5285317
0.22761708
0.38197362
0.44408917
0.83013755
0.83740926
0.92310035
0.94714963
0.88220865
