0.7112345
0.4734241
0.22203903
0.29318824
0.30595955
0.3874316
0.33114365
0.5145916
0.5388387
0.54049647
0.5
0.33865446
0.43021467
0.3078351
0.33656365
0.2984274
0.21793213
0.30936372
0.5009706
0.52070045
0.5
0.38068002
0.2248221
0.20444703
0.37558255
0.37063333
0.33012408
0.28669158
0.3109552
0.38899785
0.40223664
0.43164495
0.6044581
0.5304151
0.46423918
0.42462894
0.470811
0.28540394
0.20448941
0.23821473
0.2966227
0.23798476
0.6255109
0.60297436
0.06923334
0.06847976
0.090669945
0.08942435
0.7831436
0.85926735
0.8711029
0.8758398
0.87114674
0.87004226
0.80757177
0.13995506
0.102763966
0.065067485
0.062186494
0.09049461
0.08093543
0.08932664
0.11082507
0.17485002
0.5889332
0.4859375
0.695816
0.7823741
0.6625304
0.5635282
0.47342896
0.3385616
0.32448274
0.24015832
0.27515125
0.6705098
0.6209334
0.5755952
0.5
0.30001596
0.3015472
0.21245629
0.18683831
0.21181685
0.27969915
0.26668164
0.17854287
0.15364064
0.15336545
0.179106
0.20945412
0.26059017
0.25683713
0.33249885
0.38078177
0.4281118
0.41624123
0.4083694
0.4475454
0.44225755
0.43512818
0.23406644
0.2303585
0.20076582
0.15904452
0.10810806
0.088936634
0.0967133
0.106382035
0.11576629
0.11527306
0.11595808
0.07603021
0.06480172
0.07975636
0.13989443
0.7661503
0.7917203
0.81463623
0.19458437
0.1485801
0.3051881
0.39139807
0.8517321
0.8416268
0.726073
0.6568724
0.64294475
0.69009405
0.0996812
0.062241353
0.051011194
0.0692621
0.77794015
0.91160345
0.9064867
0.6539876
0.09042197
0.07036399
0.08282217
0.09390381
0.086068995
0.1027026
0.6578713
0.12532635
0.09904372
0.07262793
0.1347321
0.61915225
0.101870276
0.19599104
0.24414249
0.20768072
0.17279556
0.56342727
0.46492034
0.58842915
0.5675755
0.6879429
0.5817973
0.25476974
0.18096621
0.38957417
0.33375177
0.307091
0.23915908
0.26432687
0.42343643
0.36142167
0.37168476
0.48136052
0.6974875
0.76569057
0.69993305
0.67820317
0.5
0.42734456
0.49023014
0.5411119
0.60735625
0.3899938
0.24523938
0.160185
0.14373802
0.18030053
0.41536057
0.4844923
0.47491452
0.51075363
0.3961644
0.2603486
0.2092842
0.21573853
0.2528759
0.3093167
0.29944795
0.27011812
0.31598935
0.28741157
0.25799468
0.26503083
0.3093559
0.34266523
0.41066983
0.584908
0.39406016
0.338452
0.34903154
0.44368136
0.6804262
0.72563434
0.69603693
0.63633037
0.32494
0.20251589
0.18871671
0.23527552
0.2516621
0.3195697
0.45746046
0.39048705
0.41683063
0.5403994
0.22448617
0.17477946
0.1847041
0.16828804
0.38634625
0.31168932
0.54147166
0.5480738
0.8539796
0.7835955
0.18744649
0.123139985
0.11654348
0.12474981
0.58137715
0.592772
0.6199537
0.6408178
0.581383
0.133384
0.10869145
0.16573265
0.24434815
0.7587836
0.7831478
0.6802886
0.64245325
0.6258159
0.60641354
0.15359926
0.1383545
0.14861898
0.18044654
0.15286045
0.16994804
0.25949857
0.61589783
0.51787513
0.4812803
0.5
0.5499012
0.63377494
0.6800034
0.71217996
0.26470643
0.22408158
0.20072226
0.17939311
0.17466655
0.19301116
0.22197264
0.24878068
0.7877913
0.79156744
0.7673074
0.7566097
0.07252576
0.048370298
0.03803728
0.037360482
0.04927339
0.098408744
0.19199632
0.8810621
0.8213113
0.7974476
0.87821907
0.057634834
0.025526548
0.019977141
0.0189672
0.021444188
0.04325943
0.120442554
0.93502617
0.94693965
0.9586398
0.24950182
0.091831
0.041210346
0.031716704
0.03773829
0.061321303
0.11021463
0.17730953
0.13411891
0.119083144
0.16932479
0.6987003
0.6582826
0.11602946
0.0892217
0.13283664
0.65139735
0.09432651
0.093548976
0.1512546
0.21172674
0.2589361
0.8379655
0.79827124
0.7832322
0.7906732
0.78123844
0.77959377
0.7733711
0.39115664
0.30728844
0.20128629
0.10699059
0.106425256
0.6780546
0.20532182
0.28430074
0.24481453
0.7102038
0.7175783
0.7215617
0.10012997
0.08569683
0.11053273
0.19687653
0.73788106
0.7550673
0.13670738
0.09115387
0.081102364
0.093485795
0.11780584
0.09577022
0.10075906
0.6972638
0.6963629
0.24901415
0.23836334
0.19927475
0.1606738
0.20312646
0.18498872
0.1630286
0.1782629
0.13935414
0.10476682
0.10299218
0.12729299
0.1569786
0.62541264
0.12393136
0.12903345
0.15523306
0.1529604
0.1463176
0.11516868
0.11302569
0.17892326
0.30196434
0.71066743
0.2594113
0.16842797
0.18387227
0.17474793
0.15988056
0.16340448
0.15947892
0.1665421
0.18416099
0.18820944
0.17687626
0.58404434
0.5915907
0.23837353
0.20196824
0.65076464
0.8105456
0.89306134
0.8986192
0.8053863
0.8039492
0.6862436
0.6347005
0.73508954
0.11317549
0.08986108
0.15666404
0.3441194
0.87483853
0.75413305
0.14436983
0.07481053
0.07807147
0.13672902
0.14667836
0.15837508
0.085727215
0.06996594
0.08145622
0.07861896
0.06600758
0.07474108
0.1290951
0.22477275
0.89631927
0.08214775
0.06413347
0.17674324
0.19231887
0.9162367
0.92901576
0.8783871
0.75489444
0.6768112
0.66413176
0.69151014
0.10739487
0.055731714
0.058232516
0.108935624
0.78080606
0.8196052
0.09863159
0.094571695
0.044500552
0.05187609
0.103868
0.92073536
0.94258565
0.88176763
0.90004957
0.95465857
0.95735604
0.9433773
0.9004773
0.69412315
0.046697237
0.032214884
0.041541465
0.063560665
0.17031972
0.8369786
0.90399706
0.09841721
0.062265854
0.08134248
0.090006545
0.32968548
0.15292701
0.09972415
0.17112145
0.9041856
0.9331207
0.896165
0.7088798
0.60276175
0.5860903
0.5784946
0.12316523
0.1869445
0.3232392
0.2738505
0.6615321
0.12291361
0.121201724
0.7430181
0.84898746
0.7819836
0.77306455
0.07952446
0.07036998
0.1067837
0.08687812
0.10786895
0.09791962
0.6856796
0.124445535
0.12378658
0.11367761
0.10845453
0.100655414
0.17950095
0.16335772
0.1308115
0.18679917
0.62732154
0.1207703
0.080661975
0.0928529
0.24578246
0.38962087
0.724413
0.86785936
0.88844526
0.8840688
0.8335129
0.63878477
0.31972647
0.22627933
0.1468263
0.10781392
0.55223686
0.58205175
0.53790927
0.61398345
0.8220786
0.8789451
0.8067234
0.32359818
0.296218
0.40898567
0.30491823
0.34087622
0.44158158
0.33738607
0.3549444
0.6337107
0.5864407
0.6093255
0.6589277
0.5329859
0.5891974
0.4934063
0.5451694
0.5936728
0.32217425
0.20619415
0.21625908
0.2782281
0.36565182
0.6097166
0.544579
0.5
0.3739122
0.3028733
0.25557044
0.25733474
0.4459969
0.37258622
0.32499847
0.3633713
0.47291762
0.3850717
0.46839365
0.79582965
0.72002023
0.35494882
0.29254624
0.22624177
0.16828541
0.29205504
0.29118004
0.33454233
0.46931913
0.4049302
0.65742207
0.7608636
0.9130612
0.9215499
0.8777668
0.15320836
0.0905371
0.06381347
0.051346663
0.07049449
0.13644928
0.821633
0.8482511
0.8340065
0.16872996
0.04562304
0.03401728
0.060282048
0.07212876
0.91932267
0.9069639
0.82812774
0.7977368
0.06073361
0.041581415
0.037853677
0.060318127
0.06819175
0.08655935
0.097248554
0.15353361
0.16575898
0.11431309
0.11061471
0.5807759
0.57642746
0.6537469
0.76538503
0.7931872
0.87530553
0.8948615
0.8819091
0.3303807
0.3598125
0.34337798
0.19114934
0.30584872
0.20790264
0.5794875
0.569176
0.60539985
0.6303217
0.54824007
0.27414376
0.23722097
0.1511241
0.15920298
0.21011847
0.19241032
0.15581225
0.1417946
0.13441765
0.14550741
0.5747144
0.10873816
0.11534542
0.21824849
0.17756054
0.17075354
0.5292933
0.15334816
0.4564913
0.12032116
0.1008807
0.19349457
0.62410116
0.13350242
0.15590745
0.67457885
0.6861284
0.08999734
0.06789066
0.071532235
0.12391721
0.18201773
0.86339146
0.9076769
0.8854283
0.7647822
0.7345693
0.7719469
0.8520928
0.85045207
0.773003
0.0738515
0.04805783
0.04440087
0.047572486
0.06369091
0.040037133
0.81564534
0.80518717
0.8677765
0.9634842
0.9773218
0.97484064
0.9514278
0.860112
0.040713117
0.022696933
0.020362921
0.023622304
0.04684731
0.039980695
0.81003433
0.78008384
0.9092331
0.9375193
0.91547936
0.80826724
0.7476873
0.7231773
0.68181086
0.07605748
0.05715677
0.07544464
0.09929236
0.13014619
0.8377548
0.8522924
0.15546584
0.14783488
0.80384266
0.28799328
0.12280583
0.09214873
0.109685265
0.71947986
0.12896623
0.12018095
0.119590804
0.12667246
0.17785394
0.54982936
0.24997301
0.73994744
0.45854235
0.2764197
0.24537311
0.57862765
0.23376948
0.16036627
0.13391376
0.39948833
0.5792584
0.620541
0.71392983
0.56155694
0.5685734
0.2918547
0.16258326
0.10874267
0.14242508
0.560122
0.68134946
0.90459424
0.9169994
0.8384993
0.61269885
0.45210215
0.13816576
0.39166903
0.47890723
0.33481586
0.18854639
0.15576907
0.14731108
0.13402657
0.20842783
0.6338823
0.07855935
0.061733745
0.108061075
0.263695
0.75965023
0.90816444
0.8764512
0.70796895
0.60179734
0.6006326
0.33367082
0.22768088
0.53150594
0.1286892
0.14260876
0.50352377
0.17169406
0.35542786
0.40053347
0.20811102
0.24151349
0.5
0.49579477
0.3421086
0.3208218
0.301357
0.48182005
0.5686491
0.5
0.25883767
0.20938766
0.2812486
0.2959095
0.33026975
0.23949356
0.20396224
0.17784776
0.22189787
0.26247472
0.41675186
0.73013026
0.70731014
0.80436224
0.6955106
0.30428123
0.20114158
0.16839059
0.19844532
0.23408401
0.45036232
0.6225159
0.86149883
0.8799424
0.8215994
0.46354648
0.28201327
0.27281097
0.3062868
0.3669632
0.5663261
0.23901165
0.19210705
0.25210804
0.3367417
0.33650476
0.48855612
0.5440801
0.69329906
0.8463005
0.74859995
0.516792
0.5
0.59292334
0.3513756
0.45431262
0.37820005
0.12706982
0.06117548
0.055546902
0.108162366
0.0726246
0.044582237
0.04794635
0.087382905
0.92159367
0.8818792
0.83895093
0.06867296
0.053778253
0.060177904
0.06348749
0.0648654
0.07707996
0.064717844
0.0801735
0.11606798
0.11474736
0.11978711
0.6691134
0.7992653
0.7401488
0.8377237
0.8209944
0.84106094
0.88944656
0.8680348
0.62457603
0.107861914
0.070928074
0.06018804
0.0780101
0.10241959
0.83719295
0.7590765
0.86002976
0.80972266
0.8412152
0.9428192
0.93613786
0.9033875
0.0850482
0.05836206
0.071690895
0.07689788
0.16560201
0.71715355
0.8912938
0.8756165
0.18213753
0.119476765
0.09803682
0.09930281
0.19911976
0.22067918
0.15684696
0.08547529
0.5906485
0.13231699
0.22609504
0.7206832
0.12864104
0.06537445
0.08415816
0.7074791
0.7528066
0.77860296
0.76953506
0.76893306
0.08610861
0.049122225
0.044677213
0.06533675
0.13960873
0.9342696
0.9311357
0.9024969
0.8300812
0.87092096
0.06537323
0.037643667
0.03523311
0.061169177
0.15046504
0.9139772
0.89854693
0.76147527
0.10389026
0.07091023
0.14046907
0.8191911
0.12859368
0.0729715
0.06377513
0.07439878
0.10894624
0.113954864
0.088510625
0.07526502
0.10287245
0.12758972
0.6873182
0.77701604
0.66653985
0.6282784
0.61635363
0.5727437
0.59061795
0.74752134
0.7506696
0.8353318
0.8377145
0.766343
0.59134823
0.5673017
0.6070506
0.652903
0.71888524
0.78485286
0.73233896
0.65173465
0.09663912
0.0998758
0.14724521
0.1185648
0.13332938
0.21226723
0.7821392
0.7223028
0.102935486
0.070006385
0.059283048
0.058912456
0.07790658
0.68472475
0.14936708
0.18025632
0.37338406
0.8366982
0.6770036
0.10629191
0.11114233
0.7656528
0.8951226
0.097430624
0.043164276
0.036649235
0.038986124
0.052369304
0.11075862
0.9517894
0.957307
0.05611345
0.017542794
0.013756702
0.015387996
0.012780287
0.023877878
0.9231863
0.9681142
0.9698991
0.988186
0.98751175
0.97896165
0.9608978
0.026239019
0.016466198
0.013993511
0.016483644
0.022479082
0.039149694
0.8947927
0.8104289
0.82768524
0.047508467
0.038398802
0.04734419
0.04282558
0.09758028
0.24863796
0.92198116
0.0783346
0.04113034
0.037617646
0.060193866
0.08237346
0.048655465
0.046669174
0.045654286
0.04333642
0.07179494
0.8337993
0.79228115
0.7833672
0.8806597
0.10591428
0.06338471
0.045842823
0.051752817
0.096556894
0.10752611
0.70074755
0.86164606
0.91648126
0.9252388
0.90578884
0.7915104
0.63720423
0.18346709
0.2275434
0.18286614
0.15952274
0.77879345
0.13355307
0.08270932
0.08258712
0.6140938
0.1242748
0.15062849
0.22709103
0.611068
0.16247883
0.15606888
0.6667014
0.84954005
0.9054131
0.87244815
0.67433715
0.59167653
0.62892324
0.8107122
0.84140325
0.7869139
0.8431688
0.4446282
0.25951418
0.66116136
0.162536
0.15668352
0.27546948
0.6143452
0.13801306
0.112955995
0.11539457
0.5432014
0.52695847
0.5202969
0.280706
0.35035968
0.2872459
0.27111322
0.3018147
0.36074352
0.44011647
0.596049
0.5744767
0.3393347
0.26000157
0.2549399
0.5360371
0.6846313
0.68318
0.45922306
0.31850314
0.30675212
0.4376487
0.1748545
0.18281479
0.42113394
0.13390017
0.117507644
0.13367873
0.22890371
0.7478124
0.84658515
0.1989598
0.114466995
0.16431521
0.07733984
0.052260656
0.05627622
0.081960514
0.23156317
0.21526624
0.754765
0.6775501
0.71500117
0.67942953
0.08022318
0.061701644
0.06676745
0.08625125
0.098369814
0.089994416
0.719301
0.13997155
0.15710387
0.16232468
0.17848611
0.19826172
0.8684321
0.081864394
0.052826118
0.081648625
0.7041154
0.75606316
0.77937686
0.081512965
0.09734916
0.14045624
0.1579116
0.8240688
0.82753825
0.8415384
0.050531853
0.024753954
0.022874238
0.036548026
0.13283706
0.95799583
0.9675922
0.93978673
0.9241598
0.10915408
0.039710104
0.028664643
0.028543122
0.032561913
0.042056672
0.057846513
0.053921938
0.06212846
0.829281
0.86770624
0.06786683
0.033946298
0.026916543
0.03210683
0.049662787
0.055609245
0.0798644
0.09725431
0.8715272
0.14319001
0.15240785
0.116606645
0.05611018
0.050606072
0.06740277
0.693869
0.69695616
0.16666117
0.13592207
0.08770592
0.07557737
0.11187881
0.1769447
0.22348736
0.6867605
0.07267735
0.04897562
0.05639952
0.12090682
0.2689983
0.83418703
0.8222287
0.7883215
0.7363702
0.69599986
0.22039427
0.12485354
0.11378398
0.08224506
0.08809883
0.59394836
0.09697238
0.09453197
0.1110684
0.73797625
0.7104389
0.7159194
0.677901
0.10968888
0.08405812
0.10362449
0.13845816
0.15308824
0.17366701
0.152489
0.15284266
0.25653747
0.57379246
0.25735575
0.19903839
0.15154238
0.23176597
0.16052647
0.10199723
0.7805754
0.87062466
0.93000287
0.93608063
0.8879022
0.22859475
0.31831142
0.28242368
0.3031748
0.79042274
0.69444144
0.22816779
0.18059237
0.14978838
0.116648
0.32374653
0.42908347
0.51329976
0.21025088
0.16988985
0.27224702
0.36069432
0.60145193
0.6982198
0.3162841
0.2211689
0.20365238
0.5498821
0.58207816
0.4039655
0.39689943
0.3394708
0.14513348
0.1770578
0.2122716
0.55267197
0.20361221
0.31335726
0.27419737
0.17447484
0.76040936
0.09334417
0.09317933
0.11301758
0.12597713
0.6931294
0.6572
0.14280307
0.2032408
0.25470358
0.82985044
0.075295515
0.041466568
0.04020788
0.06598097
0.082893364
0.06471626
0.030197514
0.024404265
0.03454529
0.87317926
0.8657404
0.851478
0.9519156
0.95293516
0.9364132
0.9155653
0.8804618
0.04532569
0.032530155
0.032355685
0.03480358
0.039865267
0.04010865
0.036773063
0.04951316
0.63684386
0.15622425
0.78127897
0.19671552
0.23439895
0.34246537
0.82553273
0.08044049
0.060728937
0.062491443
0.06769815
0.09287546
0.15795
0.18746875
0.16944486
0.66680354
0.40481782
0.37277395
0.46398503
0.7132583
0.71858126
0.6981106
0.6847845
0.72637916
0.73817414
0.68498904
0.6066489
0.69451046
0.72798115
0.72584844
0.70103526
0.66143316
0.6129527
0.47901508
0.39683118
0.34986785
0.301594
0.3142291
0.57368684
0.6350794
0.67197233
0.63701874
0.6618962
0.76755327
0.7992905
