0.7150814
0.6722186
0.6642589
0.8223923
0.89928514
0.91368306
0.90108234
0.8434173
0.857393
0.8243588
0.7155938
0.6903726
0.78603995
0.82804364
0.80049485
0.62836397
0.5235413
0.4688622
0.49354255
0.38253137
0.5867863
0.23727725
0.20559897
0.25166517
0.33837092
0.28216997
0.3264955
0.345517
0.3546751
0.65144485
0.46450466
0.45424187
0.7096946
0.6264495
0.23976906
0.20932521
0.22286247
0.2615938
0.28664967
0.42960826
0.33121008
0.34592214
0.3066765
0.32127115
0.45878115
0.49284348
0.46949804
0.3693389
0.42066225
0.33075407
0.3530904
0.64711136
0.6167203
0.319108
0.35397184
0.5
0.5
0.30655625
0.22643949
0.21450019
0.28150842
0.35306436
0.3983608
0.5624153
0.5447757
0.5385183
0.48224282
0.11908915
0.14316246
0.19484632
0.16752322
0.11539087
0.080141574
0.09038973
0.14131415
0.08518651
0.07484475
0.09957493
0.14276266
0.13450581
0.1988028
0.23503521
0.6972125
0.7237036
0.7360614
0.1121455
0.10775242
0.22499701
0.7307194
0.8553802
0.81070745
0.72156245
0.12303611
0.076896735
0.08548558
0.65651405
0.6225503
0.09578129
0.08143839
0.07657313
0.08165199
0.14907612
0.75270396
0.08697396
0.08855734
0.09949194
0.10391417
0.13800529
0.20074114
0.6524347
0.6673847
0.17180789
0.10976689
0.08151429
0.06513335
0.08172562
0.15864788
0.13250436
0.11965728
0.17223476
0.10579265
0.10831839
0.66293687
0.57838243
0.5425345
0.57438856
0.60102046
0.6986742
0.8908089
0.9323316
0.9424785
0.9349826
0.9179539
0.87500197
0.1894242
0.17529494
0.09919049
0.088707365
0.8242033
0.1785163
0.19710585
0.10800645
0.6100441
0.58428496
0.55249983
0.6120751
0.69488966
0.8482012
0.7188886
0.6312539
0.13124844
0.10872837
0.109327115
0.6341878
0.107090265
0.09581179
0.121433586
0.19539003
0.7110019
0.53923583
0.48842794
0.5474983
0.7366721
0.8142136
0.77197546
0.83001244
0.7860428
0.80434096
0.7329797
0.6929526
0.06996511
0.035564687
0.05324141
0.10463259
0.90646183
0.8792116
0.9482374
0.92240685
0.09964787
0.051698316
0.060255293
0.07650888
0.19478911
0.15088293
0.14651936
0.18043868
0.21030527
0.15003431
0.13705297
0.11308526
0.13646889
0.19401962
0.17024532
0.17830339
0.16534214
0.14848806
0.21082637
0.67552274
0.61133575
0.6156131
0.737602
0.64677745
0.54114157
0.27891397
0.19493708
0.2759669
0.35020134
0.720317
0.7006353
0.66752553
0.3685404
0.34793866
0.22519964
0.23692629
0.25186935
0.24425071
0.27721372
0.25766087
0.3589223
0.5
0.40251786
0.43527794
0.2774361
0.22544426
0.18815005
0.14177863
0.26207912
0.17349564
0.26494002
0.22064058
0.5324979
0.6238356
0.2890425
0.24502046
0.31230745
0.33014965
0.8015587
0.86631924
0.7929547
0.50974274
0.5
0.55747443
0.7292091
0.7009248
0.5
0.3926772
0.32477528
0.29977825
0.38971335
0.43093425
0.4570093
0.49621448
0.6223406
0.76652414
0.8244362
