0.88828754
0.8636908
0.9243799
0.93610656
0.91632116
0.8390781
0.76805013
0.67158717
0.3915757
0.22649905
0.23361269
0.32072973
0.44422406
0.7746554
0.21687739
0.17900859
0.16644113
0.58005476
0.08269688
0.09490677
0.15746303
0.21100725
0.8290004
0.06435094
0.037066564
0.04440427
0.7587469
0.92351806
0.9484256
0.8762878
0.7852902
0.7798005
0.05041973
0.046820816
0.08669377
0.13419044
0.13115364
0.08831847
0.07665687
0.08811806
0.15907641
0.20459685
0.5475435
0.1649418
0.19468111
0.15934499
0.15980059
0.23442778
0.7993165
0.6367369
0.23608859
0.09619828
0.0810059
0.18472973
0.84967476
0.759848
0.673023
0.11944636
0.1178797
0.08842663
0.10229332
0.6707064
0.6093535
0.22400238
0.8099476
0.43938193
0.3682605
0.27130753
0.25447804
0.9103719
0.9190442
0.9149812
0.20581847
0.14110868
0.18268746
0.13316686
0.17967568
0.77786744
0.5
0.432472
0.32375485
0.2199521
0.46200728
0.42334384
0.1786542
0.14031476
0.16008493
0.18571569
0.26447144
0.34500015
0.52492136
0.49342707
0.30726168
0.25678802
0.24231997
0.2771271
0.32366467
0.17681457
0.1945453
0.1836013
0.17736767
0.4317071
0.46485722
0.6893854
0.6661178
0.7969014
0.7397646
0.4011155
0.3300574
0.21768387
0.21159245
0.2014056
0.20107853
0.16478482
0.12726057
0.14545113
0.185784
0.18172525
0.22385983
0.38922873
0.22966889
0.23164208
0.30744675
0.23273897
0.20649634
0.27508482
0.3736333
0.21162134
0.25828236
0.2675805
0.23092228
0.23401454
0.22053766
0.2360596
0.22156106
0.19692758
0.20712247
0.3007663
0.26179376
0.2478782
0.24282509
0.23836242
0.25309703
0.42810816
0.6020476
0.6456837
0.4279857
0.34309077
0.3516199
0.23980333
0.23045546
0.26647812
0.5513494
0.6055987
0.25886202
0.4260925
0.18350773
0.13393526
0.09454748
0.07918008
0.6889857
0.720491
0.83597994
0.14837717
0.14578123
0.26747432
0.15536004
0.123854
0.60355633
0.6472183
0.44737777
0.4228287
0.21283498
0.23935519
0.20799959
0.36687535
0.5063174
0.70039123
0.66310644
0.88663024
0.90355605
0.83450687
0.5
0.44264963
0.1996029
0.14356308
0.5204377
0.39482993
0.42856902
0.36939344
0.33492935
0.4278808
0.43734276
0.6954826
0.9048093
0.8801142
0.76199734
0.5696174
0.5
0.6765862
0.8527375
0.8414632
0.33682752
0.25608072
0.15830313
0.13746908
0.20473775
0.14819746
0.1314031
0.17890847
0.13256674
0.1264836
0.3379928
0.39953503
0.2072544
0.18528703
0.1568173
0.11895452
0.12862243
0.13613789
0.13714989
0.0995202
0.09896297
0.16099699
0.67585033
0.7612923
0.68511575
0.82001007
0.28010675
0.16103159
0.10899185
0.08826738
0.098262146
0.6500513
0.6275948
0.12581377
0.13664576
0.13179053
0.14040372
0.62649065
0.09086828
0.08395511
0.09443171
0.19811526
0.41308078
0.8878882
0.8763026
0.68403715
0.5653873
0.10009707
0.06379231
0.07617092
0.652402
0.70713556
0.7734192
0.8608962
0.7231226
0.112834014
0.098653466
0.08739214
0.07452269
0.08022205
0.06379242
0.052422978
0.7470311
0.7090286
0.7781223
0.78386974
0.89556754
0.08792272
0.05038588
0.07324706
0.10965748
0.10829693
0.20440866
0.075463936
0.05146286
0.7468519
0.12489839
0.0555154
0.099375196
0.91299665
0.8893206
0.87384737
0.06679315
0.044513535
0.041765727
0.048382197
0.060028207
0.090367764
0.15744708
0.1786508
0.15815672
0.12799373
0.68493664
0.119191445
0.07102307
0.062494658
0.07821001
0.6875128
0.678301
0.6845845
0.7381334
0.83641136
0.78998095
0.77367353
0.73918664
0.74129915
0.82572454
0.8801441
0.901462
0.9064484
0.8690103
0.86019486
0.90385103
0.8948138
0.8538941
0.72820127
0.10165571
0.082121074
0.06557166
0.06112848
0.13680339
0.19953512
0.23902099
0.8566229
0.7123197
0.61782855
0.5997407
0.5460331
0.62379205
0.11198463
0.10959428
0.0852329
0.08394317
0.30394623
0.81070614
0.30171245
0.14263563
0.10695315
0.14005615
0.60062367
0.5854027
0.6133014
0.67157376
0.7720205
0.77966404
0.14350635
0.09933176
0.10778118
0.2704946
0.65297335
0.63080287
0.6386885
0.5986165
0.16482192
0.13077146
0.079457186
0.07559621
0.63960856
0.13057315
0.15088104
0.6961213
0.73691803
0.7722232
0.74257827
0.7426283
0.7211063
0.75349665
0.8407355
0.84662616
0.79882026
0.74796784
0.09006165
0.056152914
0.050092496
0.06144374
0.10157571
0.12418272
0.1429285
0.14838582
0.13272747
0.13006304
0.16975625
0.18801093
0.14492223
0.15909779
0.32590693
0.71709996
0.7004095
0.7250177
0.47389513
0.4368495
0.2637044
0.1977561
0.113732055
0.12328597
0.19144063
0.3637473
0.7463646
0.7787589
0.77960664
0.6756022
0.61923146
0.7098638
0.7852286
0.80523485
0.6693341
0.25381222
0.16709149
0.12343732
0.15684551
0.55695707
0.15233366
0.124511816
0.12193278
0.13384168
0.2201464
0.15640746
0.11111905
0.6572057
0.1017364
0.06994252
0.09710974
0.71362484
0.86360455
0.86069626
0.78737795
0.13107897
0.08462898
0.1009189
0.6570422
0.17775796
0.584037
0.6915234
0.84906304
0.8109354
0.3269971
0.2232449
0.13427752
0.09525143
0.14772893
0.20203891
0.6564089
0.8686007
0.8810152
0.7999504
0.7628394
0.5309162
0.4967475
0.51740414
0.62572813
0.84390056
0.8863268
0.8514336
0.673032
0.61890733
0.5440695
0.19016415
0.24362327
0.22631738
0.23658437
0.81849396
0.7725813
0.8881881
0.8801239
0.79048204
0.7848894
0.60059935
0.17369355
0.2918995
0.23785813
0.23108742
0.62774026
0.8591155
0.904425
0.8954548
0.7548142
0.3189148
0.26685926
0.13878767
0.08736418
0.08465054
0.08592797
0.13058843
0.15376763
0.07746849
0.056009047
0.057420302
0.08270279
0.27793163
0.3025954
0.8933386
0.7925517
0.8062129
0.106096454
0.062760115
0.04229926
0.039194252
0.047558077
0.73852843
0.8746946
0.87605786
0.8519243
0.82184905
0.84702194
0.8464221
0.83369076
0.86965376
0.07316459
0.043818347
0.04713543
0.08934908
0.12005478
0.8311805
0.8877688
0.13669585
0.08150676
0.057260424
0.05461061
0.055583686
0.08502955
0.076983765
0.08138308
0.08371143
0.06436953
0.075262606
0.075177245
0.5634231
0.17882764
0.2270163
0.43155867
0.2255765
0.19966549
0.20257047
0.17863774
0.14203165
0.110190645
0.13810979
0.5437856
0.19010514
0.13021772
0.08855068
0.07749127
0.12108889
0.22333495
0.15190443
0.073503435
0.06436046
0.08105565
0.04625129
0.058441143
0.8293324
0.81245685
0.8463683
0.84258384
0.06202529
0.04071678
0.039759833
0.0498104
0.0639615
0.06641807
0.08740308
0.160976
0.2481474
0.1619926
0.07673696
0.046353057
0.053445145
0.15852147
0.32087988
0.93041533
0.92742026
0.86050105
0.7957209
0.75531673
0.7419585
0.10263917
0.054117084
0.052519824
0.079427585
0.09972494
0.10689145
0.14853501
0.13524646
0.10845483
0.14533386
0.6518595
0.6428173
0.63629466
0.16873479
0.122275226
0.19807576
0.3093118
0.60975116
0.57553595
0.5801971
0.662117
0.62701994
0.66085386
0.72989583
0.24143982
0.2721353
0.16948931
0.09854107
0.094488725
0.65893006
0.10117006
0.07401179
0.081528164
0.13207285
0.24351688
0.76628476
0.82168126
0.8653272
0.7609084
0.7267183
0.6108827
0.58180094
0.590812
0.65875024
0.83689946
0.85599065
0.18085913
0.09561635
0.07374103
0.06887335
0.63911176
0.16983381
0.2220103
0.8543219
0.87079567
0.70760286
0.7004081
0.7126848
0.69885284
0.6247078
0.13600476
0.1728439
0.66910166
0.07037214
0.06504484
0.116546854
0.17851503
0.7218139
0.8350393
0.7431348
0.7373272
0.22169502
0.1872981
0.13198379
0.08510068
0.09747072
0.6633499
0.11027533
0.11356159
0.12132165
0.09290158
0.091788486
0.12840429
0.2204933
0.4009869
0.8799929
0.87242055
0.7358626
0.20226151
0.15502305
0.14103131
0.6940219
0.7067373
0.72423196
0.53806335
0.42551056
0.29045212
0.3009806
0.3866978
0.76522124
0.8832851
0.88108736
0.7868498
0.33179325
0.14613855
0.13689455
0.15360661
0.30066225
0.6956149
0.8206795
0.5370225
0.27273077
0.19807337
0.15604725
0.13826244
0.12145673
0.57030606
0.5699995
0.2103703
0.24030678
0.26915187
0.6563671
0.26830825
0.3494765
0.41911367
0.91949874
0.9142908
0.84934497
0.94765735
0.9566288
0.9408947
0.22081862
0.11272816
0.050149657
0.036974788
0.03261888
0.032920107
0.03787386
0.03799842
0.039566495
0.058474578
0.8455611
0.85508555
0.05364545
0.02812654
0.027231993
0.041501034
0.8841683
0.946556
0.9277255
0.057176165
0.031198986
0.039264895
0.058020566
0.86787474
0.88506395
0.85702187
0.8946352
0.76077735
0.085735865
0.061088804
0.060707644
0.053010684
0.052502163
0.054914255
0.07549881
0.0794152
0.07780231
0.07463094
0.68353534
0.6855479
0.6997312
0.75067186
0.77579385
0.6922663
0.64135695
0.10413349
0.11084577
0.20721778
0.14500819
0.20571831
0.3113035
0.72124654
0.65431094
0.6721633
0.7343282
0.57405573
0.25500628
0.5276642
0.14005753
0.11969932
0.1317752
0.088184945
0.07594791
0.5700475
0.17739965
0.68242276
0.8622215
0.87809074
0.7781234
0.69963324
0.5704178
0.10977663
0.1285336
0.62826675
0.13807358
0.26469088
0.12632936
0.096670814
0.1295043
0.16124736
0.23964387
0.13929528
0.08937264
0.09109363
0.84964347
0.08497846
0.047799937
0.04311255
0.055545226
0.07778211
0.077158585
0.0678696
0.1193651
0.28656715
0.3084709
0.911939
0.90984255
0.8780277
0.81676686
0.85794264
0.78276765
0.7494177
0.6582927
0.7038229
0.13883331
0.12395421
0.103445515
0.093840025
0.15914421
0.13410918
0.07798427
0.06558629
0.064728744
0.09746655
0.116284
0.19836546
0.39652288
0.32206362
0.3314904
0.4729514
0.37349415
0.3577104
0.3852506
0.3225929
0.20387012
0.14079323
0.35967913
0.4568578
0.5710308
0.3010333
0.29764596
0.21967223
0.1859032
0.5760245
0.84214586
0.88710135
0.8364951
0.65310585
0.59412104
0.26331818
0.17031425
0.15160394
0.17215899
0.41701946
0.78716147
0.93950635
0.9034342
0.18185893
0.094700605
0.06779204
0.0655629
0.062309057
0.04919168
0.04436018
0.03931038
0.03331947
0.035123847
0.0424379
0.8560835
0.85387915
0.87794673
0.8814779
0.9085477
0.069381945
0.04355925
0.040042408
0.043356836
0.0899238
0.060507834
0.06335683
0.7697651
0.8621306
0.3159785
0.15807095
0.11475806
0.3307804
0.8124766
0.36812657
0.1444524
0.107493274
0.59018755
0.7348623
0.87871104
0.87817705
0.7022436
0.18186502
0.13995707
0.19309293
0.20403369
0.3659749
0.30799997
0.7443997
0.66160303
0.6034416
0.5426519
0.5
0.42170897
0.17541611
0.22021614
0.3019081
0.6686467
0.42169458
0.3065841
0.21562757
0.16287832
0.19531892
0.35218927
0.6693967
0.43460843
0.46733195
0.7615791
0.693886
0.8562871
0.8497051
0.71813226
0.7750546
0.8348087
0.28626767
0.16358535
0.12149023
0.58528477
0.5281345
0.18036783
0.19803606
0.114208244
0.08740426
0.16745327
0.21220455
0.15750179
0.15039161
0.108875684
0.07414054
0.06600328
0.5754879
0.09972655
0.124302275
0.81616044
0.7345913
0.7193062
0.6615012
0.122603364
0.084103145
0.0761046
0.07277047
0.06778045
0.059513297
0.06585263
0.6830846
0.71342856
0.8551602
0.31076193
0.17577922
0.28899637
0.73445123
0.71945924
0.7065057
0.6513542
0.12711379
0.084015876
0.08522117
0.62570643
0.60947144
0.694725
0.8665429
0.86724627
0.7158193
0.6744838
0.78116226
0.6464128
0.669184
0.9113444
0.94597435
0.9403804
0.885576
0.93451184
0.89160514
0.93576425
0.9247209
0.21219753
0.12243589
0.058373433
0.035260662
0.031987533
0.027433518
0.033928815
0.83848834
0.82300663
0.8758271
0.8294257
0.84538686
0.8968154
0.9455028
0.93372524
0.8656611
0.08418794
0.044798672
0.038277272
0.036692917
0.05190212
0.078894705
0.101168856
0.81602573
0.7701331
0.779787
0.7742383
0.86120015
0.13608645
0.08421749
0.09316781
0.7053917
0.6840796
0.7590736
0.14286347
0.1472374
0.20890687
0.75432795
0.7230559
0.8674096
0.1563874
0.12225479
0.10949081
0.08163505
0.06572989
0.06176053
0.08068412
0.7496601
0.7691113
0.0866238
0.08297279
0.060448352
0.060136028
0.08273786
0.07928135
0.07370447
0.09973496
0.080157205
0.08308688
0.1603081
0.20285949
0.30205563
0.678942
0.54426116
0.10522388
0.10246023
0.113266245
0.16576526
0.21124522
0.68200356
0.81567794
0.31387055
0.26825836
0.14289288
0.086352624
0.09514508
0.82995653
0.7784478
0.75231373
0.08193465
0.06619959
0.068699956
0.075644314
0.09737929
0.11209703
0.13328719
0.06793708
0.062566034
0.71745735
0.7135353
0.7820759
0.85804534
0.7948919
0.7613179
0.30504876
0.7142517
0.08586685
0.068807974
0.06874051
0.075424485
0.09007115
0.7227819
0.09390991
0.09113634
0.10805349
0.11762661
0.16040835
0.14086638
0.7673559
0.094927534
0.06426774
0.06693263
0.10975616
0.7997425
0.7417832
0.6821618
0.1296859
0.12823331
0.7444343
0.6708997
0.7426744
0.89896894
0.87490296
0.93142736
0.92218155
0.9155433
0.11306185
0.060439315
0.056876667
0.09784901
0.06029564
0.054577496
0.10323847
0.92455524
0.9064925
0.717474
0.6784801
0.6647892
0.689925
0.7118348
0.8025375
0.8663627
0.8009155
0.09758695
0.067191124
0.070525035
0.074900016
0.107950665
0.7455001
0.080872186
0.054656457
0.055735767
0.0888988
0.10780338
0.06758553
0.05790856
0.10101522
0.121226385
0.114446305
0.8455149
0.69057107
0.09055539
0.08496775
0.09282915
0.06421882
0.1380151
0.7043668
0.10150535
0.11721745
0.10157273
0.08381883
0.21679886
0.21048415
0.13690552
0.1015204
0.09432895
0.5678751
0.20937467
0.6115373
0.6089672
0.61690605
0.10152396
0.11442582
0.14952052
0.22338265
0.44683266
0.7802756
0.6525474
0.548801
0.5424111
0.6596757
0.65698254
0.73447835
0.38613686
0.359201
0.34798002
0.29609764
0.31708354
0.39356428
0.39583844
0.34905872
0.3801498
0.5627485
0.7625812
0.23591152
0.30230296
0.4647769
0.8186287
0.16863689
0.08208081
0.058293078
0.07340846
0.6392073
0.63902754
0.687794
0.76280016
0.85975754
0.2785089
0.13331436
0.08230662
0.09590544
0.08576097
0.1757126
0.20436312
0.850894
0.81295073
0.33704734
0.34519777
0.512646
0.5081085
0.60980576
0.68218493
0.42484647
0.5
0.44412294
0.5295394
0.62436634
0.4061477
0.35500547
0.22892134
0.22523318
0.2785116
0.4328856
0.61155206
0.37299788
0.43514797
0.8306116
0.69270194
0.5266134
0.28547865
0.19690959
0.14508165
0.15523815
0.34192538
0.27031404
0.56966573
0.104719095
0.06606737
0.080404945
0.7010551
0.7614783
0.8559532
0.776135
0.6524996
0.11513035
0.0855988
0.10096697
0.5721013
0.28755233
0.2702506
0.28950882
0.8182753
0.80341023
0.8397264
0.71546876
0.62384075
0.11676341
0.08425008
0.09816286
0.11700608
0.18014432
0.693949
0.751529
0.8025578
0.6194478
0.117676735
0.19096278
0.12590136
0.7494593
0.7916932
0.91303414
0.8914149
0.13704236
0.15708764
0.18132435
0.79156303
0.7518869
0.848726
0.7165062
0.21712466
0.15589133
0.16448781
0.12996121
0.1379341
0.5612521
0.13447759
0.13975133
0.13767213
0.1383964
0.11250332
0.13309702
0.73777467
0.6983529
0.11337668
0.08197972
0.138282
0.5872908
0.14305563
0.2939251
0.81249845
0.83327544
0.71229
0.656653
0.6961423
0.780941
0.5972298
0.17583172
0.41515955
0.8583744
0.85645366
0.10542328
0.09919299
0.12008496
0.8416778
0.90390927
0.2557216
0.18208434
0.17277741
0.09584993
0.24684674
0.4007262
0.812086
0.60008377
0.50397635
0.49018845
0.45345044
0.6101987
0.5537891
0.49398533
0.17954004
0.39267042
0.28456673
0.20783737
0.21353303
0.1860509
0.12124987
0.46805787
0.2958596
0.19545214
0.4427363
0.5215838
0.28725073
0.2207309
0.22433709
0.22563574
0.17538264
0.1587218
0.2916548
0.23013388
0.22592804
0.19822936
0.20955804
0.33762917
0.48052317
0.4223392
0.6154803
0.41029644
0.26975557
0.2928369
0.37026381
0.35720578
0.46982488
0.3912352
0.3778554
0.4393032
0.67295223
0.70458645
0.65873176
0.75677353
0.7343073
0.6101347
0.6560708
0.40370557
0.32121995
0.33892533
0.41088763
0.20254478
0.18540762
0.21302035
0.31441796
0.8075157
0.8281428
0.7648788
0.86397123
0.8032647
0.24416946
0.22695257
0.46725696
0.14130181
0.13861778
0.52799845
0.094849825
0.14115824
0.1568388
0.7161049
0.77717316
0.8051867
0.7966803
0.21418732
0.11247113
0.09003496
0.08190959
0.11178891
0.687767
0.3358887
0.30937493
0.8877217
0.88879186
0.2569701
0.37606877
0.41340673
0.3037657
0.7572967
0.525016
0.3405188
0.29213816
0.3035401
0.20217855
0.25817215
0.33340406
0.28794143
0.34218583
0.71742547
0.19984092
0.09858095
0.08930504
0.61214614
0.63381964
0.67521
0.8319894
0.7349396
0.7887793
0.20026879
0.20421861
0.24627183
0.86280316
0.8664573
0.13683645
0.086932756
0.08489497
0.08940608
0.7391312
0.8575808
0.78685695
0.7847622
0.8523826
0.62178624
0.12038489
0.095392495
0.13052602
0.21769877
0.69832814
0.6079648
0.6091643
0.64242053
0.7206297
0.58502746
0.25259387
0.5432561
0.11997642
0.12527792
0.19029619
0.17981924
0.08993641
0.063149884
0.09670652
0.77474576
0.82428414
0.749236
0.68153906
0.12674336
0.07441666
0.07051349
0.048954625
0.057967786
0.75465304
0.7723105
0.8260935
0.90357083
0.23826507
0.05555773
0.032773595
0.026253356
0.024820078
0.033736818
0.059001815
0.9309903
0.9711393
0.9796697
0.9715279
0.15194802
0.03434972
0.02583199
0.032401167
0.67596257
0.0459063
0.04081938
0.09298456
0.8985943
0.93446386
0.93029624
0.068727694
0.0523894
0.07751982
0.10658947
0.26212054
0.92130303
0.8889569
0.10677995
0.057515983
0.059224777
0.16422656
0.7964476
0.24699171
0.15548773
0.20785107
0.46235147
0.29103863
0.8214367
0.8069038
0.60935205
0.5
0.17672814
0.28536582
0.19097911
0.15354985
0.321221
0.47469118
0.16311458
0.3155836
0.778401
0.26985294
0.7862024
0.11487183
0.075983234
0.08170947
0.08298774
0.063719235
0.079756826
0.74151134
0.7427998
0.83077157
0.88368016
0.79389155
0.68274134
0.11305004
0.17560212
0.28443924
0.35529578
0.80393696
0.6308212
0.47127032
0.14795473
0.18548638
0.59187627
0.22679567
0.5813908
0.37065086
0.34122014
0.7260923
0.23594622
0.28275394
0.31767082
0.18425076
0.17869586
0.2348137
0.37644118
0.29995644
0.31448781
0.3408858
0.3078172
0.1928287
0.11362363
0.077694654
0.6072977
0.5725511
0.6220061
0.73064715
0.83004266
0.77118176
0.20795737
0.1412702
0.18700491
0.30286965
0.6335776
0.72699994
0.580942
0.535198
0.180738
0.15092602
0.20486777
0.3709501
0.405321
0.58295304
0.8001767
0.6813657
0.31408772
0.18567567
0.32490376
0.20369323
0.40185508
0.5156646
0.37951723
0.33700857
0.29577702
0.28832224
0.27712345
0.3001294
0.30486438
0.347028
0.46980157
0.66142464
0.70579755
0.6383081
0.4230092
0.33574
0.30415353
0.31996003
0.37707308
0.3104909
0.3300495
0.66497934
0.6833063
0.5465024
0.3476891
0.3134422
0.3153019
0.3762967
0.39399657
0.48823416
0.5
0.4838743
0.40818992
0.40244067
0.35365424
0.3844318
0.32973838
0.2944039
0.30849454
0.3711963
0.4977139
0.43138933
0.45336613
0.29335496
0.21345341
0.16987398
0.37593493
0.28959125
0.27770475
0.20661752
0.19387567
0.24874821
0.25051758
0.32160887
0.67941886
0.63916737
0.33576822
0.2838795
0.4491871
0.16178937
0.20061667
0.18637277
0.1669968
0.5575165
0.5978766
0.7416691
0.7189179
0.81533426
0.5764021
0.36310712
0.34079576
0.46456525
0.56821287
0.7241572
0.6308037
0.33043724
0.24619307
0.24496305
0.224097
0.29313862
0.41737917
0.30969238
0.3114141
0.72218674
0.6696557
0.8319027
0.75189954
0.35830837
0.28342474
0.31887382
0.30583104
0.33538502
0.31336161
0.26345417
0.19643942
0.24847426
0.2921105
0.6825657
0.5959496
0.5405068
0.5
0.47450075
0.4870846
0.6627734
0.8334206
0.8667305
0.78727144
0.22279757
0.14427474
0.16185643
0.15464455
0.14733829
0.16781901
0.17960991
0.16860902
0.14609393
0.20178963
0.22317694
0.23673926
0.19040208
0.15525058
0.57700837
0.6061965
0.6855148
0.27113697
0.2580663
0.40135857
0.38223517
0.7738242
0.7050555
0.7018955
0.5959939
0.5593965
0.5668238
0.611786
0.54782414
0.536372
0.5450715
0.65647405
0.14681488
0.13052201
0.6077338
0.58271056
0.5747599
0.5178103
0.16142792
0.24749897
0.6621217
0.8282572
0.77101713
0.72766775
0.08052143
0.05314038
0.04754798
0.045943804
0.07338695
0.06830225
0.88961816
0.9356146
0.8537398
0.05360278
0.037646595
0.04247832
0.070160724
0.06253288
0.07736959
0.8202003
0.8399512
0.89341724
0.8115353
0.06442109
0.041194607
0.036662795
0.033757396
0.034119222
0.03973865
0.056099817
0.8243092
0.9296717
0.15331528
0.09194568
0.05475966
0.030029893
0.026657863
0.029431207
0.052943002
0.8987608
0.9619822
0.9617979
0.060698647
0.028273756
0.029117273
0.053437494
0.8726669
0.9083398
0.8664867
0.08882284
0.13024603
0.1635416
0.882953
0.9118508
0.06620658
0.040792137
0.045128737
0.033807945
0.032773897
0.05720079
0.10350051
0.9045875
0.8891375
0.7625195
0.0672954
0.05089881
0.06325179
0.08606327
0.7172249
0.88271385
0.9276655
0.9354664
0.9098916
0.20823644
0.23251769
0.20725833
0.27934027
0.16218302
0.14372379
0.16022094
0.18170317
0.5764327
0.6715013
0.7801588
0.28248164
0.24690141
0.19832543
0.12771553
0.7066028
0.7347038
0.69309103
0.70502925
0.7259103
0.7061853
0.6793994
0.5603457
0.20184214
0.3507908
0.4042639
0.38635418
0.5413038
0.14314565
0.15122423
0.2766778
0.7127702
0.62671864
0.523806
0.5488529
0.5922016
0.7004739
0.8276504
0.8440937
0.7648087
0.6351508
0.1569302
0.12825574
0.13612606
0.13105354
0.10109374
0.6475225
0.6865947
0.72557455
0.19310929
0.10641527
0.094911285
0.1516483
0.7933394
0.78813773
0.21807949
0.69541645
0.077029966
0.07469999
0.12361819
0.20996341
0.22738922
0.1950012
0.74023896
0.61004204
0.6562411
0.81353396
0.82422847
0.28123662
0.19718117
0.7121856
0.11750176
0.12682778
0.60538745
0.6603814
0.75655764
0.87861204
0.10739217
0.069134146
0.06548801
0.061265446
0.06233686
0.06099577
0.054713935
0.050726738
0.050365243
0.06983202
0.10774244
0.9288344
0.89773506
0.1163196
0.10052472
0.7339281
0.9262427
0.9518752
0.8995475
0.8409163
0.7968749
0.7235243
0.0928612
0.10657598
0.8324244
0.056082997
0.045468338
0.044338062
0.056546357
0.13841106
0.8202049
0.8225051
0.09384774
0.069056846
0.05964641
0.05981563
0.079501934
0.10790158
0.86862
0.90056366
0.81063896
0.1254765
0.10638304
0.6822551
0.12075305
0.2806964
0.6833299
0.6779824
0.7108266
0.84518874
0.1773927
0.16778584
0.16733786
0.15434049
0.100714244
0.07743125
0.6054364
0.24573152
0.86458445
0.88640535
0.20095888
0.110242486
0.081775025
0.07065444
0.21751772
0.24272771
0.20615007
0.13399526
0.15156817
0.7031769
0.7787097
0.65725225
0.55780995
0.47473338
0.44628042
0.45445174
0.514776
0.56220937
0.57128674
0.5637822
0.5219982
0.5
0.14930268
0.104327254
0.10144452
0.5946919
0.14162716
0.14955625
0.120991714
0.11884687
0.13447936
0.11464358
0.8084139
0.14828767
0.06761526
0.07860887
0.72815514
0.7877004
0.9005082
0.90732825
0.8183167
0.6970142
0.13385317
0.18730704
0.32123402
0.7841021
0.63643956
0.59973425
0.7065966
0.8931876
0.91916627
0.89788145
0.1771669
0.115400955
0.07904809
0.72782224
0.82090724
0.7699709
0.77422154
0.80276656
0.84329224
0.90379447
0.88812745
0.12062982
0.089344904
0.12787832
0.7351551
0.78544277
0.79515827
0.07591555
0.068342224
0.03551428
0.027717134
0.022679858
0.023403542
0.017549286
0.017537469
0.028398385
0.89040285
0.927011
0.959471
0.95142937
0.853583
0.94327587
0.059519652
0.022168754
0.018481405
0.017678168
0.020706693
0.025759365
0.028443081
0.0275637
0.03203752
0.041851934
0.0720269
0.08293656
0.08727799
0.15643051
0.18054019
0.6719146
0.08254906
0.0926241
0.100029066
0.10271392
0.1790956
0.2796519
0.2303522
0.30602166
0.14702581
0.11146651
0.10159628
0.099805474
0.54314524
0.45170155
0.22979157
0.20552868
0.15853018
0.12890029
0.09820294
0.12970203
0.17281899
0.22771648
0.6986302
0.56577575
0.19502239
0.14113896
0.13795903
0.089625254
0.08604976
0.059117477
0.111801796
0.15735179
0.16359779
0.88805795
0.8595336
0.81672686
0.7318909
0.10928937
0.094972596
0.07208509
0.08619937
0.13520426
0.60114604
0.57525116
0.46063665
0.40073586
0.39492884
0.37463042
0.14906779
0.16508201
0.38095155
0.7855186
0.39424792
0.16544841
0.15786803
0.60625315
0.087635905
0.062537305
0.06875608
0.08368266
0.1272379
0.8963832
0.88063514
0.91369784
0.76206326
0.10387976
0.07954292
0.061110053
0.076383665
0.12519398
0.59402776
0.1391443
0.1290405
0.109790154
0.65976715
0.6422974
0.54517466
0.14215648
0.23099418
0.23505713
0.7246541
0.67139363
0.8685457
0.90851176
0.9099532
0.84864175
0.50494933
0.4626209
0.5
0.5120372
0.46264008
0.40470216
0.40233737
0.46304974
0.4562809
0.66666234
0.60686177
0.091020435
0.080143124
0.078894705
0.13563092
0.17511135
0.2127883
0.8788472
0.8641531
0.8212826
0.27070102
0.21141417
0.16778784
0.10230327
0.082599446
0.13587876
0.73749095
0.7602775
0.6353623
0.58217245
0.5585415
0.6928972
0.75357306
0.7323587
0.83644074
0.85639673
0.80131525
0.59273666
0.25702152
0.21983878
0.17391825
0.11010755
0.09628341
0.23050486
0.64353645
0.8846907
0.9213575
0.9022109
0.7956494
0.73644716
0.76281524
0.13286342
0.09138983
0.10298763
0.20156702
0.14604549
0.12957078
0.6527448
0.10182455
0.060846616
0.06480185
0.16184129
0.7209519
0.8974982
0.9178073
0.892415
0.12795508
0.13079497
0.19333409
0.854275
0.14893913
0.103991
0.0881048
0.08192074
0.16057539
0.78542334
0.07611898
0.06449241
0.07995203
0.107720844
0.13702622
0.105396755
0.7438515
0.07225938
0.05530502
0.06507119
0.11090438
0.16127111
0.88033646
0.89698297
0.12532929
0.066393346
0.063543685
0.0733509
0.70329547
0.13033718
0.10864021
0.1309036
0.5906983
0.1310565
0.20512982
0.81897324
0.09102922
0.049969297
0.04817996
0.08194106
0.11914234
0.9219158
0.89935964
0.9729075
0.9649921
0.8751133
0.912872
0.075843856
0.04358766
0.038575593
0.03564152
0.043317556
0.60016173
0.084819034
0.125411
0.85868895
0.14103639
0.19975184
0.16499883
0.08192699
0.060331043
0.068274185
0.09572425
0.76134646
0.4659076
0.23517907
0.14008774
0.6488329
0.6118526
0.68043494
0.75031865
0.861306
0.8802713
0.21054627
0.2734787
0.23662642
0.22196071
0.12095994
0.21631797
0.7704996
0.1168751
0.10502667
0.638435
0.10080921
0.14100815
0.2700638
0.15049554
0.17042139
0.09795144
0.082602195
0.10956039
0.22138062
0.2870549
0.2650476
0.71040136
0.37335142
0.3083312
0.26107696
0.6422
0.47374612
0.5487086
0.65885127
0.6677229
0.77000505
0.6689832
0.25106132
0.17710681
0.09478183
0.08966728
0.14094633
0.15859345
0.27862993
0.41539082
0.19545138
0.15810347
0.5561813
0.47339907
0.1515199
0.19355994
0.18447429
0.35892326
0.69485486
0.760377
0.7748684
0.52535194
0.28866452
0.23937878
0.3447832
0.3867893
0.66269565
0.52061695
0.5152577
0.30810657
0.26302996
0.2758401
0.5617928
0.5207809
0.6085767
0.8560176
0.8870109
0.8574901
0.7230125
0.5437778
0.55206865
0.28136647
0.23208034
0.45625478
0.6719827
0.44941753
0.3615194
0.33151644
0.33505857
0.4577943
0.32403573
0.29500723
0.30071568
0.6811423
0.61547756
0.5877007
0.6986677
0.62225854
0.58468026
0.6094082
0.6103998
0.5425457
0.5179447
0.5491869
0.61083543
0.53510326
0.5287192
0.634455
0.8451888
0.9386023
