0.16342717
0.10180525
0.1031638
0.21328169
0.93296176
0.95388526
0.95963025
0.9534194
0.8932859
0.942538
0.93187
0.8528199
0.46285963
0.50045633
0.9252868
0.942574
0.8904947
0.15347552
0.05999857
0.027386941
0.03442594
0.05610388
0.10760696
0.9694373
0.97243124
0.9585716
0.07291754
0.02410438
0.021394389
0.028624548
0.03450703
0.07484771
0.18955788
0.9417811
0.85062027
0.8958178
0.70628643
0.06875693
0.047516625
0.07528617
0.79114246
0.064487875
0.045846455
0.046056096
0.024640892
0.026754335
0.03738642
0.033705432
0.052508365
0.11605589
0.9402797
0.040536605
0.016027937
0.012167815
0.0118546905
0.013997992
0.016482538
0.011616507
0.012132182
0.022014558
0.89387137
0.9809858
0.9864942
0.9805356
0.027962498
0.014206651
0.010710561
0.01045044
0.016248876
0.021704463
0.025832664
0.047422767
0.05424478
0.9048559
0.035942033
0.016178165
0.016745873
0.028594626
0.04715111
0.9386709
0.96010077
0.98082286
0.97526747
0.15037905
0.02857008
0.021308498
0.031931315
0.062118623
0.927328
0.040103253
0.020711575
0.028574513
0.04421618
0.9724646
0.9812355
0.9652914
0.98078054
0.9723398
0.029848387
0.012610002
0.012031813
0.025568778
0.030699952
0.020032004
0.03452508
0.07798048
0.943167
0.8753703
0.9432847
0.06785003
0.03342742
0.024231343
0.020725511
0.031466957
0.052965533
0.1061796
0.94494545
0.92542434
0.19042836
0.21727504
0.86213756
0.050368115
0.04734284
0.0543155
0.077237025
0.075508796
0.112420306
0.83466744
0.945028
0.94435436
0.08384611
0.03881794
0.027090697
0.041173685
0.90640295
0.9645859
0.96573055
0.054026175
0.019251209
0.0123335095
0.018114887
0.022454238
0.0179466
0.02336564
0.03130559
0.102089494
0.9709759
0.968649
0.95638865
0.1672676
0.047001228
0.031034682
0.020070676
0.023418844
0.026337817
0.031965535
0.04632098
0.07791849
0.9089396
0.83826745
0.088808425
0.090783216
0.09866066
0.1035328
0.11845621
0.12686601
0.813862
0.75645787
0.77065307
0.7738748
0.7715764
0.86325544
0.9136122
0.9360551
0.9235682
0.7611908
0.7605243
0.9070598
0.9293899
0.92625123
0.880662
0.86583996
0.9095816
0.9282674
0.9287666
0.9026426
0.9369995
0.9461402
0.9445114
0.92144567
0.941785
0.94180465
0.9222715
0.9421527
0.94501394
0.9304339
0.94920975
0.9555045
0.94185805
0.9586032
0.9687827
0.95506424
