0.75504273
0.5597343
0.5842253
0.5643807
0.5092846
0.43225193
0.35134593
0.4407874
0.31632775
0.23045824
0.2762867
0.6117739
0.62194276
0.6262135
0.63169074
0.589203
0.5049557
0.2917372
0.30858707
0.6335952
0.28188497
0.19584456
0.16317533
0.14055489
0.13294353
0.14240292
0.1475782
0.5645624
0.63721937
0.7875647
0.6957613
0.67314446
0.6339405
0.0847993
0.10581744
0.10275014
0.07261297
0.044798568
0.04232752
0.06422444
0.7904498
0.8991467
0.15299374
0.082876645
0.043359526
0.061804526
0.8910795
0.9114751
0.88646513
0.061595544
0.045241453
0.054172654
0.05374976
0.051854763
0.05082699
0.07406632
0.09665252
0.11167174
0.11769975
0.1566554
0.8786539
0.8665128
0.18790257
0.22891605
0.16529033
0.7660205
0.8876149
0.91951877
0.9148528
0.77352744
0.6716252
0.16781463
0.16142191
0.16062933
0.7669437
0.6999483
0.6679009
0.69910514
0.739834
0.15080506
0.13853416
0.18299477
0.22716969
0.8069589
0.8792977
0.9105972
0.9256593
0.9250033
0.915543
0.89337736
0.82412463
0.5147165
0.40660664
0.3102737
0.5830217
0.12170148
0.106145665
0.11063278
0.12003551
0.23449406
0.6710908
0.6470735
0.3907583
0.5752424
0.12051278
0.14404853
0.21033284
0.6469724
0.15878901
0.12880027
0.111441955
0.1251774
0.106373206
0.7585921
0.8336867
0.843281
0.7179874
0.10339613
0.10874207
0.11797206
0.2358395
0.9020161
0.06925611
0.033954836
0.031547572
0.04241535
0.054699395
0.056143716
0.06347142
0.8207891
0.901031
0.07093401
0.02956266
0.024884168
0.027761433
0.033436805
0.048458457
0.8500747
0.04392091
0.021414265
0.021383788
0.036012013
0.9258424
0.96909845
0.9694976
0.9105205
0.039202232
0.0339006
0.06479008
0.07078122
0.91542023
0.9205697
0.07451645
0.03972059
0.053958617
0.85272163
0.90097123
0.07467449
0.044894245
0.037018783
0.040215272
0.058988452
0.102787405
0.11095514
0.07514816
0.051195677
0.14508165
0.9041641
0.09124228
0.09979505
0.22585477
0.29326358
0.91828984
0.89127207
0.7771508
0.810771
0.90355605
0.913916
0.8736488
0.7047458
0.071512066
0.068278186
0.08220569
0.08351162
0.074835256
0.7400925
0.8972332
0.52964354
0.35501188
0.15928839
0.6685215
0.08958975
0.09713034
0.1056258
0.13257399
0.13323589
0.10333744
0.38345334
0.37371054
0.41637486
0.6921885
0.8748853
0.89377344
0.8979336
0.8827431
0.82605153
0.73369646
0.8387098
0.8100731
0.62758404
0.57085305
0.1270323
0.21634522
0.13164987
0.08245405
0.08274897
0.0808356
0.07530492
0.09531717
0.16554102
0.8653733
0.7441008
0.05072167
0.0317212
0.03849813
0.22047889
0.29345647
0.95482725
0.94426316
0.93269825
0.24412152
0.118550226
0.052329022
0.04164421
0.055629425
0.73510873
0.79958886
0.057957776
0.043839928
0.05969681
0.09128131
0.09497665
0.097898826
0.14312524
0.12271847
0.22102754
0.6882277
0.16084476
0.22487833
0.2673702
0.19635941
0.17549649
0.21076904
0.28914267
0.33670866
0.4123755
0.2785095
0.23226406
0.5552783
0.47378287
0.42482254
0.6126559
0.7359409
0.7290519
0.63251734
0.629114
0.8232332
0.5397859
0.5
0.18160272
0.097276695
0.072180964
0.07434057
0.072348244
0.13331756
0.19035542
0.18896067
0.89573675
0.926869
0.91960096
0.9007405
0.08458848
0.09549185
0.098623656
0.12215565
0.13557054
0.77504176
0.8151406
0.8965416
0.087118514
0.060096573
0.04289956
0.030620428
0.03685942
0.029833421
0.030127674
0.022542985
0.025515174
0.04173306
0.08155096
0.95348614
0.93822473
0.83441603
0.06433666
0.04533227
0.034924477
0.03391196
0.036692865
0.053880736
0.85089785
0.04910405
0.03688314
0.03903382
0.043896515
0.11727161
0.90975946
0.8983018
0.82691973
0.06947242
0.068302035
0.073218495
0.05030392
0.0495058
0.8402622
0.91524506
0.92094046
0.7930117
0.066985905
0.05864939
0.092491455
0.15960628
0.15679827
0.14011084
0.13710421
0.16746716
0.18008775
0.16787253
0.57335824
0.1541217
0.08710285
0.07175714
0.082201764
0.6043761
0.19027853
0.26526514
0.42913875
0.8286427
0.7584133
0.7564997
0.62856424
0.5514567
0.52558833
0.57543886
0.629711
0.7055514
0.60871947
0.6451193
0.7653549
0.6529296
0.70889103
0.9046289
0.8941449
0.24658385
0.1828859
0.07752594
0.06336401
0.6409044
0.18822852
0.38598296
0.8919339
0.509684
0.8528521
0.91722
0.18009055
0.03896006
0.027008774
0.023149109
0.021575496
0.019427832
0.029139185
0.8887495
0.9444366
0.9508151
0.9468718
0.95980597
0.03797517
0.022433957
0.020408059
0.027138395
0.024209723
0.031763386
0.03969232
0.8737297
0.91839236
0.40267068
0.9074357
0.080651596
0.0405116
0.039547827
0.055491976
0.11540253
0.24447998
0.8983137
0.105930984
0.046031013
0.044811193
0.0616133
0.8205587
0.84433377
0.8628503
0.84472454
0.7565027
0.082106665
0.054917894
0.07267563
0.09507355
0.8494436
0.88839126
0.82040447
0.878487
0.21524762
0.12699589
0.10826606
0.62696373
0.12425565
0.0986506
0.08313874
0.07867818
0.6551507
0.62613946
0.26415
0.31993166
0.37266695
0.38024566
0.82117724
0.72833055
0.6995503
0.7268645
0.5801472
0.4875331
0.5
0.61194265
0.47141382
0.4605322
0.3380341
0.57850504
0.31065845
0.16635305
0.10635625
0.11742518
0.52181697
0.18939735
0.43021104
0.77373713
0.119040936
0.0713778
0.06252623
0.033270244
0.035911698
0.070030816
0.07825501
0.09150737
0.9554722
0.95526487
0.8843867
0.84403795
0.08276066
0.09687212
0.08931605
0.074591115
0.071081646
0.065982215
0.06209426
0.07567603
0.6697013
0.1269008
0.14342535
0.64706045
0.087510936
0.10157569
0.106365435
0.16947888
0.5613591
0.32359707
0.26446342
0.25793704
0.2744982
0.32935777
0.685935
0.5586249
0.17723359
0.14380446
0.14407584
0.15883178
0.13063553
0.112468615
0.119763814
0.23730488
0.44311365
0.43067417
0.2725573
0.11420075
0.08981229
0.6859621
0.7211109
0.80946666
0.13756423
0.109629855
0.053824503
0.05845054
0.7102374
0.73890173
0.8637745
0.3277912
0.036473334
0.0275719
0.040802214
0.80800563
0.9621419
0.96959263
0.907978
0.93522704
0.074159965
0.037170485
0.035035986
0.03249727
0.062396087
0.08096206
0.08065184
0.10263201
0.10076538
0.13170841
0.13105342
0.13590331
0.14384627
0.18835998
0.8366442
0.3014034
0.22231136
0.25466782
0.12274836
0.09877713
0.6872392
0.80847466
0.7330667
0.6934371
0.6642346
0.60743403
0.1263531
0.14025484
0.12836783
0.123561054
0.15093331
0.6417236
0.60383034
0.5815602
0.697431
0.8002667
0.74927634
0.75435764
0.7371378
0.6733777
0.64258134
0.6544239
0.7111476
0.7073673
0.71721524
0.6643501
0.6282049
0.63029337
0.6401694
0.6787554
0.71993256
0.6904418
0.6435083
0.6733422
0.5807328
0.20984107
0.15023886
0.14579688
0.14342633
0.15803204
0.22284088
0.3170049
0.56593084
0.55359006
0.52627367
0.5067708
0.4974075
0.2731261
0.35054955
0.8272219
0.8811663
0.8342321
0.13882749
0.082956955
0.039381456
0.02800443
0.031189855
0.02534687
0.056413054
0.9478457
0.96516675
0.942596
0.9352383
0.053865194
0.024814447
0.017874077
0.017150084
0.028784072
0.06287094
0.13282287
0.13193938
0.11745275
0.08865133
0.10182591
0.154629
0.14847864
0.07404372
0.056194067
0.05163477
0.058250487
0.053580824
0.050741456
0.04372239
0.060618553
0.12550588
0.91666186
0.8771564
0.9205453
0.1585199
0.05805457
0.043793384
0.045104884
0.7802326
0.877146
0.9447582
0.96128166
0.9557516
0.9296942
0.7639686
0.06477868
0.07329398
0.051348984
0.09587898
0.82428366
0.07825112
0.10420148
0.13379177
0.119531095
0.116314106
0.60872406
0.6194076
0.7087977
0.6959518
0.68503004
0.6491343
0.18177857
0.122311845
0.10449763
0.15478721
0.12488638
0.0917923
0.72664666
0.062455628
0.04935346
0.06798785
0.09770834
0.1313348
0.18086055
0.23687401
0.9463645
0.93436205
0.89016646
0.8790375
0.8324406
0.76966006
0.0717916
0.06950645
0.078600325
0.10404664
0.10577547
0.060067564
0.06561469
0.6440229
0.18949856
0.3905857
0.8300339
0.20988294
0.14686058
0.1629022
0.26002374
0.770934
0.6485809
0.61614454
0.7019061
0.6752649
0.5458238
0.559268
0.6665118
0.6509794
0.5585577
0.5662873
0.61563385
0.6677705
0.597837
0.5520441
0.5547558
0.6522215
0.7192913
0.88724726
0.91881245
0.9065058
0.850663
0.6182016
0.19516885
0.14570348
0.1420029
0.11568073
0.15803665
0.16728994
0.27656394
0.6297924
0.15337062
0.142437
0.10219148
0.09830298
0.046987925
0.037622567
0.061898716
0.047182493
0.07386602
0.93672955
0.93586165
0.87419194
0.761919
0.818279
0.045904137
0.03338507
0.038505692
0.049943317
0.063953154
0.06732983
0.25104776
0.3375151
0.6088077
0.9194629
0.91453373
0.8659055
0.16250722
0.11105221
0.23970315
0.16501
0.23427962
0.57284784
0.11839635
0.15359224
0.15084806
0.5356904
0.18100488
0.66914314
0.8705944
0.9092749
0.8766231
0.67789704
0.52069366
0.2786198
0.7812867
0.49914894
0.4413527
0.30344272
0.7846299
0.23468597
0.17391278
0.15216875
0.13217078
0.15214083
0.5460243
0.26516646
0.17208332
0.16861515
0.642805
0.7717867
0.77621776
0.75750655
0.7260902
0.6052158
0.17461
0.15852806
0.18209234
0.20655261
0.26748458
0.39560875
0.25184035
0.21220292
0.21887906
0.2671766
0.4901882
0.66388977
0.53395545
0.47486398
0.5075801
0.409522
0.406087
0.51609445
0.66650575
0.6663042
0.7580671
0.656151
0.49051112
0.49082896
0.7232766
0.5625268
0.42023042
0.2504026
0.16821808
0.22130261
0.40138203
0.87790173
0.8667688
0.5582682
0.5383396
0.29782954
0.20711236
0.1800231
0.19153973
0.22547677
0.7147041
0.21959376
0.17545201
0.14669883
0.114243776
0.112382725
0.10951325
0.11517406
0.09522549
0.120561056
0.16771266
0.5797069
0.56208587
0.57336676
0.6626695
0.7631993
0.87624097
0.89091426
0.11418984
0.060126882
0.054837305
0.06840024
0.079765774
0.8645871
0.11350103
0.12900591
0.47490337
0.5235106
0.69292194
0.79428965
0.946475
0.94619787
0.06612783
0.023649307
0.01661149
0.01508342
0.016574716
0.019919489
0.04691392
0.9665246
0.976503
0.9706204
0.055367347
0.02524198
0.021281322
0.030710671
0.044846777
0.03533062
0.03992223
0.8338734
0.80473924
0.8236409
0.8060592
0.8183255
0.78117955
0.8872817
0.13308835
0.06703074
0.071020044
0.08748629
0.111651905
0.078454524
0.08121443
0.78278023
0.80570984
0.7349696
0.7389629
0.7513547
0.7648893
0.7642335
0.7187609
0.70994604
0.683065
0.15364282
0.14660197
0.17832763
0.14781933
0.11417633
0.10524758
0.13195045
0.09540846
0.07367027
0.10186103
0.6127003
0.56859773
0.6522519
0.428923
0.41353184
0.4225144
0.5938753
0.5
0.5
0.23201942
0.20169295
0.2350624
0.4456622
0.43791002
0.36973372
0.36334014
0.37019342
0.4505997
0.479991
0.44343376
0.5
0.48855904
0.4194459
0.5004671
0.44421065
0.3409032
0.53823984
0.46027288
0.49103406
0.5
0.47264943
0.14248821
0.10739477
0.106919974
0.07574327
0.090318836
0.25619158
0.80298734
0.90571636
0.87710255
0.92494607
0.9208905
0.25316864
0.10747667
0.087203935
0.19216515
0.166093
0.13207985
0.25951833
0.21298443
0.21022907
0.3011296
0.41270792
0.559771
0.5
0.23835719
0.18616398
0.25854954
0.23629822
0.24917646
0.23097447
0.20932218
0.17503746
0.16890803
0.20678909
0.19060548
0.25495568
0.3196617
0.5838685
0.51835203
0.24729645
0.1869919
0.2596569
0.33025593
0.40193683
0.49731666
0.6665818
0.46591243
0.31703258
0.35810465
0.30648452
0.2816763
0.26882607
0.32376346
0.40234733
0.62977815
0.4562126
0.30693784
0.37918803
0.28094485
0.27434787
0.52044564
0.6743236
0.6247924
0.7691099
0.628713
0.618392
0.100759655
0.0618847
0.042110514
0.045459315
0.033540916
0.028685248
0.82342505
0.9205862
0.88406813
0.9658054
0.97106624
0.9493394
0.84631956
0.8978911
0.043353885
0.03278298
0.03483403
0.040057607
0.04499993
0.10890735
0.8684228
0.8145337
0.87281185
0.24113035
0.2612881
0.27389422
0.3357175
0.86031836
0.8430417
0.647026
0.62599134
0.6197299
0.56437105
0.14964077
0.13773634
0.1622342
0.21072473
0.26878998
0.29082608
0.27309227
0.8619318
0.8293952
0.2488834
0.36743227
0.32415953
0.8442835
0.80644554
0.62529725
0.54066384
0.12311349
0.11662399
0.17269781
0.5888809
0.63055414
0.6416953
0.6463403
0.6420825
0.13553537
0.115252756
0.64873177
0.15240307
0.10732169
0.09047457
0.079522714
0.07377383
0.06791855
0.08397024
0.7362165
0.7359276
0.8752259
0.6723505
0.203826
0.63597584
0.18975337
0.72109693
0.16081841
0.0965398
0.06289292
0.05017524
0.056076337
0.083985746
0.8548355
0.84752935
0.08344526
0.05827193
0.062267974
0.0530822
0.0483809
0.81764156
0.83845806
0.93572915
0.90420383
0.9317253
0.85574865
0.8996383
0.09338379
0.104899816
0.063975126
0.043875877
0.061129157
0.77147096
0.7649764
0.05367388
0.039266746
0.037502848
0.052281026
0.0755339
0.07235417
0.095637396
0.8385079
0.18955679
0.7921122
0.7519726
0.80794775
0.08190953
0.0625884
0.061421618
0.07177965
0.09796126
0.13590305
0.2273467
0.7778262
0.12648228
0.115038686
0.6099724
0.09281833
0.07605259
0.12654348
0.6279269
0.6225156
0.5916081
0.12069138
0.14276002
0.13298547
0.63227445
0.6241132
0.101096466
0.1502293
0.14891288
0.1256262
0.0888282
0.087202586
0.14232832
0.7288752
0.85270506
0.90041643
0.8989416
0.7526746
0.16061437
0.073162876
0.046832226
0.042051975
0.06521515
0.23176618
0.7989779
0.8302252
0.8726112
0.7490542
0.10597254
0.09795629
0.08129444
0.0473592
0.053792942
0.74340975
0.7741245
0.8557772
0.80931044
0.09604712
0.09755246
0.07577792
0.06719573
0.10259115
0.090444475
0.07764511
0.07627791
0.0704679
0.089938514
0.7583278
0.090421036
0.091172405
0.12670669
0.8752844
0.8807484
0.7975526
0.89287376
0.25445902
0.070261285
0.04974225
0.059379544
0.7887585
0.8634272
0.84515584
0.8523196
0.082472906
0.067444585
0.04299388
0.061551593
0.79006755
0.7948825
0.80018264
0.084596105
0.10077577
0.1059213
0.07273628
0.06429573
0.071254805
0.0821148
0.09872069
0.0728742
0.7733883
0.18436366
0.33462048
0.9149792
0.91532826
0.27951494
0.14995983
0.82006603
0.9056019
0.84968495
0.9368395
0.9494518
0.9258231
0.8624196
0.86144346
0.08000631
0.08910034
0.15249297
0.13129315
0.06763475
0.064625174
0.10773731
0.078831755
0.12870228
0.1078069
0.4491216
0.40767738
0.24768594
0.47245985
0.5276834
0.48649758
0.42872694
0.3710969
0.5347356
0.80074733
0.78319126
0.65653837
0.40263733
0.18564518
0.28497365
0.2760407
0.33655965
0.38949323
0.54628074
0.5928355
0.32239997
0.41544443
0.47958833
0.32528627
0.27643028
0.3827345
0.40108305
0.3550686
0.24421608
0.24893351
0.3686234
0.8891739
0.9236902
0.9052792
0.68953735
0.08063421
0.04117583
0.029613733
0.029379452
0.0663292
0.75914127
0.9361975
0.941096
0.2644964
0.046219584
0.019824676
0.016406512
0.03164057
0.8920441
0.97219115
0.9798743
0.9720857
0.07824734
0.09262816
0.03369371
0.027693287
0.04383833
0.72558254
0.7070812
0.089070134
0.089283116
0.06030826
0.07340391
0.20141838
0.69351476
0.80379736
0.7938754
0.42608795
0.52924204
0.5423786
0.4645341
0.3687972
0.30580673
0.30072507
0.415943
0.2894166
0.2901247
0.3057705
0.39248598
0.57533556
0.5226535
0.52049345
0.51238936
0.518946
0.32812244
0.27739444
0.32068247
0.62755364
0.6992834
0.6533662
0.5325926
0.636793
0.56122124
0.38572335
0.35359967
0.3424961
0.38278607
0.50187606
0.4730314
0.44092605
0.3774146
0.35045913
0.3821401
0.42586577
0.4538551
0.46843913
0.40234196
0.43501657
0.5601176
0.5
0.4145889
0.27907494
0.25513977
0.27777636
0.37374732
0.32077974
0.35111752
0.51050675
0.59485257
0.56366056
0.57117087
0.80050814
0.71394473
0.2978101
0.24772288
0.24942389
0.20769678
0.12292345
0.06623074
0.066045865
0.14217214
0.13731132
0.81476027
0.8844554
0.84956944
0.83791816
0.75818616
0.6070032
0.17507869
0.24744983
0.5282306
0.10303853
0.15194926
0.65506744
0.14701022
0.16542895
0.20324752
0.22360277
0.38496718
0.53924996
0.5
0.52518624
0.13783306
0.1144487
0.104894206
0.12285593
0.17805703
0.17238249
0.12770568
0.105395
0.2154376
0.8148344
0.83972776
0.76861507
0.74111456
0.7653739
0.7422893
0.7109866
0.33053038
0.230698
0.32552555
0.71766436
0.7509912
0.72871774
0.70714223
0.6997881
0.31206378
0.27833024
0.24541767
0.17280148
0.16537663
0.17554599
0.21013977
0.26027822
0.3324049
0.486905
0.69376254
0.44887945
0.26529756
0.28573498
0.2739641
0.33543614
0.22198181
0.20320398
0.18531987
0.1775179
0.1610401
0.17073074
0.19061951
0.18424894
0.12977692
0.15083551
0.5562576
0.5802156
0.3004414
0.24414298
0.16041748
0.15046164
0.12507981
0.13103247
0.82489395
0.80034333
0.82466793
0.86833864
0.82916963
0.6525344
0.10780869
0.17842226
0.16995686
0.19039269
0.21447504
0.24714348
0.74417615
0.57043374
0.4945474
0.5079893
0.65365267
0.5
0.19446209
0.21023904
0.5414727
0.56377995
0.52764994
0.20824137
0.17902257
0.20818985
0.15122542
0.09105522
0.07720886
0.15737778
0.81869113
0.8859359
0.86627567
0.095715664
0.09012385
0.16505022
0.3337847
0.8907614
0.8709947
0.27382842
0.23167165
0.26505676
0.7361063
0.5649954
0.16357286
0.1304301
0.10385655
0.09914342
0.15130152
0.1490383
0.13959067
0.12716328
0.113037564
0.113178514
0.5622955
0.13915458
0.14877875
0.6238698
0.24891785
0.19149539
0.7213278
0.7477483
0.72068375
0.6812367
0.1591117
0.19846538
0.5994926
0.104269266
0.11636148
0.63698024
0.2487772
0.26727462
0.7792748
0.8732436
0.26554412
0.12447361
0.10490789
0.07946852
0.09865949
0.09826267
0.16705042
0.2648079
0.6978327
0.7925816
0.15222706
0.13708729
0.12052942
0.08626001
0.08609075
0.7072924
0.5930096
0.12480634
0.07369902
0.078572586
0.7363901
0.7828954
0.08224376
0.061318543
0.067300215
0.10065746
0.089384064
0.06586552
0.05595405
0.067703255
0.74079156
0.7697315
0.10937658
0.06946729
0.0851763
0.75981605
0.084088966
0.12428861
0.90343434
0.9362948
0.9026719
0.8632754
0.08398066
0.08886252
0.09498772
0.9318993
0.94916195
0.9080395
0.09924385
0.059197504
0.04388048
0.0407575
0.040897008
0.04137609
0.045550343
0.06618931
0.8639311
0.87551475
0.084648795
0.058846287
0.065881856
0.090101324
0.092223786
0.07144401
0.058395766
0.06590034
0.68074846
0.6546298
0.09359816
0.12407012
0.25892806
0.7549564
0.8057897
0.85971457
0.31266063
0.23214851
0.22839017
0.24113123
0.23859406
0.75215197
0.6966448
0.69201505
0.7138133
0.64027363
0.55336124
0.5367264
0.53831637
0.1707701
0.26139107
0.21221508
0.108821146
0.13840637
0.09667397
0.87312865
0.91958773
0.93433446
0.06260392
0.042522646
0.03350945
0.024407927
0.058531407
0.951591
0.9488078
0.91324335
0.93843085
0.7892198
0.7825713
0.04749737
0.06300002
0.09803285
0.09196073
0.054584682
0.04991183
0.0562428
0.12495204
0.14528322
0.21346152
0.34561858
0.55772626
0.56295055
0.7710547
0.24197596
0.2675641
0.14503706
0.0957771
0.27224287
0.12743032
0.61180407
0.5973364
0.60567164
0.6684243
0.21472594
0.1726279
0.11444406
0.08330377
0.2230316
0.31897867
0.82611465
0.79100174
0.50012356
0.43425465
0.5
0.65488434
0.64657944
0.8003049
0.676527
0.35125527
0.3174804
0.33766106
0.421438
0.29415852
0.43176252
0.58362323
0.44093296
0.45544598
0.6498268
0.8579841
0.8222081
0.56723183
0.5
0.5
0.2599353
0.25239697
0.27336228
0.2704778
0.33407024
0.37184307
0.44789696
0.6706848
0.83836156
0.83639914
0.72191083
0.784609
0.7182678
0.58665264
0.5650181
0.55884886
0.5577879
0.65336293
0.5896439
0.55519915
0.61253035
0.7735608
0.83057547
0.78545845
0.91723716
0.9413903
0.94580764
0.94393015
0.936416
0.9129033
0.850992
0.894311
0.87443954
0.7760999
0.67930424
0.61301726
0.41131583
0.43096066
0.5106318
0.6567826
0.9222995
0.9175602
