0.7077936
0.4479007
0.40487167
0.5
0.48616272
0.5246739
0.27890146
0.25947723
0.2726873
0.4340625
0.53933614
0.72443575
0.5174024
0.56417704
0.6469809
0.5
0.35880172
0.23722748
0.19671895
0.16780129
0.1470808
0.15496482
0.47080863
0.6086543
0.48563087
0.43535486
0.2580816
0.33962077
0.43209946
0.5281655
0.6620935
0.17159852
0.1125375
0.09516638
0.10693318
0.11657754
0.09028762
0.068937466
0.08393272
0.12415183
0.73886555
0.7840746
0.90413415
0.93042845
0.93061477
0.91844386
0.86628926
0.7484831
0.7730171
0.80871636
0.87996596
0.8732227
0.7610913
0.73626345
0.0815712
0.068716705
0.077359915
0.09540451
0.09049568
0.09206046
0.09435511
0.07780644
0.10216037
0.6719503
0.19811894
0.23827894
0.1733939
0.14318217
0.5895955
0.5742289
0.6241929
0.79592466
0.8662512
0.8989381
0.91010916
0.89952725
0.8263779
0.52210546
0.5
0.5
0.5966149
0.5350579
0.5058319
0.39515504
0.49593684
0.5215667
0.70387274
0.7531016
0.69064516
0.6519498
0.68813705
0.6001395
0.26728174
0.24621262
0.18979724
0.14017436
0.17580572
0.21163543
0.2163479
0.16202672
0.1242416
0.09809156
0.102414876
0.731319
0.78890866
0.7575546
0.7235718
0.6854655
0.634134
0.54471236
0.52111197
0.5414623
0.6035746
0.70668477
0.7018335
0.703854
0.6982852
0.7060993
0.71569765
0.7056758
0.16599742
0.1531617
0.122363225
0.121331945
0.13256416
0.09976853
0.08129888
0.11990553
0.5243473
0.37465164
0.32918793
0.32437617
0.25303483
0.21664827
0.15703961
0.103430614
0.08864259
0.17777878
0.75672686
0.6602809
0.63356
0.5822642
0.1280654
0.14306715
0.17942789
0.58639485
0.71893865
0.5839097
0.5307965
0.5739179
0.678028
0.8170338
0.8580247
0.84020674
0.6787185
0.29388157
0.2803795
0.26237807
0.5927268
0.23693384
0.16169451
0.68590224
0.78931206
0.31699952
0.22501971
0.32061046
0.6330997
0.6080374
0.5970138
0.59961045
0.6660933
0.7302295
0.25768837
0.183067
0.17955557
0.4934532
0.13040985
0.17190394
0.56131583
0.30441093
0.30523655
0.36716875
0.76581585
0.68578005
0.7059271
0.7704437
0.08542968
0.06354071
0.051823135
0.07079458
0.11581076
0.817097
0.88807887
0.15351999
0.116711654
0.70921963
0.08251914
0.047775228
0.038531963
0.040206503
0.056977242
0.07618844
0.049210217
0.041593462
0.03690985
0.035576344
0.03552381
0.041924812
0.074236035
0.9195479
0.10517336
0.04288584
0.027743535
0.025197778
0.029734932
0.06191802
0.84448314
0.9562527
0.9746463
0.9582081
0.90581745
0.8525019
0.03694807
0.024255265
0.022205798
0.02460574
0.04454245
0.07547295
0.84684587
0.7926616
0.74461836
0.0625164
0.038564723
0.039248645
0.06054996
0.7932432
0.9253428
0.9397977
0.05771666
0.028316362
0.03598397
0.87319267
0.95061994
0.9299693
0.88774455
0.0405571
0.0244051
0.036341295
0.8798788
0.9428894
0.9450562
0.835813
0.04265039
0.034266133
0.06630045
0.07743167
0.10029004
0.12682062
0.071919255
0.05840416
0.07915717
0.63953716
0.13969262
0.29797095
0.7822509
0.70047534
0.12248464
0.14883785
0.101516224
0.071050465
0.11297043
0.6272123
0.624174
0.6242315
0.63239527
0.7464842
0.76210314
0.68083394
0.675965
0.72391534
0.33341858
0.39057118
0.25533754
0.18364882
0.21142273
0.26557764
0.3212241
0.37498465
0.18046293
0.115329005
0.104843006
0.08016211
0.05618148
0.055530217
0.065269925
0.79354674
0.8039888
0.7801593
0.77948153
0.07668826
0.07198672
0.088948265
0.09428272
0.06667603
0.07944686
0.14463337
0.25913826
0.874036
0.86546916
0.63043565
0.51914996
0.5
0.5167689
0.5930904
0.6440869
0.6792032
0.6186153
0.65694714
0.72089994
0.7006884
0.7653731
0.73464626
0.5718156
0.29006383
0.22219853
0.22644751
0.38709646
0.22329195
0.19808477
0.19168708
0.19779326
0.22637232
0.29914793
0.7487046
0.76900196
0.6070885
0.8099353
0.7276641
0.21033788
0.15321536
0.16485424
0.54167116
0.18922733
0.16630535
0.2754367
0.7773548
0.20914045
0.13473454
0.10637383
0.074540235
0.09049056
0.81581026
0.8120213
0.80259866
0.79217917
0.8007648
0.84129643
0.8545042
0.83030254
0.7601975
0.7971442
0.81887484
0.83048683
0.7841579
0.79962385
0.09763067
0.07629883
0.079553366
0.09133872
0.09109322
0.0775006
0.091064006
0.16420518
0.7548932
0.17103618
0.13041858
0.18630734
0.588546
0.6741376
0.33581123
0.6011743
0.27957132
0.2007116
0.16560008
0.1505821
0.5355073
0.56975484
0.7034767
0.7599083
0.40312764
0.31719407
0.25189188
0.18581618
0.15685993
0.11773137
0.60629994
0.26495016
0.27994376
0.27110437
0.2510891
0.25079468
0.59801203
0.58831704
0.11649544
0.089665845
0.08863924
0.09798741
0.65238756
0.66803384
0.66370463
0.65038353
0.6408373
0.67943865
0.7209659
0.64317375
0.22123161
0.14181586
0.10514465
0.10748234
0.5654561
0.20337254
0.19695117
0.61666274
0.4373586
0.6034078
0.25287217
0.704472
0.083772644
0.06400573
0.06985615
0.05904509
0.051624805
0.051768906
0.06959177
0.74233985
0.94638145
0.96666837
0.9600679
0.083968736
0.054982364
0.071090825
0.6687072
0.086466305
0.077483505
0.064616315
0.06879356
0.619799
0.23719458
0.6007551
0.5627852
0.2988261
0.571707
0.16288355
0.13602708
0.6041597
0.68791866
0.7884275
0.7124898
0.54711074
0.5594793
0.83052623
0.89094526
0.9075278
0.90649444
0.8812849
0.8211118
0.69285023
0.3550783
0.32163978
0.31828538
0.31937474
0.19805501
0.15678497
0.14329776
0.20637162
0.32283652
0.39440522
0.42726675
0.65015435
0.7437604
0.7447203
0.67201424
0.55960083
0.53040946
0.30726394
0.31041694
0.355796
0.6196351
0.8046373
0.30738086
0.3320241
0.2120906
0.4704161
0.17186263
0.318841
0.30862913
0.17001978
0.68111765
0.74156165
0.41298217
0.29747003
0.12303543
0.101381734
0.62007105
0.55406857
0.121774025
0.13994262
0.6862962
0.24636306
0.25466764
0.16981725
0.051421136
0.042090338
0.07209956
0.06752685
0.8987231
0.8623993
0.89922494
0.9270342
0.9350785
0.9160544
0.8361092
0.8575092
0.7629798
0.058086734
0.044732347
0.0381639
0.04581153
0.06680917
0.081516005
0.0766681
0.06855293
0.08646984
0.7134529
0.82600754
0.23584396
0.17148013
0.786924
0.43039465
0.43681285
0.6951685
0.61747855
0.1939451
0.21358804
0.20425764
0.1765113
0.5656093
0.5
0.180795
0.24310088
0.3233182
0.62263644
0.48332596
0.41320133
0.43026382
0.20257242
0.17223562
0.4070441
0.5147236
0.42094323
0.5110406
0.7185004
0.5
0.28751925
0.26457262
0.48850092
0.8037392
0.17016666
0.12413874
0.11718313
0.09231655
0.093308665
0.07866598
0.081762366
0.09519458
0.09644531
0.14717424
0.096136846
0.72593933
0.6511802
0.15274768
0.3717821
0.6710301
0.6742034
0.75299126
0.88601404
0.90393525
0.8113298
0.2931243
0.18489468
0.07991132
0.05606599
0.05730156
0.6560747
0.11948733
0.13008977
0.7755085
0.1918768
0.11065051
0.051290788
0.03739757
0.044011623
0.7963335
0.8465208
0.94622785
0.97187763
0.944172
0.92710704
0.075372666
0.03681169
0.030715074
0.034498945
0.07008757
0.80798537
0.101144224
0.069603704
0.62177736
0.053178616
0.05444854
0.1208832
0.9079336
0.90772265
0.8302025
0.09565852
0.05704323
0.06329608
0.70715827
0.08858856
0.109342836
0.084846705
0.061512012
0.07436353
0.06531662
0.11908386
0.14782466
0.7166443
0.8479678
0.80979407
0.8498757
0.67214
0.5726162
0.10567587
0.07773916
0.09902222
0.15629013
0.8349494
0.8502247
0.88101155
0.13550861
0.07735394
0.049555726
0.05601166
0.08765417
0.91043234
0.9460662
0.9344068
0.8251341
0.7038158
0.66324997
0.09762299
0.09050084
0.37246674
0.6142753
0.18270972
0.49176875
0.7763476
0.87991333
0.81390405
0.21102063
0.14847718
0.14888506
0.15971452
0.76437247
0.68228966
0.5947955
0.50661063
0.43499562
0.37544197
0.34546006
0.43639827
0.67965317
0.809817
0.12962806
0.09973844
0.103654794
0.14043634
0.075229235
0.048081893
0.04898001
0.7702653
0.77180004
0.8287595
0.90315855
0.8724537
0.87072533
0.90529996
0.896693
0.84250295
0.8058613
0.79459804
0.106126055
0.074032575
0.09944601
0.11843336
0.6604017
0.6717749
0.6927751
0.75353074
0.6822433
0.24458428
0.2172078
0.260705
0.75392234
0.7928866
0.79629695
0.8127802
0.7658198
0.80168486
0.7847887
0.85025436
0.8767392
0.85394835
0.88821536
0.8970619
0.87695456
0.82501155
0.8086343
0.8052443
0.7836614
0.7415548
0.6849863
0.60294235
0.60965717
0.64021647
0.7089096
0.8536397
0.84695524
0.17914274
0.14394371
0.1820964
0.27630407
0.8515857
0.2018444
0.13391493
0.15342306
0.9112772
0.92006147
0.84177333
0.10615289
0.043640044
0.030436082
0.032545004
0.8155566
0.7922294
0.88544136
0.9652002
0.97249186
0.9582054
0.096517675
0.03858692
0.030058546
0.03781966
0.7674933
0.83151525
0.743311
0.74358565
0.7598249
0.87200516
0.82045174
0.15510416
0.26323497
0.45937663
0.8414355
0.662467
0.1835004
0.13516642
0.097429596
0.1118657
0.60859704
0.55162126
0.55352986
0.5079493
0.5017882
0.43453082
0.4255618
0.16415241
0.12067273
0.44262183
0.5393099
0.3513693
0.24807306
0.49782246
0.7169483
0.6125347
0.7776826
0.41698387
0.1283235
0.10329298
0.11814465
0.13315281
0.10334145
0.08456945
0.06342776
0.06403043
0.6621708
0.11516371
0.11360853
0.78846276
0.90553045
0.93170637
0.19956225
0.10609318
0.22203113
0.12319331
0.8095145
0.70860547
0.7424522
0.88848454
0.8914453
0.19778349
0.114930905
0.22299886
0.8193296
0.058660302
0.042303488
0.07763827
0.07896865
0.9230518
0.8854387
0.80844253
0.807619
0.066159606
0.0432907
0.03702533
0.042663246
0.041483115
0.06675285
0.088255934
0.83548313
0.8924864
0.7883003
0.7321896
0.062370684
0.05489579
0.0845168
0.19478875
0.86212766
0.90281254
0.097840495
0.06276904
0.09024638
0.089081936
0.067088455
0.10870709
0.10747427
0.652525
0.7004566
0.88770276
0.55800045
0.32091126
0.26265967
0.7294439
0.45162973
0.477192
0.15954028
0.14557326
0.2716924
0.5186087
0.5209457
0.5329918
0.46057424
0.3047019
0.23675829
0.4054492
0.48917422
0.577454
0.8312096
0.9536227
0.9641176
