0.88532037
0.92989266
0.9016358
0.89651954
0.91265833
0.8746116
0.6686092
0.17024457
0.1190012
0.09116425
0.12172469
0.40602216
0.13318765
0.35074067
0.86831075
0.8678548
0.92549735
0.9032775
0.16811222
0.15401013
0.5868942
0.12131867
0.17743653
0.24555062
0.23609476
0.8330155
0.78709733
0.59275573
0.34678027
0.4442706
0.29610178
0.17384133
0.15234508
0.16951413
0.21266848
0.35653758
0.56992733
0.61220926
0.60722363
0.56421703
0.33014777
0.26302826
0.22641858
0.23701522
0.30436936
0.5242023
0.5874052
0.6340399
0.707334
0.6548479
0.73140144
0.7477951
0.70307827
0.7110032
0.62504864
0.42732492
0.4027906
0.3896597
0.41564652
0.47009927
0.70935124
0.70805067
0.7519238
0.70101094
0.5463731
0.5684074
0.50948304
0.5429305
0.7022344
0.7137921
0.3111157
0.28487858
0.3443621
0.7651218
0.7185938
0.852076
0.83498687
0.6807331
0.6460863
0.68142927
0.15822145
0.15805124
0.19558264
0.31978065
0.8835041
0.77643573
0.9012424
0.902119
0.82131636
0.925672
0.9413513
0.9464257
0.9477787
0.9413307
0.91436666
0.81829166
0.76294017
0.15270796
0.12220485
0.11090839
0.08880835
0.056526795
0.07883895
0.717866
0.07566819
0.057731
0.040801287
0.040788293
0.049206298
0.87689096
0.9531818
0.96050423
0.9320711
0.9315226
0.07964138
0.09216512
0.052442808
0.0517009
0.2708449
0.69616985
0.1348905
0.34210718
0.84343034
0.12880534
0.09344358
0.055662036
0.050324675
0.07344164
0.05875547
0.07669679
0.090608045
0.9086706
0.8500147
0.91116494
0.09250308
0.06887846
0.100603126
0.065119036
0.09160572
0.6339886
0.6488957
0.81742793
0.79115885
0.90054166
0.89893156
0.13781333
0.07899015
0.0719974
0.06418454
0.054358773
0.057177875
0.076205604
0.097853385
0.90813386
0.8960121
0.1899468
0.2467346
0.28044382
0.4020199
0.9353212
0.94214094
0.94116294
0.935211
0.91805327
0.877359
0.76508856
0.81059074
0.70563835
0.7412004
0.8910827
0.891431
0.8222856
0.9228198
0.9218601
0.8911183
0.9293756
0.919771
0.858201
0.23818634
0.08352609
0.04924227
0.047558684
0.068161644
0.8565284
0.81904453
0.78019446
0.7548563
0.8362006
0.8305559
0.8282393
0.83091384
0.83550864
0.8418383
0.82826024
0.7632731
0.79719704
0.08074007
0.059776224
0.065606795
0.07735662
0.08146012
0.06982267
0.07042971
0.11287497
0.8250614
0.8855386
0.840465
0.8272704
0.12716193
0.15249589
0.2737465
0.83233273
0.8159351
0.76061827
0.6378893
0.68160033
0.1420027
0.11942879
0.11841554
0.09562886
0.07731668
0.07166703
0.08129191
0.08581452
0.08129852
0.09169508
0.09230892
0.13408136
0.65012527
0.7284539
0.17548536
0.11124757
0.07150309
0.056604013
0.06089104
0.08658024
0.59016114
0.18035136
0.7885769
0.88543034
0.12977062
0.06217889
0.04648488
0.044328306
0.05484077
0.059736114
0.051771082
0.05108753
0.0685148
0.1305947
0.22743568
0.9291488
0.92331004
0.8490887
0.9100193
0.88648576
0.79954857
0.82910466
0.12788445
0.07161559
0.069842294
0.63963664
0.10845181
0.12717761
0.16716835
0.89617074
0.9526343
0.9316535
0.9150614
0.8953646
0.1356115
0.11009858
0.08347296
0.6845645
0.0695522
0.052296467
0.07330163
0.79988474
0.7659923
0.78720796
0.85253936
0.73218226
0.70102173
0.7024425
0.87109107
0.122762114
0.065756544
0.04988922
0.04701385
0.052154545
0.043751962
0.039595805
0.036678888
0.048993926
0.09980509
0.22884849
0.90749884
0.8552748
0.13969527
0.18190256
0.15372334
0.098942064
0.09300791
0.14627156
0.2598157
0.59433293
0.11583889
0.10469138
0.12221137
0.7301456
0.33958238
0.24710752
0.6680963
0.69539726
0.84315056
0.89181423
0.7309666
0.669703
0.7787815
0.17358
0.11253091
0.12532945
0.53618693
0.6244773
0.5861527
0.345801
0.39383858
0.37985238
0.40874273
0.33891279
0.3973724
0.47517744
0.8694706
0.9263672
0.92978764
0.9058308
0.80118054
0.22450005
0.14068523
0.16347305
0.30401477
0.59120595
0.26575205
0.19857408
0.20333073
0.2875302
0.354828
0.67265165
0.6427154
0.37577334
0.26085356
0.26936972
0.461546
0.43417355
0.49844489
0.7077579
0.59349495
0.5674549
0.64608645
0.51157004
0.33450893
0.34345868
0.5639995
0.6156899
0.4876908
0.72297615
0.6392157
0.24151418
0.20829447
0.21261956
0.20966376
0.260749
0.44835442
0.5468408
0.769947
0.70964575
0.5
0.5567819
0.64357424
0.74918693
0.68465626
0.44743598
0.34715167
0.5096839
0.20037979
0.15692213
0.16192764
0.41029212
0.8502542
0.84297657
0.58369464
0.5537874
0.097455725
0.06777721
0.069630004
0.087693
0.065101884
0.06684697
0.90852493
0.9231155
0.87883854
0.9553012
0.9511258
0.91660064
0.7504148
0.040566936
0.029080428
0.032026194
0.047317572
0.07327645
0.116815396
0.89459324
0.93266946
0.9393401
0.912623
0.75721747
0.8651256
0.084025934
0.040006075
0.03526493
0.029265609
0.032636374
0.060259707
0.06086499
0.96380997
0.9734135
0.9696825
0.06098348
0.021708008
0.021248566
0.034892093
0.08554227
0.11798492
0.142459
0.90889114
0.91065514
0.9036827
0.88027364
0.15467303
0.09028495
0.07907032
0.06671399
0.06938963
0.06883386
0.72775936
0.78724855
0.14649089
0.111571595
0.1762323
0.14916995
0.14102001
0.1316724
0.09235432
0.06853385
0.07485906
0.6707318
0.6846724
0.74411625
0.14942323
0.09134585
0.10773771
0.23512115
0.61042386
0.5887722
0.6117144
0.67784244
0.8614469
0.89757377
0.8860482
0.37844843
0.16962104
0.11051098
0.6121487
0.5850131
0.5891981
0.60526943
0.5825536
0.5846186
0.5919199
0.5629407
0.11527406
0.0784606
0.08838612
0.68475324
0.7427338
0.8273719
0.6538468
0.11381918
0.0746678
0.085403726
0.6410152
0.76172745
0.7267723
0.7267897
0.72011846
0.68027824
0.64675117
0.5567995
0.13490461
0.10636594
0.13220632
0.6299483
0.79181397
0.8706569
0.84294903
0.6593849
0.2607596
0.16316389
0.16220085
0.42313874
0.17495741
0.5844706
0.6553805
0.6652912
0.1229946
0.1901099
0.2630453
0.3307544
0.30271482
0.18751335
0.52544034
0.49031267
0.5
0.16718692
0.252434
0.3288344
0.6233573
0.16449293
0.11893634
0.39727592
0.3665819
0.25806212
0.28739905
0.6115113
0.4622609
0.53961134
0.57763886
0.23593096
0.29508498
0.2732036
0.3202717
0.6200953
0.43326044
0.49827197
0.5927063
0.38713074
0.34047395
0.32672194
0.32827735
0.26063564
0.31621757
0.33061576
0.5
0.31959423
0.22177194
0.31092542
0.27530593
0.2725215
0.26158726
0.2167215
0.2798046
0.5729814
0.78951484
0.87227684
0.8519583
0.6724542
0.39366648
0.26351833
0.26914722
0.26482153
0.568566
0.51767457
0.6001765
0.36272198
0.37020192
0.21906015
0.32399923
0.4938444
0.30088374
0.22679764
0.36855257
0.2768168
0.321163
0.24439257
0.18712775
0.4762985
0.52674276
0.6357926
0.59772366
0.6493805
0.5340084
0.58489656
0.6928704
0.6976499
0.5420778
0.5
0.606131
0.28168428
0.23096304
0.23743097
0.32450834
0.6081502
0.4322225
0.39965183
0.36039403
0.40810376
0.49403724
0.65215856
0.6646715
0.6874942
0.699007
0.53764766
0.5019327
0.5759208
0.5413991
0.08838422
0.07351283
0.06119468
0.039724052
0.030558197
0.029540408
0.031514514
0.7843997
0.7811896
0.9455797
0.954969
0.91646916
0.88456225
0.8952972
0.040772732
0.030191366
0.041749448
0.05093989
0.062469218
0.120340504
0.23643991
0.8425046
0.87822235
0.24229841
0.15578032
0.095179155
0.07320604
0.08066819
0.14641294
0.08662491
0.56677824
0.14972699
0.6580366
0.6949331
0.122254625
0.070210755
0.06967993
0.04638076
0.056912616
0.80504566
0.7731082
0.8252894
0.8848557
0.8214893
0.7866246
0.0935284
0.08202387
0.12708771
0.0960883
0.11924328
0.6531636
0.14167382
0.15529293
0.25663787
0.28445455
0.72730297
0.80467576
0.43909693
0.28942135
0.7169524
0.65059835
0.5570809
0.5
0.19243933
0.50256485
0.7577449
0.7872755
0.32642436
0.2579581
0.17612238
0.16309091
0.7147221
0.75253534
0.23590505
0.16616803
0.07982895
0.08270194
0.15049674
0.86578023
0.91969895
0.9271464
0.8730563
0.8748898
0.14955196
0.07378642
0.072564505
0.12633632
0.21088263
0.7135161
0.73771065
0.78164303
0.82900524
0.8529888
0.75557834
0.16286108
0.13132077
0.062492985
0.055103038
0.11828706
0.8777772
0.878793
0.93478364
0.9007281
0.9238307
0.22504155
0.11741169
0.08599687
0.072496295
0.093876325
0.5924897
0.23263678
0.5560695
0.30956808
0.28937683
0.24745092
0.19778974
0.3987519
0.31753874
0.38766152
0.5868286
0.776388
0.8485519
0.80006486
0.6495786
0.58197707
0.6504494
0.5734892
0.64289874
0.5198202
0.5
0.6376652
0.7440703
0.674821
0.61098707
0.14669238
0.14374933
0.14683954
0.10527693
0.07546309
0.07549741
0.7020371
0.12258134
0.1403403
0.100505
0.06629838
0.08399419
0.20431954
0.7902243
0.79046714
0.81788856
0.84009576
0.304322
0.3522869
0.6947682
0.6077258
0.14576161
0.18493003
0.7088168
0.8528844
0.8766917
0.7805373
0.7973813
0.15827577
0.14104874
0.7320412
0.75145185
0.24976647
0.17736231
0.80883795
0.81935996
0.74445313
0.73097295
0.094493225
0.06598411
0.07741983
0.12104928
0.11579557
0.15329167
0.80792034
0.07704226
0.070404336
0.15016136
0.25189945
0.28748327
0.23451528
0.18507893
0.12907404
0.1191329
0.28507313
0.3945142
0.6038203
0.57502466
0.58672285
0.8080904
0.7806615
0.6272193
0.53585285
0.5158578
0.50419086
0.52067524
0.76379806
0.9152158
0.9438986
0.94339246
0.9338196
0.9066815
0.17856547
0.10630583
0.097777344
0.091222316
0.069130205
0.068714716
0.24965565
0.17542723
0.8759887
0.84145397
0.75037944
0.7586821
0.7817566
0.80240726
0.8283814
0.3288805
0.16675724
0.13547781
0.7490967
0.7592344
0.85377645
0.86802965
0.82993954
0.8159681
0.8181207
0.8267072
0.8646397
0.8737631
0.8794458
0.8824869
0.83945066
0.80876005
0.8941303
0.8697227
0.17133607
0.075994484
0.04547416
0.056782484
0.83032656
0.8466129
0.8783458
0.8890478
0.09137538
0.10017017
0.08965714
0.110152274
0.8204883
0.7866095
0.8766881
0.8436989
0.8943119
0.13504814
0.09309552
0.092012405
0.7779872
0.764058
0.779236
0.8363275
0.8935853
0.8603184
0.82193154
0.7730833
0.08902101
0.087714136
0.08148902
0.100646876
0.12518327
0.121175185
0.07709154
0.06746622
0.71594316
0.70471215
0.75144356
0.86229753
0.94713426
0.9673689
