0.8494977
0.7368095
0.715644
0.67984307
0.6724475
0.68156797
0.6760868
0.6842205
0.5986614
0.57497364
0.6441908
0.83591986
0.8818057
0.8604842
0.757751
0.7782307
0.6331522
0.59879166
0.6266704
0.6192471
0.5033602
0.19705962
0.27442354
0.43410152
0.8055651
0.26936123
0.13999403
0.15883018
0.33308664
0.83297
0.8260042
0.7005813
0.29294813
0.68855697
0.6689878
0.6463037
0.58793974
0.21399453
0.70773804
0.6808998
0.7355738
0.14349918
0.09647486
0.100226276
0.1526323
0.13918175
0.1347358
0.14730617
0.7870747
0.5258596
0.24786837
0.28384396
0.3791331
0.38936812
0.4660429
0.78079045
0.70652926
0.7988825
0.7722067
0.8755243
0.87682503
0.34509727
0.11444731
0.089436576
0.13087279
0.32822016
0.9047158
0.302029
0.10480573
0.03443417
0.020517383
0.022962505
0.03923358
0.9288263
0.95815766
0.9674622
0.94620353
0.03856175
0.026249405
0.029979628
0.03688187
0.06376912
0.08725802
0.6253613
0.07098136
0.055003036
0.07209964
0.78654927
0.7937373
0.88194466
0.7259153
0.10495606
0.07465945
0.10692776
0.6712466
0.8414985
0.19293167
0.12701571
0.09191551
0.07535217
0.142423
0.63748616
0.7633248
0.63538796
0.7521301
0.6146764
0.5033704
0.177078
0.13129598
0.17660464
0.34913236
0.5405917
0.52403593
0.5261999
0.23113085
0.17217523
0.1684622
0.18554956
0.18284102
0.16524245
0.12080467
0.10538497
0.5849715
0.1340725
0.15451692
0.17594825
0.76183105
0.7590996
0.7461652
0.70345193
0.6603687
0.6202115
0.5903777
0.64158165
0.7601805
0.83697844
0.83784777
0.20857689
0.3171547
0.27827522
0.872144
0.855505
0.7001386
0.09089567
0.07199979
0.08251123
0.09574097
0.17151794
0.20494176
0.8619187
0.84157795
0.6484059
0.5
0.18643974
0.16475457
0.18139884
0.1739852
0.20402631
0.23809782
0.20952663
0.15516448
0.10737412
0.10337213
0.5676969
0.3094886
0.46359137
0.66726524
0.16498388
0.110492
0.124198504
0.11369751
0.14774002
0.102656364
0.074327156
0.084720254
0.7530093
0.7746328
0.79240704
0.7934349
0.14302225
0.13432904
0.090066805
0.0824562
0.642175
0.65054816
0.6909298
0.7306394
0.7769692
0.82858235
0.8233238
0.7650139
0.13219212
0.08601504
0.106749006
0.7394687
0.823292
0.80124766
0.117532775
0.08518434
0.116380006
0.1771623
0.760628
0.8059535
0.84251446
0.7576065
0.68021846
0.6734817
0.6530635
0.6753014
0.82559955
0.82202506
0.8426362
0.8290037
0.8555983
0.86848706
0.21067305
0.11654855
0.08352366
0.09414862
0.7208353
0.07804742
0.07046012
0.06741889
0.057949044
0.06448079
0.08225279
0.09889063
0.8460059
0.81380314
0.81964934
0.7846358
0.78608185
0.097263046
0.066509634
0.064721055
0.07928313
0.10522078
0.10863913
0.08295656
0.102076516
0.81812966
0.20446008
0.19721574
0.66874266
0.11108723
0.10652853
0.10037361
0.09115427
0.11043193
0.087723464
0.05420909
0.045282315
0.08485371
0.087594494
0.08098237
0.92219514
0.89138824
0.8140435
0.8025605
0.8655506
0.92324746
0.9461313
0.9413745
0.9146457
0.896312
0.117166445
0.10125158
0.07781009
0.053268
0.050594732
0.07118757
0.07952435
0.09859416
0.7539354
0.5181411
0.4897643
0.5
0.4417595
0.4725559
0.62005615
0.54841197
0.5584973
0.5904484
0.74098146
0.8814326
0.91934204
0.91367996
0.87776554
0.73101044
0.1083693
0.06855357
0.052456874
0.043062877
0.038809594
0.058822483
0.86016846
0.91504675
0.93598914
0.1139427
0.05030242
0.0480762
0.072680436
0.124541484
0.22939445
0.41742182
0.18973066
0.09265939
0.071432956
0.059852727
0.67549664
0.699156
0.80780834
0.89258426
0.83018833
0.83710146
0.10807272
0.08517323
0.091574445
0.0675083
0.10047689
0.22273271
0.12952389
0.08367954
0.1238236
0.29737368
0.15315713
0.85185087
0.9401099
0.9580151
0.9416885
0.10536221
0.093209386
0.19235893
0.10424778
0.15592529
0.60721815
0.21925671
0.17748019
0.18561886
0.17197901
0.28542587
0.15136208
0.15621519
0.18787162
0.15242283
0.35628903
0.23895305
0.2144843
0.20649
0.16403137
0.21000296
0.33213183
0.19749872
0.1967959
0.26944187
0.34650263
0.63680214
0.48433363
0.37897912
0.20283979
0.20744722
0.34859714
0.67774546
0.746314
0.48326382
0.17769527
0.14716811
0.26504794
0.17680092
0.110568695
0.08478463
0.176086
0.6469236
0.6903667
0.87097806
0.73277104
0.6894513
0.5630113
0.111306846
0.25574398
0.24238153
0.16610779
0.14034238
0.1609086
0.14962594
0.73890877
0.6866611
0.8757587
0.9207544
0.93010813
0.90520215
0.87601334
0.69905275
0.23082067
0.16952768
0.1504807
0.34533674
0.3532613
0.19369888
0.17667763
0.23707378
0.2328363
0.27625248
0.28092217
0.36189374
0.5782998
0.41109586
0.47305194
0.5507677
0.708543
0.7042395
0.59521884
0.28080878
0.19557889
0.20016024
0.48347482
0.46479493
0.48089683
0.21377401
0.17399803
0.16549918
0.4858562
0.53522813
0.6406071
0.57863086
0.6136671
0.7138411
0.71111643
0.7787999
0.656787
0.19901447
0.11367535
0.118532315
0.09843575
0.7000671
0.75845677
0.11040215
0.09448533
0.13363713
0.12334119
0.82600665
0.8875307
0.13175674
0.09182659
0.06677413
0.0664416
0.8336776
0.9052849
0.08897118
0.035406746
0.030327776
0.042120375
0.14575058
0.93954074
0.96275514
0.9625309
0.90923965
0.07022881
0.036779102
0.030645728
0.0331031
0.07580857
0.8046719
0.6824502
0.11231806
0.12617742
0.65352464
0.14811294
0.16541088
0.710862
0.7828695
0.6342603
0.2710912
0.7263627
0.15180339
0.13752712
0.18267347
0.7958408
0.79282403
0.1287102
0.103896506
0.120388314
0.31597903
0.5923335
0.58920836
0.51676214
0.17431027
0.15146841
0.19956775
0.5955051
0.58670455
0.66166806
0.81604826
0.8332974
0.13009079
0.10584652
0.11095711
0.09384902
0.060835015
0.053148177
0.0613244
0.06562816
0.06531637
0.06882533
0.79686445
0.0673826
0.034845445
0.027695643
0.040015604
0.8428138
0.87845176
0.89292794
0.93296486
0.0627572
0.03485499
0.028450381
0.03367816
0.10708216
0.18623614
0.87963927
0.724893
0.64699537
0.6035261
0.08150296
0.06451915
0.081701666
0.11880405
0.27756822
0.2700129
0.20354152
0.12012551
0.65242195
0.6376846
0.73565334
0.62775534
0.5
0.17596167
0.2138001
0.69944346
0.27556667
0.21696542
0.15671028
0.61857337
0.22476482
0.12904054
0.12918794
0.7573126
0.17203942
0.09479527
0.11996248
0.12551743
0.21771292
0.85821116
0.084960274
0.049574852
0.057759345
0.14588594
0.22042137
0.91116285
0.9292163
0.90966314
0.89715976
0.24026169
0.13995887
0.0936882
0.065648176
0.11206543
0.78683615
0.11316752
0.100487664
0.69359314
0.072670534
0.07288771
0.08430333
0.07145737
0.08641664
0.11123713
0.6656712
0.17221163
0.31371012
0.38384768
0.6720841
0.09958412
0.10195316
0.13428482
0.13866144
0.18973182
0.261553
0.32702464
0.60174155
0.64591753
0.48960528
0.4544362
0.3933799
0.45733652
0.37992868
0.50927484
0.6435981
0.53676367
0.61374575
0.3152355
0.24319439
0.24678849
0.28658125
0.7894838
0.8073411
0.59997785
0.25649083
0.18776411
0.23067163
0.2616424
0.33122316
0.33654362
0.3730798
0.42884487
0.6059717
0.67025805
0.28598714
0.25780904
0.2968175
0.34308878
0.419001
0.23132755
0.21070932
0.17061828
0.15684417
0.18541834
0.17752714
0.1586048
0.18850714
0.48013684
0.32364509
0.3224062
0.45113087
0.5658668
0.7478028
0.51193154
0.36585382
0.23891902
0.1595492
0.15453969
0.26899585
0.63774
0.56337
0.70450366
0.57043713
0.52710766
0.64838135
0.6847555
0.11910767
0.098701306
0.08392203
0.07047103
0.1027788
0.15484273
0.14741881
0.81113917
0.88933724
0.101789854
0.06066654
0.05500556
0.062423877
0.08347041
0.10375378
0.81116015
0.2109068
0.19162874
0.3444128
0.8563629
0.8313692
0.8444918
0.91419494
0.9184756
0.871163
0.72367233
0.6545226
0.6382765
0.6372849
0.66945904
0.7511054
0.72785944
0.73466986
0.8279151
0.7531694
0.8534695
0.34963304
0.3188765
0.44564298
0.83908415
0.158645
0.120146036
0.59968156
0.07604202
0.07761384
0.073913336
0.13268793
0.7793666
0.85543317
0.10515224
0.09012102
0.11823243
0.11915416
0.10159836
0.11615678
0.17042243
0.8409284
0.7686062
0.87398255
0.905159
0.90018183
0.79160815
0.71824133
0.72874784
0.725305
0.6960575
0.60662264
0.13368645
0.12223715
0.11218165
0.6684245
0.10715303
0.075363845
0.086986065
0.069161095
0.043443188
0.75320363
0.72545165
0.8429893
0.92111266
0.9627367
0.9595294
0.9271239
0.8696803
0.09152186
0.10375
0.09917073
0.08386843
0.16763608
0.73662716
0.10214296
0.07624501
0.103497915
0.61666316
0.17746855
0.13397337
0.081750505
0.050706156
0.06389068
0.83535546
0.86169
0.8683613
0.837476
0.07767683
0.07292632
0.09046855
0.14860858
0.26304707
0.8386406
0.8778853
0.88187414
0.48669142
0.2625564
0.59492224
0.13324676
0.09244617
0.107935905
0.24533467
0.81137866
0.7990096
0.7638942
0.22978358
0.21593483
0.15443477
0.61329174
0.69848305
0.71264774
0.7082063
0.7201464
0.7437759
0.78687716
0.80261475
0.75268596
0.62073135
0.12426914
0.1282916
0.14633232
0.6490566
0.105399966
0.10585406
0.10617604
0.10953352
0.14042214
0.1574086
0.17658904
0.15522045
0.11438808
0.08348946
0.7075086
0.75356704
0.66667414
0.5890648
0.5495272
0.5470966
0.6678107
0.8114919
0.866972
0.84948534
0.7516323
0.61686367
0.18558176
0.14019053
0.12191881
0.13609287
0.556504
0.5682018
0.6518988
0.5311216
0.485477
0.2725582
0.23232408
0.23464338
0.37238374
0.6631426
0.7707309
0.7804323
0.7591229
0.6763077
0.42906764
0.48046854
0.34268573
0.27567232
0.17821006
0.1773726
0.21750802
0.29438335
0.42978638
0.72660184
0.89268214
0.8769738
0.7824181
0.7375775
0.52126133
0.34033534
0.24061966
0.14850126
0.12775691
0.32303503
0.25234458
0.27525648
0.2935447
0.40404347
0.6452267
0.8450346
0.88406795
0.6253609
0.3813978
0.22805
0.12510905
0.08297656
0.083036795
0.62779975
0.112351865
0.12383794
0.14941168
0.2672203
0.90488523
0.9060047
0.8572967
0.85135365
0.839189
0.8369336
0.7954922
0.7080069
0.73353845
0.096682765
0.08766336
0.10157312
0.09702542
0.076407745
0.093660854
0.09144016
0.14425872
0.1727189
0.12694457
0.27864176
0.2858546
0.41241544
0.80951476
0.8824236
0.87436694
0.555529
0.5505992
0.49557352
0.2566573
0.22384407
0.31292832
0.20896722
0.16208713
0.13125111
0.62975055
0.7965852
0.28127822
0.19313982
0.14157784
0.6989158
0.8857486
0.92702144
0.9201181
0.83565474
0.9233131
0.8880424
0.1880997
0.09030916
0.07789116
0.6403475
0.6524816
0.8213308
0.57676387
0.22428113
0.2995053
0.43163046
0.79663926
0.64103353
0.68669707
0.8256478
0.7670292
0.32965145
0.3825394
0.3582595
0.21726467
0.15539683
0.10080944
0.07189754
0.07182873
0.64904326
0.112724036
0.11728063
0.17613034
0.72536176
0.86035204
0.11561059
0.06460569
0.07737517
0.22147557
0.88819176
0.92522633
0.8678088
0.6895336
0.6779018
0.70042735
0.7566175
0.8352926
0.74429333
0.655035
0.13793048
0.11308209
0.13840924
0.6158105
0.24261001
0.5952622
0.82584643
0.35487238
0.1558271
0.1334793
0.54818624
0.12929648
0.14565335
0.54258174
0.1996817
0.26946527
0.26831323
0.2426053
0.28114963
0.3405818
0.7659621
0.6417855
0.593852
0.104270004
0.06958738
0.053492367
0.05795731
0.7446017
0.71984506
0.86316913
0.76959735
0.8448338
0.9194452
0.9324764
0.88809264
0.090156935
0.052226182
0.050893925
0.35162747
0.85918534
0.92330104
0.9103195
0.63016963
0.12225018
0.066714436
0.062425774
0.114606
0.105691746
0.1247113
0.169793
0.3949291
0.6880204
0.24414916
0.24098258
0.27411097
0.26846427
0.58372086
0.6113142
0.24767023
0.27641848
0.30098432
0.61307186
0.8708765
0.878766
0.3929118
0.17844346
0.12056162
0.3796723
0.46180156
0.90564555
0.86810696
0.7463746
0.7075686
0.6043587
0.5661172
0.6042584
0.6607017
0.7297239
0.23091038
0.14405039
0.13954082
0.17071675
0.32715553
0.8288793
0.7956603
0.6668493
0.40223894
0.42400756
0.3029956
0.2823486
0.5253022
0.36199388
0.34728542
0.36717686
0.59891313
0.8379804
0.804644
0.40358898
0.2528485
0.18290453
0.19000316
0.18315259
0.18675105
0.60036325
0.86359495
0.92757255
0.9250132
0.8527121
0.5097986
0.29457706
0.20783144
0.1816973
0.29409444
0.44266123
0.25613883
0.17076702
0.20046607
0.4306482
0.57801676
0.86578
0.8826337
0.7043954
0.28982577
0.17889707
0.3137226
0.2292827
0.2692359
0.48270267
0.5551324
0.73286045
0.3143101
0.3588859
0.31580374
0.15916099
0.079119295
0.07332177
0.23100567
0.81049
0.7118256
0.68886137
0.7168388
0.835592
0.39253557
0.09832746
0.06466548
0.10218028
0.1321703
0.19582494
0.23634246
0.21654196
0.20490785
0.16850075
0.12187999
0.49662536
0.12062462
0.09633779
0.55889356
0.19097143
0.62727505
0.19023737
0.07296208
0.043775193
0.043754
0.07546354
0.17724717
0.86671084
0.9137144
0.8761275
0.8150298
0.74236286
0.70690286
0.15780051
0.09942549
0.08159207
0.069909
0.060539097
0.07842912
0.6339055
0.6457852
0.59017116
0.26456553
0.5222984
0.16344789
0.14508197
0.5428512
0.2703544
0.36088157
0.23831029
0.22524992
0.23918283
0.25379583
0.19605741
0.16694967
0.18130912
0.15469404
0.17438067
0.46528864
0.48318458
0.5014082
0.62896436
0.7411497
0.7124326
0.53168374
0.40385398
0.35075742
0.3837488
0.45310324
0.33944744
0.2942638
0.28903866
0.43646002
0.33236027
0.3032727
0.28739777
0.27964115
0.41167352
0.30545977
0.31615144
0.29384884
0.27021512
0.3219305
0.44551682
0.49696767
0.6710982
0.8358945
0.84786147
0.40946153
0.23643214
0.24598336
0.41451243
0.80232906
0.42663014
0.3374919
0.8409406
0.8232266
0.7219005
0.7769317
0.8430725
0.8161432
0.21918707
0.29103482
0.19268553
0.13824286
0.116656825
0.14380808
0.14721395
0.119724974
0.11288535
0.112289295
0.15531929
0.67663217
0.8627162
0.46996814
0.3730904
0.46318623
0.8066456
0.7584417
0.77274424
0.7100794
0.671939
0.68255246
0.71815526
0.7256619
0.7324239
0.736864
0.63074404
0.14956874
0.11847593
0.13347492
0.56519526
0.18601465
0.20346986
0.15675016
0.11306245
0.121548295
0.58156264
0.6916812
0.34418127
0.2973098
0.23473792
0.17955808
0.1900796
0.2529195
0.51974213
0.7358627
0.6411276
0.5905911
0.639631
0.39849427
0.19128108
0.16211751
0.1546633
0.29039502
0.68139654
0.5761534
0.29363146
0.20334044
0.20653985
0.70097774
0.8261674
0.8201349
0.6009311
0.16239302
0.16118388
0.68534344
0.8077267
0.77863437
0.7363708
0.5909756
0.18237542
0.1711945
0.6085444
0.5276914
0.16868147
0.2658184
0.41567725
0.6571707
0.14054002
0.12419883
0.13490596
0.088199206
0.09037674
0.73214865
0.77629954
0.7990529
0.7790279
0.19392692
0.1814453
0.11552161
0.12087586
0.15794224
0.23393117
0.4155901
0.46251523
0.72381425
0.35623515
0.3114943
0.28665373
0.6348749
0.6608468
0.27095765
0.25167176
0.21210478
0.18013114
0.62519264
0.6679099
0.6678723
0.65306216
0.64196163
0.6506373
0.6962938
0.67247987
0.62383646
0.62307996
0.5768698
0.16215885
0.12146324
0.11357931
0.09074617
0.73839206
0.83049285
0.88612896
0.8523915
0.8553849
0.7325123
0.5354722
0.1213256
0.27437714
0.16914405
0.22746699
0.6985343
0.8159755
0.80940485
0.6424179
0.18050161
0.124082565
0.10510571
0.59188765
0.6269644
0.72945493
0.6353589
0.64076036
0.69585615
0.8168647
0.6911445
0.15121982
0.124042764
0.13120933
0.68308777
0.10711981
0.052556667
0.03511009
0.027163673
0.040294725
0.051773977
0.9150516
0.8435003
0.94105124
0.9658499
0.9619318
0.9503014
0.08931084
0.08960413
0.04420885
0.03097922
0.051153257
0.07752871
0.71917653
0.7357773
0.12348482
0.093087465
0.09098241
0.2636369
0.75548255
0.6162672
0.14060427
0.13109902
0.19577478
0.583747
0.48057467
0.5626163
0.48403186
0.7704619
0.1437375
0.10026352
0.11776635
0.27882832
0.69572484
0.105094776
0.12963565
0.06865639
0.10926592
0.7837917
0.8315767
0.87443537
0.81384254
0.7929302
0.08375561
0.06382543
0.07354492
0.087991096
0.11352834
0.117588684
0.098334394
0.14893296
0.5117453
0.22962476
0.33090043
0.31456086
0.22036254
0.8162389
0.1531781
0.07998729
0.061690103
0.05804114
0.06888954
0.61681837
0.21014063
0.83506703
0.1041061
0.07885984
0.07726701
0.10401705
0.08262016
0.121511236
0.85932213
0.7617856
0.77891916
0.7196121
0.12137868
0.12294968
0.69954556
0.08527927
0.078685135
0.0793221
0.07566977
0.12603323
0.8088825
0.08085849
0.0681661
0.06729668
0.07087049
0.079898454
0.10488625
0.14018294
0.18995208
0.20804515
0.6844984
0.63815534
0.566885
0.49612525
0.18926094
0.17205551
0.15733445
0.27112132
0.6352959
0.8152545
0.8007575
0.57128125
0.49058285
0.38532427
0.40416193
0.47657478
0.67499554
0.73479605
0.68337566
0.7984244
0.5814295
0.18105145
0.18264666
0.17642005
0.60580945
0.7988924
0.76404184
0.8004324
0.63539517
0.26528126
0.15227997
0.12394814
0.5058157
0.4942161
0.50278205
0.5418846
0.56367046
0.12100367
0.14786284
0.1444023
0.26576942
0.85620934
0.08186689
0.058843993
0.08570067
0.045370914
0.0397282
0.051346462
0.084973924
0.90562356
0.957027
0.9592902
0.11742924
0.041646313
0.026646446
0.023052529
0.02299834
0.035835464
0.8337212
0.8270279
0.8410169
0.7927146
0.06198818
0.046252634
0.043259222
0.06718533
0.13258186
0.19947511
0.9284691
0.9334213
0.84999555
0.2623268
0.088588536
0.05806434
0.061869446
0.6061689
0.20030329
0.75037384
0.7395392
0.111526415
0.11663255
0.10070119
0.7113975
0.08103385
0.06733377
0.06938197
0.0919942
0.08014215
0.7461119
0.8694671
0.09710829
0.05673109
0.06425331
0.7610166
0.83472615
0.8869689
0.88112855
0.924704
0.086231224
0.053463046
0.06899346
0.81323844
0.8962904
0.076414205
0.063184544
0.06441544
0.10440359
0.13585211
0.86886865
0.08487102
0.05058735
0.06219846
0.7579541
0.046716865
0.029701358
0.025791511
0.036257498
0.05781955
0.87768364
0.88907206
0.8893913
0.11715846
0.09542326
0.05244719
0.044145286
0.05016958
0.077383906
0.06774025
0.05428856
0.085681364
0.10190235
0.3376522
0.61122054
0.14277793
0.19451861
0.19565429
0.24284635
0.79627633
0.40687028
0.31849772
0.43456283
0.80446315
0.76390153
0.5
0.49351293
0.4559271
0.57267886
0.61136246
0.61731595
0.45310745
0.30276838
0.32259643
0.58372575
0.6909586
0.43658346
0.36360946
0.17492048
0.17432746
0.25624585
0.47447428
0.84938526
0.6313062
0.43504894
0.47730786
0.26655382
0.18999305
0.13611053
0.117193446
0.12927388
0.119860075
0.12365715
0.09782505
0.20490506
0.55674756
0.11318339
0.10545872
0.12170718
0.14562003
0.69107294
0.7808161
0.6460148
0.14726862
0.10788729
0.13239524
0.574991
0.1164073
0.16498101
0.24112095
0.2438802
0.2147006
0.15355033
0.77165616
0.669052
0.51529413
0.17583472
0.61026484
0.6114529
0.08100779
0.06335723
0.07494503
0.11205255
0.75885737
0.87451804
0.9033476
0.6274838
0.08429413
0.06157607
0.086952746
0.17178132
0.8377206
0.8353191
0.21926938
0.6215339
0.6920427
0.82576716
0.1847119
0.16441579
0.1494654
0.119259655
0.10822995
0.41622338
0.67636377
0.08845789
0.073181175
0.10460829
0.67679876
0.36664072
0.1246717
0.094963655
0.07211325
0.07813409
0.083713405
0.072109334
0.06898096
0.16737345
0.8340845
0.92105633
0.9018308
0.8200179
0.7560136
0.091781914
0.11791868
0.324991
0.24782425
0.14077568
0.15183452
0.13739888
0.09178595
0.082692884
0.67263114
0.68477356
0.7010869
0.6873605
0.6570327
0.65269625
0.6092958
0.1401417
0.12734872
0.1986312
0.5801699
0.66586715
0.5621508
0.58490777
0.80730355
0.90010077
0.9241978
0.9138633
0.8582943
0.7449479
0.7020187
0.71327144
0.8074399
0.75421417
0.13574499
0.054272752
0.03864688
0.051265135
0.85960233
0.9331337
0.93662655
0.11152252
0.05178402
0.03440803
0.07499481
0.5921737
0.71648157
0.88579184
0.9016587
0.51868266
0.6435481
0.107293025
0.1132905
0.08509679
0.1092315
0.103725396
0.18552
0.1617746
0.20188272
0.18650448
0.14925735
0.16272703
0.17607439
0.42591146
0.5126278
0.7378261
0.445185
0.24097887
0.15083882
0.15775737
0.26160058
0.25674418
0.30006492
0.37474766
0.42622957
0.20838167
0.1949501
0.26251107
0.334949
0.19697829
0.20545009
0.5302997
0.6761014
0.5947175
0.57341754
0.5712474
0.65911394
0.7177821
0.6576879
0.2882267
0.24801528
0.08403516
0.055083703
0.16105932
0.12706918
0.8267786
0.8993124
0.80573225
0.7337279
0.071255356
0.07313287
0.085563175
0.10802256
0.14891267
0.1736267
0.22302057
0.1525698
0.09244396
0.08884047
0.1263381
0.7526978
0.80999047
0.35085848
0.22091402
0.119645685
0.08276533
0.118528396
0.22528265
0.7468538
0.69617635
0.61992747
0.08824666
0.06155266
0.08894806
0.23922817
0.8869752
0.90678275
0.86671627
0.650957
0.084962636
0.09548228
0.12160968
0.19012561
0.63665515
0.4439445
0.2576972
0.521741
0.124541014
0.119193085
0.33184412
0.6123827
0.5798205
0.53009003
0.5499444
0.50157565
0.16076435
0.10247812
0.08406849
0.5523572
0.24282616
0.34710607
0.76732975
0.7588694
0.86433333
0.81476
0.12748577
0.07610694
0.100805126
0.09908045
0.16399495
0.23223609
0.7871569
0.6917742
0.66076756
0.09956738
0.059695538
0.0644239
0.081188865
0.10297911
0.06501972
0.07760034
0.11547873
0.061151467
0.06558122
0.75401
0.7933029
0.83995134
0.90191144
0.8600132
0.90624934
0.22011574
0.10872932
0.15806428
0.26484257
0.7159222
0.09008291
0.09831601
0.11377881
0.08087712
0.0575587
0.06402302
0.6781005
0.66187716
0.7232165
0.7803752
0.5
0.21692829
0.14824864
0.12720291
0.16534027
0.42595991
0.44623682
0.6188547
0.74226516
0.61851835
0.32209176
0.24855962
0.20672952
0.20436187
0.21208976
0.26185605
0.37949562
0.67741615
0.63384485
0.5
0.5754392
0.34880123
0.22259335
0.32724276
0.17694277
0.15554973
0.5874453
0.57425815
0.5
0.19634895
0.16058162
0.20639114
0.4649026
0.8617876
0.8753262
0.30540338
0.19790228
0.16660948
0.089685105
0.07462196
0.6756901
0.66570187
0.6659198
0.60071784
0.10391486
0.11004136
0.38010326
0.34618235
0.46579865
0.48235032
0.33554488
0.24578215
0.24826941
0.18187891
0.24378324
0.42274094
0.32710016
0.36331424
0.421362
0.6676445
0.7919377
0.7730405
0.60878736
0.6066292
0.48258957
0.29547232
0.27036738
0.21349344
0.19872406
0.20368648
0.22550124
0.53343034
0.58108956
0.56211483
0.66043144
0.5
0.49668983
0.46563905
0.45553815
0.48160124
0.58038163
0.7054055
0.74636286
0.81179065
0.72223526
0.4766306
0.40565437
0.44969895
0.4950186
0.53765345
0.19346151
0.15377077
0.095513456
0.06674674
0.7965503
0.89484286
0.95486635
0.9348692
0.20312016
0.21183074
0.4817089
0.5918831
0.8912645
0.8409725
0.7344416
0.83035266
0.5087118
0.26531363
0.24025531
0.21510904
0.19803187
0.38686484
0.44225195
0.5621689
0.8218609
0.9446534
0.9246107
