0.5
0.258435
0.14858355
0.11175039
0.14434893
0.23746283
0.23762219
0.3470626
0.354817
0.5300858
0.8071002
0.87854
0.89487714
0.86590046
0.76621807
0.7933001
0.7427968
0.8035811
0.5686109
0.5489021
0.31436443
0.32815763
0.3035944
0.7194914
0.6092395
0.63653004
0.8457806
0.83831483
0.33276775
0.3337863
0.18153723
0.13112976
0.59808564
0.65261316
0.86829126
0.85005975
0.1262548
0.08073008
0.11792404
0.10892197
0.6543943
0.7359827
0.886552
0.8608569
0.9334329
0.9313902
0.84561753
0.15640533
0.07101461
0.10858407
0.12172013
0.8762169
0.93379664
0.9498927
0.9296624
0.25146836
0.3025963
0.28478134
0.29511243
0.7858765
0.6445321
0.6867493
0.8624964
0.52382714
0.43429804
0.26105037
0.6301217
0.07868628
0.09592037
0.06697737
0.06244692
0.090099595
0.9021452
0.8453578
0.9334393
0.098422684
0.045072846
0.036358118
0.036283568
0.040212538
0.044920042
0.044980202
0.04478607
0.042052504
0.04964238
0.74257624
0.068175696
0.053621028
0.08422476
0.92524886
0.9655132
0.9728925
0.963955
0.1356265
0.023856066
0.01631519
0.026578126
0.94447756
0.97836965
0.9799809
0.96606
0.89663684
0.025316775
0.016771968
0.01586563
0.019657988
0.02313581
0.034428217
0.06031477
0.85060614
0.8212414
0.10274482
0.09618466
0.8545882
0.80338037
0.057673164
0.03641168
0.031126533
0.036854137
0.04360595
0.044856686
0.051937632
0.086622134
0.7682147
0.06514645
0.055201314
0.0636238
0.055976436
0.0707943
0.09044649
0.13065876
0.20433818
0.77976424
0.38632205
0.51988095
0.13556254
0.18959863
0.2538777
0.36649632
0.8429941
0.34217277
0.15437023
0.13062845
0.75907284
0.25651762
0.14972776
0.58166045
0.09642387
0.10839128
0.23748682
0.33710447
0.8298889
0.13373838
0.10582815
0.121197134
0.8076758
0.84176683
0.80571866
0.7093417
0.6645583
0.59541774
0.12353641
0.14784268
0.1299051
0.7232713
0.11150317
0.10100814
0.10129194
0.13197199
0.74034584
0.18549281
0.33737203
0.6505113
0.102665104
0.16556656
0.24138351
0.86479396
0.87346333
0.253956
0.17908174
0.14771537
0.15178524
0.5345275
0.49255434
0.8656154
0.8392492
0.8779572
0.8487599
0.8874785
0.86054254
0.19702616
0.15702459
0.20684955
0.11737054
0.09722726
0.65816194
0.7110966
0.7426478
0.26923302
0.1211618
0.100801535
0.5991261
0.14313595
0.19456069
0.7964471
0.49512827
0.3508807
0.86459833
0.07661945
0.039297115
0.034736913
0.039140344
0.06611673
0.85538983
0.051135648
0.054354597
0.15543553
0.9604575
0.9736902
0.9666622
0.15710011
0.04429673
0.03332286
0.033659477
0.0489844
0.049872976
0.051014572
0.057701983
0.59512955
0.11744983
0.20295182
0.8606164
0.10595468
0.09481274
0.70376253
0.074128315
0.07151371
0.057978787
0.09045934
0.093022615
0.076751076
0.119572625
0.122463524
0.60597694
0.6246867
0.4205014
0.17661937
0.17683811
0.24247998
0.27730247
0.13976753
0.12982446
0.19102046
0.51262057
0.5326963
0.17740867
0.18055257
0.21927054
0.62910587
0.6671348
0.5835821
0.100390725
0.06419619
0.06392541
0.06592332
0.08718492
0.72929436
0.7668562
0.10629941
0.089055285
0.044182595
0.023806183
0.029548844
0.030352551
0.02984546
0.07214641
0.9610585
0.96807253
0.9772987
0.96186465
0.90776646
0.92249686
0.042817514
0.020361338
0.018007403
0.01831711
0.024276074
0.038706
0.06334777
0.11249924
0.95126796
0.9405552
0.17601283
0.073748656
0.058128998
0.05790807
0.08593438
0.64366484
0.10994758
0.09914451
0.090739176
0.14224406
0.27686536
0.43584087
0.81052
0.81478006
0.26596096
0.18857543
0.24912398
0.2372484
0.15924908
0.2853644
0.6757733
0.67930627
0.6575277
0.6264703
0.14487675
0.16848871
0.10343521
0.09405626
0.13852598
0.79794765
0.7595082
0.90227365
0.9123284
0.39927503
0.16659705
0.5644603
0.091717325
0.10374747
0.5835699
0.14982411
0.18237557
0.3633512
0.8294957
0.22140066
0.07800547
0.069538265
0.1174271
0.84752804
0.84872097
0.8686587
0.77522117
0.09311463
0.08518521
0.12356354
0.29423827
0.8342082
0.23964031
0.18124871
0.36709052
0.6704652
0.1437549
0.15209424
0.55383646
0.11858718
0.20184885
0.5300341
0.5771483
0.74615216
0.83568555
0.7610034
0.6046333
0.5
0.15355745
0.3556751
0.56194395
0.14720514
0.13528247
0.12886223
0.6295599
0.5984754
0.14258298
0.12369828
0.1405717
0.1614801
0.19865799
0.28966147
0.8364469
0.65269834
0.2332098
0.21178624
0.2090679
0.6613244
0.093845926
0.08592412
0.047450893
0.027535876
0.023452718
0.025200034
0.027615739
0.044961073
0.21708854
0.94208086
0.9080834
0.8744388
0.84581673
0.12475704
0.06308369
0.055084206
0.0582136
0.059083592
0.05375147
0.061927594
0.07618451
0.10408804
0.58051485
0.51050234
0.569409
0.5935925
0.7526281
0.582335
0.11940316
0.092723995
0.08858409
0.69919276
0.27596876
0.13471797
0.059770472
0.03466168
0.030933753
0.035728164
0.07170046
0.8932209
0.8132504
0.9546745
0.9506386
0.9137307
0.8590068
0.8223337
0.77994007
0.12481572
0.052025627
0.035394143
0.03578476
0.04412725
0.06213368
0.067921534
0.077898465
0.07657826
0.17194444
0.78686196
0.78940445
0.6424468
0.5852241
0.5676553
0.6549618
0.59660697
0.3883495
0.29341596
0.2513869
0.2574568
0.3721761
0.29738337
0.30450144
0.35609546
0.4553027
0.8668371
0.9041736
0.8922742
0.77107555
0.53164506
0.5013243
0.55966544
0.6733306
0.56886464
0.5
0.43920162
0.4372465
0.48954153
0.5034693
0.73711824
0.14991191
0.09764439
0.08172647
0.12022928
0.2325941
0.801334
0.69579357
0.74978733
0.7852937
0.7013793
0.75203294
0.84055066
0.293702
0.17050855
0.117792316
0.07406976
0.095771395
0.58589923
0.5679159
0.50339514
0.5355002
0.52178687
0.1825949
0.30790025
0.25742757
0.37954095
0.37481913
0.6063503
0.6154844
0.6883526
0.74834514
0.78406924
0.81513244
0.76983374
0.7854899
0.32604265
0.25100395
0.19551535
0.1910201
0.21660334
0.6353921
0.52433956
0.56486255
0.7610266
0.8286956
0.76746297
0.86989
0.8905992
0.8820198
0.8433667
0.8150687
0.80585957
0.83379275
0.82103765
0.8297558
0.8689786
0.8691917
0.8324025
0.83749574
0.80228496
0.8102893
0.8493623
0.8067398
0.14890355
0.1257154
0.11078137
0.090859175
0.09725431
0.09844069
0.06540486
0.066858
0.09027438
0.088735715
0.08345051
0.7316421
0.12870206
0.201707
0.8336464
0.08978315
0.09509763
0.09087339
0.07877683
0.08769208
0.7186779
0.7848299
0.13213924
0.15240386
0.7460629
0.069888696
0.05882226
0.07805865
0.8238942
0.08816963
0.03181594
0.023970746
0.025917636
0.057063825
0.9509368
0.97239393
0.9748701
0.94626033
0.05071932
0.03240951
0.030643214
0.035028998
0.071038164
0.7733266
0.07851055
0.06984803
0.09082865
0.8530416
0.12489515
0.12634876
0.8456256
0.073936276
0.058555525
0.06554187
0.068656795
0.11749898
0.8475622
0.11210041
0.08337698
0.6572491
0.11524355
0.22845642
0.29733118
0.89163107
0.8539635
0.9037985
0.8820624
0.9165422
0.90813804
0.88004214
0.7568131
0.10085444
0.07412416
0.07659931
0.06672757
0.05646766
0.07415057
0.11786459
0.14366291
0.8108533
0.8618791
0.09513509
0.06335092
0.077184185
0.08641446
0.81385416
0.8936189
0.8736093
0.11770478
0.17022382
0.15657294
0.06878218
0.049288653
0.049670618
0.060984354
0.13141422
0.10869593
0.7815347
0.75700045
0.7875721
0.88721997
0.9035325
0.13072954
0.064690955
0.05497602
0.058793668
0.089930475
0.7460784
0.11068409
0.07954797
0.6317431
0.13212207
0.26212955
0.91931444
0.9482052
0.95232415
0.8597697
0.11918528
0.09243725
0.6583112
0.08512688
0.09743648
0.6546247
0.07145696
0.05598786
0.054198433
0.052047018
0.05898555
0.6961549
0.7412919
0.7849326
0.85331285
0.77973706
0.13917877
0.10899583
0.07524552
0.098751284
0.797856
0.84323967
0.80338484
0.79216856
0.781773
0.7757944
0.77252066
0.105810374
0.10810053
0.17071258
0.22632161
0.29914588
0.79611665
0.7193177
0.26469323
0.24452843
0.17870481
0.14185941
0.14213511
0.13688542
0.20696644
0.17746927
0.20744456
0.42750493
0.3638487
0.42438543
0.6312147
0.79413724
0.8979168
0.9070306
0.8453369
0.35593075
0.258992
0.22663906
0.22387269
0.17349377
0.16149992
0.27503762
0.49205923
0.25219384
0.2339279
0.3586542
0.7843763
0.30978522
0.27066362
0.8143204
0.20820959
0.11596698
0.072269514
0.079642095
0.6723083
0.08507674
0.060989514
0.067248486
0.14783187
0.6538031
0.8578739
0.73202837
0.74991435
0.7272176
0.62589437
0.08934925
0.053473502
0.04330333
0.08842607
0.11687533
0.78645724
0.90456253
0.96839553
0.9724749
0.9618225
0.06988961
0.026754472
0.019912276
0.021363806
0.028705725
0.86290866
0.9190236
0.72190523
0.7020938
0.79175293
0.9104637
0.8564031
0.95517224
0.94077855
0.8430194
0.8164259
0.04889983
0.033333573
0.043233555
0.0702744
0.10530691
0.9090107
0.07640206
0.030658275
0.025336837
0.02876501
0.0450918
0.07211332
0.07423857
0.86595035
0.9690577
0.97295797
0.9651683
0.07690564
0.05297003
0.022996519
0.020146502
0.03007933
0.8164444
0.83780205
0.9395558
0.07679589
0.027319863
0.019793235
0.022959933
0.91294265
0.8949239
0.9765512
0.95834804
0.96104467
0.075422846
0.13440321
0.1428308
0.09360861
0.936167
0.9365525
0.15353581
0.050812498
0.038790774
0.042796113
0.054683458
0.065239124
0.07346191
0.11246813
0.12767507
0.08041123
0.06934721
0.08630072
0.75792515
0.7817343
0.7216295
0.72485566
0.7895633
0.78608376
0.799739
0.82223916
0.23138042
0.1921596
0.16738795
0.74732554
0.13915664
0.14306355
0.8673438
0.8953161
0.8514213
0.8186313
0.8158837
0.8201981
0.09038165
0.08059561
0.11536111
0.1315858
0.15918301
0.78699005
0.1548396
0.114002526
0.122121945
0.11930761
0.17087974
0.6133227
0.17279993
0.16770282
0.15412675
0.14190224
0.15254897
0.14907409
0.12262182
0.14727117
0.17571345
0.14855398
0.16630404
0.1759667
0.14691266
0.55896765
0.55141133
0.56905264
0.6440606
0.7436332
0.8607429
0.944254
0.9592511
