0.85312194
0.7989504
0.7889203
0.818191
0.7778448
0.668417
0.79894376
0.65571254
0.32849497
0.30336812
0.20991841
0.23836567
0.70873034
0.63537735
0.57274556
0.5608026
0.6654547
0.65726346
0.6545024
0.6698168
0.7087789
0.7533041
0.776192
0.7809064
0.19340567
0.19664226
0.35478663
0.22795594
0.15221135
0.13498306
0.1416622
0.12753522
0.070448354
0.051083
0.08881215
0.19318058
0.8445
0.8117824
0.7742224
0.7727087
0.12325089
0.06895607
0.064810626
0.075812444
0.13653769
0.16605791
0.19086508
0.22612014
0.8340487
0.7964811
0.74143153
0.75357324
0.77156806
0.23357885
0.18531874
0.12326925
0.08430528
0.087006405
0.0647411
0.024692908
0.018867008
0.021461956
0.032467823
0.90846324
0.9227329
0.95821613
0.9423384
0.9154833
0.9170782
0.06957604
0.030456698
0.021065155
0.020022025
0.030474816
0.040922206
0.05104028
0.06885046
0.09010152
0.1776274
0.8224492
0.8386503
0.20131584
0.10113352
0.061895385
0.068954594
0.17138742
0.8654631
0.9029701
0.8249679
0.8219154
0.6620496
0.5585377
0.13145758
0.098706946
0.08638995
0.5749991
0.2913205
0.48776776
0.8071875
0.29432738
0.26718304
0.4114026
0.5
0.41740113
0.5137758
0.57194275
0.6516827
0.26036647
0.23352703
0.24234803
0.55912477
0.7745177
0.5042926
0.40564746
0.4319348
0.2716044
0.2790141
0.62647724
0.5
0.5506185
0.5761462
0.51923907
0.17856534
0.1582255
0.12849182
0.119625874
0.25226855
0.21810566
0.7091051
0.17911322
0.48371756
0.5143771
0.5258354
0.58494073
0.66159755
0.70409065
0.7526836
0.7695943
0.81450397
0.11414595
0.08616775
0.09443116
0.09870917
0.0988099
0.11146909
0.10549197
0.57314724
0.5183407
0.1523508
0.11812103
0.1124538
0.13543196
0.14393349
0.12873137
0.8111691
0.7623633
0.6849436
0.6007718
0.30212292
0.76172066
0.46854684
0.46219704
0.41141254
0.35495943
0.41768408
0.7976414
0.69522405
0.7951462
0.8482156
0.8705064
0.87014943
0.8230488
0.5702542
0.57930696
0.6003111
0.17799662
0.13585366
0.15066716
0.15710175
0.62667584
0.6875362
0.7411955
0.61245054
0.16294584
0.17207448
0.2923455
0.7448768
0.86959743
0.8888155
0.86225986
0.75926423
0.6775776
0.18987659
0.122902915
0.6372583
0.06728117
0.054779552
0.07114364
0.72836727
0.8412489
0.91071254
0.8174434
0.68503004
0.09868909
0.07152805
0.07987128
0.13849522
0.18472263
0.82559854
0.81745356
0.79104656
0.7611011
0.76242316
0.25130647
0.1631122
0.14903416
0.64912313
0.65001816
0.6876484
0.7204725
0.7376405
0.68495166
0.59040016
0.14545728
0.14245339
0.123268
0.1343256
0.577227
0.24028142
0.22818725
0.5628825
0.63034976
0.6387008
0.5561293
0.5633672
0.68100727
0.8539244
0.8721109
0.78808
0.26233834
0.23365416
0.22147076
0.32695624
0.56102407
0.7737418
0.49321586
0.4435089
0.33453363
0.40161234
0.26402044
0.22918892
0.2581362
0.4606709
0.43315926
0.2724207
0.28120208
0.384327
0.36109108
0.18672298
0.17191195
0.20886077
0.30600798
0.37002102
0.17887603
0.17148873
0.21855009
0.28734487
0.1966197
0.27199927
0.41588584
0.6394577
0.70245373
0.59125733
0.17531824
0.14333086
0.18439478
0.23296109
0.14548641
0.09174001
0.067701906
0.057708323
0.0605244
0.0854492
0.13591476
0.17362536
0.75563174
0.7868053
0.79750764
0.80757445
0.84882534
0.081535116
0.082317434
0.09833335
0.10403823
0.08030653
0.082123846
0.7267214
0.043202765
0.028306663
0.030031921
0.059993625
0.17513336
0.9423237
0.9279138
0.88410866
0.10103386
0.054107137
0.044887323
0.0450904
0.04941304
0.062485024
0.0808061
0.07996461
0.09545042
0.11919278
0.1586735
0.66091424
0.10741956
0.08857189
0.11357551
0.6749234
0.09176361
0.0818018
0.10092075
0.13697252
0.744632
0.74960744
0.7798742
0.8274527
0.77968717
0.76591533
0.76896536
0.7615965
0.7711396
0.6944744
0.19710812
0.17879412
0.12376739
0.10377704
0.139814
0.60155946
0.66620576
0.69415545
0.7206353
0.749372
0.7299648
0.660126
0.66255045
0.67471355
0.56724787
0.19495477
0.17413223
0.19709738
0.25733373
0.6768776
0.66554093
0.6419184
0.5635689
0.13387239
0.20827527
0.2513456
0.27702022
0.85979253
0.11376125
0.046291057
0.033252336
0.031408817
0.045507185
0.83036363
0.94720984
0.9531673
0.86277264
0.7959422
0.06807659
0.05949346
0.06273077
0.051925503
0.0656776
0.69054073
0.15747339
0.24503739
0.15429565
0.12583889
0.6519358
0.10291354
0.116316274
0.10363472
0.09514147
0.17185575
0.1494174
0.18135399
0.26159358
0.7518886
0.17819192
0.11877289
0.11100198
0.12235267
0.107635096
0.15927607
0.7259558
0.11453647
0.056966815
0.063543595
0.11346054
0.7922585
0.8129517
0.1611523
0.059002243
0.055827778
0.09321189
0.11042003
0.86188644
0.84958255
0.7383716
0.09017014
0.07639457
0.07869083
0.11500785
0.1435472
0.80818164
0.6562073
0.10623603
0.07244688
0.06251342
0.09220391
0.71181566
0.10245907
0.10939797
0.094274424
0.0866489
0.08332397
0.0949117
0.6695489
0.81739104
0.37820294
0.21410456
0.17191471
0.13896103
0.33070436
0.31841567
0.2784691
0.4225622
0.28949434
0.21173441
0.20491202
0.26252735
0.3170356
0.38536644
0.44252655
0.32197234
0.19033955
0.16844654
0.18134654
0.2337267
0.3172694
0.47049958
0.44748145
0.35967645
0.43327442
0.4561733
0.46075508
0.5
0.5072338
0.5
0.4946278
0.43980733
0.32494548
0.42424348
0.33242318
0.23687045
0.2192781
0.35241434
0.38335612
0.3009401
0.3154161
0.24170151
0.24118383
0.3211351
0.46809945
0.6524793
0.6453459
0.63062096
0.59773743
0.46487454
0.31471273
0.3019543
0.37232912
0.3207924
0.36562344
0.5557484
0.5417162
0.5090374
0.5237764
0.5
0.25179347
0.19546008
0.15953971
0.1407734
0.16874106
0.23683976
0.3267401
0.36330768
0.36893117
0.7203089
0.72692525
0.7240776
0.718414
0.70011896
0.69304234
0.69376814
0.68414485
0.67173886
0.629815
0.6751443
0.70605665
0.70089173
0.274155
0.19102776
0.3711964
0.72660244
0.79578316
0.7638772
0.31193966
0.25801584
0.29624775
0.7045166
0.72124016
0.7805458
0.7860388
0.70916826
0.67453766
0.7472715
0.7603501
0.7794333
0.8006533
0.8063908
0.7649812
0.7656666
0.16398507
0.21252541
0.1654922
0.09968637
0.07720606
0.07688421
0.089929506
0.097250655
0.0878226
0.69533247
0.69600505
0.6949865
0.67736244
0.6300415
0.55332196
0.10314167
0.15338162
0.13925846
0.11346858
0.12527442
0.2770438
0.2212813
0.174293
0.18180336
0.4392303
0.398823
0.39636514
0.47655454
0.33321586
0.38191247
0.5913849
0.67588925
0.5488506
0.4070799
0.20914313
0.15971436
0.18579824
0.33678165
0.39558992
0.5
0.36717132
0.47464076
0.38635865
0.1859539
0.17153448
0.2163536
0.27019328
0.34850526
0.67949724
0.5854104
0.5921657
0.6732479
0.77983063
0.77928424
0.5947933
0.16008103
0.13732156
0.10237567
0.07730498
0.07702211
0.05941436
0.046375364
0.051610723
0.07555503
0.80889857
0.86586285
0.9252842
0.89039433
0.056223072
0.035779107
0.03670479
0.049146578
0.07562821
0.10973539
0.09552613
0.15489522
0.16514172
0.14608164
0.11866308
0.20307165
0.18003824
0.18599595
0.6916185
0.80795413
0.78243136
0.82202685
0.7408762
0.7002945
0.67477226
0.66624886
0.6466789
0.6330093
0.6190016
0.6006999
0.14621098
0.10661072
0.08968277
0.14928523
0.14621948
0.56568474
0.47684824
0.42339367
0.4740799
0.4341303
0.4481365
0.4841913
0.44310182
0.52527416
0.579796
0.57411945
0.22702146
0.3124673
0.5829737
0.11203011
0.12288274
0.10474387
0.08682696
0.6160335
0.56317914
0.60273683
0.77717745
0.88496876
0.91448784
0.418338
0.24762572
0.13233449
0.11151055
0.51449084
0.1185206
0.173445
0.5413479
0.5194213
0.5387764
0.5223227
0.24648538
0.16244791
0.119160265
0.11780284
0.77273387
0.36678264
0.15450202
0.106631964
0.10036815
0.68862796
0.73327017
0.114430495
0.08923741
0.09093537
0.08344995
0.09205816
0.661953
0.10248004
0.14349452
0.21484298
0.23869404
0.2184202
0.76825255
0.715165
0.7057981
0.7067781
0.6631545
0.07516032
0.06449684
0.08960931
0.11202999
0.11550878
0.16492033
0.7908658
0.80957043
0.85774606
0.2649707
0.1661557
0.119766146
0.78689575
0.7974881
0.8062028
0.7671373
0.14754958
0.2365519
0.31749293
0.86243683
0.81311965
0.11786742
0.10456217
0.16482158
0.12636806
0.07358753
0.08418646
0.7652685
0.655886
0.57677174
0.51990956
0.51902586
0.5200791
0.62678975
0.64581734
0.66168976
0.11193259
0.09286851
0.06587524
0.06514769
0.11271751
0.070093416
0.77304214
0.77829194
0.9030966
0.8866169
0.7884261
0.75734574
0.7658052
0.8334481
0.09158059
0.088037804
0.081994034
0.08959093
0.12543176
0.09120318
0.7379991
0.7959939
0.7383192
0.69888455
0.5918394
0.12983078
0.121569455
0.11978157
0.11437457
0.13692985
0.7543733
0.08437888
0.07737006
0.09510413
0.12768829
0.12558228
0.16407925
0.14450082
0.14947441
0.18082194
0.53324074
0.13922681
0.1088272
0.26807132
0.34288067
0.6789619
0.60344356
0.5
0.49075824
0.4935705
0.6156357
0.6292402
0.6380598
0.62170464
0.5468196
0.25550145
0.2019257
0.1831792
0.17875719
0.1912882
0.4447413
0.3617536
0.3968314
0.5
0.39599752
0.32515743
0.33515626
0.47921225
0.53775483
0.5138216
0.3856086
0.31644472
0.33357087
0.47190657
0.6625834
0.72688085
0.5707494
0.3033204
0.26190466
0.28158894
0.2792383
0.13224743
0.14019515
0.1862159
0.27448395
0.5894227
0.5577704
0.3197938
0.6284545
0.22939509
0.27472913
0.5353224
0.57911986
0.7716951
0.7361343
0.21749209
0.14878574
0.44940075
0.21563974
0.5484084
0.581025
0.45909178
0.27508903
0.2071808
0.16252418
0.1248327
0.13742766
0.18106015
0.32960838
0.5663553
0.112724
0.09219117
0.6489964
0.7080788
0.74063575
0.74899274
0.7558251
0.113470845
0.09658626
0.12039377
0.10695196
0.1628217
0.34962195
0.72620285
0.64067507
0.48580295
0.43874422
0.16660269
0.15149994
0.21505332
0.72358555
0.70388705
0.58112425
0.18461114
0.13137168
0.47268683
0.16777046
0.43286705
0.63923156
0.69079566
0.81020296
0.34029934
0.19793276
0.56489295
0.09887773
0.13828601
0.13979977
0.11252569
0.11872022
0.1720826
0.14489898
0.10188935
0.07200502
0.15210757
0.79763186
0.8716511
0.83592176
0.72138304
0.11649936
0.08604338
0.13231342
0.38621515
0.62910736
0.7209625
0.33290187
0.19924869
0.13435754
0.11418601
0.5695652
0.61397815
0.14263289
0.1277466
0.16110218
0.22740246
0.21219972
0.2352607
0.7998487
0.67612255
0.5609144
0.5965321
0.115929745
0.099852316
0.12882411
0.13442728
0.102252625
0.1276186
0.58408463
0.089658566
0.10920616
0.6399027
0.6583667
0.7096389
0.7407165
0.108083986
0.06730476
0.061974153
0.096895546
0.7480783
0.12284287
0.056169648
0.04148117
0.043977052
0.06583948
0.07766362
0.7980596
0.78352565
0.96166193
0.97710365
0.96476007
0.8999548
0.7847712
0.050815627
0.034831848
0.032718852
0.034754883
0.04249506
0.108057216
0.65504223
0.14195815
0.59832174
0.070856124
0.05163943
0.07158657
0.7384031
0.82452446
0.09062402
0.05830018
0.056594566
0.08315262
0.16249233
0.1615
0.1253797
0.23302934
0.7324536
0.30255806
0.33270562
0.37591323
0.7595049
0.31295273
0.19697194
0.23136005
0.5141245
0.20862564
0.81440544
0.8895671
0.891415
0.8061527
0.76822865
0.78962946
0.5585786
0.18513575
0.60841423
0.09846871
0.09069419
0.124256045
0.64038354
0.092488185
0.07961165
0.08691172
0.11639501
0.15701185
0.133822
0.10696339
0.09894748
0.14529833
0.6222917
0.5476831
0.10923218
0.074490435
0.11085659
0.18519074
0.35663846
0.7654627
0.6364587
0.13778216
0.08554003
0.076992474
0.10216317
0.1381594
0.15443783
0.1588557
0.7874822
0.11576337
0.1144957
0.1489648
0.12249729
0.08986481
0.6665825
0.117125496
0.14434399
0.1571424
0.13901103
0.11086273
0.7509435
0.7534622
0.7868724
0.82191926
0.76381236
0.717463
0.11222502
0.07555208
0.09996269
0.72332895
0.67200184
0.6918743
0.7083055
0.6871857
0.110263646
0.078593954
0.095113695
0.70124525
0.7425672
0.80268323
0.80398184
0.094434865
0.06868488
0.08151408
0.09651668
0.06385487
0.05335036
0.061910782
0.07814873
0.095608875
0.0843738
0.8389723
0.7755158
0.7372981
0.7300572
0.17987047
0.17726864
0.23797391
0.19559713
0.13547978
0.14364043
0.20545009
0.7145037
0.69739324
0.71447974
0.8372458
0.2894049
0.12902947
0.08766833
0.038905658
0.02304104
0.026795128
0.79047936
0.8435314
0.955722
0.9655706
0.9477547
0.08361668
0.070437916
0.04659383
0.04381427
0.11201482
0.20829226
0.7428795
0.60311776
0.4683114
0.458199
0.46582597
0.32758304
0.30031514
0.2448616
0.24366853
0.26732638
0.28478438
0.36197576
0.37674096
0.36488536
0.45285267
0.6332068
0.44070113
0.3729487
0.3326846
0.3660131
0.3946992
0.37812003
0.33531052
0.26679873
0.19582558
0.15707488
0.21159077
0.3941518
0.43910506
0.6933929
0.6923401
0.5095658
0.4411265
0.2874826
0.31134278
0.5
0.4978241
0.61142373
0.48981142
0.49139255
0.27299228
0.21723077
0.23377025
0.23784603
0.27753016
0.383927
0.50633377
0.5827967
0.4437355
0.2420592
0.17583777
0.24040887
0.40548158
0.32898414
0.26825923
0.4391011
0.40507787
0.45349845
0.40127486
0.26993865
0.19963808
0.23942013
0.24995176
0.25633913
0.516609
0.6937031
0.6224087
0.5487515
0.6150898
0.49731565
0.4876966
0.4997047
0.5
0.6133275
0.78932244
0.80785686
