0.8890632
0.26670185
0.1740729
0.18537651
0.1796834
0.1474022
0.1210798
0.13371515
0.1766493
0.20547204
0.29743513
0.70324695
0.79676604
0.5777824
0.580572
0.73313844
0.5892358
0.68273604
0.3160685
0.3465908
0.5311312
0.39450273
0.28260714
0.19716804
0.16522115
0.18434884
0.22527333
0.43233347
0.69888276
0.65147847
0.8406226
0.87963617
0.8662986
0.7554039
0.6727796
0.72305304
0.5708807
0.51478773
0.50293165
0.14921902
0.1442931
0.23506925
0.3072511
0.7233258
0.64140654
0.23857059
0.26756474
0.6663207
0.6065306
0.16215646
0.22879396
0.38373202
0.80025095
0.7821362
0.24792367
0.12310041
0.10493863
0.6525967
0.6463347
0.6358317
0.6256736
0.65239334
0.8255336
0.8617019
0.71547276
0.7495982
0.9052505
0.92423415
0.90857226
0.8831752
0.15181153
0.12387188
0.15763974
0.12669224
0.083451934
0.08982117
0.7128373
0.08263596
0.09226279
0.10883516
0.07784292
0.07503161
0.09764286
0.67267686
0.7427285
0.5788363
0.17152964
0.11011035
0.0871506
0.09686378
0.07561998
0.093555085
0.115435205
0.83754367
0.7718828
0.8865988
0.28358868
0.089175865
0.058013674
0.06717499
0.6869254
0.71886796
0.69867885
0.71462226
0.7199706
0.83624226
0.19596201
0.1412944
0.18736026
0.22319707
0.856385
0.71199584
0.6316532
0.09370981
0.10453078
0.14281523
0.11249218
0.100630894
0.084181
0.12688713
0.7623467
0.5816368
0.4179221
0.3767183
0.45618147
0.5124148
0.68680066
0.7522818
0.6601388
0.66924506
0.84156215
0.73394096
0.29886118
0.2451476
0.11329719
0.06726667
0.051471423
0.04731398
0.046297982
0.041134067
0.74426305
0.69120353
0.8225568
0.9010747
0.9388105
0.9461749
0.12812756
0.115013674
0.059024718
0.03680802
0.033254158
0.09239506
0.11904454
0.30205163
0.858849
0.8819722
0.3064354
0.1645321
0.11508167
0.12296875
0.15253362
0.741834
0.3117547
0.41485316
0.32880926
0.58307093
0.12667246
0.11155642
0.110675015
0.30804077
0.563456
0.6953104
0.7302928
0.8068735
0.7529418
0.18839301
0.15801708
0.10975076
0.07954973
0.064218774
0.074261054
0.08036384
0.051405095
0.052611466
0.094294764
0.77573776
0.8474384
0.8121092
0.8840157
0.1721583
0.14006251
0.15103215
0.09769194
0.07060168
0.066191904
0.09678801
0.17237647
0.6668865
0.21133114
0.381697
0.837999
0.68626493
0.08875926
0.05719164
0.06627952
0.7019795
0.9393592
0.95619565
0.93551826
0.07051346
0.04654389
0.052663706
0.7098095
0.8440134
0.12287717
0.111334056
0.6295822
0.089251444
0.06651164
0.08355528
0.6162243
0.11085015
0.13048193
0.109247364
0.15554291
0.2548466
0.79200035
0.7150913
0.824412
0.77676713
0.6670573
0.72896284
0.5167102
0.16185273
0.14140941
0.49813142
0.1396294
0.1610545
0.44691607
0.8179979
0.70280725
0.67664605
0.09399706
0.077860706
0.102452
0.14071898
0.86421
0.8932987
0.30468437
0.48926613
0.87850344
0.14034438
0.11990992
0.05847105
0.052248135
0.06699155
0.84600866
0.72255063
0.7496366
0.7953143
0.8788694
0.8125908
0.7596358
0.7121009
0.080542244
0.06288403
0.079777405
0.10739895
0.24371444
0.8027851
0.16161077
0.1410177
0.69781524
0.81038946
0.16584174
0.14390656
0.21818724
0.13985498
0.60018784
0.5162373
0.5485383
0.5109108
0.5837052
0.12559439
0.13586809
0.07455502
0.08347219
0.25705418
0.75733984
0.7482808
0.873374
0.8150871
0.1369767
0.1276774
0.13497582
0.14080782
0.3080161
0.17971933
0.1303872
0.42055872
0.5365026
0.47533658
0.4440034
0.38704243
0.36541045
0.40615165
0.26145273
0.22322482
0.17134193
0.43192983
0.5902988
0.7752567
0.7363293
0.4281464
0.32823917
0.326055
0.28668216
0.26963294
0.37924975
0.43886253
0.7188825
0.89817965
0.90361124
0.88685304
0.8258365
0.66491103
0.67178315
0.82046986
0.8371947
0.7444673
0.54682827
0.45923266
0.44518742
0.5107969
0.6304852
0.89011866
0.93989205
0.93672055
0.89744437
0.6600012
0.11653711
0.08117958
0.09420404
0.09386428
0.70132333
0.8521028
0.15562999
0.114585534
0.12752034
0.074842386
0.072158925
0.08998551
0.8630467
0.7524795
0.06666969
0.063274935
0.07122644
0.077325866
0.06881494
0.06564682
0.83785814
0.7612753
0.7693311
0.6882543
0.69698066
0.108117685
0.11036806
0.36443424
0.2964851
0.15908894
0.17846628
0.47571018
0.11817739
0.24771982
0.6541815
0.7566911
0.32403287
0.20534636
0.22843145
0.15555379
0.10620507
0.706598
0.73829925
0.83504623
0.72567135
0.56834275
0.2737378
0.7421227
0.34498158
0.20004204
0.12764986
0.11300236
0.6172732
0.6017931
0.1897013
0.30262974
0.6915041
0.6634338
0.63733375
0.23839456
0.18712206
0.143562
0.177698
0.18640625
0.17179684
0.7456124
0.1368078
0.058539167
0.06704066
0.7801063
0.8050405
0.8354306
0.10923997
0.15324575
0.3426109
0.88096124
0.88498414
0.8047674
0.29720306
0.24375616
0.17517042
0.13292736
0.1693935
0.15764602
0.642948
0.59544384
0.6945517
0.6355766
0.5981434
0.08196607
0.066764735
0.088085346
0.14064015
0.25861302
0.35555217
0.8104914
0.40295002
0.18569604
0.1550101
0.17560118
0.17780343
0.26131582
0.23298751
0.2640398
0.710588
0.17384472
0.11893924
0.2448659
0.6772977
0.1665495
0.23135924
0.17942761
0.10030609
0.09090818
0.5803984
0.22875287
0.65333736
0.73881185
0.6961933
0.6649784
0.61479425
0.6344813
0.514141
0.22910108
0.58870655
0.0903206
0.13439912
0.19981468
0.23987606
0.2738814
0.7092985
0.67339605
0.1475436
0.14536442
0.15931982
0.1677287
0.17509966
0.1995348
0.27793512
0.73632723
0.8174002
0.8244569
0.7721984
0.6748058
0.77435035
0.8154174
0.7919754
0.71148413
0.7780206
0.7507211
0.5431192
0.32236502
0.27035534
0.27119663
0.3599009
0.5725511
0.61852574
0.56820697
0.5629335
0.34172854
0.29519135
0.26299578
0.32210755
0.4115902
0.76257104
0.8791991
0.8824732
0.8371978
0.6930494
0.5
0.26416507
0.2348581
0.20168693
0.23767161
0.27802226
0.3184621
0.247501
0.21145332
0.2856017
0.43029618
0.42693573
0.46689013
0.8565868
0.87759155
0.84698147
0.74018747
0.686335
0.8567507
0.9056471
0.9158055
0.8981086
0.8228931
0.5
0.23989886
0.20250487
0.31596953
0.17400265
0.13457456
0.13888736
0.34471908
0.71086633
0.5287325
0.5
0.1981117
0.13135843
0.10840471
0.09558551
0.12457341
0.5843472
0.14386274
0.13127245
0.13146855
0.11934888
0.6764382
0.62531435
0.6591695
0.65753245
0.115519956
0.07193034
0.09045408
0.29560676
0.7893749
0.8693725
0.7238973
0.18645112
0.16223378
0.12111949
0.090606615
0.08085751
0.4157916
0.4984998
0.33898744
0.5936114
0.5886474
0.6619473
0.23623946
0.27471024
0.3471779
0.72196066
0.61089146
0.65330994
0.76759547
0.7464804
0.50195485
0.42425403
0.5272108
0.27469483
0.30803877
0.35480708
0.69647104
0.56224644
0.703158
0.6808335
0.56871635
0.27039957
0.19258758
0.15006056
0.6012598
0.5874002
0.68480235
0.86579937
0.85439247
0.6043853
0.23420046
0.4999122
0.6684485
0.12420856
0.08437284
0.07826411
0.07855463
0.06175972
0.057555705
0.068419084
0.8307486
0.8923548
0.9106145
0.88248616
0.8228586
0.08521075
0.05826753
0.07883248
0.687875
0.14415133
0.094711594
0.070029765
0.09369088
0.5995743
0.25548363
0.3559013
0.8710037
0.9166282
0.9151345
0.8657076
0.91065484
0.882998
0.6871619
0.12726803
0.10296352
0.098976985
0.09113122
0.09812856
0.10771179
0.84499735
0.11966419
0.07048633
0.0713116
0.6881123
0.41533622
0.8319525
0.16143568
0.13266774
0.8402043
0.8544969
0.85883105
0.87947303
0.8141997
0.08724475
0.083455965
0.17426398
0.82193524
0.79211926
0.7631237
0.7524224
0.67569816
0.13187626
0.07591339
0.059687275
0.06415126
0.09832222
0.22075658
0.81085205
0.076618336
0.054592907
0.058250077
0.061639555
0.071250804
0.10200178
0.11592506
0.1528449
0.18057424
0.7426486
0.18303403
0.20523308
0.13075322
0.10585697
0.11053445
0.120910324
0.7830884
0.7591818
0.87420344
0.85012144
0.36711392
0.5811235
0.09652911
0.13125204
0.18503632
0.8689627
0.8889212
0.8381557
0.9143891
0.88413274
0.72280425
0.07510516
0.051919986
0.047840346
0.04565691
0.07118563
0.043053497
0.04772486
0.8365999
0.9439716
0.8307655
0.065839745
0.035095904
0.033468932
0.033486996
0.03254053
0.0356732
0.04982592
0.86038893
0.92650443
0.82105774
0.7516782
0.1115577
0.15170108
0.86082774
0.8908937
0.05424634
0.040864766
0.033816393
0.06322694
0.08693407
0.9031171
0.9631591
0.9515098
0.82086146
0.049227204
0.0285213
0.022968868
0.023196533
0.02781593
0.05341502
0.07072489
0.9344819
0.9460276
0.91121966
0.94241303
0.91056025
0.80407894
0.08434386
0.059281204
0.05701038
0.06725154
0.74837595
0.85574263
0.83366835
0.8623079
0.23298125
0.24461721
0.29871288
0.19866064
0.26499683
0.30956647
0.46182358
0.45139706
0.5222654
0.5607761
0.585048
0.64400536
0.7423088
0.84480613
0.10431201
0.051130276
0.033283066
0.024435006
0.026401993
0.038624644
0.023640163
0.030095156
0.89357895
0.9609918
0.9643547
0.9055278
0.891296
0.9293024
0.033301763
0.023726566
0.025288083
0.02997001
0.03752979
0.05922678
0.08023428
0.11476895
0.14839755
0.16444555
0.27978474
0.35607436
0.3464371
0.2991703
0.2772381
0.32555088
0.46282563
0.71461785
0.6906246
0.7079942
0.60145646
0.698433
0.6842981
0.8372676
0.89387137
0.9150847
0.9256246
0.92589635
0.9073302
0.8247836
0.36505407
0.24613975
0.21938433
0.2401552
0.51675636
0.31336144
0.31007797
0.48414198
0.4579775
0.5468059
0.6099947
0.7150702
0.7170725
0.7627351
0.8720984
0.8501079
