0.76528656
0.69078225
0.6729697
0.7185383
0.78352916
0.86261106
0.871402
0.7991513
0.60305905
0.55216795
0.5562546
0.6304092
0.7144088
0.8146575
0.8139854
0.7095104
0.65825415
0.7217429
0.6207712
0.5
0.20732903
0.19485055
0.15705907
0.18748005
0.4312173
0.5691605
0.63866997
0.6042928
0.48646176
0.43195096
0.42911863
0.18309359
0.16932648
0.22865732
0.65305823
0.77866286
0.26352385
0.18851167
0.0783059
0.069249354
0.10811582
0.10920286
0.8336504
0.84526503
0.86057764
0.81254685
0.7591887
0.8144234
0.08246728
0.070592456
0.05686423
0.045507554
0.08152236
0.12084512
0.7061377
0.8664383
0.42069307
0.2004513
0.14404961
0.15403123
0.16064225
0.1674499
0.16992208
0.21506722
0.708666
0.61671454
0.43267432
0.2660613
0.2774611
0.36587414
0.3573841
0.7923123
0.35422665
0.3705463
0.8810165
0.8690521
0.1691209
0.08197848
0.06744866
0.11021645
0.1357973
0.889776
0.85118496
0.9147148
0.88950384
0.73604447
0.66456115
0.6080205
0.729762
0.18449077
0.10549615
0.09201175
0.10525679
0.21414055
0.62946296
0.7006186
0.74471176
0.3066851
0.31896043
0.5308139
0.13722134
0.112684645
0.0904364
0.10558258
0.1166324
0.28339112
0.31454962
0.91011846
0.9240446
0.91039807
0.83428234
0.6189912
0.55906653
0.5459227
0.5608286
0.5801076
0.65199375
0.71867335
0.6665277
0.65142417
0.6419889
0.06695735
0.055412203
0.07241315
0.1236978
0.20194887
0.88651466
0.8496431
0.14520821
0.111263365
0.05890604
0.033712987
0.053646743
0.7974062
0.7942074
0.95231074
0.9492247
0.9174688
0.039052315
0.018097602
0.015782248
0.029409168
0.057064086
0.054098357
0.034848955
0.020463765
0.013426809
0.011052812
0.012047739
0.025286462
0.9641761
0.9830498
0.98634607
0.97941375
0.027606575
0.014246848
0.011794604
0.012419813
0.018204432
0.030229535
0.046489384
0.068758085
0.9293946
0.81559646
0.8396869
0.07467966
0.03554575
0.033954326
0.06497176
0.83469254
0.8866334
0.8564554
0.8238551
0.87826943
0.14285392
0.09086122
0.05713327
0.07022423
0.07726966
0.78704935
0.890871
0.073838644
0.052028984
0.05486393
0.05278524
0.095263824
0.8972522
0.91862
0.10925231
0.07715373
0.06337642
0.06592326
0.6181814
0.11570492
0.11624726
0.20032963
0.790142
0.8143593
0.86644226
0.09283593
0.06564675
0.076062776
0.10491503
0.07365038
0.883434
0.05123013
0.0180176
0.023141032
0.08997325
0.9654686
0.9802453
0.9827811
0.9563361
0.94485766
0.047299605
0.025584083
0.022468166
0.0320056
0.7470692
0.04883629
0.045763247
0.06618262
0.061285987
0.10807436
0.126103
0.14863165
0.24729297
0.23435898
0.19408603
0.13906479
0.13282336
0.49892578
0.15205702
0.10353731
0.09172071
0.6127822
0.63618344
0.73447156
0.2137754
0.21858013
0.27097708
0.3201863
0.3942557
0.85199016
0.8227715
0.8546691
0.80871046
0.67803663
0.17687161
0.124257386
0.09938285
0.08072758
0.07864013
0.6576025
0.7121945
0.61856365
0.24889413
0.2124391
0.21946436
0.49342594
0.27994773
0.28846848
0.555945
0.60118735
0.7795295
0.7611262
0.5595184
0.5
0.5
0.5464765
0.7161321
0.7136006
0.5144878
0.47377536
0.5
0.6318984
0.73356885
0.7097235
0.72848
0.7172428
0.6218045
0.2220536
0.16627188
0.14649619
0.13668656
0.20049705
0.6435321
0.69860274
0.6735118
0.11993392
0.05707336
0.038223147
0.032533202
0.04319636
0.061817028
0.051991493
0.85607755
0.92210394
0.045120865
0.026858589
0.06188933
0.109983034
0.9525619
0.9384653
0.84977394
0.09042482
0.077470884
0.04524506
0.03936633
0.04354743
0.054551117
0.09004309
0.12013313
0.0769483
0.0684012
0.10819717
0.6527763
0.58678144
0.75459707
0.5132564
0.20388722
0.1565108
0.42156884
0.2040969
0.24875382
0.30910027
0.41400507
0.1747814
0.3268827
0.38959336
0.30146384
0.5896158
0.61147815
0.76232207
0.68198466
0.63635004
0.6959604
0.58783644
0.1224148
0.11303032
0.16693808
0.73397154
0.8791427
0.90150696
0.47075507
0.28924277
0.26063654
0.6969107
0.8371799
0.7897703
0.7974803
0.8617708
0.8326193
0.8717205
0.22905716
0.16968985
0.09069633
0.05403591
0.05052901
0.05293478
0.06954122
0.10859618
0.111233234
0.17304315
0.17293501
0.1227372
0.13259493
0.10108103
0.7752658
0.10640444
0.07504939
0.07180405
0.10252192
0.72485125
0.10242961
0.07464223
0.09362394
0.2951089
0.85139996
0.7814958
0.9218674
0.92638636
0.90976655
0.849908
0.7429748
0.73906845
0.80727565
0.70124257
0.20503451
0.14151283
0.594002
0.102968566
0.08557676
0.110423125
0.7064779
0.23856704
0.19929531
0.15853985
0.10180107
0.09844784
0.65010566
0.15318993
0.23191792
0.31030676
0.8137504
0.77979106
0.7873673
0.843878
0.81112343
0.8269682
0.87153524
0.82216096
0.80001014
0.15464848
0.122397356
0.1043403
0.73435783
0.082302816
0.07800736
0.1043387
0.11854371
0.09946462
0.089412816
0.08166247
0.07508751
0.07016694
0.08691887
0.745388
0.7807383
0.12778962
0.10121487
0.078634396
0.09318189
0.57012415
0.19894266
0.5908817
0.11207274
0.088829674
0.16138047
0.6250209
0.11199044
0.12643671
0.12803783
0.6288979
0.7056075
0.68097806
0.28245434
0.25478095
0.18899083
0.719637
0.7303872
0.71992797
0.11794232
0.10415389
0.07502867
0.064960085
0.113558665
0.14866695
0.22622931
0.2826895
0.91283494
0.9036943
0.8588493
0.7413943
0.67313117
0.15139331
0.10858802
0.12753206
0.8061464
0.8168591
0.852108
0.68421835
0.12917157
0.082837
0.09995664
0.628463
0.76220834
0.56964153
0.43748817
0.3253355
0.23656152
0.45704365
0.21075468
0.36975878
0.24593198
0.18723619
0.16680777
0.566028
0.64796937
0.72913754
0.5
0.5
0.59385157
0.50087565
0.72777736
0.63389075
0.63022006
0.7158914
0.61173517
0.5
0.15390575
0.1457657
0.62053764
0.7625684
0.8783578
0.32221064
0.13221784
0.06569282
0.049942557
0.06090078
0.067035384
0.08137397
0.90806055
0.086350664
0.07581935
0.17561682
0.123271115
0.8292088
0.88356775
0.81547254
0.8111677
0.90009004
0.067292154
0.046429448
0.061357006
0.045159783
0.09323497
0.94866425
0.9658618
0.9682068
0.9407162
0.96241355
0.9614455
0.9497579
0.9088089
0.77969116
0.22773871
0.86989546
0.05914388
0.039348792
0.045532364
0.051636238
0.064031415
0.17550595
0.89651525
0.20761314
0.054515835
0.039605025
0.05143104
0.8392722
0.8950976
0.91662335
0.8556665
0.060177602
0.045946363
0.07239308
0.107920244
0.8925935
0.10825645
0.10791117
0.90748245
0.93916464
0.9172948
0.71271574
0.09633405
0.13483533
0.2367348
0.19211759
0.7540584
0.12308504
0.12977828
0.10567961
0.64766943
0.09550024
0.078474075
0.10169174
0.17257361
0.68729156
0.7879057
0.66315216
0.5650542
0.27508074
0.2142488
0.5250883
0.5660534
0.78084326
0.8053856
0.65217507
0.600797
0.6249748
0.81228465
0.88142186
0.87805045
0.81993747
0.7573484
0.74280745
0.84701896
0.22387372
0.15163338
0.10696603
0.072832525
0.09005399
0.107214175
0.90328556
0.8987025
0.11115468
0.10870277
0.11394667
0.21983923
0.9530149
0.95954007
0.95891374
0.92419016
0.90431124
0.89390194
0.85315704
0.10330195
0.055861726
0.051686678
0.05970262
0.8136271
0.87577295
0.899625
0.14849553
0.16870493
0.19135626
0.23563656
0.3526276
0.47858062
0.94612646
0.943034
0.9403251
0.91194457
0.93449414
0.9539218
0.93309647
