0.74824756
0.6398106
0.38916582
0.3969482
0.4963009
0.7485622
0.59134847
0.6705694
0.6306205
0.8143741
0.77402735
0.5494032
0.5236056
0.5176857
0.4907485
0.5
0.5366056
0.5654643
0.6427387
0.81147
0.85783476
0.8227965
0.87481326
0.8642584
0.7720883
0.6806166
0.14961018
0.09802956
0.0922278
0.11443491
0.10856213
0.08241802
0.07382704
0.8107857
0.81925297
0.81291103
0.8118902
0.8541
0.846911
0.81173867
0.79633766
0.7337386
0.09773653
0.08593871
0.08561508
0.075057074
0.06679642
0.109920606
0.18846092
0.8481887
0.87964904
0.6761349
0.40355045
0.4012533
0.6342256
0.65685153
0.6519805
0.6512454
0.47785583
0.19480379
0.15265259
0.14346337
0.13652742
0.19157133
0.18346417
0.23061389
0.25253916
0.17968966
0.15580355
0.2202759
0.761969
0.114008434
0.10050912
0.09097487
0.14696658
0.38934237
0.8499031
0.7893987
0.7926276
0.85307306
0.75484914
0.7115232
0.10627499
0.082445234
0.09727821
0.14354591
0.21353662
0.8561239
0.897552
0.87408537
0.762116
0.80744624
0.1015004
0.06363572
0.099760056
0.6737009
0.063375145
0.042492673
0.052457143
0.10544428
0.16966394
0.9583746
0.97336143
0.9484155
0.93622535
0.13692473
0.06390442
0.04180164
0.036288217
0.03814743
0.04465574
0.048132293
0.052961126
0.80976015
0.8845613
0.9221324
0.93441606
0.93913126
0.92924803
0.86856556
0.88990116
0.78351116
0.7168135
0.6340589
0.13537753
0.25213394
0.31548125
0.3062854
0.33549306
0.4087621
0.83454585
0.48963353
0.26388943
0.19245192
0.20650445
0.34517342
0.81871426
0.7542373
0.7212711
0.16884515
0.17018378
0.15971954
0.13929878
0.08412205
0.0623626
0.0756075
0.18767194
0.8795894
0.14228703
0.095589615
0.119865865
0.114295036
0.09823077
0.83167416
0.1402701
0.092007
0.6445482
0.73339796
0.78328
0.79427785
0.86298627
0.8551944
0.1547493
0.06492562
0.049738977
0.049564168
0.05219725
0.048604477
0.042367168
0.039843407
0.051807445
0.808637
0.92382276
0.8966129
0.83094454
0.8440799
0.828686
0.78507787
0.87508154
0.09115049
0.07611472
0.06699748
0.056141213
0.05641122
0.067064494
0.7095859
0.06370003
0.050306365
0.048430614
0.066615164
0.13584985
0.90775496
0.07234693
0.04626962
0.043648764
0.057916343
0.08877137
0.08863369
0.05803838
0.06675027
0.72976893
0.082486816
0.09904977
0.17090549
0.17460896
0.16553026
0.73539436
0.07343393
0.07285356
0.103680715
0.14487904
0.16197114
0.3323602
0.30755255
0.37871206
0.75481814
0.31845817
0.33530653
0.2272528
0.5497032
0.60479146
0.73566866
0.24399555
0.17712088
0.116518006
0.10166732
0.6029267
0.14241403
0.09565066
0.111133836
0.1114873
0.09402352
0.08373832
0.09207228
0.09826726
0.12109151
0.13956647
0.14821884
0.15485792
0.09932768
0.62559676
0.6715325
0.7789154
0.7629631
0.7382048
0.7042071
0.69768935
0.7244848
0.65637624
0.10225335
0.07068842
0.082023025
0.6377655
0.6856425
0.7789037
0.86626816
0.7976514
0.1191994
0.08821516
0.09714575
0.0716949
0.09981407
0.19609672
0.23183121
0.19983849
0.0972242
0.060266294
0.063132785
0.72789735
0.74504846
0.7613382
0.7241221
0.6800904
0.6819681
0.7204088
0.89538217
0.9077075
0.84929955
0.87074
0.9337111
0.955667
0.9659579
0.9639168
0.94665134
0.92805773
0.0846845
0.03904415
0.037315566
0.045114387
0.062076256
0.056331992
0.03984203
0.054924797
0.81534326
0.7949018
0.9007473
0.08439408
0.03493562
0.026908176
0.031686757
0.85913783
0.86669165
0.9218772
0.95776415
0.9578523
0.051226754
0.02814108
0.033223305
0.10457537
0.8507082
0.2217558
0.07668209
0.03040148
0.032632045
0.03668595
0.03514136
0.92650104
0.94074446
0.95845926
0.94092745
0.048692077
0.05562535
0.05154278
0.040725283
0.07996171
0.17131469
0.8889116
0.07145864
0.07015745
0.073037125
0.07411071
0.11963526
0.10682177
0.0819515
0.071235396
0.084325194
0.097119026
0.7137574
0.6833102
0.12717831
0.097962506
0.08741103
0.10798411
0.10253803
0.09526541
0.103838705
0.5609882
0.5136178
0.17432004
0.1870396
0.5640428
0.66344523
0.7613293
0.69908834
0.60061264
0.26370147
0.19301715
0.5273818
0.5
0.5357173
0.586258
0.4676739
0.1026731
0.12605728
0.2920345
0.69737226
0.091372564
0.09302566
0.046662062
0.05550274
0.15645081
0.9046913
0.90431553
0.8830625
0.8286311
0.7795881
0.1130812
0.12050787
0.06996739
0.05695488
0.07058947
0.09178054
0.108781494
0.10240618
0.13133828
0.259642
0.38786992
0.83693624
0.518962
0.3059991
0.2398132
0.4974016
0.48589483
0.31656718
0.39599934
0.22838035
0.17228882
0.17301238
0.2580203
0.3306046
0.1888156
0.22567423
0.33457595
0.59450704
0.25297737
0.32672888
0.36962515
0.21174894
0.23365465
0.31935397
0.16462506
0.13936211
0.14187983
0.14168474
0.19389875
0.7425728
0.68675077
0.68502045
0.6438052
0.11249225
0.07311834
0.06945362
0.08357726
0.11085352
0.09063629
0.07180256
0.080392316
0.101960056
0.1104381
0.109899804
0.09109797
0.061027065
0.06446861
0.10995146
0.83823365
0.91119266
0.9205563
0.8469425
0.089414686
0.056239218
0.0683207
0.7625128
0.060316414
0.06637916
0.07914068
0.066343665
0.04447823
0.05915145
0.7132884
0.72986495
0.21026263
0.12225699
0.082297504
0.113339484
0.6266462
0.19291991
0.1782535
0.10960032
0.11039624
0.115026385
0.115822315
0.099145085
0.10377637
0.18355016
0.119036704
0.7672283
0.83422434
0.7285974
0.7530438
0.8770669
0.88150704
0.80425096
0.87892693
0.82187027
0.8674863
0.7544403
0.088103734
0.047538128
0.037981026
0.049371686
0.09493477
0.90641814
0.9148807
0.8290065
0.92119265
0.87210965
0.9157675
0.8570744
0.84782827
0.88177866
0.8054895
0.79458326
0.07718888
0.054488007
0.05296086
0.056612372
0.069152705
0.104016066
0.15496624
0.9022969
0.09651675
0.08715459
0.11784399
0.0843168
0.07800722
0.09047582
0.71239865
0.77467954
0.6962828
0.6358012
0.6260001
0.5942673
0.59074706
0.6448277
0.6115241
0.18914431
0.24523596
0.39349326
0.57003206
0.23581876
0.33082944
0.4256829
0.6982846
0.1542565
0.13530707
0.10809279
0.07792728
0.06664926
0.07315374
0.76603144
0.09005012
0.06128956
0.058675468
0.047230143
0.06440496
0.79081863
0.82709575
0.08536055
0.065562084
0.039392896
0.05188282
0.8596446
0.907812
0.9189132
0.942577
0.88668936
0.060859002
0.044443883
0.04153776
0.04081678
0.041191436
0.053901613
0.67875224
0.10576089
0.09828929
0.12832412
0.67702436
0.2180444
0.81657875
0.16965733
0.09173517
0.09152287
0.13403219
0.165408
0.80997545
0.7308885
0.65061486
0.576897
0.53137535
0.56082785
0.5924071
0.61674094
0.32115236
0.27781153
0.28501886
0.307674
0.3669894
0.7184492
0.72771925
0.740718
0.76812595
0.5221894
0.56773853
0.50949496
0.39453384
0.6015724
0.5550259
0.5566284
0.68565917
0.7600944
0.6629532
0.23903379
0.22480379
0.20569098
0.17360318
0.33223617
0.30372408
0.40744632
0.49237764
0.6394809
0.7565966
0.31674555
0.22022678
0.13923752
0.10912971
0.14776112
0.7912681
0.7372135
0.6981956
0.67396677
0.08997434
0.051983576
0.048717655
0.073514365
0.08415018
0.84534425
0.8202272
0.86788183
0.92376214
0.91049856
0.7593083
0.64682364
0.06838283
0.054196686
0.07692506
0.11517528
0.15488951
0.8657739
0.8855362
0.8249675
0.70509374
0.6617997
0.77312016
0.86604387
0.8393576
0.15616223
0.096126705
0.12905322
0.26851204
0.45180014
0.83612067
0.39043796
0.3535855
0.46653923
0.31048098
0.46517
0.6483007
0.26566523
0.2245483
0.20630004
0.23836751
0.37936074
0.31786174
0.6590962
0.76752806
0.6411742
0.5996402
0.6661676
0.52290887
0.20348263
0.23519784
0.35262662
0.34583208
0.42368475
0.5364708
0.1974457
0.38114488
0.8360103
0.8314506
0.16821994
0.15341352
0.1820802
0.89132094
0.9423171
0.94202137
0.9031947
0.6679526
0.07134004
0.05681324
0.09513448
0.120410696
0.8852222
0.8790592
0.62040824
0.55459
0.5345863
0.66372156
0.92219067
0.9489143
0.9385618
0.07721726
0.03241645
0.02610914
0.030514423
0.062165532
0.10007937
0.9494292
0.95709527
0.9418254
0.13340142
0.09442118
0.77855146
0.044367015
0.030589856
0.026910868
0.02379906
0.023204112
0.025219051
0.051372353
0.9418643
0.94429344
0.9534072
0.9115572
0.92173654
0.055010516
0.03208724
0.029303085
0.03064918
0.033160485
0.03634248
0.060100682
0.9035315
0.18206264
0.09851016
0.75681597
0.73886
0.8968313
0.82902825
0.82533157
0.8613479
0.9148271
0.92784834
0.18345062
0.071368694
0.0521481
0.06686743
0.13792516
0.14751653
0.81251657
0.6836594
0.6854195
0.08877514
0.06874597
0.118219145
0.19507813
0.85140747
0.86930186
0.13992172
0.080233134
0.10366653
0.63579667
0.5366541
0.13104154
0.41769123
0.82186705
0.2919408
0.33984038
0.20343272
0.11900004
0.16894169
0.52404743
0.4177484
0.35131523
0.31549373
0.50324684
0.7000176
0.60235274
0.53527504
0.65641844
0.2702794
0.21300772
0.1671881
0.13985734
0.12910168
0.19294813
0.2439838
0.27110603
0.48198897
0.20509999
0.19257304
0.41243118
0.58775127
0.76335543
0.5581465
0.5448007
0.63569844
0.78444743
0.8191253
0.7625547
0.80332166
0.74494845
0.6871839
0.21792887
0.14482625
0.1440834
0.13353316
0.24873957
0.22571638
0.7792897
0.61608475
0.12402422
0.12606013
0.6140256
0.19311373
0.1618575
0.10868017
0.090233505
0.12690908
0.2207618
0.71953404
0.12434032
0.078188
0.0814121
0.13704854
0.24815126
0.87696004
0.23119693
0.13000603
0.079284534
0.06824584
0.09319029
0.6988288
0.13204683
0.1689116
0.14414768
0.07581076
0.06453175
0.08082817
0.70082366
0.7150269
0.70804536
0.7110296
0.11196387
0.08320673
0.09080286
0.117073834
0.78054225
0.1392176
0.14033595
0.1250868
0.67007685
0.7193789
0.7168505
0.6930302
0.7117486
0.68509346
0.23119037
0.41720197
0.687998
0.25349125
0.76431066
0.090762675
0.061193958
0.06902856
0.11344457
0.8135385
0.83446735
0.08808837
0.07354185
0.08798826
0.10228557
0.09819724
0.090991214
0.8136117
0.09493404
0.10229254
0.07997866
0.12594253
0.20054509
0.8329672
0.8042996
0.7825554
0.8287021
0.09164689
0.05186638
0.04645011
0.07246986
0.18315709
0.8204969
0.9118854
0.9228862
0.9018864
0.17943789
0.084393896
0.059998054
0.04818051
0.045474604
0.039172634
0.037592053
0.037108548
0.047175296
0.11705137
0.92183834
0.935439
0.9067309
0.08564602
0.039609954
0.035148125
0.058423147
0.08874867
0.8664448
0.88841355
0.8721156
0.2899018
0.84499246
0.15559673
0.07489011
0.097626075
0.1317034
0.8480558
0.8237851
0.72875744
0.6826155
0.12937464
0.083627544
0.093366936
0.14432733
0.19593291
0.18059343
0.11467523
0.115649365
0.7386269
0.706551
0.6976803
0.6580516
0.17027256
0.20645264
0.22105527
0.249289
0.2646095
0.43169412
0.7402496
0.727234
0.670198
0.38700408
0.5192805
0.15975662
0.23808047
0.20218842
0.13420834
0.101678975
0.675723
0.710695
0.66100895
0.17436624
0.23544191
0.24827932
0.26195464
0.36289468
0.8421188
0.79494214
0.37897313
0.8010097
0.44114798
0.22907272
0.5773934
0.11831891
0.13743256
0.25818348
0.78109014
0.70183766
0.7870697
0.3641771
0.46393204
0.7955093
0.659564
0.14193271
0.107596226
0.1425567
0.6402805
0.10157861
0.07872932
0.09111363
0.6801053
0.73584604
0.079377495
0.056635175
0.053987965
0.09774958
0.76679313
0.8762762
0.8102558
0.8963294
0.17508067
0.09311827
0.1529951
0.13458355
0.0859917
0.050423864
0.78938043
0.77966434
0.94736594
0.9536105
0.07020255
0.045181
0.018538017
0.01630846
0.023963025
0.91298234
0.9416929
0.9683533
0.9252024
0.03776798
0.02225413
0.022941114
0.041869286
0.061759382
0.8069477
0.7757469
0.73129606
0.76343405
0.06783118
0.06786793
0.0905226
0.08019557
0.054116488
0.07387829
0.7609317
0.7861087
0.7519897
0.06196153
0.052305806
0.046332106
0.052480366
0.04305501
0.040379092
0.07065071
0.11030117
0.10664742
0.08106862
0.076606184
0.114882305
0.72821796
0.14186558
0.08021086
0.10720421
0.6870178
0.085689954
0.0776123
0.07688178
0.07825467
0.11422102
0.11920125
0.12805502
0.11338335
0.12572561
0.23980479
0.24495381
0.18221566
0.16427822
0.62275666
0.5377829
0.8539315
0.8712191
0.80375993
0.6698527
0.7008569
0.58490515
0.47208154
0.42328402
0.4738764
0.21012375
0.18662696
0.22607188
0.23534063
0.62016267
0.6509672
0.5710523
0.30945697
0.25251597
0.26233897
0.41533452
0.30865476
0.41435447
0.5184365
0.34229338
0.32522887
0.14522834
0.10576513
0.065594085
0.03937342
0.034794573
0.043310422
0.09090578
0.8194506
0.9401916
0.9011203
0.84935176
0.08088129
0.050681803
0.047592364
0.0451571
0.057810623
0.6209434
0.6904048
0.845664
0.87192744
0.57394886
0.41047597
0.44527242
0.5107472
0.7392393
0.6623448
0.528019
0.51657057
0.47622737
0.38166943
0.3555992
0.37258717
0.42502135
0.6093501
0.8371185
0.9291026
0.91449004
0.2130512
0.10847352
0.08270047
0.09860476
0.06053731
0.05192552
0.05170596
0.04575143
0.04726228
0.8255392
0.79505
0.9431104
0.9591124
0.9530496
0.91125077
0.9271696
0.89582705
0.22255021
0.35700977
0.73923415
0.059167206
0.056076463
0.106325716
0.1445057
0.7767651
0.2732383
0.36745346
0.4804484
0.86511683
0.8439087
0.6924141
0.42701936
0.23591298
0.2275174
0.36346343
0.46070403
0.29708678
0.28047276
0.26444912
0.2723405
0.33087626
0.37622067
0.65677667
0.44279122
0.19600774
0.17002538
0.20866051
0.37255892
0.8367728
0.88311374
0.8681846
0.9032589
0.8651453
0.33792907
0.34497583
0.283143
0.27527842
0.78911257
0.71177596
0.71005076
0.8223104
0.13745618
0.08392858
0.064716995
0.04758156
0.046888627
0.036795974
0.04235342
0.0827704
0.1267783
0.9526401
0.9357808
0.86469096
0.8613152
0.09880163
0.10462176
0.06582784
0.054735668
0.054777063
0.05464175
0.046093874
0.057459023
0.76541185
0.6705151
0.6256547
0.63214904
0.74478334
0.9302132
0.93675363
0.8280969
0.85734224
0.84400237
0.9510869
0.94747454
0.92126584
0.0893928
0.04301298
0.036923703
0.07229495
0.87963533
0.049538165
0.029884731
0.0356484
0.123601496
0.923611
0.95487976
0.95902663
0.95725274
0.23507002
0.16261101
0.31976628
0.77820337
0.14175862
0.22697276
0.23082507
0.15055881
0.12002383
0.13079354
0.80848145
0.6609244
0.19048359
0.099891305
0.11016026
0.14983891
0.20996073
0.93556154
0.9462029
0.92313224
0.1552715
0.09600899
0.70835936
0.045233253
0.032062244
0.028454456
0.03898868
0.06615094
0.09377772
0.7960387
0.082722485
0.13231027
0.9120471
0.9182796
0.9098145
0.863188
0.078059494
0.047456644
0.051977217
0.06284558
0.044986043
0.041778233
0.04033931
0.06346859
0.85116315
0.74394184
0.103774615
0.13317743
0.80966276
0.8911633
0.88877165
0.11842746
0.07831897
0.07151768
0.07711045
0.11560187
0.1289601
0.11975006
0.12370265
0.09725827
0.6409688
0.74491376
0.8156389
0.7693516
0.6624858
0.14600632
0.09203127
0.09979316
0.30834386
0.6632037
0.19935861
0.13570441
0.102324046
0.105051145
0.1133749
0.09430109
0.09628595
0.08551834
0.156135
0.67993236
0.7368596
0.77628255
0.79343086
0.80072147
0.74203277
0.133337
0.1472618
0.099150494
0.09458973
0.20035933
0.7707224
0.6932998
0.22778167
0.15997525
0.7420875
0.7227368
0.71458185
0.6729764
0.5
0.16553405
0.4214107
0.8069235
0.78440416
0.17261793
0.10451622
0.09538369
0.12076806
0.15371248
0.5933415
0.15734588
0.1527819
0.18109325
0.15430509
0.66381717
0.3129837
0.21785885
0.58523697
0.15664217
0.16478312
0.2178478
0.70062226
0.14605275
0.14507954
0.14891112
0.14158867
0.18106933
0.58076435
0.10308384
0.1342702
0.74520624
0.7483653
0.77135384
0.8092741
0.75553644
0.1413378
0.13605307
0.094090864
0.11009989
0.7843854
0.70562816
0.67906624
0.6901798
0.8376133
0.1328146
0.099717535
0.09509989
0.104105696
0.70237267
0.117004484
0.12787864
0.67367816
0.06953647
0.07616216
0.10346608
0.091974385
0.06605427
0.05339724
0.062243745
0.056843854
0.06315787
0.06539125
0.115477346
0.14209698
0.090139344
0.08437601
0.6543538
0.10036617
0.1356963
0.16373865
0.17191808
0.29367432
0.21127567
0.106633894
0.08107305
0.11104027
0.6351758
0.6325939
0.69077605
0.77387667
0.08617549
0.06796097
0.045470547
0.071486965
0.06459477
0.04518904
0.8613064
0.89351994
0.9081805
0.94209456
0.92729187
0.8400117
0.05506709
0.043978255
0.04224683
0.068095654
0.087196276
0.06622811
0.57941407
0.5549818
0.5941672
0.78871137
0.8312349
0.76006675
0.5395203
0.15419433
0.19532658
0.18167965
0.14854081
0.17787352
0.20250672
0.17715959
0.32776237
0.28981918
0.2724001
0.23680618
0.22183518
0.16226633
0.20749214
0.1704869
0.24430786
0.50911015
0.35397878
0.36035907
0.40538582
0.27973974
0.24940878
0.2740013
0.35536754
0.28411326
0.26768377
0.31128174
0.6668985
0.32688183
0.34723437
0.46173248
0.32654485
0.5233013
0.15667242
0.10560965
0.14835176
0.20410304
0.61294425
0.847667
0.8207498
0.5865875
0.47893742
0.5
0.5771401
0.6011347
0.6590981
0.6715072
0.68072504
0.64745766
0.11157169
0.076678514
0.07120313
0.08432732
0.09946883
0.17750975
0.7858663
0.06836328
0.04305993
0.05840416
0.7366294
0.7941842
0.8661229
0.8332809
0.90668803
0.18394199
0.05242056
0.047086302
0.05641941
0.0682304
0.06625206
0.054768417
0.07612418
0.9086632
0.13344666
0.05337194
0.047092896
0.05987659
0.105684154
0.81065
0.21915364
0.826084
0.23031268
0.17778333
0.20088468
0.77295554
0.059415907
0.037431065
0.04287766
0.09133359
0.88705975
0.92628413
0.93994176
0.95808476
0.948636
0.89338374
0.90600824
0.0720458
0.042441603
0.03902536
0.052008238
0.7917146
0.769576
0.8947744
0.08467654
0.06478051
0.045305543
0.025640693
0.024881106
0.028705297
0.025669625
0.028803661
0.043001465
0.8803246
0.9149437
0.9092317
0.052714843
0.03256019
0.033234704
0.052447505
0.062166423
0.055104934
0.043811165
0.044480085
0.051945135
0.057382245
0.05944302
0.058231704
0.08022743
0.101697356
0.07496816
0.06491645
0.10583655
0.60636055
0.6983755
0.82199436
0.8175349
0.798856
0.8648948
0.88305515
0.86672497
0.8152679
0.788037
0.11380145
0.10394756
0.070357196
0.066359125
0.10726358
0.112995
0.09150665
0.121012226
0.80219626
0.074752
0.045163333
0.06256841
0.77362967
0.05361713
0.040840905
0.05929691
0.0503232
0.045339324
0.65278476
0.115281045
0.60601217
0.6973803
0.93523204
0.9338244
0.8872126
0.80582064
0.87348425
0.07503991
0.052775297
0.06421636
0.06144416
0.045615926
0.04002981
0.036280844
0.03769992
0.043035354
0.041386444
0.045726523
0.07854052
0.81754225
0.88207257
0.08307293
0.05218994
0.049769208
0.070315644
0.10048633
0.10529303
0.07999526
0.07068874
0.10825882
0.655052
0.7303619
0.5088093
0.34588614
0.27977592
0.16788656
0.146268
0.28475186
0.51651204
0.7740504
0.136695
0.13345729
0.050947458
0.029030925
0.02202912
0.02254034
0.024773404
0.051298153
0.1375897
0.943981
0.90495795
0.9546146
0.93322176
0.8413482
0.84016633
0.056984805
0.03540918
0.038894545
0.04519918
0.060007486
0.08509406
0.07537664
0.101600714
0.21746327
0.26510155
0.34277707
0.1713831
0.10287811
0.7275305
0.7884043
0.7192992
0.46100235
0.47331995
0.31118032
0.41793075
0.25933808
0.14740258
0.14870858
0.27669752
0.21749587
0.11619874
0.7180111
0.07670025
0.064058885
0.08903685
0.13925673
0.16712213
0.2687977
0.8192208
0.14941327
0.15673321
0.6943528
0.8098531
0.7775212
0.73610103
0.7071617
0.68238443
0.6603838
0.19958204
0.1321281
0.7358585
0.0952915
0.10723818
0.16004495
0.16751558
0.14128532
0.12107403
0.59241164
0.19362845
0.6651174
0.7345758
0.33006418
0.22670327
0.16452712
0.19342004
0.3026633
0.82764703
0.88874257
0.8629545
0.2186247
0.15922843
0.17566378
0.1583378
0.77329713
0.718053
0.69529265
0.63932747
0.29529607
0.29271775
0.18807769
0.20596567
0.29189014
0.5378714
0.872019
0.89390725
0.805529
0.6077345
0.6122348
0.71515596
0.3862911
0.2674646
0.20750543
0.17904341
0.1664536
0.14604673
0.13925597
0.15142739
0.089094006
0.08713139
0.10441295
0.12751466
0.73698556
0.9095877
0.9246302
0.8167198
0.67046696
0.12012152
0.09226079
0.12837501
0.21068141
0.33240205
0.2599263
0.75203127
0.12220251
0.16650377
0.14621413
0.0786794
0.02302168
0.01909179
0.01382672
0.019471444
0.08428003
0.94932544
0.9592635
0.98232645
0.97511977
0.9327139
0.9197184
0.093745954
0.03150222
0.0208885
0.023027308
0.032035653
0.044953402
0.0606303
0.077596426
0.1267564
0.80645764
0.31350368
0.37875363
0.6388576
0.73014194
0.77542907
0.8468344
0.89144796
0.91864353
0.9335137
0.94448096
0.9534349
0.923522
