0.83685964
0.57333684
0.56182545
0.60673237
0.8523196
0.25128222
0.17542847
0.2991544
0.19272576
0.13458006
0.58308446
0.11666383
0.12791182
0.7208178
0.38205817
0.4391699
0.40329427
0.25006905
0.09791502
0.08025406
0.08565498
0.7896322
0.7491842
0.9098763
0.93944794
0.9234815
0.8387786
0.8391806
0.15629163
0.14900717
0.14950621
0.103650235
0.06603554
0.69735134
0.104156606
0.11355937
0.7836434
0.6647434
0.7352557
0.8930874
0.88175565
0.30133843
0.46428415
0.8775493
0.82149374
0.88609695
0.83838075
0.045399044
0.022795761
0.020285476
0.030777013
0.034913685
0.036755938
0.07855974
0.9637181
0.9706477
0.97065127
0.91021085
0.91002977
0.078249924
0.037308753
0.035099488
0.03638073
0.037409134
0.03858211
0.0446878
0.057392538
0.072009854
0.08626159
0.09249492
0.08681236
0.081377625
0.07465815
0.08315073
0.07670153
0.081066795
0.64805853
0.19067843
0.23986866
0.83962405
0.7331238
0.1291297
0.103838444
0.67298114
0.07132916
0.07286927
0.08630626
0.11626831
0.14459527
0.7873003
0.27083826
0.25050902
0.20794405
0.47346485
0.23365523
0.22465394
0.24282373
0.18152422
0.13301685
0.11902489
0.1062778
0.11028288
0.11904465
0.0803579
0.06867686
0.085036404
0.75442475
0.8182871
0.85351217
0.8262184
0.7966205
0.6709708
0.13786441
0.12471436
0.603259
0.102055624
0.12983464
0.19154233
0.7203041
0.12599772
0.13316528
0.13563117
0.29949227
0.3278425
0.3832553
0.20858651
0.13002346
0.5511213
0.14146414
0.15149674
0.5520763
0.5442794
0.6183584
0.76911247
0.3867822
0.5
0.82100266
0.21435472
0.21941972
0.28793544
0.3751024
0.4259167
0.6069326
0.32480025
0.22411935
0.1585171
0.12540667
0.12834881
0.15354165
0.26844278
0.47855714
0.72129107
0.7947993
0.37081093
0.14919893
0.06841139
0.050101873
0.04375535
0.033721704
0.03763265
0.08673949
0.18798031
0.26087463
0.949834
0.07566541
0.029483778
0.012797692
0.009759468
0.010210866
0.013601283
0.041640893
0.9653314
0.9775597
0.9791571
0.9330758
0.8460589
0.03075609
0.025398195
0.023662083
0.026775274
0.033836067
0.03401243
0.040250998
0.04933064
0.052378144
0.047523938
0.046377297
0.062259924
0.81874603
0.8180297
0.79822165
0.10429636
0.10987635
0.08516515
0.10951658
0.29458678
0.8124923
0.6487617
0.6730263
0.6448772
0.26098007
0.1981986
0.22873443
0.46945876
0.39228284
0.40057644
0.604554
0.5163119
0.5
0.5110411
0.14977019
0.122518376
0.114477664
0.085694745
0.095686525
0.21812831
0.6988513
0.74585503
0.8263154
0.77092737
0.7490993
0.75904745
0.6729614
0.29130822
0.2328288
0.6956536
0.11291285
0.113025
0.15825957
0.18215634
0.606009
0.5937812
0.57631385
0.20713319
0.15435728
0.16460763
0.301045
0.1861907
0.17053844
0.16623452
0.19854955
0.26406834
0.35047996
0.41999704
0.5510586
0.35004354
0.28959724
0.33675516
0.2584444
0.32207257
0.5
0.48685405
0.2574883
0.20988944
0.23025736
0.19784053
0.16988468
0.12942056
0.14896592
0.23704281
0.3305499
0.43836135
0.8327398
0.8916668
0.8776687
0.75339025
0.40377182
0.30934262
0.33751822
0.51622325
0.42261538
0.36465043
0.28770918
0.25842622
0.28784454
0.1789139
0.19718918
0.27177387
0.33122706
0.3881643
0.20421137
0.19999649
0.25604504
0.41990498
0.6664875
0.7296471
0.67787194
0.5357783
0.60706717
0.60337275
0.34206048
0.30357063
0.3507212
0.40655872
0.66424
0.3550101
0.31532124
0.33020976
0.15607987
0.14315216
0.10665115
0.11875946
0.10430542
0.08624569
0.5966236
0.6162877
0.68627495
0.6892131
0.8804013
0.23154955
0.16199
0.24479125
0.104905315
0.082966134
0.12957585
0.09510563
0.11216064
0.16846617
0.3152213
0.30155498
0.4515449
0.5824302
0.2005882
0.19079207
0.19671036
0.1645929
0.2066629
0.28248903
0.37360036
0.5871209
0.5377388
0.28958395
0.19459976
0.15112346
0.17300779
0.15755203
0.17864451
0.18202381
0.18335374
0.2291103
0.37805992
0.5997908
0.5203466
0.27510655
0.18449222
0.15632479
0.26932463
0.21167392
0.29195428
0.40764713
0.7514857
0.8166667
0.766006
0.7843682
0.6030156
0.47395918
0.16848625
0.1230938
0.10410478
0.0954482
0.1068212
0.09373359
0.120692566
0.21209441
0.77996856
0.8211501
0.84179133
0.7400354
0.75013286
0.7457499
0.27275482
0.19152327
0.15704896
0.16604584
0.12857157
0.11642766
0.57136697
0.41707358
0.2564995
0.31874892
0.7323896
0.75717884
0.78900194
0.8415105
0.77348864
0.5426709
0.22438994
0.21429558
0.57022643
0.73937726
0.73531336
0.50658923
0.19622868
0.18993104
0.6654794
0.8567738
0.8854342
0.82596093
0.3702475
0.2598341
0.11263897
0.09284049
0.10703345
0.110636845
0.17926498
0.67583895
0.7165788
0.77082735
0.75011057
0.7635433
0.778086
0.78468037
0.7434861
0.7211843
0.6624458
0.117327325
0.091489695
0.09118177
0.11502974
0.11161618
0.101147264
0.10177604
0.11398888
0.13567768
0.074896514
0.060342245
0.74337864
0.81693375
0.87939954
0.8856522
0.7955638
0.08302572
0.075899936
0.09860312
0.14896095
0.24180019
0.22567832
0.23878364
0.21148756
0.13285805
0.07548595
0.06479347
0.07738315
0.10115843
0.15727185
0.1410947
0.21292152
0.8073602
0.30344513
0.7778974
0.3684983
0.36166924
0.4977182
0.89147806
0.9061301
0.9049029
0.8882376
0.8301695
0.7285036
0.20298703
0.1491722
0.36448082
0.40761217
0.84822065
0.21526125
0.22345066
0.5512333
0.609633
0.63432103
0.5967578
0.51296026
0.12997109
0.25495672
0.79175025
0.20694372
0.15333757
0.12378291
0.23989509
0.7523775
0.7257348
0.65908754
0.580695
0.5308316
0.51122385
0.14055997
0.3085915
0.43131566
0.84481907
0.18726856
0.1897902
0.12035637
0.10161602
0.1283686
0.6394803
0.09953861
0.0829361
0.08395623
0.099053726
0.17357348
0.27621177
0.70647895
0.80375004
0.27268276
0.27434626
0.3199515
0.21277241
0.13461292
0.5231245
0.20895523
0.567304
0.55851126
0.12935002
0.124245316
0.55258113
0.5826333
0.6375677
0.75720227
0.28935874
0.15003452
0.1332149
0.09662212
0.17553668
0.74201745
0.69585764
0.142802
0.1438405
0.2717717
0.7108369
0.750291
0.7404781
0.7301965
0.7322391
0.76107395
0.7744014
0.7567827
0.7260022
0.13300256
0.096899755
0.11106541
0.6582925
0.23159973
0.21771654
0.18039268
0.17883545
0.27008697
0.7710945
0.75457674
0.1615364
0.16794749
0.5737236
0.119269356
0.18239805
0.26168737
0.27832836
0.3087877
0.2504118
0.56348103
0.53817844
0.64509195
0.6016773
0.3050558
0.26270708
0.4649197
0.4546014
0.42680478
0.42548758
0.48341948
0.47372997
0.3448967
0.37465158
0.17818001
0.14245436
0.3092966
0.29656902
0.42718688
0.6330826
0.3267627
0.2765709
0.27885658
0.223807
0.111103855
0.09140002
0.042645335
0.034138154
0.035275012
0.03384827
0.035264354
0.0517946
0.13177139
0.16525203
0.9341239
0.19336046
0.10425602
0.06002119
0.044067677
0.042416625
0.04667106
0.06422384
0.099699736
0.10955798
0.060844373
0.061124653
0.57428753
0.09275635
0.10504755
0.8602446
0.90802723
0.79392016
0.083670564
0.08191919
0.7551427
0.057579458
0.04702601
0.04182757
0.06613616
0.06545345
0.05106143
0.06381117
0.7144273
0.08397135
0.105527885
0.09162982
0.11959347
0.81563914
0.05184251
0.024874033
0.02249715
0.05388231
0.1048124
0.9528909
0.9641689
0.96031886
0.07559855
0.031214133
0.018346084
0.02560078
0.8554727
0.93403506
0.93560517
0.95328146
0.8530356
0.043851323
0.025752228
0.022927634
0.02724033
0.035471175
0.040038735
0.0478028
0.05200646
0.069956146
0.070665225
0.048746083
0.03517907
0.038531367
0.048677135
0.054435402
0.0733334
0.91025203
0.8805375
0.8985972
0.85791117
0.20372593
0.121122226
0.076409966
0.079274565
0.11300091
0.1450548
0.21668503
0.78194314
0.7150025
0.22430985
0.17983823
0.23285978
0.22601779
0.28207266
0.60296834
0.11147051
0.1252333
0.30572662
0.7262979
0.6485138
0.14507207
0.3167536
0.1334129
0.06640575
0.08138797
0.09453357
0.83219326
0.7763746
0.9100731
0.899096
0.77169734
0.7206026
0.71449804
0.08351584
0.05697609
0.054644506
0.075525194
0.07278161
0.109479904
0.18157671
0.7943254
0.6904611
0.67964053
0.78826743
0.6745575
0.6049878
0.62132496
0.68713045
0.61393315
0.6874736
0.87496936
0.8787584
0.13821216
0.06961499
0.05472224
0.061609857
0.6935686
0.74425954
0.7807176
0.84101
0.13392669
0.08179941
0.060457915
0.08205311
0.6197928
0.54441243
0.4986213
0.52274823
0.54715216
0.62973964
0.703562
0.8077347
0.18716423
0.09516702
0.06340383
0.05959127
0.1465722
0.88535756
0.873945
0.70939684
0.6778929
0.7417245
0.9104286
0.9174867
0.8659184
0.9178557
0.8845311
0.11686783
0.082590446
0.056325622
0.08990856
0.15799145
0.6415433
0.11515834
0.058029726
0.03733817
0.045154776
0.11652687
0.17093238
0.8517883
0.9450892
0.9433198
0.9091354
0.37203398
0.26430175
0.102336876
0.059602614
0.047407433
0.08100206
0.68620723
0.7683526
0.76951635
0.65947914
0.5883805
0.54407406
0.5101418
0.52272564
0.23190914
0.4118085
0.19520973
0.105901115
0.12012513
0.08391157
0.1061808
0.16866574
0.13882306
0.2027043
0.15215278
0.164819
0.3390596
0.46667185
0.20921585
0.36858004
0.41742212
0.6294305
0.3392625
0.32303548
0.3118951
0.3994276
0.71636933
0.7867705
0.6047447
0.63433015
0.3894435
0.31269136
0.3062271
0.31733674
0.3520987
0.5384174
0.7470117
0.7323758
0.5377611
0.40852422
0.26681656
0.18917564
0.2195001
0.28555197
0.23452555
0.21465665
0.50493824
0.7507308
0.5700177
0.17594592
0.15538573
0.2281918
0.44939274
0.89086044
0.90754044
0.8238408
0.5810064
0.23030116
0.14689611
0.14185333
0.37377375
0.37959373
0.42868218
0.47334632
0.6963801
0.7116193
0.7579665
0.700599
0.7836509
0.7192179
0.5192804
0.3804186
0.41050255
0.49459675
0.74002475
0.7506173
0.67100424
0.7437095
0.7020966
0.5
0.4566629
0.42358884
0.55110097
0.5
0.30598533
0.2038005
0.22799549
0.21965198
0.23898543
0.49918902
0.26320016
0.17862363
0.13163391
0.17607842
0.70653135
0.8753419
0.9196705
0.892053
0.78729457
0.7092677
0.31228375
0.2245397
0.17230193
0.5734911
0.6764395
0.5352393
0.46971518
0.4122328
0.58100045
0.705346
0.9003984
0.8837809
0.19343475
0.110609084
0.09690629
0.08804671
0.15764621
0.096286096
0.09033906
0.8566749
0.770757
0.11010664
0.10242055
0.0566851
0.06501548
0.7794668
0.8379759
0.1027664
0.089495026
0.69336677
0.06537068
0.059692398
0.07432091
0.08873468
0.80834705
0.16558693
0.10210342
0.03298417
0.024944473
0.03247976
0.6420601
0.65401393
0.8870739
0.934562
0.9691097
0.9691241
0.95633954
0.048991647
0.026366116
0.023439078
0.025373824
0.0367359
0.06934073
0.08341085
0.06711853
0.046921667
0.049547303
0.09317299
0.8810837
0.72617936
0.07086992
0.04735225
0.041591484
0.0664484
0.6924421
0.7233503
0.8812501
0.25005552
0.1238604
0.1157114
0.8833171
0.043207068
0.017556474
0.013238716
0.013183731
0.017778909
0.031796817
0.92120665
0.95456624
0.9653858
0.96975404
0.12193872
0.026948432
0.021450438
0.020147601
0.03476729
0.04538244
0.05156928
0.08514342
0.07501135
0.11649497
0.11103644
0.07997314
0.10912826
0.06928588
0.11665182
0.1762396
0.6739138
0.8716801
0.89800495
0.90204424
0.87342376
0.7179798
0.67201626
0.59106463
0.14765656
0.18190083
0.23842424
0.32224104
0.72734183
0.77235794
0.77937394
0.8395164
0.8475602
0.49520084
0.40592813
0.3347
0.3345911
0.77559197
0.7641075
0.7064179
0.6294511
0.59990877
0.62005633
0.6413373
0.65326
0.6060687
0.5594966
0.5854865
0.72119755
0.81198084
0.8013064
0.81894165
0.8543925
0.8248648
0.71031624
0.6453536
0.096439764
0.078172565
0.0794478
0.115123846
0.10221735
0.1411379
0.9185264
0.9236474
0.9052423
0.8511058
0.85714006
0.9000269
0.9078436
0.8840884
0.813764
0.80293787
0.11312709
0.12462133
0.09405545
0.0916345
0.091606244
0.117843755
0.73305887
0.47534385
0.254221
0.25348395
0.30596176
0.47777638
0.37351876
0.6467835
0.2702523
0.2555058
0.4062419
0.841845
0.87039787
0.8096922
0.79462075
0.8278777
0.40412283
0.17789096
0.104174584
0.091429435
0.6231436
0.6836905
0.76605815
0.6560855
0.61205614
0.56678236
0.13969886
0.14939491
0.21532594
0.2742499
0.8106634
0.78136116
0.7678608
0.7909119
0.68255454
0.74940103
0.71079
0.8247461
0.80647814
0.62809414
0.5
0.24367502
0.34065267
0.8326265
0.7831341
0.18157426
0.28198028
0.19361828
0.062924355
0.036032513
0.033252846
0.028373713
0.026785491
0.02553587
0.032755066
0.8579215
0.88326687
0.9267086
0.9269885
0.9198804
0.90871775
0.9110264
0.9061718
0.06297894
0.036008574
0.032248106
0.033932477
0.036697023
0.03929912
0.056795236
0.07348664
0.091635704
0.16016226
0.45370013
0.10580005
0.26602134
0.77270156
0.50423795
0.6292961
0.110741556
0.090439945
0.09823025
0.09497506
0.07802681
0.081551656
0.6823336
0.70161027
0.18032373
0.08808274
0.060779475
0.063672125
0.09279133
0.74377215
0.15965739
0.0742043
0.094586596
0.108554356
0.09085429
0.9095985
0.9113839
0.9325481
0.92520213
0.15636587
0.0999802
0.065397374
0.048478268
0.09137431
0.8330222
0.08466754
0.055398148
0.057865158
0.076992474
0.13815126
0.7602791
0.722874
0.08668827
0.07772319
0.095032096
0.07688283
0.5766004
0.08751187
0.09680065
0.58996886
0.4636548
0.9037098
0.91147935
0.8839046
0.7128585
0.08908786
0.08654129
0.11008171
0.05574597
0.052624468
0.12542078
0.14713481
0.12122428
0.11677238
0.83653396
0.80912846
0.7962046
0.070122406
0.054476652
0.046972845
0.067849815
0.09989906
0.09352929
0.07040707
0.083946034
0.23462433
0.6639519
0.76907855
0.7709415
0.87081945
0.78463
0.2976653
0.30835095
0.2986543
0.6402737
0.32662687
0.24242078
0.23662622
0.22060919
0.23680198
0.522374
0.6625308
0.7842928
0.72503346
0.6966757
0.5393543
0.4594799
0.44101858
0.47677678
0.5552018
0.7946215
0.88366127
0.8996766
0.89236325
0.8619947
0.7943929
0.86231023
0.84142977
0.641042
0.12858021
0.0896751
0.075680695
0.07195319
0.065194145
0.06468173
0.06534708
0.07996731
0.8107985
0.8500505
0.3851699
0.8709962
0.8376912
0.8710052
0.83497566
0.8451673
0.31881642
0.8231202
0.08702506
0.061344832
0.059096474
0.06373608
0.1349987
0.17234899
0.13275363
0.17683887
0.6140212
0.5512868
0.47090524
0.30240756
0.32346818
0.41362435
0.4612982
0.4001695
0.28414652
0.22645687
0.23282996
0.46536377
0.6023174
0.6658496
0.5
0.37965548
0.32420388
0.32182768
0.37265164
0.5461915
0.34168
0.3177169
0.19599044
0.09551823
0.14488558
0.29435033
0.905661
0.9171805
0.8677778
0.29282016
0.12405348
0.117402256
0.21750355
0.28305918
0.3722287
0.69246304
0.5687592
0.5521685
0.37532604
0.4214585
0.4842617
0.5
0.34832957
0.26153457
0.3512613
0.22431019
0.307756
0.38542497
0.28795585
0.3033512
0.32684383
0.6281365
0.72737086
0.55041945
0.5
0.25948775
0.38158184
0.355392
0.20165324
0.15756026
0.20059966
0.13288474
0.09319658
0.06642917
0.061161906
0.0717336
0.11733959
0.09196799
0.7635266
0.7729053
0.84905833
0.7776926
0.101619326
0.06436713
0.07485592
0.81581897
0.86260545
0.884794
0.8850642
0.88667977
0.82469845
0.80332255
0.08764632
0.06966829
0.078657165
0.78923416
0.8518249
0.08126435
0.069757886
0.062434737
0.057217065
0.057016045
0.066517636
0.09751622
0.1434228
0.8612159
0.85423326
0.7456622
0.74826276
0.8261302
0.8624353
0.5
0.25433013
0.2443343
0.24848099
0.28068116
0.4567083
0.26670548
0.21072213
0.20152545
0.39094767
0.20129885
0.18540844
0.16397755
0.17564435
0.5594874
0.552884
0.5404617
0.19815306
0.13951868
0.096749745
0.090611234
0.5990145
0.17276175
0.327547
0.40925765
0.77568036
0.74499565
0.7338939
0.709479
0.6754565
0.6956944
0.15836212
0.11732355
0.08970491
0.07167994
0.070185944
0.11687268
0.17819981
0.82930094
0.8641522
0.6430488
0.29086092
0.3138868
0.79148465
0.7499122
0.64373684
0.2878887
0.55236864
0.12235853
0.096554875
0.10083109
0.15403059
0.8287569
0.11602999
0.07143014
0.051751878
0.044103105
0.041763496
0.038559385
0.03538905
0.03625118
0.054177027
0.87106586
0.1678926
0.1030367
0.06342889
0.049295537
0.9058971
0.8555477
0.82029104
0.8506366
0.9400218
0.9410047
0.8975399
0.7852677
0.045973547
0.031163538
0.02484085
0.029944604
0.03216489
0.031074991
0.0335263
0.039195996
0.048342146
0.06878696
0.079297885
0.87818724
0.11778924
0.06354243
0.04536621
0.04142823
0.10006056
0.11506174
0.092743754
0.13886064
0.10351489
0.06510737
0.10055059
0.069107376
0.049647324
0.70120615
0.66972375
0.84098536
0.937914
0.93569285
0.103160314
0.04001459
0.029128665
0.03205237
0.03335629
0.031225758
0.039466012
0.087491326
0.102532655
0.90175563
0.960378
0.9667413
0.9443772
0.80219764
0.77063125
0.75804615
0.7907105
0.16369021
0.075705566
0.052181777
0.082438685
0.11423187
0.8585939
0.73294115
0.08092018
0.05714416
0.057616808
0.114723384
0.7854509
0.7697011
0.81757736
0.9222537
0.94091433
0.94276583
0.93331635
0.08944056
0.035015073
0.027798457
0.034950256
0.065623574
0.92724794
0.044504635
0.015638951
0.013327035
0.02080003
0.89507216
0.9577259
0.9803863
0.98588574
0.9824802
0.9593321
0.80221045
0.09442134
0.82285756
0.027247608
0.021057699
0.020994464
0.024148287
0.022621296
0.023521572
0.051725466
0.123138204
0.8681457
0.7138264
0.6380663
0.14303806
0.10216781
0.11194441
0.14442247
0.18863636
0.32183033
0.811175
0.70646435
0.7797565
0.6916769
0.656594
0.80698955
0.8531275
0.8441246
0.88591474
0.89538264
0.89201015
0.87637526
0.8844222
0.85451823
0.84671056
0.23354764
0.15107732
0.08612067
0.07207394
0.70280457
0.7960161
0.86566
0.84758174
0.8306862
0.75193787
0.63798684
0.12183888
0.1635427
0.21748617
0.17564315
0.13422105
0.12828574
0.14052635
0.65471673
0.60663986
0.17178617
0.10485687
0.0787241
0.077951744
0.7047513
0.6505809
0.15162429
0.1215791
0.62840325
0.68572164
0.71035963
0.73439926
0.7740886
0.7805993
0.16617899
0.14013219
0.5931749
0.10140255
0.09374245
0.118808895
0.136951
0.60947615
0.6000112
0.20765129
0.17632337
0.14920706
0.09076706
0.11852896
0.691551
0.083737254
0.047772914
0.04288296
0.030840766
0.022651259
0.034276377
0.039607394
0.036932994
0.92079175
0.9468751
0.9670433
0.9406536
0.07717376
0.08009414
0.058862533
0.032438673
0.043716766
0.08145116
0.06479572
0.07103168
0.6413151
0.20497759
0.27249765
0.6833768
0.28878298
0.21304202
0.32213143
0.21266635
0.22723602
0.32977363
0.4394945
0.8277072
0.87532765
0.8515937
0.76650923
0.7443819
0.65768075
0.71480036
0.76186144
0.55908287
0.23495637
0.5561674
0.11219223
0.1218242
0.100451946
0.07457012
0.07298365
0.06463973
0.6335957
0.6020849
0.69041616
0.78380865
0.7893314
0.7564328
0.72577566
0.088565476
0.06669477
0.0802022
0.07930459
0.087063424
0.11868091
0.47848675
0.25666335
0.54715085
0.52116114
0.17992528
0.15743685
0.102932945
0.06268188
0.0606257
0.0688517
0.7186295
0.7342379
0.87184685
0.1871831
0.12263286
0.18439876
0.1421421
0.07127551
0.062640235
0.7023786
0.68615294
0.6634857
0.10846139
0.09792262
0.7184334
0.7027478
0.89043003
0.8451341
0.721889
0.11540165
0.10628898
0.73244643
0.76353574
0.8882338
0.068858735
0.06366699
0.10425598
0.09140549
0.17874174
0.28224343
0.8498565
0.15749373
0.20105743
0.13006435
0.11159369
0.2412619
0.25847578
0.15972829
0.10216881
0.120254114
0.33899063
0.5069981
0.7443957
0.3821767
0.2719676
0.14136055
0.19834495
0.16956122
0.29006127
0.6872937
0.7262086
0.59652495
0.7699802
0.66275334
0.29363054
0.271058
0.22281048
0.21830001
0.21902731
0.4606387
0.78204864
0.77710426
0.89692265
0.91904855
0.91975296
0.89843464
0.83019096
0.68363345
0.6871963
0.8123199
0.8233902
0.7441352
0.66016936
0.5661631
0.5
0.46583807
0.5326483
0.65820116
0.6666682
0.7213603
0.8277501
0.8168204
0.6987987
0.6519106
0.7856734
0.7371206
0.5162391
0.4208222
0.33749655
0.61190355
0.62005645
0.28663668
0.22171807
0.23279235
0.33918682
0.5644359
0.42662922
0.64018524
0.393354
0.34843263
0.43828186
0.46451744
0.4556479
0.45161006
0.66529274
0.66493535
0.69298005
0.57236016
0.49516374
0.5041479
0.5591111
0.7987795
0.9358089
0.91235214
