0.8663994
0.8385645
0.80547196
0.20156789
0.12292499
0.1468303
0.6291602
0.16297
0.20831048
0.1882349
0.1753697
0.77285326
0.90475726
0.90489507
0.7747499
0.7669513
0.40619028
0.44478938
0.4664995
0.51457965
0.89303946
0.90735817
0.8796493
0.45461926
0.29945278
0.29282635
0.84360695
0.87434286
0.8210418
0.8833703
0.87264234
0.8694037
0.87566054
0.82083046
0.7539906
0.16249758
0.12498729
0.14428349
0.1552504
0.118961655
0.081462935
0.071447596
0.7321075
0.76920104
0.8737778
0.29565507
0.13051146
0.09525375
0.67766607
0.7267635
0.82401323
0.76803875
0.7628705
0.84339225
0.7586225
0.6875952
0.08396542
0.0874131
0.1366088
0.76234573
0.8837103
0.8823728
0.7156053
0.1592608
0.14884865
0.13499975
0.09149699
0.22732528
0.5466399
0.20463596
0.26215154
0.7504094
0.562949
0.66702837
0.8478376
0.8135463
0.5
0.38230935
0.38278538
0.36313626
0.5071703
0.73684233
0.6550019
0.7117078
0.40676305
0.28629842
0.34109887
0.32416555
0.265673
0.35549217
0.24595009
0.25161177
0.273383
0.37454838
0.24746703
0.24457271
0.26959625
0.3250481
0.5364722
0.6366631
0.74639857
0.69411045
0.64613
0.46182343
0.37914294
0.1659738
0.15117265
0.16050883
0.1930336
0.45719457
0.35069412
0.44118762
0.2551472
0.24239172
0.27235842
0.2732161
0.35406256
0.5903391
0.6548098
0.42983896
0.39439565
0.4949211
0.7807079
0.7709552
0.53417677
0.43208855
0.4416598
0.43279907
0.46522316
0.50364465
0.23035261
0.22638102
0.44388437
0.45411208
0.5183297
0.5228172
0.47465953
0.19937497
0.23647249
0.5930393
0.73559624
0.7089274
0.54637736
0.5
0.52792704
0.5426368
0.65501326
0.7390598
0.63066894
0.14652538
0.17468435
0.13964574
0.12536074
0.13445164
0.118580475
0.1524435
0.6775853
0.08588113
0.08179444
0.66565686
0.09763262
0.108485185
0.09568248
0.09158732
0.81956875
0.08833662
0.06985263
0.065318815
0.6866488
0.047563605
0.03292665
0.06151237
0.8610823
0.9562873
0.9587604
0.89191264
0.06638446
0.040498015
0.03506667
0.040517356
0.04780841
0.053746603
0.06275555
0.09664004
0.10937922
0.12452637
0.07546303
0.0817371
0.6597533
0.10227117
0.12488815
0.15602809
0.708252
0.78013897
0.1878443
0.19085424
0.19464569
0.2113149
0.72758776
0.67373157
0.54181147
0.5872283
0.6816235
0.66823506
0.5
0.14179668
0.16800787
0.5117599
0.5076911
0.52043533
0.4178893
0.23879631
0.28087774
0.6515872
0.5374674
0.5
0.5
0.12141859
0.09522614
0.108701855
0.14028752
0.8566418
0.113433085
0.06119407
0.071445055
0.1041439
0.08032217
0.07075413
0.08721435
0.10611833
0.83162326
0.25056046
0.08407141
0.06518452
0.08884964
0.7117693
0.8689415
0.9347706
0.925033
0.84250957
0.8914075
0.65780467
0.17859733
0.65847087
0.07603029
0.0677999
0.09772654
0.74153876
0.17017777
0.16228999
0.16133311
0.73541886
0.12658319
0.11115862
0.088054515
0.09425731
0.124623165
0.68703866
0.3189448
0.17122976
0.16755891
0.15561217
0.60932964
0.7736057
0.7720006
0.6461001
0.7507757
0.6508265
0.5100324
0.5421592
0.7468995
0.7360711
0.85822666
0.8486741
0.75603557
0.5799864
0.5
0.30216977
0.39766595
0.43056768
0.23127134
0.2360516
0.22789656
0.26668867
0.27157673
0.29889622
0.6766724
0.4428871
0.38005352
0.4474912
0.2878684
0.22433338
0.30848607
0.3028739
0.6934415
0.6882002
0.82787406
0.86128414
0.8509169
0.7948589
0.87606573
0.8886224
0.84185404
0.61453
0.54802966
0.13613816
0.09131539
0.08138016
0.20126548
0.29548848
0.4048744
0.9455074
0.9373507
0.90836686
0.17054753
0.14685653
0.087007485
0.051321175
0.05260522
0.6342484
0.17364529
0.66172737
0.8122778
0.07829041
0.0544646
0.057936106
0.053170763
0.05179132
0.06591662
0.08310232
0.07932932
0.7970865
0.93627936
0.95171183
0.93986267
0.07523918
0.042942125
0.04472891
0.16776338
0.8275133
0.15939072
0.09949264
0.77601427
0.8164196
0.86883885
0.91879493
0.81444174
0.7139318
0.17050138
0.37236515
0.84854794
0.09828023
0.053077906
0.04556668
0.060032785
0.72604877
0.7825943
0.7483269
0.7357487
0.091811515
0.061375514
0.055903677
0.060503203
0.06164356
0.058725372
0.06294777
0.05911452
0.0610675
0.06195565
0.06745083
0.10094146
0.11857667
0.48469055
0.12683806
0.7695403
0.8327761
0.77379817
0.12577769
0.106188364
0.07925359
0.067633994
0.056031
0.08601199
0.6482168
0.7058571
0.7539069
0.8453113
0.6904616
0.13788646
0.08858428
0.06602094
0.05171581
0.059567526
0.06125826
0.066668
0.094535016
0.8048813
0.9276521
0.927239
0.7996235
0.09781083
0.0775894
0.77041864
0.055866707
0.04600358
0.044324677
0.0505792
0.056552775
0.058888346
0.06246827
0.7574397
0.73530513
0.71343815
0.61500543
0.17608696
0.7079916
0.06199166
0.04600875
0.04781139
0.038683336
0.058589097
0.119574726
0.912976
0.9392014
0.93814886
0.8615868
0.7970239
0.06837514
0.04528391
0.044664286
0.04515343
0.04204191
0.035588823
0.044329453
0.7897258
0.79519045
0.77018905
0.85057265
0.08599316
0.053323187
0.051725257
0.0747777
0.05800446
0.04306185
0.047737867
0.68376946
0.064453736
0.07752602
0.74040943
0.78907853
0.90601206
0.9111471
0.88101417
0.91235036
0.8871054
0.30512214
0.25934666
0.12292933
0.07268754
0.08096389
0.064020894
0.077648655
0.089587525
0.14947723
0.16127022
0.21103188
0.610398
0.83329415
0.2084261
0.14493091
0.10061144
0.06262668
0.07004321
0.7310077
0.7630023
0.7661399
0.72869533
0.73145515
0.114721626
0.06432695
0.056394503
0.07538126
0.73756546
0.79946643
0.7844147
0.7445074
0.7068222
0.6495628
0.12115216
0.08313481
0.068838626
0.11281636
0.6656574
0.72455615
0.70446414
0.7159456
0.7195135
0.79698616
0.68143886
0.13421644
0.11247423
0.16211718
0.15164621
0.20361906
0.8090862
0.3324948
0.21758169
0.19506931
0.6818216
0.48827606
0.5190515
0.544612
0.66713756
0.5343539
0.43096474
0.34640098
0.29407805
0.34394667
0.33422527
0.50275433
0.6846203
0.7983859
0.66004467
0.09963803
0.06508398
0.15808243
0.12961502
0.23191749
0.6462208
0.058504764
0.039081566
0.6842186
0.8417418
0.967504
0.97823435
0.96931726
0.94425005
0.045427434
0.030785207
0.032905474
0.041509487
0.055186655
0.080212116
0.06661151
0.37428072
0.3199385
0.34557036
0.669821
0.2614367
0.1850474
0.16736107
0.16659671
0.2491089
0.62200534
0.9268154
0.9352108
0.92275554
0.8665886
0.6066061
0.13186729
0.10387739
0.19660251
0.13468516
0.13696228
0.20763975
0.14224952
0.61984783
0.11184651
0.07183063
0.07570322
0.0915671
0.76668674
0.7923367
0.7668894
0.6595848
0.08516523
0.08128421
0.17169815
0.23195219
0.8547431
0.80153686
0.85803086
0.624575
0.15699719
0.12763898
0.09614264
0.11559919
0.58812994
0.13232352
0.15140487
0.15027703
0.58729637
0.58899236
0.2808077
0.13619713
0.12335357
0.23272988
0.7722365
0.09249319
0.05828717
0.0664779
0.7418816
0.857426
0.74626744
0.7877307
0.86573637
0.6888989
0.12534893
0.09474851
0.08000102
0.06466151
0.13988547
0.1397134
0.11621084
0.57639474
0.5167707
0.4925323
0.45656037
0.3626083
0.36323214
0.32957983
0.3139498
0.53075427
0.55275166
0.5
0.39096323
0.35815197
0.28797683
0.20321025
0.1535561
0.15066202
0.22593123
0.5839447
0.4909468
0.37940547
0.2252399
0.2673982
0.22379991
0.16970378
0.1294408
0.12920038
0.24908057
0.4066074
0.3726656
0.5701642
0.5920867
0.6425435
0.4120235
0.37991163
0.3308862
0.35805076
0.576454
0.14220518
0.09656114
0.12480912
0.5826453
0.28945613
0.45298213
0.7607949
0.10747607
0.08762992
0.13868973
0.7627433
0.28412673
0.1305977
0.057667006
0.053677093
0.6470753
0.7864509
0.86286944
0.94508326
0.94382256
0.86178154
0.78020257
0.69966996
0.064263456
0.059849124
0.10183599
0.13958797
0.7613221
0.692473
0.674863
0.10104593
0.09441067
0.09712507
0.096346006
0.14131884
0.71532774
0.084014684
0.069700785
0.08661438
0.08219357
0.123579435
0.16234784
0.22827253
0.7336803
0.61830956
0.15537946
0.15300822
0.2784718
0.2726229
0.19674979
0.768667
0.7254345
0.74631137
0.6704862
0.5776779
0.14186797
0.18559577
0.19908896
0.15442428
0.16805899
0.5218128
0.28534627
0.43352777
0.5545552
0.8824818
0.8898454
0.4240299
0.22090778
0.14806277
0.09916698
0.60471356
0.09498394
0.096238285
0.6308815
0.054910064
0.04619894
0.049445458
0.08420516
0.9043496
0.8922543
0.8739155
0.09734005
0.07246229
0.08191102
0.05754889
0.053876814
0.056337614
0.06683222
0.08856786
0.078746736
0.092271134
0.7290771
0.8373497
0.82605904
0.40279976
0.30926505
0.22365122
0.54156125
0.52332056
0.5413429
0.5801839
0.51521796
0.49206463
0.48651737
0.5150158
0.600618
0.8449031
0.91716605
0.8874502
0.21255955
0.14189374
0.6457435
0.04777332
0.025804082
0.03251267
0.053009078
0.028786238
0.028701007
0.8852648
0.9566672
0.95602816
0.96747243
0.8819129
0.047689542
0.06368436
0.030872885
0.019387558
0.023006827
0.02980318
0.047317248
0.06616167
0.12443878
0.15717727
0.21973722
0.2379407
0.19114843
0.1659763
0.13376375
0.25763842
0.42185485
0.8571725
0.9074947
0.8827353
0.65584904
0.5639414
0.096886024
0.08708992
0.05369306
0.061624978
0.6573418
0.80104995
0.943299
0.9586412
0.91889066
0.6365914
0.4787434
0.12733933
0.076629594
0.06299712
0.42269602
0.70639986
0.58008283
0.5427519
0.7340859
0.62531424
0.52123624
0.42621604
0.40073064
0.2660215
0.19119501
0.15144184
0.5334137
0.6684232
0.65968233
0.4134443
0.31826636
0.34122494
0.50407267
0.67161196
0.57955885
0.67048514
0.8231438
0.8035598
0.5499735
0.3870678
0.27966896
0.25038043
0.21713054
0.31499913
0.5468795
0.3436694
0.29574826
0.20404533
0.15025093
0.21599506
0.6504851
0.84676635
0.8446627
0.56226283
0.39672565
0.38644114
0.47004336
0.67657655
0.90000075
0.8920867
0.19337386
0.11209782
0.09343194
0.050610572
0.051200286
0.69286305
0.52543676
0.59809357
0.5606888
0.80783534
0.9225597
0.8964485
0.13759492
0.07086761
0.05742902
0.21941867
0.26998344
0.8413498
0.7044085
0.13084769
0.1059719
0.09581326
0.112186626
0.14292388
0.05660107
0.059080195
0.8246715
0.8440587
0.85307276
0.09047022
0.07661237
0.10185829
0.26879832
0.11126569
0.07898045
0.15930542
0.66552305
0.79619795
0.6689689
0.2161773
0.28221193
0.1806911
0.7502802
0.8939549
0.88796926
0.63392437
0.15918857
0.19526519
0.35540727
0.69541204
0.19868346
0.15852489
0.119932294
0.14025678
0.21691361
0.5267427
0.83288306
0.8411054
