0.85901093
0.8354575
0.8882271
0.85166025
0.5561106
0.27204704
0.40199912
0.23721077
0.23842731
0.26864558
0.5511925
0.6734592
0.67943376
0.57591325
0.34588665
0.4825103
0.45222086
0.45861754
0.50252664
0.628465
0.4710196
0.48250592
0.7296862
0.63276124
0.5442179
0.35232374
0.3911133
0.23028333
0.30530974
0.61648124
0.67272234
0.65617555
0.5935123
0.6227902
0.6521779
0.7510938
0.7439565
0.7520061
0.63664603
0.255103
0.1733701
0.15823868
0.12672451
0.08854675
0.0784243
0.12144819
0.7670616
0.14127181
0.097706385
0.082723424
0.07600305
0.22229083
0.861045
0.89280915
0.8657494
0.8293328
0.83394414
0.82084435
0.77944684
0.07152958
0.0629483
0.076235294
0.10361234
0.22480838
0.8990645
0.10083235
0.07425356
0.05977738
0.052958615
0.07910632
0.10916604
0.16046652
0.7021129
0.6152983
0.49612918
0.48744193
0.5228473
0.6168181
0.54032576
0.5017018
0.5742737
0.6504583
0.5629114
0.55333906
0.5136044
0.16327639
0.1727902
0.16134405
0.38999602
0.48511425
0.537428
0.7456388
0.73566747
0.8333655
0.72480303
0.59745663
0.14320701
0.113340355
0.14876893
0.44321486
0.19463433
0.17930496
0.15095001
0.1346445
0.12998593
0.15865223
0.66903555
0.79008687
0.324067
0.25115687
0.12322486
0.087988175
0.63758564
0.6216389
0.6440666
0.6458313
0.62504727
0.6685598
0.70453626
0.7327564
0.73941875
0.7233263
0.7076805
0.6528834
0.14186145
0.119526856
0.13450643
0.1420135
0.64990157
0.11757854
0.0966939
0.08645126
0.07529135
0.14610144
0.57672775
0.4861328
0.14962268
0.124925986
0.14199932
0.16737266
0.19307017
0.17609663
0.15695183
0.1562656
0.11805544
0.16510895
0.18159558
0.5644151
0.37887225
0.18880868
0.17180072
0.5674867
0.6491596
0.7745276
0.8197786
0.7675193
0.8179269
0.7635812
0.82296634
0.72657716
0.67592794
0.66260654
0.100459725
0.070227996
0.08159882
0.08986942
0.10455455
0.79349625
0.69569415
0.666951
0.11528079
0.102968566
0.11229611
0.11272499
0.6398267
0.09758525
0.06953971
0.07064339
0.098323025
0.77272993
0.8418885
0.094896875
0.076895885
0.07129328
0.04862485
0.05170444
0.10167628
0.7500568
0.9136096
0.9247961
0.85323596
0.18569154
0.054270867
0.036919165
0.04007833
0.061685495
0.781806
0.9219846
0.94145596
0.9286831
0.8801562
0.8784636
0.88059
0.9132577
0.8922232
0.8240824
0.05619966
0.035804696
0.042691767
0.07386117
0.11216363
0.8334855
0.8028484
0.8827739
0.82553095
0.07485094
0.038385887
0.03165814
0.03274111
0.035771806
0.0371759
0.03379567
0.04415103
0.7979846
0.043158997
0.026763141
0.021160966
0.031675346
0.92983985
0.9713396
0.9745797
0.96998763
0.04543826
0.031095913
0.038993344
0.043721143
0.83607143
0.038803726
0.029572094
0.02773019
0.03807673
0.077936456
0.9051294
0.06636392
0.035493318
0.029565949
0.024181211
0.028712198
0.03213867
0.04091901
0.045647785
0.07906162
0.9203806
0.09296832
0.04751557
0.05230429
0.08421643
0.069037445
0.12643127
0.11869328
0.0745087
0.7846221
0.81871516
0.06118607
0.048414238
0.051742453
0.083364874
0.093753815
0.8134053
0.7329741
0.086951084
0.06872709
0.064216234
0.06902083
0.06087414
0.08701436
0.11819494
0.16453789
0.119906016
0.12416292
0.13418137
0.10284109
0.10926738
0.151036
0.73460925
0.63477534
0.57839835
0.5326449
0.64567864
0.35756293
0.22096942
0.19044206
0.22698227
0.29352295
0.30594033
0.5695245
0.43926653
0.40691298
0.4193346
0.29113984
0.32799214
0.21572113
0.33525786
0.22098842
0.23716687
0.26397684
0.44845247
0.42278087
0.21249229
0.22827746
0.24186145
0.3458287
0.19185749
0.14567746
0.09399487
0.09755651
0.3186756
0.8868944
0.89708054
0.81101817
0.7058371
0.08853559
0.10439833
0.15195741
0.27757195
0.5791171
0.4372179
0.4442239
0.50827366
0.5126003
0.51099867
0.59910184
0.6714372
0.71719104
0.67183346
0.7321742
0.7048537
0.55704415
0.4719752
0.4979629
0.48973268
0.42063284
0.49151948
0.5911945
0.6598497
0.6703566
0.51135147
0.455707
0.498409
0.49569696
0.6582805
0.6479232
0.6022905
0.5422775
0.2436527
0.24818805
0.25609034
0.32827482
0.6778237
0.68761694
0.35119796
0.31899017
0.21620189
0.15689418
0.15854989
0.3816409
0.34019813
0.37154165
0.44764495
0.49862418
0.6584333
0.5241055
0.2041142
0.15544514
0.124510676
0.13409445
0.17509444
0.71718204
0.14985684
0.13936408
0.116614476
0.7331486
0.8282146
0.7812529
0.74145275
0.7019648
0.6289972
0.6150325
0.516194
0.14868516
0.23397225
0.24020645
0.82887274
0.26329896
0.16953382
0.14283781
0.117158696
0.16963209
0.62346166
0.7081343
0.6479781
0.7746257
0.8020454
0.71136326
0.5320175
0.5
0.557573
0.75493515
0.800875
0.67364824
0.79472536
0.7305679
0.4201584
0.24491212
0.41851515
0.25267336
0.21134132
0.1931334
0.1506296
0.13396935
0.15372846
0.14225426
0.123480335
0.24928045
0.49146336
0.5523289
0.7285632
0.5908595
0.13971078
0.07793069
0.07010506
0.053301785
0.07287298
0.13150094
0.8113062
0.9095613
0.8905418
0.90301853
0.7958893
0.724657
0.06256012
0.05310015
0.082256034
0.13578546
0.1570347
0.1403304
0.598919
0.69117165
0.4542405
0.4335533
0.5123343
0.6436565
0.33158216
0.2817908
0.2910906
0.45638192
0.49271435
0.5314433
0.6040531
0.72423375
0.8174585
0.5119902
0.47102177
0.40557998
0.27920774
0.24663854
0.21054219
0.7003241
0.6512046
0.6365101
0.092918694
0.075618185
0.10810515
0.20281889
0.7763864
0.84072196
0.9026352
0.8986179
0.86381876
0.11073027
0.06956813
0.077490926
0.047375184
0.043932226
0.068841726
0.83404297
0.85554934
0.86160654
0.07144618
0.06433707
0.11263188
0.12309349
0.10238236
0.14803098
0.6996585
0.6193712
0.68885124
0.7354506
0.68429106
0.30463606
0.16896771
0.14658137
0.16792662
0.6259207
0.6767502
0.627652
0.52802914
0.58950686
0.5819118
0.5415115
0.620831
0.6415923
0.65629154
0.6497432
0.22705813
0.2518687
0.1938226
0.1913425
0.7995265
0.78532153
0.70149034
0.5904574
0.5335152
0.5592524
0.100015424
0.13043632
0.20216246
0.24475224
0.35499772
0.27029392
0.2796392
0.2279825
0.1349011
0.5954326
0.59142315
0.57795477
0.6631272
0.712568
0.6445992
0.2565096
0.34986186
0.31542325
0.23607153
0.27954245
0.50356174
0.5067745
0.46710956
0.5160606
0.22288193
0.33497915
0.38526982
0.6017133
0.28416482
0.26446334
0.19589154
0.67590135
0.67295134
0.70069283
0.7296968
0.68576324
0.66451263
0.66146517
0.15741757
0.13784233
0.1551751
0.5452234
0.39075902
0.43686652
0.38717625
0.6585338
0.62911874
0.525996
0.346667
0.37640184
0.32627225
0.38402614
0.43417352
0.42093766
0.38028434
0.4181892
0.37931207
0.36685425
0.45182002
0.5
0.4949246
0.5062809
0.40357313
0.411974
0.36465165
0.44296196
0.45331502
0.49654192
0.5
0.5304471
0.40188465
0.34037852
0.39614666
0.43324548
0.28879935
0.24009602
0.20453359
0.17318942
0.19104925
0.27531427
0.33768272
0.7321016
0.6129269
0.4686094
0.4691284
0.45557848
0.4543535
0.17261955
0.14020115
0.11409142
0.08342406
0.08510391
0.7176198
0.6793883
0.10434404
0.074052386
0.07822615
0.08322899
0.12154162
0.09502944
0.75263244
0.23027228
0.16902213
0.8297661
0.0662557
0.039281726
0.044553604
0.09546494
0.17828022
0.94511336
0.95547926
0.95846367
0.24553433
0.11180394
0.05635396
0.039178737
0.039779246
0.60910743
0.09246012
0.2031887
0.8750161
0.8906513
0.792976
0.092730686
0.06738697
0.06904037
0.07412668
0.057669405
0.06902805
0.72872025
0.7288416
0.67997885
0.71012765
0.86936754
0.90934336
0.9087697
0.113467164
0.05716058
0.046882123
0.050681915
0.7690313
0.8306175
0.84726536
0.80629045
0.77934724
0.098881565
0.05907676
0.052262302
0.049083102
0.06302299
0.0645035
0.06921884
0.08361159
0.12792179
0.66144115
0.72328407
0.85020787
0.2887336
0.19356532
0.14795338
0.15217753
0.10904331
0.14237471
0.092530176
0.072834425
0.06822388
0.07265468
0.106840655
0.57052445
0.19554025
0.90372103
0.93325967
0.93848157
0.17637327
0.07547073
0.04275182
0.036659293
0.052699145
0.7020337
0.5852595
0.22529672
0.7678617
0.83134156
0.7288507
0.19516695
0.66721356
0.11939902
0.13763133
0.08868543
0.07885917
0.09054272
0.094105944
0.6360558
0.66532564
0.70806515
0.7395717
0.76974714
0.82317215
0.75628024
0.7229071
0.6809094
0.13931563
0.08852801
0.0930625
0.6008524
0.5950247
0.6416731
0.75071466
0.8657696
0.8388849
0.8916154
0.8773798
0.12958215
0.07891635
0.08287675
0.6931122
0.70246947
0.1089779
0.13495146
0.07833998
0.06694283
0.064638674
0.069606185
0.09393657
0.82635033
0.79201007
0.7043189
0.20540388
0.6501321
0.07860489
0.0643993
0.06858359
0.10252609
0.22339574
0.68023425
0.79874146
0.5914292
0.19947508
0.51849794
0.10602455
0.17393573
0.1637533
0.17851317
0.83883095
0.8731913
0.28403142
0.15124203
0.10315908
0.06609035
0.0701421
0.68929833
0.81748056
0.35177833
0.24568531
0.10377598
0.07676367
0.66037357
0.68901914
0.73169446
0.7193316
0.67547107
0.5606455
0.12147617
0.24796811
0.34669867
0.37954754
0.86298513
0.80119616
0.15672895
0.11169902
0.10557727
0.13838546
0.2546903
0.6557031
0.21167724
0.2124729
0.19959722
0.23241183
0.3151635
0.44932994
0.50511014
0.5832597
0.50585276
0.49466395
0.4402643
0.5196927
0.5783669
0.55251557
0.55557334
0.67986506
0.8005985
0.83156294
0.7472777
0.104637176
0.08084197
0.12727848
0.1262279
0.10945095
0.0806547
0.033101782
0.02774717
0.04391763
0.17471568
0.9098182
0.92519814
0.8744111
0.06315123
0.029211761
0.025371093
0.02907993
0.03831122
0.050801773
0.070503056
0.0657052
0.08941437
0.082564116
0.101304956
0.1707149
0.25817946
0.30288252
0.21620178
0.19301896
0.19903675
0.29265234
0.40094486
0.29298082
0.31316128
0.39429832
0.4712429
0.3834785
0.44471917
0.29377726
0.36933059
0.2345386
0.24430695
0.25060952
0.40501308
0.43380597
0.540938
0.8475924
0.839489
0.763157
0.8535483
0.838562
0.5274739
0.4365164
0.22755907
0.21096456
0.26663664
0.7997985
0.39734772
0.17928573
0.13782482
0.17720899
0.79738754
0.12438911
0.08201888
0.07899143
0.065047815
0.07353667
0.110825114
0.117610574
0.7257203
0.7431997
0.7617331
0.069184996
0.06861484
0.1589244
0.25611368
0.91176456
0.04421569
0.018451296
0.020681383
0.053970568
0.12614773
0.9682321
0.96694314
0.9356655
0.080646366
0.032310873
0.02189061
0.020543903
0.025978323
0.039136186
0.051299583
0.06157114
0.07922106
0.9021571
0.88800335
0.8651419
0.8518316
0.84215444
0.75594103
0.08749588
0.07597493
0.059383135
0.072070256
0.094387114
0.06676803
0.080217555
0.68684494
0.104735784
0.12630807
0.13534722
0.12214121
0.16818495
0.1598307
0.14860032
0.13235381
0.11132822
0.10814155
0.10885762
0.20873286
0.6181712
0.6255779
0.6065698
0.64866847
0.69844663
0.79996306
0.76706946
0.841605
0.8482018
0.7831672
0.62192094
0.5837423
0.6199038
0.80585915
0.8544854
0.8081719
0.8535026
0.7782068
0.7734153
0.8678688
0.8582185
0.7414082
0.15209644
0.079568796
0.06145718
0.07661453
0.7646276
0.77057004
0.7795743
0.09621932
0.08229854
0.08995093
0.173846
0.74155813
0.7426257
0.8555484
0.82463914
0.69247377
0.63848436
0.71162915
0.8290859
0.8063477
0.8089448
0.8428479
0.14576246
0.09486933
0.08065704
0.060906332
0.067541555
0.74855846
0.86599153
0.8544502
0.6862689
0.66427815
0.65752006
0.6443722
0.62944657
0.6437104
0.6963672
0.8028293
0.8111333
0.8942733
0.8603773
0.1299895
0.12524922
0.14494115
0.10994231
0.21324797
0.80192816
0.14496112
0.112954214
0.07450072
0.09687074
0.17829981
0.2375969
0.16301607
0.16787027
0.59722847
0.5060279
0.6481769
0.50982577
0.46734285
0.6083884
0.5187896
0.44810265
0.6065542
0.59730583
0.28170705
0.30541125
0.32303622
0.37189642
0.7686874
0.9071728
0.8719459
0.7923194
0.7541448
0.7486619
0.79473
0.1905278
0.12747577
0.106658734
0.11500348
0.2498993
0.23654318
0.1321527
0.085454
0.68067676
0.5539092
0.19701819
0.79123026
0.11576272
0.06403682
0.06077264
0.072421655
0.13328484
0.8622804
0.9095022
0.77858
0.6783284
0.6438305
0.57608026
0.5555261
0.13359846
0.15286417
0.6228182
0.16977791
0.14102419
0.18158425
0.72100836
0.24421068
0.7004744
0.8052089
0.18586653
0.2798552
0.19631356
0.13789378
0.11295715
0.09515082
0.21297626
0.35330966
0.8830151
0.86689526
0.7613037
0.8378644
0.8063221
0.5
0.5454916
0.2610957
0.18632276
0.17084482
0.20360492
0.34620875
0.37032673
0.7348863
0.69412804
0.26815268
0.24560012
0.21864255
0.25576097
0.34861523
0.21947436
0.18158624
0.17745754
0.27785084
0.35859442
0.71685016
0.5413853
0.7737631
0.7006183
0.528911
0.54280126
0.5317306
0.5
0.5
0.5
0.5
0.5
0.17372759
0.17450127
0.14824408
0.16749378
0.30779734
0.58807397
0.52364653
0.6106446
0.62527305
0.636993
0.6252855
0.22666296
0.17158881
0.20190993
0.28935367
0.29988676
0.23973185
0.27563846
0.26751965
0.22127646
0.14664268
0.08491456
0.08105302
0.12518889
0.8071277
0.80670995
0.1467337
0.1277953
0.10416185
0.10196819
0.08455171
0.6281683
0.59683824
0.15908124
0.09953872
0.11823933
0.79476607
0.8796595
0.8594864
0.1342685
0.07283465
0.05931551
0.06899712
0.18422836
0.1366006
0.7458838
0.81033593
0.61054504
0.13375518
0.108097896
0.6847253
0.79787385
0.29286975
0.2106929
0.15942846
0.18158735
0.78560144
0.7466565
0.7653893
0.6146268
0.098996654
0.096828274
0.0853512
0.17038882
0.7460978
0.77028334
0.71458805
0.78412604
0.15128966
0.07054204
0.055429745
0.06856045
0.72744703
0.8260995
0.78530914
0.77446884
0.08462987
0.09387682
0.13981886
0.08224189
0.06354308
0.064982146
0.09076076
0.077237695
0.10207862
0.0873533
0.121419676
0.27410594
0.7591163
0.76878196
0.6692607
0.61112994
0.53463894
0.18186285
0.15867434
0.20994766
0.5563285
0.5604061
0.5718232
0.5780154
0.61123973
0.2804513
0.34082174
0.3219697
0.34129405
0.29274583
0.5694157
0.12054205
0.088350974
0.07562037
0.132294
0.15840128
0.21043347
0.24586035
0.26294708
0.77930564
0.8056968
0.7452331
0.2956048
0.531777
0.11358958
0.09561868
0.14405319
0.14888115
0.20902792
0.26350123
0.31496406
0.23842426
0.1675308
0.17824942
0.46297818
0.56056
0.7430973
0.7348807
0.57707286
0.5262749
0.5273942
0.6403738
0.5174454
0.45387116
0.5119418
0.66319054
0.45125216
0.5042426
0.3007804
0.28063816
0.30475014
0.40745786
0.83208644
0.8842325
0.85047543
0.7339877
0.6019639
0.46543315
0.41159898
0.44074243
0.3103529
0.24755444
0.20906638
0.24569955
0.31142598
0.3838341
0.18192339
0.1775178
0.13434096
0.08957788
0.06754462
0.676211
0.6831958
0.77743614
0.8666108
0.8083364
0.7496416
0.63944274
0.14465502
0.18646981
0.2394077
0.41136926
0.6735807
