0.826336
0.7051211
0.45279104
0.3133329
0.30367923
0.27973503
0.31156766
0.3132092
0.39007613
0.34607026
0.43278033
0.34227115
0.27464068
0.3125908
0.35633808
0.196935
0.21889378
0.3318037
0.78905666
0.766921
0.21639489
0.15127617
0.13786662
0.11508223
0.09670392
0.09043126
0.13067156
0.2026037
0.16025147
0.72223693
0.72665167
0.7067732
0.65644586
0.17816423
0.24182607
0.31293812
0.6647847
0.548411
0.49201062
0.47020394
0.2701734
0.4388814
0.7124386
0.81716555
0.76349545
0.71635014
0.49874622
0.42638898
0.7064309
0.7085148
0.70293474
0.60799104
0.6162932
0.69601256
0.73027664
0.81932056
0.8274912
0.2066142
0.26152793
0.24883063
0.17745659
0.119511716
0.09728736
0.07862594
0.62954235
0.09234116
0.11453821
0.72623247
0.7024764
0.75169873
0.09506872
0.072702415
0.06550693
0.08632357
0.1011384
0.10455815
0.099942975
0.6674857
0.6029934
0.57115716
0.70859516
0.764287
0.17048188
0.15751955
0.76571876
0.31144336
0.68149006
0.0883962
0.069565654
0.0571892
0.05832667
0.07760607
0.7462752
0.8007455
0.83275205
0.83659714
0.7623848
0.074868806
0.05786797
0.07405086
0.096603625
0.102590956
0.15772079
0.8936424
0.075897485
0.05991374
0.7124065
0.7381091
0.8489402
0.9354934
0.9520965
0.30974108
0.22789615
0.12596877
0.10057467
0.08501228
0.06582341
0.29259503
0.7231456
0.14748663
0.32057172
0.79202205
0.1337981
0.18405151
0.14219956
0.16059324
0.1616093
0.19346552
0.22669706
0.8688205
0.0624846
0.038039923
0.034570005
0.028494112
0.024367753
0.03781383
0.03531737
0.030369645
0.08223041
0.9637658
0.9582617
0.8782071
0.064928
0.04606021
0.038363494
0.04174091
0.06853059
0.117875
0.11086273
0.05894048
0.05450981
0.71981
0.6918557
0.7454233
0.81958073
0.7138727
0.7332625
0.2009435
0.13448289
0.16045772
0.19090407
0.2794313
0.19131145
0.5052659
0.19319971
0.13743097
0.2553298
0.24808915
0.30349702
0.61886
0.33863974
0.27094018
0.21788226
0.20113724
0.24017859
0.2957772
0.51256907
0.4681989
0.68474346
0.75701064
0.79191804
0.82118446
