0.8073616
0.76782733
0.7745914
0.72507197
0.72857827
0.85464984
0.8113319
0.6220476
0.5350285
0.5
0.5281267
0.621191
0.8222957
0.88744015
0.8837244
0.80403763
0.64936143
0.51928073
0.6628654
0.6948719
0.7188413
0.75108945
0.6376448
0.6863398
0.46735418
0.17787437
0.1856749
0.21535891
0.3844378
0.214872
0.18455057
0.18059811
0.15821742
0.32876167
0.20113295
0.35190836
0.46521336
0.35463306
0.3649461
0.3717908
0.4176858
0.7123236
0.5191989
0.39593333
0.355498
0.36049214
0.2962019
0.2528228
0.23109728
0.26863366
0.22489889
0.23966971
0.2573254
0.28269595
0.33917382
0.48335233
0.8143258
0.83080035
0.6755143
0.6204987
0.52201223
0.5
0.5
0.19264519
0.19204037
0.16252437
0.14082009
0.117679775
0.083127
0.045665145
0.031745266
0.024929179
0.029117247
0.055750716
0.86888146
0.91565835
0.93569744
0.9394064
0.89609724
0.84694624
0.053224646
0.0340077
0.03217936
0.045773216
0.05028723
0.059977543
0.058862478
0.058613613
0.057032365
0.10424705
0.14407708
0.6664462
0.6906848
0.5
0.45113933
0.29141653
0.3238253
0.4266646
0.3282546
0.46420667
0.31898797
0.34920418
0.37372303
0.37934154
0.6331938
0.49805614
0.4743135
0.5571509
0.77275145
0.88763493
0.90588063
0.7041923
0.56808466
0.24455932
0.14126256
0.24055496
0.2618771
0.37672716
0.22929208
0.20936221
0.1589419
0.1214995
0.18713538
0.41145167
0.48426753
0.4164903
0.49466482
0.3221399
0.20960568
0.53052104
0.53185207
0.5666831
0.6733296
0.5489406
0.22742999
0.30726007
0.2760635
0.24040103
0.55466205
0.5297059
0.5516439
0.59515816
0.44679785
0.17400472
0.17278276
0.21760277
0.8608425
0.9022266
0.8715694
0.18140832
0.1366449
0.16295113
0.5929722
0.78196675
0.73645586
0.7347447
0.54848695
0.46699128
0.47505277
0.59190124
0.63183475
0.66539896
0.6759906
0.5486128
0.4417242
0.3961084
0.17886354
0.1378863
0.14262576
0.21930903
0.5877403
0.5962295
0.62099695
0.2056668
0.14408979
0.10033211
0.10703523
0.70905256
0.09242147
0.06755708
0.070394784
0.09863254
0.14601716
0.12612271
0.083987
0.07575571
0.09765271
0.7039369
0.76615316
0.1928146
0.13631816
0.67447114
0.6884192
0.74538565
0.23803136
0.48076084
0.91244453
0.9269854
0.17446236
0.07979528
0.07307481
0.09059389
0.09889112
0.75086385
0.06209518
0.044982336
0.049357798
0.07293425
0.8905637
0.9066428
0.08576436
0.04348834
0.04441028
0.116352156
0.76609313
0.8988844
0.9069435
0.7241398
0.16065885
0.08713617
0.07681861
0.18133116
0.5775498
0.63716483
0.76806575
0.65123856
0.62848806
0.69465816
0.85340923
0.8315279
0.25680774
0.14736205
0.13626947
0.14739741
0.11129819
0.15627432
0.54673886
0.633182
0.42639968
0.30937025
0.24705763
0.20720203
0.20880096
0.23309676
0.26804325
0.38060814
0.6596954
0.8222971
0.75252295
0.2985412
0.24959904
0.48069856
0.48986477
0.5043268
0.5450075
0.5
0.20478241
0.2057083
0.23194352
0.68119025
0.27585778
0.32172072
0.4783827
0.79747236
0.5817949
0.529693
0.574149
0.7700857
0.86791164
0.8305157
0.6519758
0.6117315
0.63709635
0.77734
0.77576107
0.6198813
0.586077
0.7167372
0.91981196
0.9458231
0.93754
0.8965832
0.26484016
0.1405924
0.108141266
0.46122843
0.15277906
0.26870346
0.49802572
0.8489838
0.56429106
0.47590405
0.16200873
0.12823087
0.4470567
0.09883409
0.11627148
0.052719112
0.0549209
0.8281796
0.94185257
0.9427064
0.84778816
0.7427354
0.08547692
0.06757662
0.06328127
0.06549127
0.07308141
0.09611647
0.5174319
0.5143482
0.2912582
0.32074517
0.6525476
0.4368347
0.31697413
0.39475885
0.725063
0.6477413
0.75163454
0.3754852
0.27370083
0.19828685
0.1467626
0.1387577
0.118246764
0.5680895
0.16854815
0.24172863
0.16815569
0.11131795
0.10582098
0.10328853
0.7362956
0.87636125
0.8879287
0.7806867
0.7011186
0.6637457
0.6375316
0.6204244
0.6238137
0.6466555
0.70579016
0.6891522
0.68688565
0.74323875
0.8477713
0.8353289
0.72782016
0.6652336
0.6871511
0.117233984
0.082776845
0.096460395
0.12824216
0.119649425
0.18727894
0.8748962
0.07995421
0.054820973
0.06362172
0.06210408
0.13891444
0.3043405
0.64739347
0.11577757
0.107675254
0.18338254
0.1422156
0.16281503
0.19535176
0.21008147
0.33170664
0.12721132
0.1371742
0.34674028
0.35383886
0.315165
0.33692375
0.34686926
0.4080941
0.5273403
0.6040276
0.6104176
0.50766575
0.28380388
0.22019711
0.19873783
0.20567481
0.32766438
0.24778254
0.34103632
0.2738587
0.38135284
0.56412214
0.63648486
0.8446755
0.8607154
0.84329927
0.78876996
0.67832196
0.6495881
0.6945425
0.66226655
0.6828695
0.7579953
0.78598243
0.7508685
0.63068146
0.56027126
0.5505876
0.6053431
0.6756733
0.6365421
0.31325936
0.25304767
0.430686
0.38976458
0.49982992
0.5428154
0.6556661
0.72981936
0.45352408
0.5
0.82461184
0.6954002
0.16675204
0.11612904
0.10782047
0.113474876
0.11961777
0.08345855
0.0814896
0.68937284
0.12502186
0.123423465
0.22649486
0.8514855
0.13587134
0.0533049
0.0426279
0.041579664
0.043964103
0.03339696
0.03080492
0.028116167
0.023462756
0.025444116
0.043490782
0.8930996
0.97427297
0.97987396
0.9696508
0.045613937
0.025971195
0.021847175
0.024364136
0.038534794
0.06868762
0.7858277
0.81678694
0.653277
0.11671301
0.10847208
0.69120115
0.07681556
0.0902434
0.21634427
0.81476104
0.0855151
0.077145346
0.08706138
0.06506541
0.09200417
0.14458668
0.7729648
0.81748027
0.12960951
0.09667815
0.102677844
0.17838882
0.66227657
0.17058873
0.1565353
0.18328866
0.27089247
0.34287202
0.38459024
0.66411406
0.6332728
0.5724204
0.17998935
0.14847338
0.5183814
0.23496436
0.51095545
0.114976116
0.102991074
0.14458643
0.22698258
0.6322053
0.6495154
0.6456394
0.5673762
0.12976411
0.131126
0.20088096
0.17248014
0.29396385
0.7582159
0.7595547
0.73642385
0.68121487
0.14944486
0.1507905
0.21526457
0.33626863
0.8478227
0.84454435
0.80872536
0.81445104
0.7743227
0.75188285
0.70498973
0.69340134
0.7206911
0.75095457
0.78016293
0.75956357
0.6992641
0.6709769
0.6487359
0.6324728
0.6722834
0.7037402
0.68412226
0.6904723
0.7197914
0.7654198
0.7622457
0.79729193
0.7874128
0.73451114
0.72547364
0.76932096
0.734844
0.7280676
0.20890126
0.12559336
0.092311315
0.11763977
0.6030833
0.16230196
0.1457238
0.14419964
0.14068864
0.18348038
0.20697473
0.15063065
0.11636897
0.12998368
0.45505196
0.19592468
0.4711555
0.2065659
0.22603093
0.58674175
0.40381348
0.39895245
0.36006615
0.33461875
0.53069365
0.3075203
0.36812368
0.37099832
0.416979
0.40462965
0.35254937
0.22918658
0.63815624
0.5997551
0.10740213
0.11737331
0.2411584
0.25893405
0.74615514
0.7720505
0.71012986
0.799935
0.3703643
0.2490579
0.12409906
0.09725483
0.58518845
0.5114455
0.26533532
0.37893075
0.4699869
0.49340928
0.51160574
0.6192677
0.5
0.3991703
0.2925245
0.2842152
0.30847028
0.3621022
0.5112619
0.2970725
0.23029009
0.21331751
0.22268479
0.23792644
0.2259828
0.26624513
0.23469105
0.23956674
0.3975804
0.28484058
0.29131743
0.34075245
0.82535404
0.8433743
0.73774445
0.726429
0.56872636
0.5480466
0.72197
0.6975777
0.41262344
0.387239
0.30022627
0.25592077
0.3452275
0.29198685
0.27404228
0.22486967
0.31244352
0.18703856
0.15034868
0.16081364
0.168485
0.15946452
0.33430085
0.26005092
0.1718646
0.2667341
0.47728807
0.3600639
0.56843036
0.3956879
0.39282784
0.38591716
0.29135218
0.21449085
0.25893772
0.17934337
0.14964326
0.2160444
0.38325855
0.24317157
0.34558308
0.35042357
0.33433685
0.35701036
0.20765689
0.1822799
0.30020085
0.16702981
0.25112954
0.26837206
0.1951638
0.19799237
0.2558742
0.26475123
0.21379147
0.19972764
0.18541792
0.33410087
0.37623873
0.29916158
0.5760065
0.7832399
0.7749641
0.6128451
0.5344071
0.46292338
0.21299548
0.15618642
0.14227767
0.16420728
0.15848152
0.23555413
0.21858929
0.20093991
0.16539566
0.1350584
0.17796634
0.319584
0.68201065
0.17666143
0.16242394
0.21977252
0.1422976
0.10641777
0.67029876
0.75717974
0.68868756
0.7472459
0.8613554
0.8396604
0.6897768
0.5317471
0.14423265
0.2433915
0.17315628
0.18997233
0.4409887
0.63022137
0.11414375
0.15555543
0.18521108
0.20414571
0.55558366
0.24901491
0.18069978
0.15700936
0.5232259
0.43723983
0.1859632
0.2967793
0.7584037
0.09749726
0.05385169
0.054234527
0.069491096
0.16087885
0.8715326
0.8389005
0.7946899
0.6808608
0.09824761
0.06981223
0.059558883
0.07965006
0.099913344
0.13834307
0.14057678
0.70275503
0.13886298
0.17379612
0.3556073
0.6239353
0.224162
0.26900646
0.17866905
0.1489213
0.16190323
0.10356839
0.08364989
0.07719495
0.07393048
0.10285284
0.65071946
0.42534265
0.72411406
0.11854135
0.072771534
0.064071506
0.08975233
0.7291623
0.19664319
0.3258446
0.71067274
0.7649944
0.80757505
0.9011683
0.9015714
0.13419375
0.07352179
0.061329488
0.050339647
0.043553464
0.050317302
0.7752199
0.8290339
0.054622296
0.037021786
0.059115894
0.20435281
0.9549798
0.96869826
0.95555663
0.8770182
0.07636578
0.05071414
0.036936022
0.044507504
0.80382144
0.8060089
0.83150715
0.044264648
0.024203083
0.024434261
0.048639756
0.90885895
0.9490664
0.9518361
0.093074575
0.044265293
0.032987226
0.032141507
0.036557715
0.0453785
0.057110313
0.07049784
0.04317121
0.050223276
0.78663605
0.7753546
0.79481876
0.87876934
0.78850424
0.09494643
0.05387258
0.050816283
0.05267233
0.053033173
0.07972717
0.8030649
0.08462412
0.06131785
0.06052104
0.049695764
0.05301519
0.0667921
0.0548449
0.107542455
0.109592274
0.08472902
0.16861668
0.74955535
0.8603263
0.8493945
0.73242754
0.6484438
0.15949681
0.27308226
0.14928065
0.111828975
0.07731049
0.10056258
0.107043035
0.14018992
0.12423615
0.10254402
0.06726736
0.051312674
0.061187144
0.75912887
0.8261815
0.88638663
0.7806154
0.111358896
0.072386116
0.06967666
0.07239679
0.09482545
0.55571985
0.48400566
0.42617393
0.15062274
0.22156736
0.70618874
0.8517537
0.19169791
0.13615963
0.17219055
0.0850198
0.05907634
0.055488646
0.064353324
0.07290102
0.10682755
0.14285338
0.7903755
0.6059057
0.51203614
0.5662054
0.6300038
0.6736697
0.6858051
0.68606514
0.6668622
0.5158548
0.19169807
0.68920636
0.230112
0.1504894
0.06024457
0.04035815
0.044458237
0.07130376
0.84573835
0.21687211
0.054714255
0.03156681
0.044915058
0.86588156
0.9444161
0.9269423
0.89075
0.049103618
0.031660214
0.03505642
0.034630075
0.034115586
0.038975347
0.041774526
0.04866688
0.058727562
0.09508624
0.811762
0.08180032
0.053470984
0.042565655
0.043564722
0.051267907
0.07622857
0.067848794
0.083068535
0.09001305
0.36173683
0.4336357
0.81195426
0.70263976
0.47090015
0.56042314
0.71239537
0.2229122
0.16553092
0.1547396
0.14867128
0.12886682
0.24365443
0.29335815
0.5254618
0.2596767
0.1418002
0.14433926
0.25505564
0.4020444
0.22579966
0.18108913
0.27577698
0.2970055
0.32766944
0.4467746
0.62348324
0.5051975
0.6965136
0.84315157
0.84603536
0.7222013
0.3153499
0.17764658
0.12832616
0.17590937
0.58048326
0.6942669
0.773283
0.6558686
0.65938586
0.488295
0.25984353
0.18937719
0.45949596
0.5770525
0.70949525
0.65357405
0.82691747
0.7858695
0.59308577
0.6378524
0.4243897
0.4183877
0.3193232
0.22261515
0.22814624
0.26895672
0.23542976
0.24770507
0.5604625
0.6194011
0.82907933
0.7327301
0.42628944
0.35565493
0.30800554
0.29209712
0.34169835
0.32379043
0.21172091
0.26073295
0.46743876
0.5755976
0.8023728
0.7365592
0.37783152
0.2023014
0.27878195
0.2823967
0.29558682
0.6138476
0.59866863
0.74292946
0.72838473
0.6687895
0.7406688
0.5400507
0.31118107
0.34421802
0.12571129
0.2317844
0.39658615
0.85049325
0.8741893
0.76437193
0.6294574
0.1389969
0.109869845
0.13218164
0.12371944
0.17379634
0.2570071
0.23798494
0.18858409
0.1992026
0.32223782
0.38308856
0.67214215
0.7682566
0.70427066
0.4181384
0.37898055
0.44124362
0.27054283
0.41340515
0.40244436
0.4120673
0.29030782
0.1977491
0.13909863
0.20912287
0.23186412
0.26816908
0.6999515
0.60534054
0.5257136
0.5168797
0.1833166
0.12808202
0.1214629
0.16377498
0.27054787
0.72725207
0.73628813
0.72223824
0.69602644
0.65233546
0.62768304
0.61825067
0.62888557
0.6333457
0.31514937
0.22958522
0.1767111
0.20794904
0.2601069
0.20174912
0.16694123
0.14923905
0.16944307
0.25682425
0.66042286
0.43925115
0.256543
0.2291442
0.1921879
0.13353759
0.18725671
0.63105124
0.18278688
0.10189358
0.09954131
0.69240963
0.06753339
0.05008314
0.07076136
0.09406693
0.067235254
0.043872684
0.07747384
0.78238976
0.8126492
0.9135404
0.84682673
0.8356734
0.07874482
0.08263435
0.10134772
0.091413066
0.08573084
0.063799925
0.06624799
0.6508901
0.16332394
0.20704368
0.21656367
0.5960676
0.41359496
0.20141955
0.16641946
0.1402375
0.42965427
0.48922548
0.28895563
0.23934057
0.067313164
0.039379805
0.03718487
0.0984994
0.86366844
0.91490865
0.931261
0.4873251
0.09990635
0.04535842
0.054850195
0.10162695
0.2149676
0.23185381
0.18602069
0.15838431
0.12571959
0.09032732
0.0970251
0.8209028
0.8073126
0.8455797
0.7937633
0.8091655
0.17681734
0.11930043
0.059984557
0.042990483
0.060381684
0.059200093
0.78272605
0.7839494
0.73924196
0.7999101
0.9054626
0.91630226
0.07179815
0.033912137
0.02776312
0.029942527
0.058780145
0.096303955
0.92201686
0.94884044
0.8943382
0.84486306
0.79324526
0.059683993
0.038562037
0.040665302
0.065674216
0.046414703
0.05532974
0.69476336
0.71587753
0.75886184
0.88080525
0.06423303
0.032154612
0.035252787
0.05421579
0.07553919
0.84794027
0.8736225
0.9448144
0.9535762
0.05700371
0.015744207
0.011348401
0.010661937
0.011856031
0.020428114
0.9272212
0.9636634
0.97971606
0.9794279
0.9474966
0.027055541
0.014253311
0.011354876
0.013025553
0.017967463
0.0205125
0.027766705
0.032117333
0.034532696
0.049099833
0.10409912
0.8838729
0.097777426
0.09142002
0.049366426
0.05786667
0.12431856
0.081234805
0.09673818
0.14062828
0.20769289
0.19551992
0.20075648
0.2996615
0.7017678
0.74979436
0.638615
0.6132547
0.7226364
0.7740191
0.75478095
0.82313675
0.68354255
0.52553475
0.5396061
0.38609055
0.39478043
0.62300694
0.4291361
0.38294354
0.41532367
0.6316435
0.51059586
0.3449864
0.3337906
0.3655034
0.37085408
0.3987056
0.621476
0.44886008
0.44612247
0.28410566
0.26271975
0.28675076
0.34057018
0.27708516
0.26519266
0.37637413
0.46683177
0.41209665
0.32544565
0.28958654
0.22548963
0.5257335
0.77823263
0.7580793
0.52606344
0.45298502
0.39445266
0.40948284
0.4365021
0.5714671
0.8347725
0.8662295
