0.7952556
0.7403103
0.774697
0.86708385
0.93577427
0.9577775
0.947587
0.68927884
0.31100574
0.1250283
0.109510876
0.20260234
0.8773889
0.32510763
0.26666644
0.24850738
0.93528116
0.94101554
0.048389334
0.019712972
0.019925458
0.0315592
0.032184627
0.03928141
0.95935434
0.974979
0.97402936
0.06898771
0.040388223
0.030454239
0.031003725
0.056021772
0.08010879
0.9301165
0.93181163
0.109025516
0.092555776
0.11603016
0.69958
0.09857949
0.137876
0.14344123
0.12016509
0.11985979
0.5960204
0.5955816
0.71080947
0.8003817
0.88345057
0.8845527
0.78474456
0.7918006
0.82590336
0.75085235
0.7747757
0.8323941
0.80373055
0.88294846
0.9179275
0.90954924
0.8421524
0.8306902
0.8031255
0.19622594
0.18816167
0.19536
0.10381908
0.099489436
0.79794514
0.075917594
0.049062952
0.044530395
0.045183267
0.06035999
0.054761633
0.051697552
0.0424624
0.033957575
0.042348426
0.06466271
0.84803116
0.93708795
0.13577443
0.06795964
0.041407645
0.054401744
0.063038856
0.85884327
0.84913296
0.055030726
0.041946057
0.05475134
0.067278214
0.080497794
0.917139
0.90810865
0.92527694
0.8599379
0.8058159
0.89187825
0.11860002
0.043486357
0.03482263
0.046897255
0.8884815
0.93657875
0.946057
0.9187905
0.04982897
0.030834928
0.029762655
0.054691486
0.90222853
0.0606656
0.048544507
0.036372416
0.03153478
0.04525552
0.7856586
0.038000714
0.03182506
0.029571744
0.04302412
0.058785237
0.8939186
0.7943798
0.90888923
0.084947884
0.040714692
0.032252092
0.030791141
0.03613031
0.041866455
0.045173183
0.046176504
0.0571277
0.058177456
0.050238814
0.06313303
0.06735377
0.08071991
0.07947973
0.08413506
0.62251526
0.7046245
0.73703694
0.20564465
0.19452645
0.6054204
0.10647082
0.108123325
0.6557573
0.06722633
0.05728538
0.078727625
0.07028358
0.10498078
0.888638
0.8636921
0.068049744
0.038849615
0.033061884
0.030766625
0.03206375
0.02874355
0.029115664
0.03718886
0.021177972
0.01613658
0.01643035
0.015751598
0.014412208
0.0128704095
0.014504261
0.03570619
0.9746831
0.9809702
0.9764628
0.9595084
0.036289465
0.020926768
0.01880123
0.021843411
0.02888908
0.031521164
0.03367256
0.03612952
0.04472385
0.730278
0.105753794
0.20391884
0.90840226
0.79722536
0.7662528
0.08199257
0.06095472
0.054964524
0.0756659
0.097007036
0.7991528
0.61594707
0.11867941
0.1375304
0.20477179
0.81390625
0.15022917
0.12974703
0.69996995
0.60497075
0.16603674
0.13044684
0.6111678
0.25619107
0.28296274
0.83931756
0.84907305
0.89324933
0.81264454
0.6915595
0.6578535
0.78746814
0.7847517
0.7765429
0.25846356
0.15452142
0.099943124
0.0820914
0.71197456
0.82402974
0.8305546
0.8453355
0.856961
0.86029565
0.7713299
0.19585499
0.13641298
0.163361
0.28102267
0.35151532
0.26568595
0.1767913
0.20361173
0.23527429
0.22089998
0.1485341
0.7912751
0.72765446
0.3625472
0.76927084
0.78974986
0.8051758
0.8301008
0.88965005
0.898043
0.14021884
0.11790756
0.06892744
0.074340306
0.8629246
0.8527528
0.8474672
0.8107186
0.84123814
0.82253337
0.06558078
0.057086818
0.071283504
0.095480256
0.06274149
0.06391967
0.0726786
0.075470895
0.063344665
0.06631646
0.7005833
0.17763923
0.89939725
0.06814357
0.037399855
0.037637476
0.053412948
0.10515603
0.9150667
0.9449893
0.93956494
0.87146384
0.086260974
0.05325191
0.056555104
0.74361384
0.0792455
0.08503421
0.74790376
0.050751448
0.04057484
0.03818976
0.039463714
0.044372573
0.06871353
0.11899721
0.8357641
0.89255977
0.7656741
0.27101892
0.81589675
0.74854845
0.2226479
0.8367676
0.15448686
0.14600132
0.131889
0.09893094
0.11435656
0.23271126
0.8822773
