0.8309484
0.8847572
0.913493
0.8713005
0.80490863
0.7733975
0.7956849
0.8186003
0.87521815
0.89631075
0.8683744
0.20304798
0.18381225
0.19927908
0.20829016
0.2065571
0.19622566
0.7654457
0.77623737
0.78220665
0.80627954
0.80325425
0.7785524
0.7552843
0.72186023
0.6646883
0.15276535
0.19965394
0.21520476
0.14388393
0.11685701
0.12557738
0.5286649
0.33113042
0.41329554
0.24965954
0.22579187
0.49377543
0.20125198
0.22333184
0.28483444
0.6363876
0.66732067
0.6206059
0.25990131
0.22163665
0.19463903
0.22602268
0.18856576
0.19570448
0.27286887
0.8252332
0.82315284
0.7140078
0.6766335
0.6637917
0.64870524
0.65043294
0.19208533
0.12998621
0.14694646
0.15347826
0.16963913
0.28464735
0.36255205
0.8483214
0.7420405
0.16173528
0.10083642
0.0773135
0.08268918
0.17432275
0.7540186
0.12867942
0.1470685
0.14385663
0.1041924
0.10491134
0.68312037
0.7027185
0.5986402
0.16255984
0.17638125
0.7500813
0.23731755
0.13090561
0.13565807
0.7204487
0.6212796
0.1020234
0.130755
0.1772917
0.80325663
0.21574518
0.10356891
0.15466824
0.28322336
0.88039374
0.7803415
0.73232615
0.07514642
0.049063623
0.043119553
0.045849305
0.06107302
0.089546464
0.9191831
0.9140038
0.31322145
0.8567357
0.8999886
0.75231844
0.20694225
0.7973633
0.7942702
0.05903321
0.046763796
0.058200035
0.0520972
0.049336802
0.07285634
0.7534916
0.7739312
0.79783773
0.08789415
0.07156724
0.09804776
0.124014534
0.1710686
0.10361453
0.09611659
0.65465176
0.12067595
0.1052698
0.17073196
0.61139816
0.13137318
0.12017181
0.56518483
0.12899725
0.18867996
0.32137257
0.6504008
0.33343795
0.16754887
0.5995556
0.57575095
0.59035456
0.12417634
0.08673147
0.05715981
0.06665564
0.10493617
0.10834128
0.12575689
0.11527362
0.121567816
0.12358373
0.11812324
0.15525079
0.6423656
0.5886563
0.09465188
0.1177017
0.1680834
0.28469178
0.7642851
0.7383119
0.76595646
0.6546159
0.6737854
0.6146193
0.15455465
0.22877468
0.22333898
0.14554566
0.10294888
0.071424924
0.074626036
0.80854255
0.79031837
0.12204409
0.11846684
0.09445394
0.71990573
0.08501811
0.06535716
0.090753816
0.7716813
0.833077
0.8902767
0.8386004
0.11353552
0.06553521
0.07260414
0.67728686
0.090136304
0.10937832
0.108412065
0.743878
0.87174803
0.90832484
0.88561374
0.81035715
0.69771624
0.12627544
0.11949154
0.23441297
0.706517
0.12449773
0.14910159
0.15981461
0.15404958
0.15368178
0.2080735
0.26863766
0.70871925
0.3415668
0.24619266
0.15112206
0.11379124
0.15715279
0.2574881
0.4521619
0.857763
0.9332962
0.93361974
0.8661751
