0.8023059
0.53571016
0.50378793
0.5003625
0.5809574
0.8249957
0.71599823
0.66516054
0.7750197
0.823392
0.7799326
0.8262795
0.81659395
0.802246
0.79704565
0.72177255
0.66667163
0.66665924
0.5880053
0.61312795
0.8276923
0.90198565
0.9136876
0.8779306
0.9207205
0.9245487
0.90470576
0.7807784
0.19720651
0.21417667
0.37209687
0.91762394
0.93328
0.90999573
0.89497375
0.8914083
0.83270514
0.21295285
0.13513082
0.10773031
0.07046465
0.07705731
0.11818354
0.78013843
0.8509901
0.8267963
0.8039603
0.75281453
0.112737365
0.11454922
0.18017796
0.83530676
0.87521726
0.81071925
0.84747267
0.32188374
0.19543988
0.15708798
0.1271474
0.5205336
0.5640602
0.64852303
0.5842096
0.66700816
0.5406991
0.49587518
0.32002524
0.35347238
0.47213668
0.2963166
0.25682983
0.22513239
0.26032552
0.3665853
0.7606425
0.8399363
0.7798883
0.5853296
0.50802433
0.3192014
0.35751435
0.48672768
0.86092925
0.8820727
0.64450425
0.54263645
0.5
0.51827836
0.51180524
0.55169153
0.78123796
0.88153875
0.8825013
0.80982393
0.8306358
0.7675685
0.79032797
0.72922194
0.69447154
0.6755276
0.65637714
0.46784115
0.5
0.56402016
0.8606339
0.8425068
0.5019162
0.3556854
0.2778199
0.23747922
0.25147623
0.22976534
0.25381318
0.23388284
0.2448736
0.23130164
0.7531907
0.24891013
0.20090818
0.16285616
0.14608586
0.11164741
0.14670181
0.7182237
0.75305593
0.78962463
0.80845195
0.7833076
0.727613
0.7635197
0.11117673
0.09462278
0.118081175
0.20292208
0.19229797
0.8447475
0.81515497
0.63768864
0.12555453
0.10118232
0.13599691
0.6733049
0.69572175
0.6929841
0.7289993
0.73508
0.7179822
0.75835204
0.77450716
0.11680223
0.10883111
0.07095877
0.051338237
0.067808576
0.10035612
0.90716225
0.8941877
0.9309097
0.92827886
0.8834522
0.87304777
0.892702
0.8997761
0.8815042
0.8945356
0.879339
0.8897533
0.87757474
0.8789293
0.8824391
0.90154207
0.8778046
0.8742339
0.10634787
0.06250749
0.05165327
0.070434935
0.12437631
0.16586353
0.7825638
0.7174514
0.6543347
0.6570939
0.6581996
0.6439291
0.112377465
0.078314014
0.13094518
0.75276023
0.079574384
0.0743132
0.08022331
0.111530945
0.18284523
0.8147938
0.86208874
0.22250494
0.15407881
0.25132215
0.6599353
0.15000665
0.19186603
0.17428318
0.15021251
0.18570878
0.1928964
0.20699027
0.18868625
0.19078255
0.33949152
0.72470134
0.66593933
0.70323133
0.23380752
0.18455991
0.18353035
0.5657955
0.7243589
0.7807496
0.61169964
0.58654726
0.762683
0.7081202
0.60109276
0.62964404
0.7334202
0.7614368
0.45821238
0.37905052
0.31283757
0.74245226
0.6577895
0.7002172
0.82379085
0.8197027
0.3279864
0.46953958
0.43996444
0.5328442
0.4913187
0.45500994
0.48062128
0.33334178
0.5163539
0.764504
0.20249514
0.18248722
0.2097364
0.5586782
0.7083862
0.15029953
0.12676814
0.14307822
0.16821575
0.30999276
0.9229239
0.87817496
0.9451308
0.93943995
0.89603865
0.72202843
0.2522203
0.18851079
0.6351727
0.26522595
0.20682
0.21476021
0.6938028
0.67066246
0.86980706
0.8856477
0.74396706
0.23830076
0.16819583
0.1525972
0.39855108
0.67856425
0.81313115
0.46014604
0.45511904
0.78628254
0.16350561
0.12847456
0.101428315
0.08059654
0.7067676
0.6469024
0.10564276
0.045439117
0.04002199
0.06737368
0.72825825
0.9302676
0.9580253
0.9033522
0.9189843
0.7014567
0.059701636
0.050225485
0.04630709
0.05174835
0.75612056
0.88352114
0.9377674
0.92101324
0.2787414
0.3431989
0.19271398
0.2404582
0.5781063
0.1372449
0.30049655
0.24085738
0.08440464
0.050310943
0.026679672
0.026791127
0.85534763
0.8426481
0.90336084
0.9411123
0.95221406
0.951054
0.07577231
0.07936009
0.081857756
0.065419726
0.05378571
0.11528218
0.26185003
0.86931753
0.85908854
0.7765908
0.85383147
0.83295757
0.7394938
0.75253236
0.6846842
0.70270544
0.8290951
0.81815124
0.8439978
