0.22066768
0.14196241
0.11413492
0.0749502
0.052624967
0.060863193
0.08927673
0.05782854
0.062089182
0.8384353
0.8498305
0.934058
0.8979482
0.08612212
0.061674174
0.085698485
0.710712
0.07219706
0.097264744
0.11052282
0.11806626
0.15146029
0.19557731
0.7887981
0.8885876
0.8601675
0.5813084
0.5
0.22508252
0.20191504
0.2404379
0.3733689
0.31927964
0.31771582
0.41407648
0.5266327
0.71355355
0.777856
0.7298437
0.8430757
0.8135077
0.8878091
0.86324686
0.25951877
0.17097232
0.114486426
0.079804346
0.07344784
0.06673563
0.7278242
0.7504669
0.7884945
0.8718415
0.102126874
0.07108601
0.10059362
0.16843322
0.29634902
0.31173337
0.3096095
0.339624
0.24689123
0.22482604
0.13026689
0.081882186
0.10003847
0.17849356
0.16422774
0.67873234
0.10565439
0.092731774
0.093363345
0.104123354
0.08725182
0.11311458
0.09698055
0.8938141
0.1263889
0.050928093
0.036014285
0.039242208
0.08229308
0.83316696
0.9340384
0.93098843
0.82193947
0.05482772
0.036158685
0.03572271
0.040899552
0.054004367
0.11581032
0.90158266
0.7516886
0.6979983
0.09463722
0.0625474
0.06394317
0.07837434
0.8055384
0.7194457
0.7176325
0.72806907
0.731833
0.7445935
0.78069425
0.7276538
0.75430995
0.8562324
0.8812973
0.11115348
0.11062714
0.10962546
0.050106492
0.032312345
0.04201747
0.799155
0.944173
0.94926894
0.90019333
0.8462764
0.8582042
0.9025597
0.057442266
0.053557653
0.10220686
0.09166918
0.063334845
0.052046172
0.80270624
0.786465
0.06633101
0.048705615
0.047275823
0.06068379
0.7707626
0.7540924
0.7681576
0.90203345
0.14670682
0.13605218
0.060070574
0.033822306
0.0326221
0.039275274
0.8309235
0.8567525
0.91951936
0.9478743
0.13410896
0.0501098
0.03401874
0.044812478
0.18930314
0.8447456
0.8644159
0.09504572
0.08067173
0.07244896
0.072241604
0.1140098
0.1838819
0.22355014
0.8003902
0.14653507
0.16721013
0.20635839
0.72549134
0.6080209
0.586112
0.65203464
0.72458667
0.64841986
0.573959
0.5356956
0.50011617
0.15096526
0.21836686
0.29867846
0.7924422
0.7808832
0.22904284
0.20017333
0.7909376
0.783999
0.8837375
0.8398683
0.55930257
0.12314403
0.13517788
0.59533566
0.24608026
0.2080642
0.26231238
0.7921224
0.78002673
0.55455685
0.47756913
0.46200326
0.20452635
0.18716712
0.25253755
0.2641064
0.3313799
0.32967642
0.5262035
0.58894837
0.5569099
0.47648093
0.432136
0.4176263
0.4448865
0.47571373
0.5238544
0.5992756
0.72903806
0.8394921
0.61688364
0.76758415
0.16156523
0.10636535
0.06326064
0.055184864
0.06092543
0.04841213
0.047561705
0.0523997
0.05583968
0.03503281
0.031511687
0.081147544
0.059439097
0.8725631
0.8872765
0.9688375
0.9699616
0.30298024
0.08654519
0.047232416
0.034355443
0.034187343
0.031116297
0.03971646
0.8453402
0.9262114
0.08234867
0.046348006
0.040238
0.036353722
0.038885217
0.050137453
0.82722145
0.89409065
0.81996787
0.788636
0.74796414
0.7221562
0.68323034
0.11266853
0.1454956
0.23144934
0.8132514
0.08616539
0.05222978
0.036786612
0.03167394
0.042258702
0.86592376
0.90946496
0.9594557
0.96281207
0.068661064
0.038812596
0.03133381
0.029648084
0.04891954
0.7614752
0.07106945
0.073530786
0.095477395
0.8137313
0.914967
0.9025883
0.8225173
0.86476743
0.92505664
0.9274743
0.07181081
0.03785545
0.037746307
0.051869296
0.08192293
0.078173086
0.84275025
0.862744
0.102888875
0.113494545
0.8484257
0.22248577
0.07310425
0.07353504
0.09063534
0.9031804
0.92368156
0.22896662
0.07734901
0.060357682
0.08766044
0.04876867
0.051455088
0.8093558
0.8249977
0.90360814
0.82637817
0.06646458
0.037609532
0.039543055
0.05863062
0.8775261
0.8364446
0.78243417
0.75802773
0.72791725
0.06405105
0.044820175
0.07487488
0.084720686
0.8364537
0.81933904
0.8829068
0.67588276
0.13034913
0.0970085
0.07502729
0.12462809
0.10660443
0.09176928
0.6623237
0.6129161
0.7473925
0.540332
0.16057733
0.14104638
0.15389907
0.5427618
0.5883628
0.1974218
0.104412675
0.10273561
0.12322704
0.11866554
0.8308754
0.18292694
0.1127353
0.07443324
0.05013277
0.06779817
0.09654076
0.09640924
0.66577446
0.6491265
0.18861786
0.33052677
0.8724647
0.047800504
0.033369698
0.09153978
0.14930552
0.96476793
0.96532196
0.9486682
0.12353039
0.034633134
0.021379042
0.028305061
0.05995212
0.08812537
0.8760014
0.92910945
0.074289255
0.050686773
0.05180624
0.046489775
0.1123102
0.15433294
0.14034732
0.107595086
0.11467495
0.21094666
0.28777993
0.83209205
0.8124434
0.7385661
0.83891886
0.878732
0.8590647
0.60652953
0.2603478
0.3322728
0.538834
0.8037922
0.6327598
0.6022355
0.075348414
0.058672655
0.06588069
0.085477896
0.16005117
0.9290717
0.93826354
0.91953206
0.1615121
0.13779111
0.08701455
0.14109486
0.12533052
0.8684878
0.7833207
0.7868244
0.83463037
0.7652998
0.7151249
0.75420344
0.7577193
0.7417881
0.64983773
0.10441953
0.12960468
0.10212683
0.089591645
0.084649794
0.59311926
0.5601792
0.6025533
0.6638596
0.78231573
0.26646554
0.24846306
0.23151442
0.16410623
0.22681364
0.74648356
0.27793312
0.18684769
0.15993117
0.49215564
0.560344
0.74170274
0.62063694
0.70709765
0.54208577
0.53833866
0.29959983
0.21540253
0.24347416
0.48579055
0.61834264
0.67303914
0.8384493
0.8849016
0.85672796
0.77155226
0.88679075
0.9138884
0.8850835
0.93067455
0.95016915
0.92756003
