0.7514041
0.10044974
0.046208754
0.044300914
0.1192425
0.2200958
0.33532274
0.9216337
0.93484175
0.8670968
0.7841268
0.16428538
0.13321781
0.112625055
0.0727651
0.05454306
0.07405425
0.6110657
0.6139733
0.63582754
0.8043915
0.73041654
0.6422541
0.5518339
0.21592772
0.1465368
0.116025805
0.12923853
0.70391345
0.8287793
0.79463893
0.70244753
0.12137264
0.093025744
0.16907686
0.2575828
0.71616757
0.7759529
0.61568224
0.55093545
0.2588305
0.21980517
0.24565177
0.25814545
0.3438296
0.2303625
0.355008
0.20002232
0.20258099
0.24524003
0.6691406
0.64485896
0.68498755
0.7016914
0.69852525
0.72250706
0.5602012
0.18432418
0.14301276
0.13793808
0.11526377
0.09707986
0.15970103
0.5940355
0.56767887
0.6128624
0.7394893
0.74631894
0.85265523
0.86974376
0.8577455
0.7922442
0.76459676
0.7653503
0.78059894
0.78631604
0.77322054
0.75029975
0.71819264
0.1040376
0.07780336
0.0886753
0.105338186
0.109253116
0.14742424
0.72655535
0.8584241
0.8644249
0.7773743
0.5060714
0.22207433
0.16138044
0.14665852
0.3804169
0.26871735
0.36395422
0.5708839
0.54816943
0.4323816
0.4488217
0.42585698
0.47765014
0.64235866
0.23449324
0.16103803
0.14322573
0.2794823
0.17197874
0.11249216
0.5773214
0.12635681
0.10187804
0.6171217
0.6283956
0.8451009
0.6827495
0.14497972
0.11884844
0.65413535
0.11450912
0.101111725
0.12218051
0.13721591
0.10430199
0.12794021
0.54298186
0.25477526
0.25033647
0.33117795
0.47136194
0.41988704
0.48041913
0.48322886
0.6048859
0.2892071
0.25152475
0.25758147
0.29130477
0.4510915
0.75276154
0.86226183
0.85737914
0.76311505
0.58290935
0.5450312
0.7525521
0.75638235
0.64254063
0.6585037
0.645498
0.63233435
0.108343035
0.14949429
0.16578835
0.15787591
0.13824664
0.090606205
0.058161702
0.06655045
0.8320561
0.8587424
0.07609975
0.052796755
0.048236772
0.04685222
0.05543634
0.10308137
0.8852647
0.18849319
0.058870777
0.046176665
0.061987657
0.786722
0.80688024
0.81100714
0.8178716
0.81087404
0.070733614
0.03986234
0.031142304
0.038277708
0.769923
0.7799414
0.9542876
0.9618762
0.9271678
0.7716061
0.06803718
0.047590513
0.047125038
0.04542575
0.056848507
0.06877788
0.7831766
0.75774044
0.1148276
0.16805173
0.75583583
0.09929183
0.12854514
0.14797962
0.15320459
0.15668993
0.12213817
0.07875346
0.06837818
0.09471824
0.18123741
0.23137967
0.8263452
0.7807396
0.7352808
0.7000292
0.7148916
0.20479783
0.24657176
0.23283406
0.16992426
0.19347113
0.6784661
0.7047355
0.6805216
0.63099223
0.5856827
0.66224676
0.68904
0.6889848
0.64663976
0.65669584
0.61835283
0.64067227
0.10768808
0.12881614
0.1043346
0.06359273
0.06516463
0.17179427
0.85796005
0.8711387
0.8869743
0.8750759
0.8428417
0.84174997
0.15910241
0.15054815
0.095957726
0.11432217
0.12943694
0.10114696
0.681358
0.5693049
0.60275954
0.20075643
0.16957548
0.15811983
0.17953327
0.19740124
0.7245079
0.29167536
0.24119045
0.18932451
0.16817446
0.16848238
0.21107183
0.23615539
0.67384666
0.12605485
0.105841726
0.155831
0.54735774
0.5529875
0.68079793
0.75958365
0.73427
0.7612013
0.776541
0.6637585
0.11825393
0.075221844
0.08284576
0.15242824
0.18034935
0.15228266
0.5495299
0.29225507
0.259226
0.28516704
0.33995262
0.60775214
0.77841043
0.76938426
0.5
0.37944788
0.18784806
0.1253479
0.11465322
0.13154669
0.20519117
0.55829304
0.31210095
0.3464645
0.7984349
0.82916486
0.18308376
0.12175571
0.08900175
0.07066536
0.056643303
0.06038297
0.08189785
0.081856854
0.07167279
0.0943633
0.76607287
0.86207694
0.20396154
0.14250538
0.78045
0.78718567
0.12846369
0.07160754
0.10880838
0.27103585
0.8842741
0.9090441
0.8295996
0.10134976
0.05514791
0.055964895
0.09535105
0.78906465
0.81152767
0.8976515
0.9152221
0.8943468
0.82079583
0.8634241
0.8166714
0.7970036
0.17217028
0.27584663
0.8151611
0.10661145
0.075496815
0.075592645
0.07801546
0.0702315
0.07542824
0.07729279
0.11433521
0.14365107
0.19335341
0.87866926
0.83256704
0.57724565
0.48761654
0.47217518
0.49652466
0.5319027
0.62183225
0.5665651
0.5584885
0.6236281
0.81204486
0.8815165
0.8545568
0.23048426
0.13710943
0.09442326
0.073866755
0.087608345
0.6706033
0.21717435
0.09961703
0.06299976
0.05791617
0.8573619
0.9172885
0.94419897
0.9406487
0.062796935
0.027622942
0.021260235
0.025251443
0.027460951
0.032443598
0.13227461
0.88510084
0.8249506
0.8890429
0.7112349
0.1179732
0.12491973
0.099392995
0.07111908
0.07809962
0.08199855
0.078346014
0.11098822
0.15067941
0.19268121
0.8968185
0.9111686
0.89724135
0.83174735
0.85864526
0.7899871
0.76629335
0.7293446
0.6378345
0.10157739
0.21381396
0.15684788
0.097529255
0.12145764
0.09279314
0.085637
0.7925378
0.8647757
0.9000856
0.8884533
0.077429734
0.04738427
0.055760343
0.054533064
0.04667223
0.11498454
0.1394466
0.91195214
0.92920357
0.9202682
0.2331851
0.14549361
0.12524651
0.17390792
0.17166317
0.08717688
0.073263206
0.61041147
0.09948034
0.10586818
0.08934238
0.14432566
0.5796338
0.53674173
0.14325768
0.10184266
0.12529261
0.21150751
0.65280116
0.68107873
0.5023795
0.21500528
0.13476184
0.1312752
0.14384194
0.41142097
0.3667362
0.5133045
0.6787952
0.7283456
0.87695926
0.88865423
0.828269
0.30035275
0.25635764
0.22283398
0.63824546
0.61021525
0.65263265
0.69150037
0.6969881
0.5563175
0.3330395
0.45982662
0.44420785
0.55604565
0.5063113
0.4561811
0.18545054
0.21204138
0.21048504
0.5207536
0.64423245
0.80632883
0.8624171
0.8529547
0.7609827
0.63245684
0.6444527
0.50113523
0.5
0.5
0.29521713
0.34350523
0.23124488
0.32818633
0.4337708
0.5484444
0.45124155
0.49810988
0.6462958
0.6346363
0.2846145
0.2133295
0.21036153
0.21599333
0.45167384
0.5759057
0.42012975
0.31323647
0.30649668
0.4932799
0.38416395
0.28835785
0.24495386
0.18658973
0.16825011
0.34700787
0.18077308
0.16884731
0.36402535
0.779576
0.12795125
0.055163983
0.03125303
0.05100551
0.031272054
0.05446917
0.056565233
0.91171175
0.97429967
0.9806608
0.9714064
0.1434929
0.037612986
0.025223318
0.022409024
0.046149544
0.076111555
0.12890677
0.21881191
0.19027762
0.22286122
0.5
0.31544098
0.27692237
0.33896017
0.47417668
0.31241986
0.33539835
0.6095747
0.6820446
0.5257435
0.57087845
0.63071
0.83826345
0.857771
0.77531606
0.41540596
0.2045781
0.16869345
0.2134688
0.30625796
0.5682727
0.7871633
0.50075644
0.491105
0.14519614
0.15625027
0.08422464
0.06406004
0.19356757
0.8681549
0.846883
0.7983167
0.68208206
0.08914917
0.07938812
0.08564835
0.103316076
0.12958917
0.72476214
0.72439986
0.8227516
0.7173342
0.07931897
0.07023167
0.0615307
0.05108055
0.05796539
0.07450473
0.92291397
0.05717666
0.014143236
0.010755833
0.014089297
0.042682324
0.95447147
0.97305185
0.97183424
0.1475254
0.03782774
0.024321305
0.020017248
0.02874379
0.028769499
0.032543745
0.060379665
0.11114616
0.108020864
0.0844905
0.6809483
0.69804525
0.823117
0.17025292
0.15343729
0.25390276
0.14137104
0.47609892
0.17879705
0.7376048
0.7963753
0.118894644
0.10025416
0.08890899
0.11474661
0.15144566
0.15946354
0.7892282
0.8682688
0.87225956
0.15665914
0.121335454
0.5357008
0.14822912
0.6082552
0.119173914
0.22251722
0.33024022
0.36586648
0.8476016
0.2017925
0.08695627
0.088808596
0.17899951
0.25889754
0.8530568
0.107079096
0.110174105
0.2766353
0.9245218
0.9314832
0.859501
0.93986785
0.9442255
0.92127514
0.9034631
0.13941057
0.10066517
0.17015602
0.8554774
0.90079814
0.12145803
0.07776277
0.052974813
0.056482203
0.09211378
0.78835213
0.122868694
0.124501996
0.09340803
0.08340178
0.62553275
0.21765162
0.73784584
0.095640615
0.0973812
0.6842294
0.7061884
0.23059347
0.24872364
0.20203966
0.16010612
0.18321206
0.21513128
0.7834531
0.27772877
0.7001892
0.16907755
0.1620688
0.15165277
0.13532434
0.49666795
0.48203084
0.557422
0.68849385
0.49827307
0.43174157
0.41875464
0.5
0.7057984
0.4365907
0.22243953
0.22847453
0.3536494
0.19654249
0.3861197
0.2283773
0.5178712
0.69689226
0.6566446
0.5932903
0.5344249
0.54378164
0.6131522
0.5593173
0.28302982
0.72552145
0.22450839
0.1782979
0.14702046
0.10873997
0.50494295
0.57002616
0.7226406
0.61904204
0.5
0.21935359
0.16544837
0.19342907
0.2009197
0.5918409
0.33597147
0.35296288
0.41577834
0.26426584
0.26997393
0.39467078
0.29731578
0.49639124
0.38400656
0.19806644
0.15736648
0.14572819
0.20143199
0.30048138
0.4790957
0.57637674
0.63743466
0.8088691
0.7489664
0.7450869
0.7763987
0.11573761
0.09664647
0.14976601
0.12739863
0.720247
0.8652218
0.10484593
0.05890576
0.056304704
0.06819809
0.04777293
0.72972786
0.74684626
0.791824
0.9652834
0.97435814
0.9466035
0.9459213
0.91867745
0.05148437
0.031159377
0.029109228
0.03966297
0.08737506
0.8880608
0.88676876
0.6392987
0.07642949
0.065573126
0.08229193
0.12387177
0.8029912
0.72588086
0.67240554
0.68242353
0.6092611
0.14734752
0.1176967
0.12995145
0.15555935
0.17789789
0.16283315
0.13548143
0.13455942
0.54013634
0.17456368
0.18029597
0.34279642
0.40802133
0.81353384
0.8414657
0.12594748
0.10640995
0.105535194
0.093234584
0.16620678
0.71128786
0.767452
0.8090027
0.7062826
0.70429045
0.089328006
0.057789173
0.06195967
0.7335611
0.87667245
0.773776
0.9494356
0.9452951
0.082667924
0.03218128
0.023875317
0.024914993
0.070425026
0.92565566
0.26680812
0.969231
0.97529614
0.9526065
0.9418441
0.06275986
0.029225923
0.02398896
0.02407506
0.034192204
0.0651293
0.8918665
0.79867774
0.88560647
0.0846369
0.044930395
0.052202016
0.71543896
0.73846006
0.77262336
0.8537844
0.71216553
0.14268534
0.11954802
0.08272484
0.0660375
0.090620756
0.6124416
0.5312476
0.22183426
0.22362234
0.17932893
0.15986682
0.6077198
0.0887294
0.10756112
0.19299246
0.15509339
0.22776268
0.16896696
0.071325585
0.06847767
0.8311721
0.8863088
0.26160887
0.10501598
0.053057656
0.045185186
0.045072112
0.060792673
0.7730154
0.844157
0.06658169
0.037948478
0.02732463
0.02323748
0.032693252
0.84369355
0.863424
0.913512
0.97363317
0.9677328
0.048052505
0.026249109
0.02252226
0.030102551
0.11109797
0.89920866
0.74787635
0.06537284
0.04135212
0.045606352
0.07694126
0.11221126
0.10081664
0.8260428
0.84792596
0.113778256
0.069696665
0.0955143
0.12693068
0.1421237
0.6965641
0.82597494
0.795382
0.87550426
0.7775672
0.59342194
0.55789053
0.76146156
0.7781505
0.72981316
0.8638112
0.8105385
0.18720838
0.11404648
0.092288576
0.7276323
0.88288015
0.9057921
0.71192336
0.5579981
0.1328249
0.0840081
0.12542105
0.61171454
0.6983324
0.30497134
0.26688334
0.3473663
0.29469448
0.21505614
0.24150874
0.22486483
0.25069082
0.14502251
0.19575912
0.2041275
0.6294535
0.7490388
0.87524205
0.8591959
0.18342412
0.1150593
0.06670273
0.062390003
0.088592015
0.85391855
0.848717
0.81721795
0.7143777
0.094253294
0.0653341
0.12146375
0.14696044
0.18103266
0.73533297
0.3319674
0.2903325
0.32787308
0.5491519
0.576247
0.768525
0.8932307
0.94329995
0.9250681
