0.6849977
0.5890367
0.53870475
0.5548862
0.69079906
0.87504715
0.88617116
0.83204645
0.6618496
0.65405464
0.71819746
0.75343215
0.79687417
0.64619195
0.18831778
0.13695577
0.12099656
0.14437808
0.36176616
0.19327714
0.18839626
0.23265573
0.32819194
0.32164532
0.31242797
0.47642794
0.5643561
0.40956947
0.26965782
0.22210474
0.22970279
0.3335999
0.79187506
0.8548545
0.76623094
0.7856105
0.58448833
0.55927336
0.5735376
0.20512418
0.16935912
0.529545
0.123278864
0.1142487
0.11835751
0.09335784
0.10720554
0.123364
0.6639477
0.6829387
0.7624263
0.87602365
0.7615945
0.7228689
0.65717673
0.080159806
0.06986364
0.08620939
0.08918
0.1291091
0.16296166
0.56009173
0.16727328
0.15644477
0.19781627
0.14290462
0.10663509
0.1331503
0.11247998
0.09211725
0.19528943
0.8094854
0.11936073
0.13162951
0.061602235
0.06093898
0.697057
0.7810133
0.79182196
0.7684242
0.79728055
0.8417634
0.7345343
0.09386168
0.07791853
0.062644035
0.08323563
0.09416067
0.17819712
0.14104588
0.1325878
0.15085302
0.094876386
0.087879226
0.38389817
0.39717126
0.6112111
0.6488473
0.3067646
0.39762664
0.2889324
0.6413434
0.61621535
0.7366428
0.21159036
0.16341366
0.1953164
0.6431022
0.19070615
0.23577899
0.27917513
0.22103705
0.25531203
0.36003605
0.3797703
0.2445544
0.16741404
0.1193834
0.5222631
0.44010884
0.39267114
0.65158105
0.36487547
0.39587504
0.2995544
0.32528695
0.22254078
0.792062
0.66089934
0.6244297
0.6218542
0.7176015
0.13018245
0.1023709
0.09463604
0.14989969
0.20226696
0.8411065
0.86089885
0.74607563
0.8371627
0.772838
0.24442953
0.18396385
0.17504445
0.16272664
0.19511028
0.23038551
0.31072846
0.18258338
0.1911954
0.19808832
0.27573115
0.44029734
0.39238814
0.19631363
0.16145511
0.22116129
0.5107876
0.6834223
0.7260151
0.80127084
0.63680816
0.25180644
0.19066839
0.19812906
0.16300213
0.14106342
0.17986532
0.25526613
0.25823942
0.32905528
0.5607769
0.5951374
0.6846913
0.6055094
0.35526282
0.35322198
0.5264392
0.31097814
0.24404885
0.26617044
0.44201386
0.65189487
0.8722742
0.8803639
0.834032
0.64827657
0.44143233
0.23812394
0.16292723
0.15794806
0.21235496
0.30959466
0.60297453
0.7038351
0.31886986
0.27303842
0.27366605
0.17526057
0.14338797
0.117736325
0.09248529
0.11930426
0.13058767
0.118593365
0.14651008
0.17435648
0.10989827
0.084576815
0.56518143
0.25178123
0.5974606
0.6145545
0.6101796
0.56657624
0.11555498
0.08322057
0.116319776
0.7599038
0.72152674
0.13135149
0.1991992
0.17011665
0.08979534
0.08155534
0.06690327
0.06122956
0.10559091
0.13611367
0.8851074
0.86378264
0.76500714
0.78649473
0.9125538
0.92974
0.9203733
0.15094297
0.07811552
0.048086412
0.042224873
0.07402645
0.056131665
0.7088268
0.062255282
0.0586597
0.68843734
0.76879174
0.94146156
0.9001786
0.9146153
0.9261096
0.07076513
0.03727627
0.031841725
0.033001952
0.04274065
0.06498732
0.111991815
0.15699401
0.9108276
0.87805
0.79801977
0.8983522
0.90261066
0.84559906
0.87928176
0.7162162
0.122919634
0.070926
0.09366602
0.72690797
0.813331
0.7296708
0.11416741
0.1299884
0.13177842
0.13020827
0.14175506
0.12885995
0.5666531
0.107519485
0.09241733
0.107310705
0.6663342
0.70057166
0.5136846
0.6597799
0.10978189
0.098429345
0.1252692
0.13409424
0.17825127
0.6848175
0.615471
0.58403516
0.12195878
0.08866248
0.10487769
0.6005501
0.6534242
0.7155438
0.7150866
0.67507964
0.57167345
0.5687503
0.50400275
0.11856699
0.13937019
0.1758205
0.6239539
0.6528535
0.10296976
0.11520842
0.095907256
0.080432996
0.11633161
0.10817501
0.12559777
0.37079373
0.5
0.6366763
0.20156768
0.11783844
0.10825637
0.21768425
0.36944896
0.35489145
0.4607498
0.61294544
0.81954104
0.52897125
0.5552278
0.84777147
0.8514424
0.7636215
0.8185732
0.6380767
0.5898718
0.09167786
0.05279947
0.057547916
0.07157531
0.77949363
0.9170476
0.9150642
0.7047272
0.093410894
0.0669178
0.078643754
0.07873095
0.6215318
0.72274554
0.8655825
0.8500062
0.71075916
0.65426046
0.69306856
0.43545818
0.57878923
0.6255171
0.4297527
0.40601
0.62025166
0.5
0.16475834
0.15414068
0.12044377
0.08494405
0.09162492
0.10072506
0.084536634
0.07524219
0.09823138
0.6918584
0.14719328
0.13732642
0.1838834
0.11881351
0.09225413
0.6182569
0.53613853
0.12239382
0.22874443
0.8206077
0.08700804
0.052415397
0.06588122
0.68126756
0.7155407
0.90151644
0.9057055
0.79114884
0.061772726
0.03554072
0.03427041
0.072744675
0.77177465
0.9236139
0.8704521
0.8534268
0.8001282
0.8109976
0.078480475
0.051604982
0.047107972
0.058175143
0.10128206
0.0973904
0.1140809
0.856549
0.12044087
0.07991973
0.0786166
0.10877992
0.097317316
0.10418897
0.119416304
0.07982444
0.087670304
0.16288774
0.16547896
0.8591871
0.83490247
0.21917444
0.5962795
0.11595778
0.11455004
0.6278354
0.09948734
0.13115902
0.07509594
0.061139334
0.08103814
0.62702304
0.66518086
0.71710664
0.7615418
0.7666412
0.730913
0.71631646
0.6168253
0.12705676
0.10613705
0.10198556
0.090288825
0.10622634
0.585873
0.23052448
0.40124032
0.54863906
0.20547986
0.67121017
0.6663735
0.1322694
0.15780269
0.16961236
0.19379114
0.72887516
0.18110596
0.18583775
0.20421518
0.17162499
0.5763505
0.16434872
0.21762216
0.24231711
0.57858145
0.75414276
0.82638294
0.83912694
0.746895
0.24595706
0.30710354
0.6413228
0.22318502
0.32477272
0.23217
0.23985434
0.3175946
0.6188555
0.6474191
0.26811218
0.14174093
0.110538594
0.15302928
0.19158906
0.17637093
0.26964167
0.40001416
0.3825394
0.4525131
0.3056749
0.3376611
0.18933253
0.2683416
0.55429137
0.4237315
0.25263742
0.2797184
0.27355117
0.32704416
0.35098565
0.4704654
0.5736416
0.4186116
0.49365097
0.54780126
0.37857533
0.25942454
0.29405487
0.22123273
0.17860995
0.26386002
0.45014495
0.3369525
0.44702858
0.32459605
0.30748242
0.2764367
0.35869065
0.31325313
0.36362964
0.30462596
0.2303077
0.18293789
0.47112298
0.5700018
0.7328774
0.42410326
0.27869144
0.210162
0.23474637
0.22787254
0.25718358
0.34099257
0.64216805
0.60452396
0.6777381
0.81755894
0.7809296
0.6335267
0.33876267
0.2510485
0.2357671
0.2245462
0.25681064
0.34839597
0.42871383
0.25822476
0.22225471
0.21814264
0.2630835
0.570571
0.57578856
0.74487805
0.65835303
0.2930101
0.20560032
0.2684049
0.5743471
0.2796017
0.2306641
0.21623713
0.22819775
0.5380896
0.74532896
0.6369563
0.5787132
0.5722941
0.59893304
0.6659452
0.38997582
0.21736911
0.18137284
0.140276
0.12670252
0.17513238
0.18219703
0.5737861
0.4749382
0.52875185
0.7444628
0.5500088
0.43847263
0.1862366
0.13527228
0.13779008
0.15224944
0.13885845
0.21441925
0.3797376
0.2679584
0.4318339
0.5631499
0.40681148
0.3514263
0.22549759
0.26562098
0.53405964
0.51109016
0.463941
0.20132592
0.16505498
0.20133485
0.23982517
0.58050877
0.363336
0.22621034
0.19028099
0.15814027
0.16754642
0.36650002
0.6982889
0.6038027
0.76278543
0.600955
0.5087302
0.5
0.14105593
0.09731904
0.09686695
0.11872924
0.07552362
0.057679214
0.0688914
0.7645193
0.7967267
0.8462905
0.89963686
0.88695043
0.8712855
0.85124356
0.8297875
0.805609
0.06948407
0.053277187
0.061411086
0.074880116
0.08272207
0.115976326
0.18718897
0.77476114
0.7512348
0.69120604
0.60498506
0.52647144
0.16801801
0.1311246
0.15096715
0.17301421
0.17388962
0.11799915
0.119088635
0.6509397
0.37055627
0.6708553
0.65675
0.1513731
0.16578735
0.6777407
0.68579155
0.6648049
0.65751314
0.6084019
0.113375366
0.11654393
0.72646195
0.84611464
0.24568897
0.123952866
0.0854637
0.087769
0.14012243
0.13945886
0.15060487
0.20106925
0.8624627
0.88379747
0.84955585
0.7056798
0.743164
0.57749104
0.30823374
0.5265602
0.26862317
0.2590017
0.20047025
0.12547919
0.06893857
0.060584106
0.11189871
0.80285424
0.88835555
0.88805306
0.81554765
0.7818681
0.07481138
0.07971867
0.10386915
0.058714345
0.044331342
0.047380526
0.074851446
0.11877414
0.9427112
0.9241246
0.08308208
0.04201458
0.047066625
0.08680459
0.17790298
0.90914685
0.12526947
0.060075503
0.043387704
0.045693222
0.0736874
0.8294304
0.7120887
0.7349724
0.7845747
0.8289221
0.8264569
0.80275
0.8066024
0.08585616
0.057683785
0.06114346
0.10475335
0.15050073
0.75362635
0.071302876
0.050651055
0.043000624
0.047974534
0.05449846
0.07351447
0.91091913
0.84699357
0.8126266
0.7436796
0.7910125
0.07022479
0.04433864
0.041668415
0.046101145
0.044857576
0.07058204
0.8345746
0.91614765
0.23175639
0.16975021
0.08478786
0.055753082
0.07574876
0.7741628
0.06707738
0.04959394
0.040688068
0.046263974
0.061166823
0.07101907
0.11389066
0.08366547
0.6981765
0.7102667
0.120070554
0.06654407
0.051055733
0.08226568
0.118548565
0.1834811
0.37892628
0.66976833
0.23139699
0.1618712
0.13739623
0.11094262
0.090910725
0.07896882
0.081513666
0.13543397
0.6722132
0.62130326
0.5236594
0.5026099
0.5296034
0.5559359
0.5781879
0.6119406
0.66973555
0.61778754
0.5942161
0.5537441
0.21683751
0.12459554
0.16818732
0.6193662
0.09750804
0.06238317
0.08042338
0.6732458
0.7547426
0.7638415
0.76475024
0.719201
0.087652154
0.08416577
0.10961454
0.1312234
0.12987015
0.20720027
0.18665037
0.11429136
0.08302271
0.09003797
0.21260463
0.4278466
0.64173764
0.86865306
0.8124367
0.53541905
0.2368075
0.18032698
0.14955379
0.20650427
0.36325833
0.6796197
0.32362443
0.19789676
0.19464315
0.16320993
0.4812296
0.48615023
0.34976584
0.277969
0.18988699
0.33837736
0.58419836
0.6629453
0.3441371
0.29741836
0.32235557
0.2836522
0.27868268
0.38674912
0.3679866
0.27018273
0.36771545
0.46162254
0.83689994
0.43600148
0.25375944
0.28040713
0.20491183
0.13644943
0.1639349
0.881543
0.060909305
0.028494926
0.036251727
0.049243364
0.8668304
0.9556465
0.97601515
0.9751414
0.95621246
0.8103669
0.06519716
0.07782075
0.050413486
0.07279989
0.8548593
0.8345543
0.08473686
0.08555971
0.114662364
0.1902557
0.2968248
0.33858177
0.44510618
0.47613826
0.49732557
0.5474721
0.72741956
0.77263
0.83818966
0.7619546
0.23806545
0.17770322
0.101581104
0.05362732
0.040850382
0.04877196
0.71847785
0.6450116
0.62101275
0.7198698
0.82298726
0.9049607
0.8710994
0.88924706
0.11378672
0.07964223
0.06286939
0.056818932
0.13253807
0.15073134
0.14854985
0.119125
0.23108114
0.229815
0.72556365
0.3524745
0.45489627
0.70988244
0.640315
0.6194415
0.6643348
0.5468657
0.5194743
0.5341992
0.5958862
0.81642145
0.92443407
0.93822956
0.91592807
0.8294304
0.8573461
0.921622
0.95858914
0.9563692
