0.6679904
0.46850747
0.46376708
0.27446774
0.18190256
0.17478946
0.30958995
0.707888
0.769019
0.6328456
0.4568244
0.18781082
0.1519526
0.19470628
0.347171
0.4277163
0.4685362
0.46864417
0.3949448
0.2985504
0.28093016
0.290636
0.26179424
0.32681045
0.48796216
0.70728755
0.5621757
0.38367417
0.44887397
0.5805577
0.5748389
0.24450365
0.24432655
0.2737136
0.20625147
0.18618286
0.25077698
0.31031635
0.45362633
0.65754783
0.83988935
0.8044944
0.5781387
0.4676893
0.16949746
0.12868503
0.13868174
0.52504545
0.25634888
0.34600997
0.6873631
0.20169236
0.15143044
0.10060188
0.06221915
0.047462076
0.047601417
0.091716856
0.7068081
0.77672404
0.82860786
0.91080177
0.8794393
0.7820937
0.78201306
0.10921312
0.06827614
0.06073516
0.06945262
0.08342456
0.13112877
0.18179464
0.76182634
0.17182404
0.13425268
0.48739988
0.17299838
0.37350634
0.44766656
0.82675666
0.6655822
0.74359435
0.59340394
0.1618083
0.14342284
0.15488343
0.15895584
0.11871476
0.10310037
0.14120786
0.07876049
0.06446167
0.735382
0.7171804
0.7119393
0.7278165
0.85495174
0.0759466
0.040449414
0.034248024
0.03289775
0.033891216
0.04537953
0.76765686
0.8927418
0.7962738
0.82993907
0.91747755
0.8766079
0.86710215
0.87223494
0.73864657
0.06225323
0.038640182
0.035460904
0.04932909
0.06733266
0.06980253
0.07053341
0.06540322
0.07336874
0.10439158
0.10894499
0.12472176
0.09942333
0.08547274
0.11500783
0.6202045
0.64827764
0.6461177
0.6282639
0.56812584
0.10921214
0.11004963
0.10287245
0.097525015
0.13095663
0.15890041
0.44987378
0.1374732
0.53161675
0.15663648
0.100766614
0.10487545
0.6806764
0.66781265
0.121124394
0.07230895
0.053950354
0.058972884
0.08423775
0.09422994
0.09155357
0.1066293
0.8005623
0.8437075
0.14226358
0.105617486
0.68353564
0.067426726
0.0799818
0.17401274
0.2879981
0.89423984
0.10848541
0.031525694
0.028920172
0.046513412
0.05913688
0.65703994
0.104597166
0.79307103
0.93919396
0.956923
0.95270914
0.9425001
0.16341193
0.8174844
0.044598877
0.030312182
0.027867263
0.030982599
0.03889723
0.041331537
0.04581885
0.054591168
0.056341905
0.056595113
0.08169283
0.77877986
0.068517044
0.06252802
0.09178034
0.08516506
0.065727785
0.05937872
0.07344836
0.14869496
0.7271545
0.07922196
0.06574733
0.0834495
0.08642597
0.82040864
0.22921377
0.18466765
0.10376437
0.075728744
0.079409204
0.086294815
0.6461055
0.6797979
0.41979107
0.2950066
0.18249014
0.22115111
0.866141
0.88707495
0.801551
0.6321238
0.6235432
0.7120358
0.8438145
0.8084482
0.18716776
0.23725082
0.20806357
0.24331981
0.52709126
0.16717905
0.14577323
0.16110206
0.1139688
0.5793853
0.5572251
0.6527301
0.84132975
0.8641787
0.75793666
0.7160291
0.5566622
0.5
0.52491224
0.29199755
0.33229557
0.26206654
0.2552655
0.7242097
0.7037652
0.5
0.27339846
0.31641313
0.40094838
0.25678244
0.23361818
0.32728946
0.2331254
0.22525045
0.30894104
0.32981175
0.49400544
0.63981247
0.35911945
0.23828441
0.17440018
0.22454353
0.23130076
0.2782597
0.39828122
0.6164501
0.51820546
0.24237658
0.2459166
0.26255217
0.60055155
0.8055807
0.5765833
0.20158339
0.13704294
0.13365641
0.4875138
0.5598005
0.84802556
0.833501
0.63446355
0.507355
0.21060596
0.18234831
0.21084353
0.58051753
0.7863852
0.69277275
0.5838281
0.68085617
0.75044984
0.6383415
0.66385704
0.81611073
0.64530075
0.16436048
0.1330911
0.110258155
0.083913855
0.07951987
0.124666125
0.13702899
0.8184745
0.75773376
0.85151494
0.7612907
0.73474675
0.79626834
0.7733224
0.653985
0.5860057
0.5834096
0.6321214
0.68022126
0.6978887
0.6816022
0.69201165
0.7114293
0.7931669
0.8184851
0.13578425
0.10633904
0.11189841
0.10686621
0.11172818
0.10589857
0.090567306
0.55052286
0.42654526
0.1825585
0.14067782
0.14807528
0.2002114
0.22177443
0.4479031
0.6217531
0.43988535
0.23333538
0.17910843
0.3012117
0.3533195
0.35762426
0.4248254
0.421055
0.3547643
0.25012937
0.2335348
0.28667554
0.26192945
0.18965599
0.20064238
0.25687698
0.34228507
0.28050074
0.32358736
0.40781975
0.23753698
0.27464634
0.3341443
0.19390047
0.17592676
0.17860179
0.20811273
0.2629712
0.27336425
0.23268314
0.17989673
0.16875573
0.20033088
0.23038672
0.4605193
0.6287737
0.65702987
0.8127825
0.81044966
0.69017875
0.7730661
0.631259
0.6818565
0.7513946
0.114431255
0.07263984
0.064584
0.061967243
0.10312609
0.13046671
0.8536548
0.77214235
0.8507676
0.92721105
0.9018262
0.5921571
0.08436609
0.08525205
0.3581632
0.8128137
0.104787074
0.095821336
0.07904433
0.10467178
0.21081024
0.3008662
0.8990185
0.9053024
0.7848959
0.6307786
0.13654214
0.11036149
0.19851218
0.6078345
0.7547338
0.5984495
0.6996781
0.90735465
0.9378187
0.91655004
0.72245437
0.20322643
0.25904158
0.15710133
0.15201706
0.6588647
0.8158812
0.6846378
0.23713218
0.11733105
0.06729856
0.042584438
0.04745337
0.11507637
0.94784296
0.9425687
0.8224589
0.081607744
0.051562153
0.046526413
0.13491379
0.20252691
0.25289097
0.83962005
0.68849605
0.63836366
0.5883265
0.10417068
0.108686276
0.12303197
0.08956456
0.084312014
0.115216
0.09354077
0.106161706
0.8121291
0.14495687
0.5534355
0.05326415
0.064124554
0.10257957
0.8968208
0.8861831
0.842701
0.12401303
0.10889078
0.10354899
0.7306837
0.063211516
0.04831738
0.05832719
0.05135026
0.07249044
0.07489943
0.08724507
0.1773139
0.31210354
0.845371
0.19161783
0.18018182
0.11186168
0.07244967
0.085452475
0.085866116
0.06923116
0.07385556
0.12821321
0.16780138
0.20716706
0.18841022
0.71814996
0.7150273
0.74528176
0.7667817
0.77807623
0.750073
0.7333302
0.69279337
0.093342215
0.063950874
0.06439422
0.07921746
0.15250576
0.18570921
0.79113525
0.699941
0.16404542
0.18611467
0.6916511
0.09874577
0.072930135
0.0740832
0.10962355
0.7772724
0.68556786
0.7450914
0.7959732
0.7328649
0.2659672
0.62590724
0.122837186
0.09233006
0.10382247
0.52738494
0.11206136
0.15264219
0.6379541
0.68952775
0.7828046
0.18515328
0.16911851
0.11412625
0.06508137
0.042233333
0.049676098
0.6356128
0.58812696
0.7184083
0.87934846
0.9236895
0.90399987
0.77847975
0.75976044
0.07358579
0.05967789
0.0938559
0.10452433
0.07971956
0.13329677
0.1631007
0.14593236
0.09897607
0.087910324
0.12502547
0.41658658
0.8441433
0.8604516
0.6539984
0.25720698
0.15887137
0.1951721
0.12602094
0.12754415
0.839109
0.8506477
0.7451843
0.67548746
0.104882926
0.090503655
0.29401937
0.27792218
0.15480185
0.6709262
0.101424925
0.07077244
0.08106862
0.58703893
0.6219172
0.8082688
0.760685
0.73681164
0.74277645
0.7972193
0.7868151
0.7718077
0.772275
0.75865215
0.09513009
0.061433055
0.056716714
0.06823789
0.08347155
0.07932199
0.07272167
0.100369476
0.78247416
0.8037588
0.70616037
0.56001556
0.15089129
0.17549667
0.20323765
0.19824602
0.21078792
0.47574702
0.3022103
0.474855
0.5
0.41784498
0.3633136
0.2842384
0.24240966
0.2580921
0.2861309
0.33837456
0.491614
0.37620905
0.31191242
0.31531143
0.563055
0.6930841
0.64408803
0.5740867
0.50177264
0.25996137
0.18941684
0.14811987
0.42496553
0.24510574
0.32971227
0.5125069
0.52918947
0.71918446
0.71188325
0.717528
0.7296376
0.48881966
0.39928636
0.71543986
0.3478762
0.35877356
0.47689563
0.27425143
0.17280008
0.14121065
0.09376301
0.07565494
0.111532785
0.12840337
0.103114374
0.10767754
0.08422881
0.06444804
0.07180494
0.70637745
0.7518998
0.8219134
0.85172683
0.8156643
0.76979494
0.12925768
0.15362333
0.15792088
0.25204167
0.8106275
0.7489334
0.6815915
0.62857616
0.6248564
0.6646871
0.6413791
0.59502816
0.6292798
0.68258715
0.72855186
0.82109076
0.18576509
0.080093585
0.05110666
0.047564454
0.06487431
0.81227714
0.83509284
0.83820564
0.058292
0.04106212
0.043741785
0.08528135
0.18215749
0.9400905
0.9516393
0.93337834
0.15005764
0.07745207
0.0489065
0.03783016
0.049159523
0.05627855
0.8375327
0.8566609
0.06957727
0.042457998
0.035452172
0.035995603
0.06789986
0.11816795
0.8396202
0.9500398
0.9634697
0.9602717
0.92577887
0.81452286
0.78890425
0.8810981
0.19869974
0.13428506
0.078838915
0.07758163
0.71392703
0.08257019
0.053302232
0.046359885
0.05316342
0.795283
0.8377086
0.8753553
0.9260755
0.11424361
0.05714869
0.051862936
0.04841453
0.72365445
0.61830515
0.25499263
0.43754557
0.8955122
0.380379
0.2750122
0.10979084
0.087690994
0.13268988
0.10174851
0.6856086
0.6808981
0.7800295
0.6703895
0.23556823
0.42340365
0.36668944
0.15923566
0.12116467
0.16988194
0.24219278
0.474614
0.73738796
0.60978734
0.7365673
0.47099745
0.31436995
0.33104306
0.59333366
0.58488965
0.3468462
0.33142796
0.3907824
0.2869449
0.29959223
0.5231325
0.5241848
0.57086015
0.56560725
0.37725055
0.2683293
0.20308508
0.17680465
0.41592446
0.38146746
0.44023722
0.40386486
0.37317172
0.4037724
0.42192176
0.66385937
0.6883726
0.7540515
0.8441932
0.80894667
0.5400526
0.16658363
0.17876084
0.22168228
0.391494
0.84009457
0.13526018
0.075768374
0.07436856
0.21197174
0.89651525
0.92540926
0.907007
0.77611035
0.73279035
0.06907973
0.05084973
0.07853565
0.09036429
0.8303123
0.76951253
0.65211326
0.13198858
0.16014853
0.10942859
0.12506358
0.6686437
0.59427625
0.60337436
0.61765933
0.65054667
0.7206526
0.34034353
0.29359493
0.362877
0.29284605
0.71945107
0.22730473
0.2536884
0.17794967
0.117017515
0.08774955
0.084899455
0.75779927
0.11208114
0.0767902
0.08431028
0.65698975
0.1371167
0.18696001
0.3178978
0.7721505
0.9282665
0.9341529
0.88333505
0.7385273
0.7291686
0.84208685
0.85763913
0.81190646
0.77481246
0.79928136
0.872317
0.84543234
0.7187236
0.74095136
0.10780287
0.0825436
0.082125105
0.06779898
0.05807096
0.103270255
0.77601665
0.8236641
0.11272828
0.104123086
0.09084191
0.10296858
0.13332239
0.391954
0.8616923
0.8900071
0.6233138
0.5758156
0.39469996
0.34743214
0.5473114
0.6134892
0.6950228
0.68002236
0.58306575
0.60647357
0.8308031
0.94287616
0.9168964
