0.938575
0.8957124
0.86554813
0.8717
0.89442515
0.9259847
0.9003457
0.23692103
0.14097732
0.13224357
0.71780586
0.753968
0.6399534
0.209637
0.7528836
0.21683471
0.1981746
0.10156635
0.06358384
0.07725819
0.7727276
0.0894149
0.06463389
0.07509805
0.08030706
0.077256866
0.08641045
0.085470356
0.84722733
0.88967854
0.8962569
0.84179276
0.816411
0.802845
0.81550497
0.08945995
0.05209096
0.045554016
0.06782354
0.7949237
0.8788589
0.8357697
0.7884119
0.74438083
0.70918643
0.08861016
0.07126632
0.0727482
0.093337186
0.79867256
0.16335587
0.12452881
0.088309675
0.07761921
0.69051164
0.099673115
0.108837955
0.7007012
0.8719976
0.8707465
0.94237715
0.95090586
0.94535154
0.8981503
0.9285767
0.92023313
0.8772461
0.85255235
0.8294944
0.14614008
0.1380365
0.73621273
0.1871309
0.33153903
0.40062878
0.46193737
0.9081051
0.8057059
0.771865
0.80188334
0.8034502
0.77478427
0.8061364
0.091583
0.083300315
0.073312044
0.07352038
0.08727272
0.08942389
0.2112197
0.8692776
0.20833445
0.65349
0.10090782
0.101906665
0.09396543
0.1564489
0.59759665
0.14854722
0.5829764
0.6595154
0.610332
0.22560161
0.16443063
0.24795021
0.7513498
0.39373633
0.26546413
0.2784303
0.471869
0.4677206
0.16164652
0.15042065
0.1296376
0.15409765
0.17385517
0.14000568
0.13101754
0.12338355
0.20509137
0.18861257
0.15727332
0.7295038
0.10115926
0.0771578
0.07566529
0.08230777
0.10686755
0.7091328
0.112749934
0.08383049
0.06631533
0.08303923
0.6842632
0.69154865
0.7802947
0.8130475
0.8304554
0.8406113
0.82799804
0.79917926
0.8055278
0.7916489
0.72419536
0.6867015
0.11000256
0.0982789
0.08880042
0.106885985
0.6927125
0.08269176
0.07045538
0.07546744
0.08291775
0.09731135
0.71516013
0.09010124
0.07857348
0.07420008
0.066845074
0.0744836
0.10222923
0.10167482
0.10428181
0.10555659
0.2890855
0.5309838
0.19167742
0.1427665
0.12263894
0.1274343
0.16365397
0.7052823
0.19436672
0.5485641
0.109176844
0.068188466
0.06705698
0.071936466
0.70541316
0.8438044
0.7737513
0.76105267
0.747489
0.61498487
0.22290024
0.840295
0.25546086
0.12553465
0.10120714
0.09722152
0.08967746
0.084003694
0.110019736
0.08407259
0.13418818
0.56437016
0.19826739
0.3526942
0.32961056
0.2735076
0.28617552
0.6323327
0.60312307
0.6138438
0.76222223
0.6815224
0.83468485
0.86917585
0.8669322
0.81573504
0.6729385
0.6615131
0.7551283
0.7342717
0.560657
0.5324855
0.5363856
0.6251322
0.7982234
0.8029538
0.6673067
0.60494727
0.5117566
0.5266874
0.5514167
0.09142334
0.063437164
0.055772204
0.069989145
0.12214343
0.1032428
0.090265475
0.09775983
0.106839314
0.06520926
0.055237938
0.04719095
0.0414068
0.04165397
0.052646223
0.8225503
0.8422806
0.84064776
0.05700456
0.04162428
0.047292817
0.05057801
0.08234398
0.87137294
0.7981578
0.07329184
0.05763157
0.08462233
0.104517974
0.10602977
0.07401961
0.12585717
0.11537346
0.06548931
0.06980077
0.6930664
0.7341039
0.7801547
0.87204057
0.8861006
0.8115445
0.8332254
0.7020061
0.5654781
0.109985426
0.12635662
0.16073154
0.2860243
0.28355286
0.8457338
0.6806462
0.5752923
0.5668074
0.54273754
0.52724123
0.22340259
0.17406382
0.1252167
0.11932961
0.27408975
0.6297974
0.5718786
0.44256696
0.25357112
0.33601764
0.2439983
0.18190205
0.11201591
0.5618383
0.54837424
0.20318538
0.23660794
0.8467301
0.87984973
0.76088375
0.6815325
0.62665373
0.56079906
0.1154333
0.1236116
0.6498192
0.68801165
0.10448706
0.058498424
0.0503902
0.05042495
0.03789735
0.034573354
0.033417713
0.026010493
0.025917558
0.028799035
0.029057508
0.040146664
0.11542774
0.9514764
0.9541564
0.052431066
0.018612837
0.018412886
0.04138471
0.032254193
0.0341721
0.8372724
0.035082694
0.034394365
0.95458144
0.98261386
0.9871158
0.97901994
0.030778004
0.018438466
0.019716239
0.03187221
0.02794607
0.029653318
0.026375758
0.033736255
0.84624326
0.7267626
0.05393586
0.045899924
0.072983466
0.10650799
0.89497006
0.91833085
0.86720014
0.83290434
0.7999851
0.740394
0.092238314
0.06304433
0.052118372
0.05467161
0.07568697
0.7117088
0.7022265
0.6582948
0.15596324
0.18904799
0.12658948
0.11736199
0.6969123
0.65870357
0.26283637
0.36378288
0.6897368
0.68463886
0.6594576
0.6300796
0.58432376
0.49139243
0.13826919
0.12395126
0.6304081
0.68530023
0.28360742
0.29288006
0.35641947
0.3107763
0.31968364
0.6071467
0.6365235
0.6655369
0.7013232
0.52831364
0.21585889
0.19261925
0.23715322
0.37216014
0.7907874
0.25514683
0.35852832
0.3459565
0.21110238
0.16406119
0.0653007
0.035487473
0.026951065
0.02588757
0.03299087
0.058469914
0.07264493
0.07969583
0.8899158
0.10374519
0.06455695
0.062654376
0.13168432
0.9347278
0.92305243
0.93296784
0.09327422
0.054992788
0.06714895
0.06333068
0.06039428
0.09978278
0.0725432
0.05231691
0.056499843
0.76005054
0.72878885
0.09520803
0.10474504
0.12865941
0.81650865
0.30513126
0.29374894
0.23769385
0.2104842
0.28349537
0.78333265
0.76569164
0.6174821
0.503628
0.5530343
0.6906314
0.76251847
0.64938986
0.6008154
0.7073512
0.849358
0.7827695
0.7061133
0.7707095
