0.8971226
0.8766814
0.8598643
0.19067472
0.119565405
0.13733013
0.20285848
0.26894513
0.39095497
0.8967026
0.82759494
0.85735995
0.107660756
0.05809438
0.05655289
0.7444388
0.8117515
0.9141593
0.9297321
0.9147631
0.8493575
0.06609775
0.043640997
0.03289013
0.0638001
0.06839705
0.8690738
0.9314237
0.9225269
0.9309821
0.91980714
0.90937996
0.9204635
0.10488101
0.057242304
0.058774132
0.08053641
0.11896632
0.8215659
0.86519295
0.58876145
0.062092833
0.04550279
0.11834159
0.775394
0.89697367
0.9143757
0.26819408
0.21969344
0.18327546
0.17527321
0.18471663
0.1824433
0.6609855
0.7483047
0.44719556
0.53129673
0.47060663
0.23696724
0.25201696
0.28723174
0.69929874
0.2956304
0.18538196
0.1596586
0.15122347
0.10883303
0.058827978
0.039786603
0.03464307
0.03898868
0.043943487
0.046616502
0.047372907
0.87615687
0.94916624
0.9236196
0.8902988
0.9434922
0.17898504
0.12596473
0.07571563
0.03997129
0.034509182
0.03793336
0.0669765
0.09835913
0.11015512
0.7911675
0.6256316
0.60705614
0.73486537
0.7086933
0.8223305
0.8195519
0.67381144
0.7541943
0.47362542
0.4996133
0.87948656
0.8572205
0.15947577
0.10781664
0.14306882
0.81469494
0.09439458
0.060506288
0.06525494
0.08881844
0.08476418
0.09713271
0.07285605
0.047712978
0.079464346
0.89673924
0.88193756
0.86029255
0.7831405
0.7421253
0.7258579
0.101877
0.09999948
0.7524379
0.9211183
0.93994987
0.873546
0.8747025
0.11515801
0.17155905
0.890763
0.8983907
0.838742
0.089117885
0.07697803
0.07375664
0.095357634
0.13649696
0.11128499
0.078222916
0.06835479
0.08628157
0.8224588
0.10476609
0.10642407
0.15675315
0.7520993
0.5052683
0.15003027
0.28527257
0.78386885
0.7083353
0.821887
0.6846805
0.7559033
0.20564997
0.14342505
0.17651793
0.13622826
0.1671237
0.13153835
0.14464475
0.11795742
0.6288621
0.650491
0.18147929
0.21625265
0.116272375
0.061962057
0.057887595
0.11937051
0.8114428
0.7700461
0.74736816
0.80220973
0.0956307
0.04225826
0.046586566
0.08046046
0.13251469
0.18450655
0.90648603
0.87002295
0.09074235
0.062033296
0.061118335
0.045138065
0.044714037
0.048885837
0.053783033
0.078914985
0.101269394
0.887136
0.87870747
0.84243727
0.7933691
0.81794864
0.8595137
0.85999423
0.90791875
0.18860942
0.09837563
0.065875545
0.058586907
0.04976031
0.06940524
0.8135035
0.07284771
0.059644837
0.061027527
0.8715943
0.9024015
0.94693303
0.94713235
0.06464933
0.04062761
0.044802353
0.7568245
0.74574155
0.8162259
0.13470617
0.16328627
0.17993288
0.90448546
0.91000116
0.10735449
0.11330284
0.09233726
0.07259202
0.1385179
0.17941079
0.84596604
0.8813687
0.82865125
0.8058166
0.7663379
0.70461035
0.64419645
0.08142494
0.073898666
0.0693715
0.09808133
0.106325835
0.103050575
0.5596
0.5244983
0.5081361
0.53576255
0.29744378
0.23847851
0.19285566
0.12224286
0.08547485
0.08192548
0.07864608
0.08487385
0.101652265
0.1775783
0.75880814
0.83040833
0.69679654
0.67641795
0.6241778
0.6835877
0.07302897
0.049910553
0.053379614
0.07789656
0.10237738
0.75859547
0.8316277
0.087597065
0.049336005
0.042202745
0.03785078
0.03146834
0.02800364
0.027508423
0.031547345
0.04242418
0.038363293
0.06592433
0.87298626
0.79250544
0.04174379
0.024209974
0.028952831
0.04362486
0.95373535
0.9539149
0.9549429
0.9687793
0.95680743
0.043845482
0.024057616
0.019679287
0.021544626
0.024270015
0.031185841
0.03169995
0.03614016
0.03626678
0.04294254
0.037818924
0.028763592
0.032727614
0.053684413
0.08133447
0.92491436
0.96231174
0.96416414
0.95262337
0.9388621
0.15114969
0.07825707
0.041034438
0.027535185
0.027326632
0.029588632
0.02964074
0.025787044
0.03404347
0.8397812
0.8289262
0.84778756
0.90483767
0.747251
0.08499122
0.064817004
0.08006056
0.84715134
0.88643086
0.8189301
0.7900921
0.7637733
0.76994306
0.0594039
0.04104444
0.0403179
0.038507562
0.04325507
0.0351299
0.031445906
0.043651663
0.8970829
0.91394705
0.927281
0.07206185
0.04359046
0.039607536
0.044799805
0.06389997
0.08242871
0.052435625
0.061605692
0.77528995
0.7842534
0.854391
0.75436515
0.7021649
0.738007
0.819334
0.822614
0.7681381
0.8242698
0.13610819
0.0885493
0.077499
0.09500567
0.42606163
0.38886172
0.69720715
0.608747
0.53200656
0.11241706
0.07891966
0.06459722
0.06518685
0.077823095
0.67751884
0.7472955
0.8544875
0.15690784
0.11160204
0.07749406
0.077165954
0.07428427
0.099214666
0.08836059
0.119198464
0.20790051
0.31565234
0.8236934
0.14679648
0.16167876
0.11125632
0.11973546
0.108067684
0.07261209
0.10130099
0.79815865
0.80291057
0.1474767
0.1305498
0.059627786
0.057475038
0.6500382
0.61142874
0.7257237
0.87632394
0.8866137
0.7840883
0.70538926
0.6552878
0.082477376
0.082961895
0.122822754
0.18990667
0.78005916
0.7795478
0.7418859
0.08453431
0.07909728
0.11140568
0.13476767
0.14477381
0.16088292
0.21846439
0.76156646
0.4317253
0.41283816
0.38833225
0.36036888
0.35222274
0.26473138
0.22877806
0.29881105
0.78821945
0.79909146
0.63197917
0.5544435
0.56469166
0.55353403
0.12592606
0.11807371
0.12626903
0.13704596
0.28155324
0.72213423
0.14040624
0.082428224
0.09196778
0.7319145
0.101116054
0.10792706
0.085814014
0.09616845
0.08435785
0.097142324
0.15729596
0.74634296
0.16008723
0.15485482
0.81015366
0.26885524
0.09468596
0.0619762
0.054687176
0.06908775
0.7180974
0.68425095
0.872013
0.86505216
0.8596571
0.8799847
0.79985464
0.79750603
0.8673929
0.8798967
0.8573823
0.87658095
0.89852947
0.88956285
0.8765431
0.10409747
0.059509374
0.05366756
0.07052165
0.097410835
0.83128357
0.836315
0.17920399
0.22829536
0.8129159
0.08889617
0.05476141
0.05470636
0.06892511
0.07989996
0.06345694
0.07289218
0.7999209
0.06772803
0.062408183
0.08425528
0.09218734
0.106065415
0.11945192
0.14642367
0.19053864
0.816028
0.68502563
0.5716664
0.5703908
0.6298954
0.8068542
0.85074353
0.7951272
0.60484976
0.5677972
0.612162
0.5114304
0.448539
0.5013475
0.62522435
0.80359286
0.77421916
0.5667694
0.54983395
0.5940581
0.691639
0.7734524
0.8467881
0.687196
0.119869664
0.09133299
0.07861775
0.079331696
0.13049512
0.29446018
0.9163733
0.117182665
0.055467457
0.049532957
0.059478935
0.0885027
0.073987976
0.65489286
0.10070074
0.12143223
0.8666861
0.08168089
0.061386287
0.057641473
0.044694327
0.04547241
0.045148674
0.06560495
0.8265074
0.9043784
0.9069034
0.951852
0.9376491
0.82514733
0.8163011
0.82021075
0.053952616
0.051212862
0.077223614
0.07541478
0.86445284
0.9106876
0.78157514
0.8190149
0.09098991
0.06637641
0.051637083
0.07125645
0.20264736
0.9041048
0.08238341
0.04127057
0.0359812
0.03163517
0.060974173
0.11316752
0.88469785
0.8927164
0.85822546
0.8753225
0.8250113
0.8668394
0.12204938
0.08629572
0.10018674
0.08824005
0.34620193
0.40570977
0.8598969
0.6468226
0.14389771
0.35966393
0.30763397
0.056467004
0.028635481
0.04479013
0.0716328
0.95684713
0.9492522
0.9689688
0.94499636
0.7986573
0.037666135
0.03939366
0.063399054
0.07111719
0.0607278
0.08911104
0.17663082
0.8305241
0.60907125
0.51004237
0.6317427
0.37164986
0.39291474
0.28105307
0.3031246
0.44560146
0.20559585
0.13370812
0.1453609
0.42706388
0.4594034
0.6703793
0.5112806
0.3753336
0.32628977
0.33396223
0.32558385
0.25398234
0.23743613
0.26848835
0.34508651
0.46932432
0.63272107
0.68091726
0.6230658
0.44313508
0.39183936
0.5310756
0.18943062
0.18304831
0.18441008
0.27996805
0.56269526
0.736747
0.74583864
0.7228306
0.5484578
0.5
0.17193675
0.12491665
0.10349213
0.13155955
0.6915964
0.7788272
0.73913735
0.80772173
0.21764717
0.24457814
0.1405408
0.085370556
0.0677835
0.077504426
0.7210438
0.76227593
0.7385556
0.6516498
0.13490726
0.17640276
0.52810895
0.11375382
0.13249792
0.14088498
0.24457774
0.81058484
0.69806105
0.57374597
0.12346466
0.13719624
0.31504518
0.39211902
0.88621014
0.9216143
0.9191759
0.8707139
0.6415742
0.5383052
0.57666385
0.11311577
0.12609681
0.11575532
0.08548877
0.08838864
0.102563575
0.13057421
0.805823
0.2298847
0.8493774
0.1794743
0.07903091
0.0782381
0.69857043
0.11900837
0.07161218
0.05631183
0.060810298
0.11407615
0.8318009
0.7584254
0.8514288
0.931586
0.9482456
0.948485
0.94111913
0.9125969
0.87307656
0.90295225
0.87540257
0.8926502
0.86711156
0.12304238
0.090712294
0.07489535
0.05593866
0.070099324
0.6523065
0.111723155
0.16724792
0.31796056
0.83000267
0.36831525
0.85800004
0.79388726
0.8349072
0.14921626
0.12357624
0.32734638
0.6242722
0.10937373
0.13208382
0.29422095
0.38459536
0.75227296
0.8238173
0.19062659
0.16816598
0.15505573
0.102065094
0.15060958
0.23389868
0.19012322
0.8644156
0.7266117
0.759016
0.81978196
0.7956985
0.70521325
0.68371946
0.7908427
0.7913949
0.8115778
0.71711254
0.6708466
0.23414303
0.13198225
0.08093487
0.08676616
0.0863046
0.1958758
0.36894837
0.90741056
0.8867585
0.6313753
0.21309347
0.13208434
0.10868452
0.16166125
0.5104582
0.23921663
0.20698133
0.18518834
0.24398866
0.3655871
0.6096786
0.11016323
0.0979609
0.17009555
0.25509357
0.22047018
0.06935473
0.045795325
0.05633212
0.7689522
0.9196218
0.9568201
0.94786507
0.86837965
0.8913054
0.063899085
0.051864073
0.11988944
0.115316726
0.7429852
0.8885228
0.87424153
0.7847243
0.71061015
0.7615269
0.07834637
0.07017863
0.08813597
0.06453533
0.060358033
0.09484955
0.061795656
0.06176303
0.05531264
0.06384834
0.7817398
0.9097639
0.13512431
0.0810859
0.07731631
0.74221903
0.07487151
0.06988862
0.09193226
0.09383398
0.07415279
0.06019705
0.064982414
0.07392488
0.6437287
0.6237348
0.7014502
0.75277334
0.8855867
0.8247208
0.88075745
0.9205032
0.8888968
0.70148027
0.0866232
0.06183182
0.06429674
0.09069006
0.25551414
0.25953794
0.8447283
0.21787113
0.11512715
0.52912533
0.09461772
0.15898214
0.31286925
0.8651097
0.16230828
0.12484193
0.087788
0.1143621
0.085041806
0.21974172
0.09118828
0.038682703
0.022301234
0.019015737
0.039408173
0.7917942
0.8665572
0.9593042
0.97081316
0.9585012
0.86039317
0.109099835
0.049412515
0.030685814
0.02718023
0.040355075
0.093116775
0.27394852
0.3843244
0.16962238
0.5966153
0.52105033
0.5
0.52518433
0.67252386
0.76476794
0.74922293
0.6019258
0.21698722
0.20230788
0.23867479
0.5968457
0.61759746
0.59117055
0.1725728
0.14799638
0.21089788
0.27428383
0.29096392
0.6825756
0.59802526
0.4112587
0.39861813
0.39120302
0.2798619
0.3497237
0.30252847
0.3466207
0.49795622
0.64221627
0.6149284
0.36176747
0.20872998
0.1464097
0.19168733
0.24658103
0.27543095
0.19143733
0.2098803
0.13833767
0.17230918
0.33830768
0.36691925
0.44727904
0.4975316
0.34837922
0.24806899
0.21440735
0.2062045
0.6345658
0.82955295
0.886798
0.8820866
0.6235113
0.09610996
0.06921209
0.06731594
0.09242833
0.14920604
0.9401843
0.9604964
0.9357061
0.67817444
0.08423388
0.078283474
0.25818437
0.16643198
0.15733758
0.1569037
0.15238434
0.15210098
0.23462698
0.58161783
0.7791395
0.8573573
0.7486052
0.743541
0.5282618
0.4490981
0.6138345
0.7623896
0.70172584
0.39372942
0.24024825
0.36551946
0.19595031
0.25164193
0.36752534
0.32582498
0.3387091
0.29332805
0.3754001
0.4285357
0.37959838
0.570329
0.6203447
0.60694224
0.655243
0.8640017
0.90706
0.844159
