0.8950343
0.9107191
0.6102407
0.33805162
0.3010412
0.29182675
0.76809514
0.6993985
0.7185831
0.8038639
0.72928697
0.71514297
0.7929978
0.7416312
0.6952449
0.66999584
0.15320268
0.13856088
0.13035816
0.17815939
0.53712916
0.20509735
0.22904105
0.31866768
0.2005997
0.18765543
0.6253517
0.705515
0.7765214
0.63737166
0.29020816
0.27835146
0.18786007
0.17442727
0.21510519
0.28993613
0.85977083
0.9052439
0.87177956
0.34677833
0.6756805
0.5476269
0.10642375
0.1115472
0.19109218
0.18751083
0.8753091
0.06889893
0.039829038
0.053027675
0.11770948
0.8676564
0.8490437
0.08174778
0.054731872
0.046852432
0.035052214
0.07614688
0.15976407
0.95777816
0.95029753
0.88587636
0.08710225
0.06157301
0.039874922
0.02904246
0.030264555
0.03627789
0.04016603
0.03882268
0.05308637
0.79199237
0.06994767
0.040894493
0.045943882
0.8070053
0.89098656
0.9139061
0.9258344
0.97421527
0.9692359
0.9321319
0.041221943
0.02758463
0.027200188
0.025423544
0.038652796
0.8028409
0.81312895
0.033122413
0.0166849
0.012257805
0.011760866
0.014910601
0.018111622
0.05682492
0.9501761
0.9714046
0.95486
0.85437155
0.91786724
0.06330842
0.032090724
0.034487143
0.040029716
0.09362379
0.07029741
0.051278636
0.07111291
0.08235076
0.07474208
0.091191016
0.10055147
0.1218185
0.10323834
0.5734363
0.48679683
0.22049403
0.7124715
0.65361345
0.62279963
0.1092494
0.11884503
0.097486645
0.07166168
0.08464154
0.07602877
0.66444975
0.75295204
0.89528906
0.8950885
0.48967677
0.76553917
0.85183823
0.81906587
0.84014285
0.7796336
0.7573425
0.8086565
0.2978733
0.12284059
0.0914518
0.66588396
0.692796
0.8236313
0.74160385
0.6723308
0.70122814
0.8115114
0.79959285
0.7389606
0.7661761
0.13987021
0.12043075
0.17504495
0.60956377
0.71782964
0.6720202
0.5435262
0.22774555
0.67428374
0.5638326
0.14255401
0.12881203
0.12128234
0.09070001
0.10503076
0.21850774
0.743434
0.6782944
0.56263244
0.2534407
0.43156487
0.48380926
0.83321935
0.80081606
0.7301273
0.5
0.4373408
0.36047548
0.6351054
0.63737017
0.67393386
0.7009475
0.3542093
0.2522625
0.18261981
0.15951443
0.23893757
0.30006653
0.52454674
0.3251492
0.71381617
0.77887195
0.17121503
0.10497549
0.06906856
0.07464774
0.115262605
0.084794514
0.10064713
0.14558572
0.91987735
0.91043985
0.20252441
0.10000345
0.0854917
0.18230064
0.74790406
0.14999172
0.3042837
0.83131707
0.8172889
0.8264927
0.78153265
0.08896492
0.0636171
0.062560566
0.07416848
0.14013301
0.84710133
0.21042685
0.69351274
0.6693965
0.70870084
0.79294574
0.8328174
0.80159605
0.2939926
0.8145174
0.054898445
0.036820214
0.041108422
0.08978217
0.14988534
0.91674006
0.9278077
0.83079064
0.11439691
0.051863145
0.058070064
0.06335876
0.08439959
0.13689853
0.91259956
0.10808091
0.042257633
0.030085105
0.031457063
0.040051207
0.036451787
0.032103788
0.036992285
0.06766277
0.07701029
0.9072739
0.83463615
0.92044336
0.8787288
0.8684641
0.86192673
0.8357916
0.78264415
0.81608856
0.058485143
0.046499927
0.037291154
0.030151313
0.03304227
0.036369987
0.03463178
0.034105804
0.041076574
0.12790555
0.90278345
0.91418606
0.12402334
0.12371209
0.08161378
0.05711613
0.08214879
0.08274203
0.15386647
0.21958117
0.77395326
0.78400135
0.39945713
0.7648444
0.69440013
0.61837554
0.17444083
0.1337512
0.16443376
0.1934114
0.26216263
0.6108491
0.664421
0.055076975
0.030412935
0.0210123
0.026406217
0.05823652
0.10244624
0.92243415
0.046005096
0.031919852
0.88587266
0.9591558
0.9717758
0.9726006
0.9615747
0.93669754
0.02389131
0.01647614
0.020255515
0.037390172
0.037679285
0.03652374
0.036498446
0.11218793
