0.4868914
0.5227937
0.3985705
0.3809892
0.5627852
0.5851166
0.64376926
0.5156481
0.32153192
0.26865786
0.2798847
0.23416647
0.20907159
0.2635502
0.1686411
0.27406475
0.44768968
0.6059158
0.5957049
0.36050338
0.22615607
0.15227814
0.12219823
0.101780355
0.07459115
0.07367346
0.084041305
0.08512225
0.13783187
0.15898646
0.8240824
0.8378298
0.8228457
0.80654573
0.8753493
0.20301272
0.10208036
0.071040794
0.078876846
0.1185846
0.12049287
0.14784297
0.17394923
0.6935578
0.56118494
0.6503642
0.85559213
0.8921527
0.8220238
0.48790026
0.42895913
0.36772177
0.23168015
0.3876499
0.2858834
0.23668809
0.5522722
0.55829984
0.1188842
0.100772925
0.09703114
0.1140738
0.071279585
0.050295092
0.056300104
0.65278316
0.062164787
0.06091454
0.7252762
0.84778184
0.92664164
0.89824283
0.9111377
0.75490636
0.06202854
0.044575375
0.04423335
0.048285518
0.09474913
0.1208852
0.86170036
0.101499915
0.070046395
0.121047385
0.6606042
0.62979877
0.13084553
0.1815622
0.155031
0.13752796
0.08309596
0.087479286
0.1277741
0.17219715
0.10013466
0.07020667
0.7694757
0.86866665
0.87067246
0.7787261
0.736497
0.7708221
0.8628732
0.84295815
0.8800824
0.8521319
0.111493066
0.081905104
0.13718708
0.18956669
0.12708266
0.10213316
0.5703154
0.41486397
0.14187063
0.0836458
0.06162789
0.0597791
0.16276817
0.83287776
0.87228066
0.89802456
0.8391567
0.21375316
0.12167224
0.08210655
0.066013895
0.097441755
0.26525414
0.27188396
0.12172579
0.10918693
0.6539472
0.500407
0.15687697
0.14947747
0.20662662
0.9071945
0.9453962
0.95567626
0.9502492
0.925268
0.8734552
0.6066852
0.08021326
0.112129405
0.23021725
0.7967902
0.10631653
0.113886006
0.09939372
0.103912614
0.6289338
0.61546785
0.5744667
0.11459746
0.12727942
0.24524961
0.23125005
0.28961703
0.17042698
0.60632795
0.5678569
0.52539706
0.6091215
0.729883
0.7376123
0.16191493
0.1842764
0.28582177
0.19392455
0.1344022
0.11830857
0.57262695
0.5898966
0.686214
0.8175151
0.8685491
0.8452434
0.594985
0.15476918
0.12405537
0.102613255
0.17129706
0.73261774
0.31216493
0.7568775
0.20143896
0.16071118
0.7131686
0.73346126
0.17241378
0.33352017
0.87994564
0.8905789
0.8292232
0.06699376
0.031812355
0.025483176
0.022508657
0.029914755
0.02174714
0.037680373
0.074355096
0.9786709
0.9832839
0.98313427
0.9744829
0.09157841
0.029340185
0.021466214
0.021359969
0.043059845
0.061789844
0.074746095
0.13550785
0.57585746
0.08356294
0.119783565
0.7770152
0.87896377
0.3621736
0.11568564
0.10164369
0.5111132
0.12321381
0.18958189
0.29085785
0.5933385
0.92189944
0.9013379
0.20234805
0.11355782
0.08243572
0.067987435
0.08065236
0.7222069
0.7732485
0.42883515
0.7093724
0.07083343
0.07486422
0.12720162
0.16208947
0.30849683
0.90975267
0.85955966
0.7321723
0.70516634
0.76093215
0.87242997
0.8960354
0.8762172
0.2750018
0.22635409
0.17335425
0.099253096
0.08520768
0.5958581
0.122026406
0.17722651
0.112608574
0.08451725
0.13267455
0.2853124
0.83085495
0.8384186
0.12879181
0.098281
0.1054589
0.10213378
0.10512693
0.17673089
0.20234302
0.88863474
0.80956507
0.14835212
0.11488541
0.77709496
0.8634386
0.89502
0.78628314
0.75085914
0.7711199
0.8580651
0.7968342
0.13885245
0.20354007
0.74676204
0.8127534
0.1588162
0.22460143
0.2423571
0.30620098
0.28091043
0.17695042
0.23411795
0.2866747
0.17681307
0.32422617
0.2616006
0.38049704
0.36594164
0.61837107
0.4784466
0.45622787
0.49354923
0.20442311
0.18953964
0.14824407
0.16049346
0.22579174
0.27807364
0.696031
0.6254375
0.69605166
0.62826616
0.6478236
0.5727961
0.60928774
0.45509514
0.5037851
0.5826383
0.42590797
0.33058077
0.23905718
0.17528577
0.17984977
0.12727003
0.11392023
0.15937299
0.19722988
0.70933235
0.76617634
0.71190697
0.68019736
0.7240405
0.5
0.517696
0.3162237
0.17728603
0.17722338
0.20390175
0.68321025
0.8337669
0.21207336
0.20227657
0.21102288
0.101481475
0.0610847
0.061905913
0.088891976
0.12335658
0.13929257
0.13381983
0.58761364
0.11783376
0.25774017
0.74472415
0.80590004
0.8705362
0.7504253
0.7291525
0.794175
0.20355713
0.14317101
0.7126996
0.43891916
0.44415402
0.90503615
0.95203286
0.9642996
0.9590874
0.9270737
0.8491448
0.23140019
0.1490661
0.08107099
0.05847642
0.07065732
0.19047335
0.28950763
0.43802652
0.72408843
0.7391221
0.42839158
0.5433513
0.5
0.32059425
0.30995408
0.3526471
0.45894527
0.59622145
0.48079157
0.5776059
0.52726614
0.47886458
0.6487056
0.6053653
0.72976613
0.8349556
