0.34648633
0.23390889
0.23019083
0.29937983
0.64768344
0.60828036
0.462751
0.43427607
0.40005627
0.353314
0.27147382
0.22758679
0.30942002
0.27781472
0.40009302
0.29667318
0.25456074
0.32105464
0.4532586
0.36093265
0.44920152
0.4706457
0.22825278
0.3356018
0.3918275
0.26918057
0.29708043
0.35790494
0.21228427
0.19642036
0.25355154
0.27349815
0.35088465
0.5328832
0.28938606
0.40333807
0.5342077
0.46952823
0.4692541
0.5671337
0.40423584
0.4480972
0.40427804
0.5802248
0.5620838
0.39466158
0.42409226
0.26018187
0.2329926
0.27340147
0.5289752
0.5978691
0.55433893
0.83280057
0.81849504
0.63611907
0.7725257
0.637339
0.23493949
0.21086773
0.32742745
0.61247957
0.5319874
0.6366952
0.83336407
0.8137775
0.6008436
0.103849806
0.066177756
0.04138354
0.037869994
0.07347572
0.08468205
0.10567322
0.8990621
0.943515
0.9368848
0.29993847
0.25610903
0.09661439
0.049388338
0.044990808
0.07103438
0.15707245
0.2038785
0.3644739
0.29331866
0.5292212
0.103414506
0.10041474
0.7698349
0.81787366
0.10287463
0.07001726
0.1131834
0.04571674
0.037104607
0.049413703
0.038137235
0.072782256
0.063577995
0.9067242
0.92373353
0.9778991
0.9717407
0.96184987
0.075655416
0.046575334
0.03779054
0.05253857
0.12391671
0.88094145
0.078154504
0.05006299
0.041573193
0.04257192
0.69687074
0.716999
0.78317225
0.74222046
0.19818999
0.11773166
0.53936213
0.1678573
0.23656225
0.41730976
0.56758183
0.4429755
0.46914637
0.39871243
0.51227164
0.22196062
0.13913125
0.14944701
0.6300132
0.6392679
0.13644724
0.1614912
0.17603266
0.7978857
0.082799114
0.061643362
0.07390892
0.083062574
0.091455184
0.099326484
0.11674439
0.82370967
0.086481676
0.05943814
0.082173996
0.79547083
0.46276563
0.48837918
0.81608313
0.8134221
0.8281564
0.74148035
0.10021064
0.071529455
0.09577247
0.3087766
0.8243569
0.89059263
0.8251255
0.6801461
0.6216853
0.6547514
0.7966227
0.86173373
0.8271913
0.89498436
0.8947263
0.8552762
0.78972757
0.763349
0.73742247
0.79582316
0.153
0.08615084
0.07437391
0.08766329
0.120272584
0.10700257
0.73398006
0.080346696
0.06393787
0.06841929
0.09407997
0.23048982
0.7354939
0.14564222
0.12986729
0.13662253
0.100323424
0.120589904
0.7118277
0.59237397
0.12789795
0.20972559
0.18441331
0.6614815
0.7522817
0.28718242
0.24525267
0.30623388
0.60478616
0.36200005
0.32628608
0.3059022
0.4935076
0.57793576
0.56034416
0.6696469
0.60456806
0.30929372
0.2910008
0.34289652
0.6331278
0.62471175
0.45058262
0.34728009
0.3407424
0.31912866
0.2550826
0.20161267
0.22786756
0.28478765
0.3564499
0.5800142
0.4952843
0.49685022
0.49330962
0.50926006
0.5354787
0.5
0.47333163
0.3508551
0.2925253
0.28391737
0.38826275
0.59446245
0.712819
0.69880867
0.50517863
0.5000063
0.3118749
0.28090376
0.3330674
0.3468656
0.3189536
0.40879688
0.5363009
0.5
0.41724613
0.29230466
0.25333238
0.288456
0.43412006
0.5
0.38526815
0.3133832
0.3165563
0.37609223
0.3990206
0.493537
0.39467388
0.34607592
0.41310042
0.45346382
0.6945278
0.839468
0.8409265
0.7554252
0.5
0.34136906
0.1364745
0.090492375
0.05858324
0.09442758
0.105453975
0.167429
0.87702656
0.81255925
0.68695533
0.11200073
0.08701883
0.10662394
0.105271325
0.086431734
0.17229933
0.41744196
0.54088
0.3768213
0.44604805
0.6046727
0.72315025
0.7463328
0.8294052
0.81711805
0.6826772
0.70032734
0.38241348
0.37088826
0.16421951
0.1221902
0.13557108
0.20224334
0.33025944
0.2740722
0.27896616
0.669556
0.64701694
0.7050141
0.7269991
0.83762825
0.8038311
0.8672496
0.6056499
0.3483122
0.6349038
0.6299232
0.11020341
0.08516851
0.08582767
0.08561554
0.10748993
0.11670437
0.1111902
0.8938451
0.18129636
0.15905632
0.07491308
0.05547827
0.11085197
0.12954925
0.86788404
0.88576776
0.80530256
0.8279919
0.68582314
0.6646071
0.6616239
0.6503234
0.7326583
0.82998705
0.7910687
0.81263834
0.8984155
0.8729966
0.7698735
0.10074389
0.06739263
0.068405546
0.07206108
0.105611086
0.17432494
0.8042934
0.35575587
0.21267931
0.14789438
0.12267643
0.18241464
0.39632806
0.8203597
0.66953444
0.6158892
0.5816419
0.653576
0.8088258
0.833929
0.7495031
0.60563284
0.60305905
0.6358356
0.6872826
0.719574
0.73173076
0.781232
0.27222976
0.17251657
0.11343766
0.10497286
0.5667262
0.5568204
0.626622
0.6104873
0.5937047
0.57054174
0.56890815
0.6099915
0.74327767
0.76746064
0.25172716
0.3751773
0.3457853
0.7147693
0.15188643
0.13530633
0.09228152
0.085692465
0.07292477
0.69378775
0.7355553
0.8302144
0.10064402
0.096010044
0.2626646
0.8478059
0.87691295
0.77247703
0.12952949
0.085381985
0.10488652
0.8292398
0.87539285
0.2943642
0.46380872
0.8816983
0.8356757
0.1095718
0.09551473
0.15394656
0.16139238
0.12321024
0.1100777
0.6741637
0.68578607
0.14904946
0.1312914
0.11438543
0.15436749
0.23657167
0.83886516
0.9026395
0.9049003
0.32425734
0.25270084
0.29185045
0.22768803
0.09801194
0.08112035
0.62618
0.09235408
0.09243931
0.6238871
0.6437384
0.77625984
0.85494477
0.7222093
0.10256023
0.06345524
0.06470598
0.08250923
0.12980942
0.25693643
0.43351522
0.41436142
0.23449369
0.16091666
0.14846987
0.17940487
0.6858297
0.5446032
0.55317813
0.67891437
0.6124074
0.56866384
0.5440931
0.5
0.5180991
0.61584586
0.7458284
0.64194405
0.65477705
0.5353104
0.56332624
0.72249377
0.70055866
0.62027293
0.67533684
0.6149021
0.5393925
0.2984781
0.2755694
0.32804528
0.2528218
0.2582711
0.3148918
0.82663226
0.87486035
0.8657582
0.82696074
0.73777914
0.68690646
0.6822321
0.70379835
0.65268564
0.63972455
0.6709281
0.6193825
0.6367302
0.6699373
0.6828993
0.28711104
0.2403321
0.112160936
0.08003815
0.09172535
0.16362162
0.87804824
0.89803493
0.8398433
0.8012924
0.77734935
0.74041855
0.23661748
0.6183061
0.08253773
0.09544907
0.12818608
0.17332712
0.23097096
0.6512357
0.6774726
0.76139945
0.73069185
0.6843447
0.17772794
0.11492309
0.10609823
0.08836641
0.06652032
0.056772813
0.07407836
0.79104483
0.8394884
0.8101424
0.7655398
0.7675347
0.7121298
0.094245195
0.09352842
0.09228928
0.1313418
0.7254873
0.10369186
0.10369351
0.09623945
0.12078436
0.8179585
0.08512868
0.054207448
0.048428632
0.059010323
0.11541905
0.8605224
0.9270397
0.9550601
0.95851797
0.9332432
0.8689835
0.8849983
0.8310225
0.79664826
0.8238102
0.8320969
0.8278996
0.796838
0.124457434
0.10515397
0.0690801
0.055609975
0.07377062
0.73847604
0.74279076
0.066724226
0.044608988
0.03576046
0.04375159
0.043967072
0.033875454
0.03525506
0.056772944
0.90264416
0.92002213
0.8426346
0.83469915
0.06628029
0.04675285
0.04563368
0.045708597
0.05634882
0.081071846
0.10730804
0.080904715
0.0703799
0.078017466
0.09579093
0.14184779
0.13206828
0.14579257
0.17006429
0.50564694
0.35050038
0.4417566
0.6101937
0.5323536
0.40926164
0.20275138
0.16738851
0.15690997
0.21210931
0.29672626
0.5315208
0.60900694
0.6787648
0.67882675
0.6491915
0.59736717
0.54907656
0.54247993
0.5405046
0.5153817
0.51441026
0.57391596
0.6064999
0.6962626
0.70163816
0.61160785
0.62259084
0.66146165
0.55056924
0.36881733
0.37541315
0.21644662
0.19698833
0.26723456
0.5675417
0.34417298
0.37597972
0.32199392
0.44717944
0.40960914
0.21862084
0.2414407
0.6221228
0.8525163
0.8799468
0.83686423
0.62722063
0.13887817
0.10581976
0.10639855
0.16785121
0.15946957
0.5522339
0.13764863
0.140941
0.62077296
0.6352643
0.6662886
0.706296
0.754467
0.8199067
0.7900028
0.76145923
0.72806996
0.30679724
0.37917793
0.79767245
0.7111827
0.08185069
0.064745665
0.043809358
0.034808837
0.050152984
0.74998677
0.89655566
0.9351801
0.93739825
0.9159478
0.09513812
0.07626735
0.10775287
0.16951784
0.17060742
0.5
0.21813817
0.21439902
0.24147673
0.20390399
0.16952631
0.18523997
0.33331138
0.30591714
0.3910219
0.7975459
0.74922675
0.26746824
0.17291716
0.18360934
0.13523161
0.11894381
0.58290255
0.5325818
0.15118434
0.099693134
0.06748553
0.06825933
0.070951164
0.07392582
0.046546258
0.046493653
0.11101045
0.18366161
0.8989203
0.8573974
0.073323674
0.042956352
0.057722427
0.055891402
0.06322651
0.8687975
0.084814005
0.08502007
0.87392515
0.9290353
0.90319353
0.08666705
0.07692766
0.8448669
0.054446384
0.05523682
0.052094236
0.053459547
0.06299973
0.045089014
0.03571684
0.03280833
0.03792009
0.049229063
0.06987613
0.1111537
0.9053281
0.20069456
0.105005614
0.094870456
0.6806838
0.0662321
0.05711385
0.07572935
0.08977594
0.089769974
0.16044827
0.15364785
0.17913921
0.17929575
0.22610581
0.42146036
0.35554028
0.3421179
0.66043085
0.49667785
0.50789285
0.6648754
0.5743013
0.31030154
0.19683409
0.15312833
0.32656774
0.5520971
0.25508296
0.29673803
0.23774284
0.22440015
0.37774017
0.1511444
0.514193
0.6037385
0.7386357
0.5723388
0.5
0.38656238
0.846233
0.5984111
0.46748254
0.17892143
0.16142406
0.45120174
0.36859202
0.17756069
0.14843859
0.14426108
0.16196483
0.17189911
0.13442688
0.18103068
0.27568537
0.23232129
0.41050622
0.29867876
0.2719652
0.24284706
0.30178925
0.47106212
0.49953246
0.5490783
0.3723492
0.25753373
0.2764918
0.36765552
0.3501994
0.67323864
0.8460938
0.86168545
0.55435836
0.28478554
0.16525488
0.17298481
0.34132597
0.35904542
0.35746485
0.47231114
0.37344992
0.24030998
0.2899747
0.19985385
0.2136861
0.2954468
0.23083231
0.21577244
0.27293798
0.2879487
0.30863908
0.38370138
0.30178633
0.38104892
0.6059592
0.56548524
0.6073369
0.5
0.41343006
0.3083456
0.30516276
0.28256455
0.22501677
0.21992868
0.2734751
0.34702748
0.4482635
0.5262833
0.7011207
0.6867846
0.54644275
0.5
0.19233431
0.1574842
0.15038213
0.13213758
0.13566115
0.1400696
0.6266434
0.6261897
0.6091788
0.12616198
0.09617689
0.112483345
0.19673513
0.2773061
0.7598508
0.80199224
0.79731166
0.8056078
0.7895754
0.7975559
0.1343528
0.09289388
0.07014363
0.05215728
0.039178237
0.056630727
0.8466095
0.8936404
0.86058676
0.9124873
0.8781813
0.89886063
0.9195135
0.9341522
0.92934203
0.8947315
0.86194754
0.062946595
0.061816804
0.047338683
0.045464724
0.10929592
0.19632936
0.92935055
0.9335192
0.91365546
0.8488657
0.7926431
0.21317604
0.1507127
0.093556926
0.051366355
0.0465862
0.065821074
0.11007602
0.12727593
0.12377169
0.10232788
0.11169304
0.11676674
0.121751115
0.1021783
0.09037103
0.076515816
0.052412342
0.050770428
0.07850779
0.8426416
0.8515937
0.9053233
0.8786437
0.8957296
0.8830312
0.88803345
0.83167577
0.85101575
0.084740914
0.064734496
0.05777297
0.098018594
0.12423539
0.6178769
0.17338806
0.19570571
0.14482482
0.6300254
0.70120955
0.52562934
0.25742736
0.30338013
0.41747195
0.7738444
0.89869386
0.90582424
0.8718752
0.73608416
0.6935327
0.76885086
0.6666959
0.31010804
0.22017717
0.19909766
0.54831874
0.59152776
0.6880053
0.4451015
0.35683495
0.2197721
0.2095088
0.57072836
0.69252
0.7711312
0.7788436
0.7862779
0.80675656
0.8060795
0.14921653
0.07197067
0.061224274
0.06780519
0.08726015
0.077509746
0.1033716
0.10398825
0.083235286
0.8368032
0.8110438
0.86073303
0.60901636
0.57904464
0.8513873
0.2892285
0.10756899
0.089350566
0.6497708
0.07664735
0.09099956
0.74249756
0.861932
0.8700411
0.9361942
0.93584985
0.8900752
0.7881969
0.10701301
0.061829228
0.052097812
0.048056245
0.0533641
0.68257326
0.69405293
0.19251892
0.28134364
0.8002124
0.7644585
0.7503349
0.06684278
0.064919405
0.08982542
0.07370905
0.06430607
0.049228787
0.050051466
0.055478897
0.087339535
0.101591714
0.1337688
0.28849018
0.22367188
0.54691863
0.52814955
0.08863111
0.08700923
0.070067875
0.05923318
0.0750211
0.089914866
0.12052042
0.16165428
0.26924145
0.74443936
0.12626064
0.07275067
0.07778337
0.14150801
0.7645445
0.6936496
0.74384016
0.86597097
0.8996356
0.87104905
0.7698208
0.83706087
0.3382445
0.280712
0.8688916
0.89143693
0.11405294
0.07944609
0.047175534
0.048981663
0.16981196
0.16901046
0.9471476
0.95593035
0.9084594
0.9525826
0.92567605
0.84576553
0.82848525
0.8540556
0.78171086
0.062360555
0.041261226
0.04025336
0.045295734
0.07065387
0.105686866
0.8595663
0.89626104
0.29337183
0.4035646
0.8890551
0.84942293
0.71622247
0.7904407
0.92901504
0.94479597
0.9327624
0.8829152
0.72569
0.06664834
0.06015134
0.08438487
0.15448172
0.18264206
0.3915743
0.45669866
0.46005282
0.6920539
0.109366275
0.101915136
0.08259287
0.106395125
0.33948937
0.67005277
0.77704304
0.70546794
0.2397109
0.1964204
0.32030046
0.61306554
0.7186617
0.66386276
0.698513
0.5745588
0.40645263
0.23410527
0.21785007
0.21852082
0.29752508
0.45904598
0.3426416
0.42615616
0.6269717
0.37293062
0.27795082
0.24318242
0.24647759
0.6201332
0.46693206
0.6680646
0.42874628
0.33205095
0.35350052
0.5270404
0.5
0.31756297
0.27393383
0.27519178
0.36185938
0.40280148
0.6404325
0.41833234
0.396122
0.33889472
0.44696796
0.21765514
0.15123071
0.12089711
0.16242884
0.41520008
0.43291843
0.38286823
0.18655647
0.25791967
0.30767593
0.39873743
0.2863027
0.3624205
0.19454174
0.17419949
0.18742736
0.26077724
0.7564433
0.75541425
0.5262332
0.24418165
0.15739042
0.12227672
0.16211055
0.23973757
0.33803216
0.7796784
0.69275683
0.51015383
0.5
0.78091824
0.7239382
0.56590444
0.5384202
0.66921633
0.67577994
0.7633381
0.7211455
0.6798379
0.63109064
0.5419163
0.14369965
0.11178905
0.11906036
0.6458928
0.6747626
0.67680824
0.16105334
0.17213048
0.2675547
0.542073
0.84364146
0.9015711
0.9136437
0.9051123
0.8677737
0.75939715
0.6757883
0.676296
0.5927646
0.59365445
0.6149371
0.6268317
0.65894157
0.74426556
0.7406264
0.6783822
0.6772184
0.7261285
0.8268838
0.7193337
0.09760165
0.0537451
0.04240573
0.041160338
0.111966915
0.914401
0.93910646
0.8928491
0.9460346
0.91565883
0.8251374
0.848595
0.08989214
0.06539358
0.051381722
0.054664023
0.06710792
0.63523614
0.21703707
0.41255987
0.7247586
0.7041099
0.2814382
0.14509873
0.12922496
0.10693407
0.0807703
0.11750725
0.6390763
0.7077626
0.6636878
0.64898676
0.7023223
0.17015982
0.12614402
0.12656505
0.09868722
0.084981106
0.57517135
0.2095542
0.51649183
0.12279576
0.16194662
0.09241927
0.09897911
0.65904325
0.6725973
0.65345794
0.16561396
0.23108214
0.80490845
0.12179355
0.057238765
0.051848594
0.07114722
0.17789851
0.9386627
0.94578606
0.07759793
0.030961035
0.026575487
0.04024347
0.021618892
0.028965592
0.8659089
0.95886606
0.9738897
0.94760513
0.97036284
0.947856
0.055310763
0.06111972
0.10077707
0.8944798
0.82753474
0.041690134
0.025808236
0.024279416
0.026266286
0.032816537
0.04193359
0.083231285
0.24221502
0.8489616
0.17009152
0.3029924
0.7009014
0.67853636
0.5344878
0.17946406
0.54624635
0.14921005
0.13179073
0.19882384
0.46351397
0.17334996
0.56336457
0.60855263
0.5436405
0.17506248
0.13876584
0.30079448
0.28114775
0.37287217
0.7329381
0.6143223
0.6886498
0.48579916
0.3045599
0.38910118
0.78834146
0.7877091
0.24747664
0.14724611
0.5501608
0.47280833
0.2112974
0.27869645
0.71009386
0.63195974
0.60335207
0.5214111
0.20876281
0.24768938
0.40451276
0.17559059
0.24735479
0.7477024
0.7122325
0.24252595
0.22071294
0.17475325
0.15412599
0.22700723
0.36192423
0.3063266
0.38310972
0.30959362
0.36541125
0.18101503
0.19784968
0.38819095
0.6395358
0.5693595
0.5686555
0.59052616
0.6438214
0.5
0.29620352
0.20040248
0.14379317
0.18131518
0.2505734
0.4378666
0.63803124
0.36878705
0.366361
0.43452647
0.63246536
0.6777784
0.6518572
0.64209735
0.5054911
0.38046938
0.19664334
0.2292509
0.20285423
0.18628407
0.4636704
0.7074811
0.47911993
0.28979522
0.24609725
0.2403775
0.45203087
0.6413505
0.8714902
0.90245956
0.88527215
0.7919146
0.6767452
0.5379298
0.22776328
0.18240976
0.17781985
0.5094615
0.6183509
0.7692984
0.66553015
0.54076827
0.18022765
0.16877443
0.207901
0.80650276
0.6874555
0.17341577
0.13860412
0.104533195
0.07093279
0.08211283
0.16309425
0.1280577
0.07646119
0.08313771
0.10609166
0.81218946
0.7331222
0.72847307
0.7424758
0.8174216
0.13406171
0.113027
0.15828034
0.15790601
0.19055326
0.9040189
0.9207714
0.94022524
0.9378884
0.9173999
0.8809368
0.1014514
0.056285076
0.054908402
0.068097554
0.7772747
0.0923965
0.06379278
0.08126271
0.2704746
0.8736209
0.12078254
0.059307985
0.05789262
0.090804294
0.8469068
0.5163055
0.26479593
0.13270278
0.6644805
0.09308896
0.07258564
0.0861149
0.6774352
0.87729466
0.8095513
0.8993901
0.95356244
0.93939537
0.9073197
0.08542814
0.051053695
0.05289743
0.7148358
0.73870164
0.088781595
0.108816475
0.12303597
0.7447944
0.740073
0.07162651
0.05463882
0.071730144
0.14472394
0.77021027
0.8977327
0.12577195
0.06742504
0.050540697
0.06914039
0.7512095
0.0686062
0.04754555
0.049968682
0.17093909
0.8753631
0.8901749
0.8411784
0.8699986
0.12791349
0.12974493
0.09996241
0.28824225
0.37992337
0.9188009
0.8889691
0.74330664
0.10589263
0.11116626
0.24468608
0.13690485
0.11573545
0.093019895
0.057723638
0.09674463
0.15289097
0.11240513
0.09798517
0.38848242
0.5090961
0.8779903
0.17449193
0.11263969
0.08259345
0.053277645
0.056085847
0.6374677
0.13232042
0.21495672
0.2312594
0.19733688
0.9029331
0.8686193
0.6975953
0.6683539
0.14126788
0.1323849
0.1114606
0.100006774
0.6557365
0.08344772
0.0836208
0.13877471
0.19137363
0.18933766
0.1835112
0.17101704
0.14159192
0.12734206
0.2685733
0.28895825
0.36186495
0.392273
0.3907387
0.4637582
0.5352786
0.43267074
0.50337774
0.63988227
0.39755842
0.2646762
0.15102841
0.14460993
0.2650884
0.3034001
0.7163072
0.5424412
0.16170792
0.1366043
0.15642641
0.17532091
0.19363241
0.7308851
0.17607301
0.0982059
0.11086796
0.3105692
0.35129505
0.767271
0.7879367
0.4183811
0.7792334
0.6921559
0.705671
0.7367306
0.59708375
0.29002562
0.7546701
0.6972002
0.23040353
0.2069194
0.121137366
0.10063506
0.19034794
0.6487699
0.31024772
0.2838466
0.30224904
0.2817849
0.3991043
0.6516371
0.7075769
0.6955591
0.6214024
0.54535896
0.5
0.5990923
0.62190837
0.61751246
0.57490104
0.5
0.48516783
0.49519816
0.48095387
0.576993
0.5
0.3825415
0.39632076
0.36448485
0.32721546
0.33433717
0.38093477
0.4102384
0.27869117
0.24298777
0.48433763
0.5804656
0.6565689
0.5430454
0.5
0.28281024
0.25708038
0.28944093
0.32824644
0.35359225
0.5081085
0.59574604
0.5625176
0.34754044
0.30306002
0.35735187
0.46269783
0.73644346
0.76755893
0.6805006
0.50664645
0.49269366
0.6353408
0.50399756
0.5
0.6309036
0.5997834
0.75507444
0.7662648
0.9138342
0.9436311
