0.700581
0.5330377
0.3361086
0.3870444
0.48350045
0.8402922
0.8773162
0.82207745
0.51764005
0.46925977
0.49975625
0.4972414
0.5297228
0.52059627
0.4735491
0.49956217
0.50841796
0.6466429
0.5589507
0.4963882
0.48504135
0.5
0.50111145
0.35982534
0.46234527
0.23345393
0.20242892
0.167844
0.14530513
0.1403481
0.13820489
0.14639378
0.1851041
0.28481168
0.88593346
0.9309291
0.9345817
0.89198864
0.23400074
0.1831508
0.3090197
0.8193319
0.8728975
0.8596088
0.7344087
0.38195053
0.38998637
0.512564
0.4122724
0.446888
0.66161954
0.79964656
0.5607
0.6832708
0.60365885
0.4445285
0.4691849
0.71487594
0.503561
0.42571154
0.40522158
0.18384601
0.15760778
0.18924707
0.24786413
0.75214994
0.12888074
0.103176214
0.11382943
0.10411312
0.0797831
0.1027956
0.10120819
0.06007324
0.046064395
0.03928137
0.037306327
0.04683557
0.7503456
0.75621825
0.96753615
0.9771353
0.97114277
0.90633804
0.06105495
0.051415555
0.087919824
0.73390234
0.058531005
0.060581475
0.07810432
0.8160696
0.05021698
0.04686503
0.043278955
0.06059988
0.09759021
0.100448154
0.15427446
0.11316831
0.0780826
0.08149514
0.5833545
0.46741968
0.56085825
0.7078556
0.5246132
0.48186284
0.37215364
0.22043592
0.14525004
0.16077106
0.5120159
0.48180944
0.28465146
0.3254221
0.673298
0.5
0.4311122
0.22698897
0.1504466
0.117193244
0.5677167
0.59559673
0.717735
0.61065745
0.54488945
0.4831538
0.15398288
0.165325
0.26433012
0.8589231
0.92372143
0.9422811
0.9306383
0.63705325
0.27082616
0.29678813
0.16211595
0.12375125
0.57095766
0.5308028
0.51792324
0.5793365
0.22937492
0.15037955
0.19923185
0.188124
0.25259125
0.76093346
0.51162595
0.44598475
0.44367582
0.40914497
0.3199192
0.39052862
0.3331602
0.42008522
0.60462636
0.70352626
0.531367
0.5294085
0.25754488
0.22929484
0.23148797
0.26410457
0.37261117
0.7006381
0.8818707
0.8793516
0.8324933
0.6175481
0.40960112
0.36045825
0.45488498
0.5589822
0.7917111
0.8594681
0.8684485
0.8394413
0.7294147
0.5
0.5874102
0.67390835
0.59786725
0.6834912
0.7990514
0.6989647
0.2984282
0.5267319
0.4781533
0.49058232
0.17917497
0.14950061
0.176408
0.16982304
0.2022575
0.21503748
0.5187729
0.5127527
0.16941287
0.14274628
0.16981566
0.28335854
0.20858812
0.10035844
0.07760994
0.70200235
0.74291676
0.86767465
0.7702528
0.7327931
0.6818936
0.6408482
0.09223998
0.10864233
0.10434979
0.110695265
0.19606215
0.2551261
0.16759162
0.554403
0.4800582
0.20432149
0.17924944
0.18050924
0.16494699
0.18551128
0.7217105
0.68332833
0.8661041
0.87454504
0.7431424
0.6750226
0.67259675
0.6811619
0.7008844
0.1283494
0.07693391
0.047350924
0.03225049
0.033602037
0.03345854
0.047093537
0.04128064
0.083240926
0.95901865
0.94078106
0.94333017
0.951291
0.17835519
0.085071854
0.05161554
0.05380543
0.06330326
0.69023246
0.08679518
0.061651208
0.061693966
0.06679354
0.67623645
0.67935574
0.7022226
0.8519191
0.87454194
0.2724208
0.15434769
0.17578724
0.1617361
0.30941677
0.85884756
0.72632223
0.7051394
0.63167816
0.6532156
0.6905867
0.10015863
0.10216396
0.11795342
0.12229097
0.18811564
0.66572154
0.8203148
0.78373843
0.5839279
0.5557361
0.6285722
0.80978954
0.88384366
0.87810737
0.80422205
0.88458264
0.8595933
0.7198035
0.68963283
0.07069367
0.033317342
0.02754622
0.054752577
0.8403691
0.9594923
0.9792429
0.9773113
0.95972973
0.13955136
0.04840993
0.033564966
0.035500318
0.19433749
0.7329648
0.16115895
0.20694055
0.3123199
0.2720888
0.76316375
0.6449565
0.6031014
0.67585164
0.75753474
0.688083
0.6064886
0.09248982
0.06858738
0.07983429
0.13293989
0.917724
0.9198108
0.114192195
0.050524376
0.04961086
0.078336015
0.044942223
0.04447895
0.064435594
0.08362116
0.88258207
0.9222608
0.07426401
0.035302877
0.033058014
0.04416688
0.82424
0.9334689
0.94369704
0.07457091
0.037141543
0.04208099
0.8609677
0.95214945
0.9494909
0.04762586
0.025224103
0.027554203
0.09833777
0.13849573
0.9434085
0.91264516
0.90987784
0.19986208
0.07738469
0.057718877
0.05494534
0.09268978
0.86421514
0.07674206
0.059005488
0.05702605
0.06899926
0.06896383
0.07059028
0.08017672
0.7425353
0.21839005
0.17490526
0.13200831
0.46347773
0.18858959
0.7890752
0.14520971
0.10612325
0.10132061
0.09731915
0.6437209
0.62572527
0.12065564
0.108905695
0.28519613
0.35662028
0.5961513
0.36778322
0.48744598
0.5129998
0.18308285
0.12554042
0.1898177
0.14315894
0.2459886
0.2633359
0.42439616
0.74866927
0.61842924
0.62126726
0.300138
0.17892742
0.18803535
0.38892618
0.65005255
0.5642221
0.3312779
0.33198375
0.3031697
0.3134227
0.4071309
0.543534
0.60302854
0.6521904
0.7565044
0.72385025
0.5827967
0.60603344
0.77487534
0.8453902
0.8351036
0.7575319
0.7169276
0.7505941
0.6488235
0.7131805
0.85843176
0.9013089
0.9120387
0.89827967
0.83820164
0.5563519
0.18218452
0.18073769
0.2953108
0.4973636
0.5
0.23107082
0.18733029
0.16049819
0.14152952
0.20400068
0.4102571
0.48063472
0.41019353
0.4144079
0.660771
0.63865775
0.66684383
0.71323705
0.81231076
0.550831
0.5
0.5939216
0.87034357
0.39166483
0.18345115
0.12328512
0.10278276
0.10663239
0.6095246
0.53976583
0.6114547
0.6461966
0.52892
0.4634856
0.48995125
0.6644146
0.8660793
0.8869619
0.83954537
0.8772938
0.78304344
0.7347433
0.11239871
0.1289579
0.094308674
0.067229815
0.05973845
0.06563168
0.08525625
0.12586035
0.76909554
0.9114882
0.891782
0.76378655
0.63722587
0.09729403
0.07911612
0.09772774
0.25342962
0.6245515
0.16373035
0.31554908
0.65202886
0.118479766
0.09036227
0.1260558
0.62562716
0.11443398
0.098561026
0.09253811
0.5533816
0.5991035
0.6963587
0.7933427
0.8256889
0.8747347
0.75762206
0.712842
0.15393114
0.15738878
0.10976179
0.09877085
0.09163728
0.08605529
0.5971557
0.12166113
0.15624452
0.6446781
0.08907795
0.0826626
0.0693156
0.08303077
0.69976425
0.72071636
0.21321717
0.19438256
0.21115945
0.12862863
0.09002766
0.10060546
0.17958194
0.26890525
0.69997054
0.6551115
0.15100917
0.11321557
0.09731498
0.08717739
0.08476545
0.63941497
0.16895665
0.15410943
0.6981551
0.79711026
0.66441315
0.5965979
0.6270387
0.82434994
0.88753545
0.89830744
0.88734627
0.8383777
0.7462148
0.81726325
0.7486303
0.63920945
0.16497415
0.17909557
0.63935614
0.6083895
0.16895628
0.17017458
0.1250554
0.091727465
0.102929816
0.6163684
0.5967083
0.6118694
0.6478257
0.6688659
0.6511862
0.6029023
0.14240645
0.12903841
0.13310964
0.14534564
0.21394366
0.591023
0.53646797
0.29594588
0.2639152
0.26569232
0.43287343
0.46130252
0.61936134
0.516212
0.4878785
0.44154343
0.47617543
0.47781506
0.26406142
0.27682772
0.20087345
0.15083498
0.2551392
0.29066366
0.47669736
0.27254865
0.2136299
0.19017081
0.13280903
0.43952534
0.46608257
0.5
0.4701401
0.2568574
0.26172492
0.2003506
0.14582539
0.19224933
0.3418436
0.3813121
0.26737964
0.49076477
0.18220837
0.11383
0.16022715
0.14858648
0.056809723
0.028871601
0.05550439
0.04829608
0.81797034
0.9361964
0.96843576
0.97138005
0.94272006
0.93626046
0.94482255
0.92920005
0.91304773
0.05426777
0.040350445
0.062187336
0.05958012
0.081652455
0.12650996
0.6587884
0.14009915
0.118896954
0.0627921
0.055884384
0.1003129
0.159752
0.25699273
0.8845925
0.8489256
0.87691563
0.08347807
0.0460594
0.04816212
0.03674662
0.037723765
0.038601328
0.043088447
0.07724769
0.16365674
0.93521404
0.09483824
0.043110915
0.038180403
0.057492398
0.10422169
0.0730473
0.05887836
0.055748343
0.066323355
0.084055476
0.07504072
0.11189818
0.76159364
0.18529429
0.67095304
0.84574765
0.7580137
0.74210596
0.8568467
0.09280104
0.04906446
0.05174856
0.098706216
0.90518594
0.9138832
0.90313375
0.8297477
0.06878427
0.049195763
0.05920183
0.11001166
0.9085424
0.9096464
0.25069994
0.77842724
0.08120267
0.061112434
0.055628646
0.04945952
0.041714158
0.03685727
0.046799716
0.07592158
0.11943772
0.8891365
0.839002
0.86491704
0.77642274
0.7560369
0.6986116
0.09921021
0.10397241
0.07035525
0.074897245
0.10540473
0.88487256
0.10483551
0.08336173
0.09444213
0.08929909
0.15307552
0.15149178
0.113991566
0.7557397
0.8333846
0.774328
0.8621304
0.8913422
0.88201
0.74898803
0.6683309
0.66890633
0.72122616
0.7465188
0.72759545
0.693317
0.649933
0.15563169
0.13874042
0.120042324
0.119003884
0.13477232
0.610524
0.33743015
0.4539165
0.81238586
0.7153664
0.7867578
0.8047752
0.79085046
0.6921745
0.8208643
0.83377296
0.7492696
0.85004604
0.8516018
0.79669476
0.6202021
0.60374284
0.55752623
0.6329189
0.24345304
0.16170417
0.14533956
0.17528483
0.18905132
0.26119715
0.34067267
0.29670748
0.40818724
0.64258105
0.57397217
0.33637932
0.24104561
0.19115716
0.16094708
0.12103619
0.10901601
0.12671152
0.18719827
0.33787397
0.9161174
0.94832575
0.95247084
0.93078196
0.32559448
0.07454051
0.033567656
0.029584926
0.022803534
0.04557748
0.053375844
0.86569893
0.9395766
0.8751545
0.9097342
0.08744098
0.058604058
0.097945735
0.07934305
0.1303655
0.11653326
0.11672765
0.5124118
0.56795
0.83844227
0.7961003
0.43031955
0.26045224
0.19792148
0.64715856
0.8449809
0.8566263
0.74790776
0.55107063
0.4879767
0.9161024
0.93001276
0.86904114
0.26087707
0.24857007
0.6140064
0.80898076
0.7293861
0.8895606
0.8512064
0.19011864
0.15442371
0.26444784
0.2286861
0.8057807
0.9487721
0.9469899
0.9127536
0.6635149
0.14202419
0.15384716
0.1278303
0.11872079
0.56043285
0.45673552
0.48240274
0.5009858
0.4968945
0.52312267
0.60344285
0.6595809
0.68503857
0.6986164
0.7108816
0.69469804
0.6638659
0.6132317
0.5126692
0.38826996
0.40717235
0.53270894
0.42636243
0.39628938
0.27398756
0.18714933
0.18605798
0.3841509
0.24752982
0.3411975
0.7508229
0.46456242
0.41915452
0.36998832
0.31276792
0.17642762
0.15136331
0.12741518
0.09671324
0.108216606
0.7520194
0.79671156
0.16700484
0.19206144
0.7992057
0.7480494
0.72549254
0.10346109
0.08086606
0.09173137
0.10000666
0.67842746
0.12320736
0.10686917
0.15534239
0.7699621
0.2984273
0.24241506
0.20309636
0.51598215
0.47887358
0.49013484
0.54580116
0.5662386
0.75617415
0.9309497
0.94800586
0.9419487
0.4713792
0.4376934
0.437061
0.84112513
0.10714073
0.0791459
0.15963416
0.6539094
0.09122469
0.111389354
0.09556207
0.14086351
0.8529977
0.71352166
0.674719
0.095152624
0.074138194
0.103629835
0.10491929
0.1579002
0.11845176
0.086228415
0.66780365
0.5905507
0.18897246
0.20622824
0.24372998
0.23010495
0.74500436
0.6246094
0.63482755
0.74207026
0.6899003
0.2980548
0.26697257
0.39854702
0.24809672
0.22885832
0.2413274
0.43229395
0.6999695
0.6322284
0.6546383
0.525828
0.4499032
0.49511155
0.41714048
0.48809108
0.5427742
0.6900218
0.56196797
0.62671036
0.5146356
0.15029162
0.12791404
0.16493176
0.30940673
0.7939914
0.13435732
0.07556677
0.07442411
0.09370063
0.07860107
0.083359905
0.0731058
0.83392876
0.8790864
0.87838954
0.88790464
0.91519064
0.90024275
0.8492271
0.80953133
0.7562656
0.08623495
0.07188899
0.06656657
0.061318263
0.11515701
0.7762381
0.099030755
0.1214737
0.12553644
0.09338555
0.11628952
0.09115938
0.5898895
0.5679101
0.686686
0.8490556
0.88395673
0.8662896
0.75233984
0.7148104
0.5021313
0.39928046
0.37145478
0.38252676
0.40409127
0.34841922
0.32833272
0.28472954
0.22900352
0.27004033
0.34279022
0.4491588
0.6000296
0.62792975
0.7409319
0.4137581
0.3183168
0.28163946
0.20579311
0.20670359
0.28372335
0.78190356
0.74442846
0.83398145
0.81313807
0.7020068
0.63586867
0.59316534
0.5670447
0.5553775
0.55359584
0.56813985
0.70742804
0.7948061
0.71797967
0.8824919
0.91862583
0.9171808
0.8841296
0.87779874
0.7896008
0.7339833
0.7114162
0.6887607
0.6498667
0.08642014
0.10007319
0.16088088
0.34096286
0.9188524
0.8927657
0.64967924
0.1263849
0.090931624
0.11008181
0.21476404
0.8288347
0.8733945
0.7839595
0.74800086
0.780954
0.71675456
0.73302406
0.828576
0.17621623
0.114021406
0.09676683
0.107550055
0.79843444
0.7149026
0.2991686
0.44532147
0.92653346
0.93005246
0.85111016
0.9445218
0.9481715
0.94205123
0.915552
0.855183
0.84399974
0.8567874
0.8777604
0.8426118
0.8610124
0.10121096
0.07366418
0.13143231
0.12672633
0.08567591
0.7108438
0.19716544
0.783998
0.0912628
0.03035355
0.029638387
0.0600584
0.08693042
0.91160774
0.93795353
0.8839996
0.9362029
0.17346492
0.09204339
0.053541765
0.051909663
0.06130079
0.06840844
0.07469479
0.081001036
0.07686621
0.073301554
0.087057106
0.7618637
0.84241784
0.76164216
0.7161664
0.72579175
0.75509304
0.83818924
0.84860235
0.7455179
0.7225746
0.22078234
0.26225516
0.75617284
0.6129927
0.10063098
0.065309934
0.055394337
0.12534033
0.75463873
0.86286324
0.87685055
0.6923452
0.14140785
0.11149138
0.08621062
0.108982496
0.21632272
0.25489974
0.7669181
0.62698126
0.6146346
0.70933014
0.67164487
0.7117941
0.5832607
0.5724741
0.63963753
0.8132094
0.8027111
0.18602997
0.14516133
0.34803575
0.28260195
0.80814505
0.6302385
0.109944396
0.06339059
0.07461502
0.64250135
0.45134002
0.78197646
0.8819559
0.2772283
0.19190438
0.08259186
0.06535936
0.055571355
0.8119002
0.9003874
0.05673219
0.030874932
0.046587933
0.04137877
0.90163684
0.94346726
0.9739509
0.9684789
0.92313194
0.058698136
0.044302225
0.031311907
0.039027333
0.76363415
0.7460246
0.7770418
0.05673602
0.057997182
0.053768996
0.07685762
0.10210108
0.7920011
0.7113877
0.10846828
0.112504244
0.08746222
0.07487574
0.0988457
0.11552843
0.113664396
0.11209117
0.6459159
0.7133097
0.6579727
0.42561442
0.32220864
0.34482053
0.44961736
0.29696238
0.24564555
0.17542021
0.18531223
0.27325207
0.17141162
0.13376099
0.701915
0.6429731
0.87156725
0.86012083
0.76760083
0.7387143
0.6357011
0.59673125
0.6277045
0.6070598
0.6112995
0.6083885
0.6293912
0.6573663
0.61811537
0.5579209
0.3198797
0.18825565
0.59481776
0.5958579
0.5967939
0.11646423
0.13310021
0.060659137
0.04796671
0.061258823
0.09193238
0.8028774
0.873116
0.06840021
0.038674206
0.028383404
0.023757208
0.02822737
0.025939375
0.021637807
0.022794886
0.06041636
0.93939745
0.9337163
0.94730955
0.9157897
0.9069918
0.046937104
0.022806145
0.017407786
0.01956424
0.036634594
0.87960094
0.95832384
0.9660578
0.9517465
0.064662874
0.03572864
0.043230854
0.040249012
0.052136198
0.056535766
0.072360344
0.08395802
0.07376743
0.07582173
0.13815938
0.18808116
0.84233475
0.76705015
0.70454293
0.6384703
0.55141556
0.42166272
0.36490473
0.39225972
0.43537328
0.5015212
0.53276235
0.51791817
0.55078113
0.642505
0.45987594
0.45994493
0.21132053
0.15823695
0.20454739
0.32084352
0.39703578
0.6598041
0.61468583
0.79187286
0.8185302
0.73458546
0.556368
0.39201975
0.3012393
0.47855315
0.5449221
0.3563991
0.29572248
0.16894782
0.19248965
0.24681175
0.30569053
0.21128365
0.40741745
0.35200903
0.37715453
0.27016297
0.19594985
0.44609478
0.53205657
0.802101
0.8467904
0.7264699
0.464586
0.15803324
0.12731177
0.30494395
0.3719221
0.32803982
0.7262345
0.8605086
0.8434442
0.725205
0.54443365
0.28522456
0.18677035
0.18728025
0.1962328
0.6029381
0.5234681
0.4413781
0.5145968
0.57446337
0.6405458
0.40901437
0.39021102
0.4224355
0.31074804
0.29509842
0.41466132
0.39650524
0.54241294
0.6409955
0.76957756
0.8112525
0.8004442
0.85100895
0.8437108
0.7744822
0.5280354
0.13599366
0.10918065
0.19105312
0.31377813
0.5961909
0.12813014
0.104172096
0.6040359
0.63467604
0.69193083
0.7338721
0.7658925
0.6820244
0.10101657
0.0922986
0.11572385
0.11280135
0.16105066
0.21310954
0.56294066
0.55942684
0.68754447
0.547941
0.46548414
0.49008954
0.53229266
0.6168397
0.51392126
0.66730255
0.5135966
0.4297785
0.45998386
0.27393872
0.24281116
0.25144178
0.23699476
0.26787096
0.1966241
0.22154339
0.74461794
0.21101063
0.2095901
0.22450137
0.23202732
0.27388903
0.7109259
0.7491605
0.79083073
0.7789192
0.72354794
0.71906185
0.7363035
0.10910721
0.080156244
0.08813706
0.13721828
0.07882221
0.075276315
0.73304397
0.7074166
0.7062436
0.73454964
0.7504742
0.74173677
0.730101
0.7114435
0.6586015
0.6603318
0.7078532
0.84674597
0.8456363
0.77662086
0.8067997
0.835521
0.77597284
0.7753455
0.09386111
0.07210373
0.07328403
0.07710008
0.07991731
0.08560677
0.13147964
0.2145074
0.21615596
0.18429221
0.1899056
0.74885666
0.10541289
0.084076814
0.13837144
0.21835557
0.6869226
0.86276466
0.9112378
0.9235047
0.9089524
0.82667357
0.23802681
0.12904282
0.10047301
0.13820523
0.22455533
0.31184104
0.542348
0.5
0.47512046
0.21956956
0.19447976
0.17596236
0.14114891
0.15541735
0.18697914
0.47639847
0.45408124
0.44813585
0.2388421
0.25859258
0.70230734
0.7412317
0.14943276
0.12897906
0.19423547
0.21032524
0.15666845
0.108330406
0.7090903
0.048941374
0.043874893
0.036440425
0.051012423
0.12198047
0.90579635
0.9373158
0.94741654
0.9147523
0.88072103
0.08762379
0.041438308
0.03640268
0.038956
0.040451273
0.06099085
0.090937704
0.086060844
0.6773694
0.6595939
0.21581645
0.17123379
0.25630304
0.7531456
0.1943257
0.13539073
0.106453545
0.105175436
0.08514079
0.07388872
0.092019
0.18340443
0.199334
0.109574735
0.6476456
0.610604
0.5867774
0.57679975
0.64206594
0.6430991
0.19117077
0.22907364
0.3171403
0.3064757
0.8514139
0.8816309
0.8669359
0.80785793
0.69403595
0.61014843
0.52659357
0.157599
0.122405924
0.11338562
0.17134339
0.6715464
0.71502775
0.7421958
0.7507989
0.7871267
0.6909452
0.097853154
0.062049612
0.09615021
0.13203956
0.8013556
0.9043635
0.9385056
0.94369256
0.9304651
0.8989382
0.704789
0.095689006
0.058979448
0.045203447
0.046399638
0.15605924
0.26502678
0.9326224
0.9082815
0.32958937
0.13926393
0.67995286
0.6857125
0.7817008
0.8658164
0.7959659
0.74208826
0.13528454
0.27530473
0.1422661
0.09366164
0.08679565
0.07600003
0.102630965
0.15383352
0.6124771
0.60342246
0.6868212
0.66442627
0.6367043
0.8041779
0.86845917
0.8810632
0.8468507
0.7533251
0.72085947
0.64822537
0.17148961
0.14383975
0.13256702
0.10832593
0.19514914
0.23785348
0.487133
0.56782436
0.5986673
0.695408
0.685304
0.59929913
0.49185005
0.52905184
0.65667593
0.5537516
0.5659771
0.46591336
0.3234368
0.3201456
0.37638366
0.33993503
0.40052262
0.57666045
0.5368416
0.5637266
0.38895178
0.29904756
0.23835617
0.20230697
0.22718768
0.42524472
0.55346686
0.4937822
0.5825841
0.46851572
0.44676587
0.5182483
0.74777275
0.87143594
0.8683027
0.78859246
0.5834235
0.59366655
0.2531319
0.18981256
0.19101724
0.19577867
0.24181105
0.3564024
0.45293492
0.313838
0.3443537
0.45599526
0.30968878
0.2608104
0.20288314
0.2739892
0.30813152
0.39050534
0.75749433
0.85114574
0.83099043
0.6581799
0.3428101
0.3878138
0.27602702
0.6054576
0.7706244
0.73099273
0.572459
0.5
0.65085477
0.6577129
0.6334655
0.3590839
0.29063198
0.43082234
0.59871036
0.8271767
0.6697104
0.50040054
0.27555713
0.41362265
0.22132145
0.21613276
0.5480399
0.6494134
0.55297685
0.5
0.5
0.52660197
0.61350685
0.49939376
0.20581785
0.3408821
0.23541284
0.2860401
0.3585142
0.2599483
0.24147604
0.19763759
0.14235646
0.6478634
0.09102718
0.06146715
0.07276104
0.16061513
0.18192652
0.199004
0.19900067
0.7894379
0.7888903
0.73116916
0.6651301
0.14367013
0.17035167
0.09467848
0.09334345
0.7392942
0.6669779
0.66682106
0.67787707
0.7183255
0.6809281
0.85046685
0.8227228
0.9281208
0.9255336
0.910986
0.061562296
0.035717964
0.058301445
0.09543369
0.9100358
0.9490422
0.9538919
0.9513657
0.2252317
0.114662245
0.19746399
0.0936809
0.06533363
0.055677176
0.08124802
0.18204574
0.2897867
0.3240379
0.32602644
0.8208418
0.13254327
0.10234238
0.10048015
0.090210095
0.09466425
0.10986953
0.14451188
0.85962313
0.21260351
0.07744812
0.070977494
0.61096185
0.5535007
0.15718699
0.6450088
0.114280485
0.1679495
0.12139855
0.062317442
0.09071593
0.8824222
0.84804994
0.91636413
0.7879787
0.0979101
0.08598699
0.094023384
0.07999872
0.081856474
0.57799864
0.18156184
0.77528733
0.72871786
0.73922026
0.7772228
0.11581788
0.13948566
0.32659405
0.7476158
0.74956214
0.6943203
0.18198682
0.13244869
0.13049906
0.12051743
0.100977406
0.10549474
0.12403751
0.6274479
0.372159
0.25740167
0.32473403
0.32494974
0.33633795
0.24787217
0.2555197
0.20315288
0.1544778
0.16977185
0.27043164
0.48023245
0.7776338
0.8657553
0.8695403
0.78097177
0.56972677
0.28712708
0.20840736
0.19936565
0.2754531
0.45061618
0.35865524
0.33834
0.2723437
0.16459367
0.23354852
0.4269914
0.74774003
0.24858452
0.09754539
0.05518745
0.06915724
0.12117227
0.058902543
0.052968256
0.08995663
0.033225965
0.025040578
0.024093192
0.022370167
0.025205323
0.046781912
0.84285897
0.96338516
0.9523044
0.9287589
0.060657773
0.042791188
0.04606455
0.04155133
0.03646726
0.04608689
0.7806013
0.07917652
0.076911375
0.07049839
0.06061231
0.066697046
0.70730543
0.6145295
0.08623401
0.10221339
0.2464755
0.8053025
0.2887896
0.16536441
0.11238157
0.10812302
0.13637576
0.5764749
0.58978444
0.56237274
0.107926965
0.095446885
0.06932365
0.0910537
0.7799708
0.902258
0.94191253
0.9173203
0.5060371
0.7997378
0.1339443
0.08812562
0.22486286
0.5247452
0.46025229
0.32881388
0.3696897
0.86734015
0.9089371
0.88636434
0.6104342
0.38144082
0.37266478
0.59111184
0.43007717
0.4800131
0.7702842
0.6715555
0.63658094
0.6832732
0.5075897
0.23250632
0.20601168
0.20814186
0.2502009
0.38403624
0.20440438
0.17693304
0.13032578
0.14406493
0.27588192
0.5104478
0.7784539
0.86812675
0.8453011
0.7229734
0.4291146
0.4359427
0.5348344
0.4786868
0.2622204
0.19928074
0.1731103
0.17417352
0.2624734
0.39012262
0.7250042
0.6550183
0.25095505
0.29298088
0.29095215
0.19653496
0.1937058
0.34668177
0.3048138
0.38432044
0.53921616
0.49471906
0.30014893
0.2864521
0.21862061
0.47196352
0.6548358
0.73140925
0.55100924
0.61169016
0.33231595
0.22962196
0.22478801
0.29206
0.52598894
0.8392089
0.8575432
0.74868524
0.4647583
0.5
0.7265837
0.70822036
0.36334595
0.1926273
0.15469626
0.1845135
0.18009624
0.36153322
0.19852339
0.14152487
0.14836633
0.13598388
0.27587172
0.52021134
0.90435725
0.9392222
0.9346069
0.85075617
0.18957153
0.12265201
0.0788152
0.06323964
0.122297585
0.60924846
0.1227411
0.06061452
0.032159213
0.032655876
0.76726663
0.80262554
0.9428452
0.9603799
0.9537833
0.8188945
0.7301519
0.75640965
0.046893567
0.04200072
0.048012845
0.09348135
0.0791959
0.0896964
0.07816172
0.07203219
0.370171
0.7753319
0.53343344
0.3684399
0.4171281
0.63942486
0.3359106
0.40920028
0.23719864
0.2046754
0.24912977
0.37878212
0.51282936
0.19422102
0.18383536
0.24089216
0.79991823
0.14620815
0.090444796
0.09131202
0.120654985
0.08320109
0.060268644
0.0653778
0.0987599
0.86347646
0.3123612
0.17113842
0.10547838
0.75087655
0.7997342
0.9115056
0.9142915
0.08642346
0.05596043
0.053822074
0.049411446
0.059201676
0.10483763
0.7730064
0.11799356
0.13711396
0.7306787
0.11656325
0.10034326
0.65436345
0.06483336
0.10984704
0.22237068
0.96293145
0.9766871
0.96897876
0.95915616
0.13204683
0.042358235
0.0316601
0.036595322
0.057170782
0.057287846
0.067619376
0.8200998
0.08776019
0.0671689
0.061974637
0.06717531
0.06849355
0.06378383
0.61124367
0.087909654
0.09561818
0.153835
0.8192707
0.10327099
0.1312098
0.82520944
0.089170486
0.09062453
0.06317957
0.06510808
0.15978464
0.26155984
0.8552712
0.17504048
0.15434158
0.15084636
0.41424733
0.14184396
0.1504364
0.51841146
0.86381555
0.8908123
0.772436
0.6321702
0.5155282
0.15172891
0.22079732
0.22755606
0.6971486
0.66745526
0.7215146
0.83756113
0.83472
0.7313473
0.51006913
0.49725124
0.5
0.6140126
0.79293764
0.7335151
0.7447106
0.7391032
0.19376779
0.15516119
0.1051902
0.07276703
0.07845197
0.11398362
0.22765969
0.8771827
0.13247198
0.05486163
0.04890786
0.05038772
0.091012895
0.1467598
0.90426934
0.0682113
0.030958347
0.034052853
0.04816435
0.1603278
0.9421695
0.9632283
0.96533585
0.9527205
0.1888749
0.060931087
0.03191042
0.028799655
0.04171992
0.7419481
0.80318403
0.8368992
0.05325993
0.028613891
0.02634848
0.04027978
0.05135525
0.038647883
0.018389061
0.015310522
0.02943685
0.9197169
0.029730964
0.015738714
0.026079198
0.92670894
0.97876644
0.98892105
0.98919386
0.979687
0.9134754
0.018833058
0.011248337
0.009738752
0.010339568
0.011470279
0.013490601
0.014731188
0.015097679
0.013746082
0.012574116
0.013866034
0.0270368
0.9272673
0.97261673
0.97815347
0.9749395
0.08361706
0.0638416
0.038344096
0.056694064
0.057609905
0.8431646
0.8277355
0.8001038
0.82791126
0.07403253
0.054499503
0.051524226
0.07284179
0.058937054
0.073517926
0.109554954
0.10687655
0.083461106
0.16160747
0.19893418
0.83209157
0.702077
0.69097525
0.5861072
0.53751993
0.56518775
0.61934423
0.8685885
0.92186314
0.93834364
0.93672746
0.9102474
0.8440977
0.8543461
0.16334617
0.13225757
0.08287085
0.07016044
0.104434855
0.29518053
0.8981956
0.08809153
0.07114748
0.06543544
0.07541965
0.09973588
0.12745209
0.88489944
0.069849096
0.05462782
0.11978309
0.8963477
0.24273847
0.047103833
0.031643815
0.032388885
0.04798382
0.12039187
0.91295844
0.19945917
0.06134298
0.047069084
0.04493461
0.04813239
0.05616886
0.075917296
0.056209136
0.090326294
0.8836122
0.7582307
0.78433126
0.82518584
0.90127444
0.9290896
0.91935605
0.88123536
0.9204343
0.9112174
0.87481236
0.89820236
0.8289008
0.77689916
0.8043567
0.07126967
0.04652032
0.0395821
0.04323028
0.046929523
0.05988204
0.08784442
0.085410625
0.15069795
0.84018487
0.15613751
0.63914573
0.66419154
0.78042054
0.8747267
0.78440887
0.735412
0.67494947
0.0738567
0.048288923
0.049181446
0.062222157
0.05308635
0.05402536
0.055440046
0.17327428
0.88958
0.29798648
0.2786318
0.2498583
0.20082349
0.14515193
0.1160819
0.73427474
0.6765303
0.7395432
0.58234423
0.17021994
0.13159916
0.5681586
0.61583304
0.73060954
0.71446466
0.70655507
0.670448
0.6266209
0.60763216
0.5553383
0.11239912
0.08882117
0.118552186
0.12204234
0.094357446
0.1472226
0.17034188
0.35228422
0.6789673
0.2392507
0.1828835
0.20652927
0.40405
0.20564656
0.17008126
0.22178866
0.23886684
0.39458197
0.40114638
0.20802152
0.20140219
0.41266844
0.43412426
0.42422578
0.5
0.49801195
0.4864667
0.21616036
0.22967869
0.24512719
0.26256862
0.18843274
0.15919054
0.19943176
0.22292459
0.2277843
0.35163903
0.7449846
0.76042134
0.6604744
0.70886666
0.59967226
0.35060936
0.29815403
0.22374755
0.1419696
0.4407683
0.22075413
0.3777606
0.8317794
0.8876782
0.86538404
0.67586154
0.5628493
0.4618033
0.12187187
0.24422143
0.47366214
0.35046214
0.5834699
0.6675247
0.60085857
0.3161291
0.22153635
0.17163716
0.25663647
0.22933334
0.24657485
0.1783796
0.20274761
0.18757917
0.4824509
0.6208037
0.44755974
0.35034844
0.32134566
0.27084297
0.24871829
0.4363337
0.5430391
0.72301465
0.7218083
0.5949302
0.50988615
0.32853737
0.282131
0.44595358
0.4989868
0.5745724
0.6740341
0.4977225
0.34814984
0.25506333
0.22094618
0.28820592
0.31889594
0.26325506
0.20977308
0.19872314
0.19368365
0.5676886
0.67448765
0.4672216
0.42073956
0.45915508
0.44016948
0.4589046
0.5456795
0.5706646
0.1225708
0.12742995
0.17733051
0.24799925
0.37379855
0.92839557
0.9393373
0.927537
0.8726467
0.18544436
0.13245045
0.06572637
0.052979764
0.66092706
0.6730694
0.7430827
0.8241999
0.74023485
0.6974746
0.16585082
0.07408676
0.050260015
0.054263048
0.6923029
0.7507587
0.86435866
0.79778844
0.73183095
0.6724377
0.08101595
0.065860525
0.107160166
0.31662247
0.7472717
0.82534796
0.13683656
0.09875843
0.22124465
0.20426722
0.69221437
0.74467987
0.17884706
0.13412084
0.11532482
0.23265126
0.34599712
0.8041303
0.7678755
0.31482983
0.3409472
0.3914658
0.8413829
0.8738988
0.8119071
0.8734802
0.7995129
0.56484765
0.36074844
0.21616071
0.25641832
0.7244292
0.65215546
0.5692139
0.54488975
0.15608996
0.14048764
0.11066813
0.08175044
0.084893785
0.15784916
0.20388918
0.20315236
0.8201159
0.61470824
0.08907414
0.08050512
0.21795975
0.7068737
0.9237304
0.94625676
0.93976253
0.90175176
0.7849766
0.78337544
0.87311494
0.8986242
0.88098735
0.801173
0.79846275
0.7057339
0.72005624
0.85374093
0.86950016
0.8204297
0.8155992
0.72868574
0.6865585
0.7059603
0.7337795
0.74340063
0.7512878
0.73481953
0.6527674
0.13060685
0.14213957
0.17664377
0.7205842
0.85182625
0.49193776
0.4652287
0.40445146
0.329124
0.69611335
0.14995156
0.17604905
0.2658824
0.37770733
0.81176805
0.7622021
0.49557364
0.17930539
0.14928235
0.5902814
0.6809838
0.57260394
0.5598666
0.5
0.21103854
0.16147272
0.21321517
0.28623405
0.4019017
0.37966642
0.33908308
0.53014594
0.3530497
0.3330435
0.59962445
0.49317935
0.5
0.51436883
0.521484
0.62224936
0.44013357
0.33199218
0.31155446
0.31283945
0.4796153
0.5902103
0.32294717
0.2872782
0.27136973
0.33354208
0.76106805
0.86016405
0.766236
0.38108426
0.30334586
0.23313288
0.23489308
0.22849981
0.31596816
0.6146567
0.77913827
0.7912294
0.59209126
0.59742737
0.86425537
0.92719454
0.94101727
0.94125485
0.9363648
0.9303331
0.9197797
0.89992255
0.9277764
0.9340506
0.8947098
