0.03271027
0.020206409
0.021162191
0.028622998
0.046332445
0.052689195
0.91885763
0.08039325
0.030758342
0.046035077
0.9361586
0.96554214
0.9733234
0.036767878
0.017893163
0.016089758
0.012767539
0.014067449
0.018824946
0.025689669
0.04510982
0.96717983
0.9268258
0.95931697
0.97337204
0.9480444
0.052062124
0.023017311
0.016770748
0.0166669
0.02919597
0.89930683
0.8934516
0.9654853
0.92303187
0.96268785
0.9538387
0.8855059
0.117012106
0.13498366
0.88964987
0.03190421
0.014541899
0.011401595
0.012465433
0.013311714
0.01355421
0.016596159
0.03301005
0.959201
0.9621153
0.97115684
0.9616832
0.043759268
0.017472502
0.014597646
0.019891564
0.019669931
0.022096537
0.026166396
0.048300274
0.91295165
0.046072677
0.025004249
0.021336757
0.019747736
0.025106184
0.029354712
0.032852303
0.058703657
0.91281635
0.96225643
0.96303743
0.9555748
0.9787078
0.9752989
