0.70237523
0.42667708
0.36217612
0.4152708
0.46044007
0.8249139
0.8913765
0.9012317
0.8913539
0.84459835
0.8637205
0.8298404
0.65962136
0.5324474
0.22415608
0.23541959
0.3307327
0.7850981
0.6836407
0.5853181
0.55111885
0.23737136
0.14396362
0.1616438
0.26514393
0.21346387
0.19364406
0.44234717
0.5677099
0.7545937
0.6916719
0.74804956
0.7791251
0.32547215
0.3472616
0.4976833
0.7933874
0.5991492
0.5473184
0.5
0.4301402
0.37562153
0.27622333
0.31171513
0.27636838
0.3712523
0.3735363
0.232005
0.2663855
0.3318712
0.6245479
0.6621348
0.6649321
0.6001364
0.4961672
0.33459404
0.31799477
0.5514311
0.49322602
0.22623107
0.21385467
0.28935125
0.68920076
0.68888104
0.70253193
0.7310061
0.2766884
0.24048239
0.1833277
0.17371465
0.65330404
0.6606773
0.56484157
0.5844361
0.5769374
0.56785136
0.5587838
0.59350175
0.5517467
0.09934471
0.1319112
0.21641856
0.27755684
0.901254
0.88942045
0.6991208
0.17081255
0.11980627
0.1335544
0.17262404
0.23818918
0.2274455
0.14673972
0.0802914
0.05804663
0.106661886
0.8468653
0.78365445
0.73881745
0.7302712
0.76270956
0.8224877
0.7935323
0.75772643
0.80740124
0.114607856
0.076650836
0.06702473
0.083583705
0.11972169
0.13116069
0.12886617
0.6704717
0.73434263
0.63864934
0.56819284
0.60515857
0.5
0.3708089
0.19925691
0.17806245
0.22980063
0.5620792
0.7198693
0.6790517
0.5328366
0.3009547
0.25223246
0.45078588
0.5174546
0.50057465
0.5354979
0.612512
0.49883723
0.2096323
0.18002139
0.19706647
0.53019625
0.67530304
0.74332464
0.6749594
0.4264376
0.35954735
0.40537345
0.38436407
0.41852728
0.37595275
0.38347995
0.30761355
0.21514392
0.20004651
0.22923507
0.2766082
0.3889732
0.19207554
0.14670281
0.14280091
0.1541923
0.17574999
0.25435373
0.64617604
0.84122396
0.8653955
0.7605372
0.2880665
0.26032475
0.2167994
0.24299894
0.5567046
0.33575368
0.22592884
0.24967173
0.40478903
0.29668814
0.2817661
0.3396294
0.5574128
0.3035018
0.46536645
0.6991959
0.75284344
0.47489807
0.40747938
0.15365817
0.15279268
0.2145956
0.4120658
0.5866477
0.64831734
0.8529696
0.7436096
0.7310562
0.61247617
0.5846484
0.5859226
0.53965944
0.54103893
0.19851469
0.18888152
0.15968978
0.11757644
0.10734535
0.30219638
0.7663519
0.76296455
0.8028739
0.8576602
0.8275855
0.6895376
0.35092682
0.24035572
0.22490753
0.22151926
0.40987504
0.36301103
0.5
0.44926658
0.36458376
0.23208994
0.19251096
0.20239829
0.19213499
0.16820027
0.18088533
0.39345217
0.1699336
0.17899565
0.2533561
0.22417426
0.19229843
0.6093528
0.6347535
0.53774595
0.5666632
0.6166397
0.53262466
0.64982945
0.82357717
0.820798
0.38643292
0.47370926
0.5
0.45818612
0.4044786
0.5331524
0.44750234
0.7997134
0.09414032
0.05652645
0.05411654
0.036779296
0.04094768
0.053659048
0.053932894
0.050757688
0.91157436
0.9287837
0.9097574
0.9183975
0.066889
0.07360703
0.07650947
0.06880991
0.085853085
0.09564689
0.064413734
0.061032187
0.6522334
0.20458353
0.28448257
0.6181767
0.6220021
0.73676646
0.8210277
0.84225804
0.8217065
0.73913294
0.69160265
0.68372643
0.5937192
0.5008233
0.3808762
0.383339
0.45956272
0.08796861
0.083066426
0.13103305
0.17196174
0.86476785
0.87005126
0.90859425
0.8742107
0.1660402
0.11775585
0.09086667
0.08274164
0.2939246
0.28818223
0.17439534
0.13580164
0.13854598
0.7567958
0.21086437
0.12944719
0.07331039
0.053776197
0.057358254
0.6958741
0.80932945
0.89058167
0.904473
0.0980981
0.06903928
0.10290235
0.17652333
0.18604952
0.16450343
0.07409016
0.042026743
0.04065922
0.08123962
0.8736584
0.8162524
0.9224028
0.94269633
0.93742526
0.9127279
0.7726228
0.06886313
0.04715136
0.04656573
0.11421744
0.07037917
0.70117533
0.57328284
0.14989005
0.6315515
0.082374185
0.077507325
0.16048954
0.20133984
0.88093424
0.8751402
0.8232202
0.7138301
0.11000465
0.07841961
0.06672129
0.07068771
0.6400087
0.32941908
0.91146815
0.9188197
0.107186966
0.06257013
0.060113396
0.05200992
0.087304465
0.741406
0.90171987
0.9425116
0.95140743
0.95171046
0.9437289
0.9305943
0.89649886
0.77522033
0.762797
0.85914373
0.8511478
0.55515647
0.6154701
0.8758486
0.54577047
0.4093616
0.21200146
0.59670216
0.09112425
0.07756518
0.105410576
0.64359283
0.83784837
0.4148452
0.2983469
0.8422414
0.17111298
0.11308763
0.11747971
0.048739515
0.05326785
0.65965277
0.062254164
0.06259209
0.75218284
0.7608328
0.9406744
0.9600881
0.9514126
0.09114275
0.048138242
0.040112566
0.048947077
0.07900735
0.14118691
0.12261554
0.08129231
0.08451236
0.74184644
0.901345
0.24892016
0.1015904
0.08121576
0.6190764
0.16107473
0.24344997
0.33588946
0.8077877
0.3900028
0.28563434
0.6988442
0.56589997
0.5285122
0.554289
0.6199553
0.68474656
0.6473494
0.5783513
0.16930294
0.16892955
0.19516703
0.6239733
0.64541876
0.6846969
0.3316052
0.35911003
0.38561946
0.41165242
0.4574154
0.41607472
0.34479523
0.47304466
0.5298284
0.5
0.2943165
0.28953227
0.33225706
0.4225782
0.44135806
0.27684215
0.2162416
0.21382527
0.2531991
0.31066895
0.6161151
0.42262205
0.35111418
0.40471154
0.62409836
0.7511078
0.5974504
0.6381689
0.83584225
0.8680488
0.82735175
0.6670069
0.6755862
0.37820598
0.20549501
0.20741354
0.38562995
0.20682368
0.16931522
0.2104899
0.24949116
0.43803653
0.40576813
0.63159865
0.5403438
0.2625685
0.25000852
0.40793535
0.2196152
0.20415212
0.15390179
0.11467528
0.120307416
0.13028383
0.195287
0.67596203
0.7876108
0.80475205
0.7315552
0.7339031
0.89884055
0.9218853
0.90482086
0.86830735
0.79753006
0.08877624
0.07705004
0.10636083
0.09387746
0.09119241
0.09991557
0.09462251
0.115084425
0.19456771
0.8145683
0.17579836
0.62438726
0.39486134
0.85752296
0.09653536
0.06642569
0.078767836
0.11038089
0.07784678
0.07127523
0.08391458
0.7770335
0.15684281
0.074880615
0.084007695
0.6748616
0.6741411
0.6912348
0.69335306
0.70727634
0.6895857
0.6750576
0.105024025
0.098161355
0.17895786
0.81703055
0.8916821
0.1335799
0.09447326
0.08200286
0.06883413
0.07285736
0.6119055
0.12385561
0.18970442
0.8093207
0.74676317
0.9195116
0.93791837
0.9001163
0.75687593
0.7332188
0.776111
0.8560406
0.81946707
0.80825406
0.07047771
0.043779705
0.043990195
0.06516549
0.06009795
0.03307169
0.02682878
0.034309935
0.07628919
0.9503966
0.95181894
0.94317925
0.95493096
0.8717517
0.8571018
0.06998553
0.041298106
0.039246973
0.05313131
0.088846505
0.7892672
0.74276966
0.8492248
0.25060278
0.18358055
0.75809366
0.09775625
0.07511184
0.11551352
0.6780962
0.17772993
0.72728145
0.0822495
0.07215289
0.07213263
0.06587624
0.07636059
0.08564604
0.12774445
0.18173769
0.18434645
0.6455017
0.19927849
0.13425598
0.097832374
0.07150967
0.11767285
0.17044598
0.1597684
0.8540032
0.8324879
0.819383
0.8275882
0.81084764
0.7977938
0.78182197
0.18303446
0.1391101
0.11445306
0.088940576
0.11359049
0.15830296
0.24980661
0.83089656
0.67792886
0.53274024
0.5247308
0.5614337
0.538208
0.64445335
0.7515991
0.7663903
0.68985474
0.6371024
0.6090932
0.22246565
0.20459688
0.13177134
0.10644856
0.09138806
0.08180301
0.79988194
0.9001688
0.9418567
0.95397156
0.9497744
0.9314158
0.89114803
0.8201252
0.80645055
0.7683612
0.06564762
0.04207996
0.042793445
0.08001853
0.09494527
0.07061152
0.0975733
0.101867266
0.7450419
0.182522
0.5432672
0.09652213
0.13140804
0.8334744
0.8491903
0.14752874
0.16708189
0.84843236
0.85882986
0.7581091
0.08176557
0.05294164
0.05799701
0.14552048
0.92762667
0.9485064
0.95906395
0.8780385
0.8116264
0.105004035
0.07061768
0.049938373
0.057519354
0.7001836
0.67652184
0.11111695
0.10832557
0.68296903
0.6314919
0.10109598
0.12572199
0.8012316
0.3822238
0.88505685
0.0934872
0.07728876
0.061090603
0.0629822
0.059815925
0.054815266
0.09355407
0.20738448
0.87775224
0.8894575
0.088719234
0.05591798
0.065297164
0.08716224
0.09127384
0.113436274
0.6612034
0.6859022
0.82264036
0.1611818
0.13085717
0.21656896
0.208941
0.12989147
0.8001726
0.87193125
0.7970589
0.74627185
0.6813633
0.6280707
0.09616287
0.12481574
0.17588854
0.22937512
0.32383463
0.7732778
0.6962693
0.7816945
0.75999004
0.6623694
0.6055884
0.58551544
0.6601092
0.685258
0.6957009
0.8593028
0.8991273
0.8847814
0.84055805
0.8620371
0.18930987
0.12802133
0.15918219
0.08247229
0.061463885
0.062444985
0.074863285
0.13028696
0.10324186
0.09309301
0.10990972
0.8740946
0.102676444
0.08158944
0.6483916
0.07496321
0.055480372
0.08445241
0.7218483
0.90138113
0.9315472
0.8523517
0.85324156
0.9127849
0.84427553
0.8227087
0.07425874
0.053823363
0.061778706
0.737573
0.05210499
0.042184204
0.052336276
0.10994431
0.12160891
0.07929937
0.06951393
0.07993492
0.8184378
0.6860788
0.6216062
0.59532905
0.08957645
0.10703559
0.15296625
0.34823474
0.45079187
0.89758563
0.88021356
0.7947778
0.8684749
0.34296566
0.14394791
0.079026505
0.0827184
0.07869318
0.6884569
0.3726171
0.36620057
0.44090134
0.9298413
0.93302953
0.91518724
0.84410775
0.59138024
0.18479915
0.4463702
0.8704861
0.93427765
0.93800956
0.89514655
0.58841234
0.17774588
0.3962482
0.84358937
0.84271985
0.7516354
0.6912291
0.59828305
0.13309723
0.14025931
0.33052653
0.6023148
0.14016894
0.13068976
0.14217733
0.14877595
0.22157076
0.5963469
0.6335688
0.45208624
0.32071078
0.49626693
0.46857426
0.50849205
0.30741832
0.27169564
0.33286652
0.5182938
0.3062124
0.34150973
0.50344276
0.58391094
0.7467269
0.70785475
0.3749159
0.30108753
0.26569042
0.23286971
0.22545934
0.42315733
0.65849596
0.6877281
0.7119891
0.6073634
0.67130214
0.5646644
0.5
0.56965876
0.42307612
0.33861953
0.33924752
0.3410153
0.5731508
0.52820224
0.58915234
0.33927602
0.23752825
0.20055589
0.41070405
0.5
0.26877293
0.21775557
0.2371331
0.21188888
0.19737376
0.24611011
0.4195787
0.6081085
0.83898604
0.87210727
0.824086
0.66601366
0.68067265
0.60339594
0.6497904
0.61303216
0.6414377
0.74251527
0.7509761
0.6770808
0.73854166
0.6991468
0.73754096
0.881276
0.86811984
0.3346565
0.17064801
0.13104211
0.16449773
0.82906705
0.12552585
0.0909487
0.080466844
0.07751918
0.07412842
0.07344161
0.67435026
0.15702479
0.38409686
0.5251386
0.841405
0.7250761
0.12299282
0.084288046
0.1196669
0.8957994
0.9436175
0.9422039
0.074409336
0.03645291
0.042896446
0.72754514
0.049923725
0.03280556
0.044635646
0.07171347
0.9330681
0.96936494
0.96711046
0.08711199
0.068208605
0.036115933
0.038178883
0.69763964
0.05421659
0.0818226
0.13643773
0.94687265
0.9566354
0.9381839
0.1013133
0.04529089
0.038256515
0.043531775
0.049174767
0.051428117
0.06778229
0.10022851
0.11575727
0.71345055
0.12823643
0.13423455
0.116206825
0.6396057
0.08112741
0.0766062
0.07108174
0.10833762
0.7220972
0.85577303
0.8839263
0.827745
0.61865336
0.22993119
0.19599876
0.20343393
0.21278054
0.41463175
0.27052042
0.25442067
0.25318348
0.21191381
0.649907
0.504184
0.32031468
0.44972306
0.2508889
0.2608477
0.37666932
0.2455062
0.2094483
0.1589348
0.13013308
0.17274934
0.20310819
0.2201357
0.31147587
0.26816934
0.15095723
0.22657448
0.2764847
0.7433484
0.20287342
0.1053434
0.07866912
0.07569103
0.13462174
0.13849804
0.1148597
0.06489033
0.039257582
0.036026966
0.046093084
0.03793622
0.04426016
0.108416945
0.80045205
0.1493356
0.8928531
0.93260825
0.9402001
0.9065025
0.18510471
0.8422027
0.050309468
0.035761546
0.040153585
0.04273467
0.050324537
0.052914903
0.05018284
0.06225589
0.74272937
0.079314545
0.05957018
0.0820336
0.1206636
0.14772667
0.16801526
0.28875157
0.24200997
0.25600958
0.4840006
0.57738924
0.7108856
0.5881768
0.19262613
0.15913364
0.19876964
0.28377515
0.35739225
0.6663097
0.106707476
0.083140515
0.09361675
0.08294374
0.07967859
0.10743062
0.114628434
0.886908
0.8875596
0.8095909
0.9152714
0.9210902
0.88309467
0.81120807
0.7913144
0.74454397
0.72777987
0.06724189
0.07042598
0.07358622
0.09184969
0.10021138
0.7502608
0.7155777
0.10508297
0.13787492
0.1253349
0.09346967
0.07426483
0.09444228
0.12918667
0.8872393
0.9084192
0.88868344
0.26040506
0.22799487
0.15066214
0.3591847
0.19383991
0.18274002
0.2022837
0.2891515
0.35782146
0.6595454
0.78667235
0.7149092
0.48001394
0.36895064
0.2630939
0.29464802
0.3670663
0.49451184
0.7369269
0.53430593
0.25890917
0.17538038
0.15237619
0.19855626
0.26595962
0.53092
0.28209516
0.46889585
0.8193826
0.77139604
0.5
0.39045113
0.38480154
0.13355955
0.13650668
0.17753842
0.10401596
0.13286865
0.43411663
0.88776237
0.77987266
0.6884794
0.66426
0.64942276
0.08909699
0.08825092
0.09005813
0.10869252
0.13324523
0.11787943
0.5651834
0.5752925
0.5062535
0.55562466
0.5579921
0.74009836
0.6730746
0.15511118
0.12433612
0.103527896
0.11877488
0.09572377
0.07240363
0.09806323
0.08419893
0.08967522
0.08515699
0.10069961
0.13228162
0.21870069
0.6537915
0.118188225
0.078491926
0.06431188
0.070991784
0.16389039
0.77112335
0.07608121
0.11426367
0.16922213
0.9129913
0.94758487
0.944488
0.90967256
0.831092
0.8819483
0.058976144
0.04227887
0.04817968
0.09596735
0.0757655
0.07463675
0.065587506
0.05639672
0.06660304
0.7536439
0.66514564
0.1358289
0.111198306
0.13124883
0.7609111
0.11927599
0.11277009
0.63773364
0.20259298
0.25591767
0.12725165
0.085689284
0.09779653
0.5926418
0.21174334
0.63731766
0.64004403
0.67519325
0.7041303
0.7415118
0.63815963
0.24568991
0.64859957
0.0800841
0.060157165
0.070295714
0.10304883
0.20521787
0.62234247
0.10014786
0.15594478
0.8429328
0.89479595
0.8826445
0.14290449
0.14611627
0.29354548
0.7179404
0.730724
0.09861603
0.07488522
0.061804667
0.08771324
0.10193853
0.083951995
0.10719626
0.082137
0.15257935
0.79499793
0.6678116
0.6794553
0.19204105
0.11871199
0.31878683
0.78804785
0.095100105
0.08503575
0.08310966
0.10722686
0.28576452
0.809886
0.16712688
0.08254125
0.09932974
0.5343569
0.25927794
0.80991805
0.88589203
0.91449136
0.42832643
0.35085675
0.22871862
0.22870009
0.17242685
0.18937556
0.28412446
0.27327195
0.39002135
0.7519121
0.6302306
0.47249636
0.40553695
0.321282
0.38701668
0.61162186
0.52321804
0.57679325
0.8274505
0.3452421
0.16251448
0.14649434
0.21443708
0.13820122
0.21615547
0.5968286
0.6155199
0.6644599
0.73045474
0.13878532
0.08545633
0.09812155
0.5625334
0.6079422
0.6726697
0.70457596
0.72760636
0.76882875
0.17700106
0.15961069
0.08290693
0.048599172
0.041326843
0.05234728
0.7537912
0.75491685
0.8717693
0.2503799
0.07732718
0.14650832
0.13420041
0.9474588
0.95218253
0.9167559
0.8791784
0.8771866
0.07502677
0.0605875
0.042577207
0.04311378
0.0449035
0.043924477
0.044840723
0.058337457
0.09702015
0.17559768
0.16145541
0.121151805
0.14090723
0.7190852
0.7000858
0.64932376
0.63207716
0.67618
0.37495354
0.2896461
0.23929675
0.21777873
0.21056128
0.26340494
0.46307248
0.5013546
0.5892659
0.3635881
0.26861933
0.24413069
0.2456757
0.58262575
0.5877781
0.56721014
0.404802
0.44544083
0.50086653
0.7595113
0.7343629
0.5410539
0.26964334
0.19292003
0.14859886
0.15668352
0.13419785
0.1379568
0.13953252
0.53629994
0.12339974
0.14575061
0.24482751
0.26581976
0.3633158
0.8427466
0.4511192
0.51890635
0.90228057
0.88297844
0.81001467
0.84126306
0.07765809
0.041502565
0.04244226
0.027718619
0.026811177
0.03367868
0.06333805
0.89071065
0.91294926
0.8569679
0.8999877
0.89826477
0.8859072
0.9105628
0.11587309
0.04542042
0.03883653
0.046589337
0.06625983
0.09095753
0.08350837
0.053582035
0.06972518
0.6942412
0.11895023
0.1785634
0.15098965
0.18114537
0.27423644
0.26569
0.17012261
0.105929
0.08436441
0.07644936
0.075450085
0.102557234
0.3428998
0.58334905
0.14945838
0.6465978
0.71566933
0.06993305
0.046573162
0.05212356
0.07995856
0.78004116
0.89854497
0.86159635
0.8199777
0.07459298
0.052175708
0.073659435
0.11924224
0.8164222
0.8287114
0.15387572
0.061189733
0.02651247
0.02205023
0.03648597
0.03979327
0.035011742
0.96124893
0.96820974
0.9765271
0.9636497
0.037951704
0.03085634
0.02742135
0.021234198
0.03155787
0.07531823
0.13348803
0.87215114
0.75641775
0.58298886
0.2058792
0.7616284
0.1366404
0.07724343
0.06927428
0.09418447
0.13838515
0.72126025
0.6164586
0.099380925
0.12541728
0.25975502
0.7210764
0.70874035
0.68912876
0.13995114
0.13983653
0.118929595
0.11781233
0.16009283
0.12484934
0.14426604
0.22774273
0.28962806
0.28853357
0.18140239
0.13216172
0.10708838
0.09301977
0.75733274
0.8435021
0.88791716
0.8608131
0.77300006
0.84430164
0.7866699
0.8906937
0.9054308
0.9065083
0.8968913
0.8545251
0.7328476
0.7141426
0.15708575
0.1050896
0.1583961
0.21438946
0.53391653
0.84430265
0.8745339
0.4631031
0.2747761
0.4202065
0.5951627
0.107309565
0.17229441
0.13265002
0.160196
0.15736674
0.11618528
0.24556756
0.7445187
0.75947416
0.8069495
0.15078047
0.13897674
0.80766535
0.758471
0.7963242
0.88513243
0.8357079
0.12689194
0.112076655
0.68096465
0.64806116
0.1103336
0.0855881
0.11915264
0.12504846
0.121786244
0.11940323
0.12779623
0.44088668
0.18049747
0.18781164
0.29669234
0.61600375
0.72625697
0.6865531
0.5170414
0.55308545
0.65069735
0.6466467
0.5747912
0.62080145
0.5415178
0.61433077
0.81038314
0.86202055
0.8155834
0.56120604
0.18878253
0.18726672
0.28643256
0.61896795
0.8954506
0.92330754
0.90557086
0.80287653
0.2599156
0.17878102
0.17344615
0.22255689
0.42219287
0.24134156
0.223306
0.18182279
0.42289737
0.48695454
0.25485805
0.2788108
0.28992066
0.5088979
0.5050046
0.7026063
0.60977095
0.36035532
0.3362764
0.47814238
0.715991
0.6822268
0.3574427
0.24257968
0.17507535
0.218258
0.4878225
0.7288338
0.6867854
0.32874662
0.23462786
0.2587654
0.43570527
0.5065143
0.25580454
0.22373542
0.35160258
0.40842375
0.688048
0.6180713
0.3703454
0.310348
0.31549275
0.34891427
0.5400093
0.714697
0.71687776
0.6137451
0.6720973
0.5175799
0.15373152
0.16224442
0.1463588
0.17546128
0.2659844
0.7774114
0.7059331
0.74897176
0.6574407
0.6790992
0.5643735
0.5
0.48334548
0.4629772
0.5079574
0.7266798
0.35991758
0.2012334
0.21069206
0.27667242
0.19713031
0.17039582
0.15304023
0.14005323
0.40965727
0.50220656
0.31557566
0.39835277
0.56229407
0.41727322
0.4543255
0.28132018
0.23092276
0.18850628
0.20300864
0.27077693
0.30575335
0.55231965
0.46113062
0.54336375
0.3679039
0.47184828
0.4673182
0.2437451
0.189218
0.20620462
0.55676425
0.6346746
0.86389387
0.45230642
0.1618487
0.11357645
0.14542483
0.099542886
0.06974206
0.06537885
0.110623226
0.2822395
0.90519357
0.90765184
0.8483055
0.8946295
0.3584968
0.09847961
0.08739351
0.8105756
0.08707268
0.034474224
0.031176103
0.07706949
0.92773485
0.9559885
0.9808998
0.98035175
0.9586725
0.8706733
0.055208087
0.032588135
0.0267263
0.03440665
0.67030734
0.056497585
0.04203126
0.0629092
0.81120354
0.86254287
0.067983046
0.092526376
0.13440855
0.1470669
0.9339194
0.94896245
0.9376824
0.88394445
0.16936539
0.13348791
0.11871767
0.11400276
0.32248923
0.8109479
0.3656534
0.22865878
0.5464397
0.2655523
0.18682554
0.1719922
0.5348135
0.5504485
0.10609605
0.058967795
0.08410839
0.6353669
0.6751788
0.7968248
0.8367737
0.7372942
0.15782212
0.11030058
0.095477685
0.15164466
0.10079752
0.097009875
0.59309566
0.36091027
0.616352
0.8944018
0.85181475
0.5184739
0.45221958
0.18229294
0.16402218
0.17601754
0.2151776
0.26159617
0.656073
0.79686785
0.6928704
0.53955835
0.32108793
0.24411501
0.22042027
0.31511143
0.7642011
0.77180433
0.43786886
0.5
0.49835998
0.66308284
0.7132116
0.81931275
0.55817205
0.440662
0.1391375
0.17299747
0.5221852
0.29634795
0.43006656
0.29122174
0.20358504
0.64616996
0.75771916
0.75098443
0.11921955
0.0873041
0.32135895
0.9246957
0.9587636
0.9550738
0.9277595
0.10420678
0.05059899
0.042095505
0.07788244
0.08010566
0.1319785
0.9238154
0.9104625
0.09531064
0.063787855
0.052731164
0.061290205
0.77945536
0.8641678
0.81958544
0.87487596
0.07732997
0.059035957
0.080804646
0.09953298
0.12447108
0.73447055
0.06330273
0.0625967
0.12738681
0.72577554
0.9457813
0.9598515
0.93639946
0.826134
0.79131585
0.8070799
0.8739475
0.07788816
0.054243743
0.0651425
0.19563413
0.2608315
0.24243821
0.11901674
0.07757994
0.7246902
0.67140067
0.085674286
0.117876485
0.18937472
0.18550923
0.710187
0.78498083
0.17535204
0.19636
0.4321726
0.85462826
0.2818122
0.37592188
0.73661315
0.092118956
0.062044684
0.06378098
0.08924428
0.8629137
0.09317303
0.061192684
0.09191464
0.079667404
0.87511706
0.9473179
0.9287313
0.9494357
0.07595458
0.049674
0.04233517
0.04647791
0.67373633
0.1047979
0.14719556
0.6515593
0.069534324
0.056391425
0.08937705
0.28330466
0.8222845
0.1381332
0.09291207
0.088266484
0.6488614
0.122166306
0.09592041
0.092328295
0.124710724
0.15865599
0.33003536
0.8590517
0.85668904
0.7585914
0.8457085
0.766691
0.18745594
0.16377524
0.13102762
0.6043521
0.7834354
0.8755196
0.8265022
0.42462674
0.451433
0.32156038
0.39968184
0.6526061
0.26605675
0.4148966
0.6813574
0.5
0.479883
0.29486558
0.2802964
0.31289923
0.234979
0.23142529
0.61525816
0.6694878
0.28056157
0.25532794
0.20304716
0.27531874
0.64700997
0.8053351
0.7739482
0.58456147
0.5
0.489044
0.6008176
0.71232665
0.7098311
0.68837863
0.8119457
0.67478174
0.5509557
0.51844925
0.57108945
0.8226174
0.8894611
0.87142193
0.7871831
0.87182474
0.80372155
0.92222667
0.94382066
0.9498249
0.9507733
0.948531
0.942449
0.9221472
0.94168645
0.9494494
0.9273415
