0.8148741
0.34724125
0.32100156
0.73843914
0.08371564
0.09016684
0.08140539
0.09822453
0.11813331
0.10731108
0.095371515
0.8376898
0.8656927
0.056880884
0.03807234
0.033130474
0.052036516
0.055366013
0.87493396
0.1428904
0.08239541
0.15888236
0.95095813
0.95044136
0.9370092
0.9304064
0.90477
0.07094119
0.037832316
0.03260707
0.035202
0.039076142
0.041876897
0.042571165
0.058926955
0.7999423
0.82616657
0.08676463
0.100593455
0.1051813
0.102717526
0.07757875
0.07345835
0.123204075
0.5785706
0.14238755
0.13765906
0.14232196
0.15042922
0.24009904
0.3482242
0.7659542
0.22604865
0.10693757
0.06775999
0.043152757
0.034865692
0.036444392
0.042566463
0.067168914
0.8742203
0.90576524
0.89270264
0.08396284
0.051943205
0.046871632
0.04611242
0.05099396
0.05697717
0.061657406
0.10552879
0.73689467
0.72272736
0.17435853
0.11855277
0.103618205
0.14855793
0.63380927
0.6437185
0.44838378
0.3967474
0.40132043
0.52436405
0.39267448
0.47364253
0.6413414
0.75902295
0.5201886
0.42563143
0.43895307
0.32227746
0.34777594
0.4283597
0.37943742
0.3746106
0.35961416
0.35070795
0.38120055
0.1730938
0.13392021
0.13697624
0.24082471
0.61956716
0.7471423
0.17713411
0.09406752
0.09406996
0.66115797
0.09049532
0.06444994
0.04938894
0.04559129
0.055111762
0.8755946
0.95504946
0.9566228
0.10934215
0.08621661
0.058698546
0.046860483
0.08291864
0.6633364
0.13121694
0.15338442
0.18500532
0.7974811
0.7075669
0.6891461
0.7344302
0.84476733
0.84808815
0.768897
0.723161
0.6493005
0.16757342
0.16438487
0.104014024
0.08396949
0.66278076
0.6910034
0.81352353
0.7936379
0.78925484
0.7764566
0.7834196
0.7896356
0.8182233
0.8016344
0.72086436
0.11996313
0.104387455
0.15418185
0.1661302
0.78512084
0.7871665
0.24869579
0.16483779
0.14879091
0.17295076
0.6460184
0.25335735
0.29678205
0.3360169
0.35674155
0.4110698
0.46689272
0.75242054
0.7710662
0.6558759
0.3195438
0.31244317
0.8186576
0.83382434
0.22748984
0.17548239
0.14385903
0.12346777
0.1472897
0.60781157
0.6720553
0.77089655
0.8160521
0.7932088
0.82649803
0.8176522
0.774729
0.75957274
0.7527571
0.18258198
0.12203633
0.109884545
0.093428105
0.12555096
0.83509344
0.88311595
0.89577323
0.40838006
0.36210015
0.37115
0.8813672
0.8414484
0.83393884
0.84727836
0.08251713
0.07365929
0.091342404
0.08944431
0.106264606
0.099382386
0.07467778
0.095255055
0.114030436
0.11691275
0.9002948
0.08202893
0.051972635
0.061848518
0.068339705
0.7993586
0.7314713
0.30607206
0.7328142
0.7664862
0.81864583
0.85996574
0.8606194
0.8222233
0.36800325
0.81231403
0.8013015
0.07222351
0.05576316
0.05149861
0.077792466
0.8542978
0.9131679
0.15925731
0.13180119
0.09223129
0.061878603
0.06271195
0.06106493
0.0690891
0.08048466
0.082566045
0.08607453
0.89171374
0.8873459
0.84623116
0.1202639
0.1202717
0.20777602
0.8780526
0.11629789
0.07615244
0.06811515
0.050890293
0.060566816
0.7628911
0.73611736
0.7438423
0.116993636
0.116506085
0.11427602
0.11801779
0.11590514
0.596312
0.10000459
0.1298452
0.69132745
0.2341434
0.31122273
0.32346198
0.25408515
0.17039378
0.1678181
0.7098011
0.3539377
0.47372854
0.27226096
0.1700765
0.15782069
0.16864458
0.18407243
0.1898275
0.17357208
0.15146226
0.18044503
0.37218067
0.6863145
0.72219497
0.5321352
0.5
0.5217789
0.40378588
0.34942403
0.7371735
0.22056296
0.1549931
0.51903844
0.5309122
0.58412075
0.7309213
0.5412238
0.21783131
0.4915839
0.65933603
0.104898505
0.10070489
0.13540246
0.62832135
0.70381033
0.11737632
0.10844831
0.13344482
0.12724867
0.19607021
0.13365169
0.09115776
0.14073093
0.6458292
0.08023592
0.08398112
0.14345492
0.3334562
0.8609767
0.7701496
0.7584851
0.8616913
0.25038812
0.10499771
0.10184535
0.14235336
0.08074163
0.06454077
0.6580537
0.09178102
0.08513269
0.65833783
0.8583724
0.75949377
0.8216761
0.94296086
0.94772184
0.9246812
0.11258142
0.060756106
0.07366089
0.73215425
0.07948886
0.07098692
0.058293827
0.07392512
0.06512632
0.047881156
0.06943901
0.74316955
0.7388484
0.8922334
0.82386875
0.8305248
0.91387427
0.89765984
0.80270624
0.7812298
0.8222289
0.110403486
0.07706166
0.064270124
0.07624793
0.2564775
0.77742666
0.17374432
0.34114173
0.4863209
0.15612428
0.67904013
0.7458528
0.842238
0.70583385
0.1055007
0.076107696
0.08754216
0.113634475
0.1352913
0.15487577
0.78236806
0.6022876
0.1139658
0.09289137
0.08143866
0.29928023
0.83316386
0.84370077
0.22203018
0.17373356
0.11571594
0.11246071
0.40025893
0.58884007
0.13538913
0.1894536
0.16155559
0.5701905
0.12378485
0.117994875
0.18394785
0.47364846
0.21081263
0.40766144
0.81192
0.88261133
0.8888931
0.77871835
0.22074014
0.13935441
0.5231625
0.31440678
0.38820118
0.8079184
0.7964866
0.32204473
0.28409865
0.29772103
0.54537255
0.72924215
0.81984854
0.48472708
0.49430662
0.4102745
0.29449123
0.3301269
0.49435207
0.55659914
0.6709909
0.8516457
0.7388399
0.3818976
0.29175106
0.15859617
0.098925374
0.09078509
0.7714894
0.09077456
0.08587675
0.17454697
0.8727601
0.19668873
0.10106726
0.06990729
0.061505355
0.06721905
0.071954034
0.08185311
0.081864886
0.072617546
0.080267936
0.6982959
0.7103189
0.77428055
0.17611256
0.22414322
0.8829071
0.8768221
0.9658063
0.9676156
0.94396126
0.85208005
0.074771956
0.066733114
0.6936604
0.047125474
0.034098558
0.02938303
0.03322042
0.041285638
0.81941867
0.882932
0.7988758
0.76942086
0.81622756
0.08883602
0.07372163
0.079840735
0.18135457
0.25805402
0.78392917
0.13356234
0.09299743
0.09086023
0.643439
0.10977259
0.112586744
0.21443391
0.24766664
0.31710118
0.6904425
0.60021037
0.6629989
0.6372202
0.792304
0.8128826
0.7127424
0.6496209
0.590086
0.33187896
0.33990103
0.31130394
0.34508565
0.89996135
0.9419412
0.9454665
0.9388371
0.91240233
0.25728443
0.16845912
0.15239057
0.0847578
0.049806766
0.048512507
0.080993034
0.8071342
0.8443679
0.8395006
0.83091253
0.8520268
0.16642113
0.120537296
0.09292141
0.10462794
0.82741094
0.11677006
0.04887185
0.039532144
0.0492346
0.04835675
0.8495226
0.8704039
0.9354351
0.9439278
0.91539896
0.8863178
0.036704414
0.024647824
0.029067157
0.079670824
0.18648827
0.9672193
0.95367485
0.9418366
0.22172312
0.08884152
0.048939366
0.043597154
0.053740457
0.065771826
0.06948181
0.06024393
0.058123842
0.08353197
0.8379853
0.09643206
0.089702
0.13752244
0.20106961
0.88491905
0.90207845
0.8954565
0.8582785
0.84975
0.8887075
0.8806863
0.9041934
0.8963897
0.84734136
0.8711714
0.18114589
0.09029243
0.058196418
0.06260571
0.097401805
0.19560063
0.28145325
0.9334869
0.9333999
0.92621756
0.89288753
0.32065314
0.37626338
0.29335
0.2916625
0.37837344
0.24728993
0.17063688
0.12956594
0.115251146
0.079326406
0.0659323
0.67676806
0.6508477
0.7724939
0.6978112
0.7148041
0.8258022
0.21503311
0.17309599
0.14503999
0.1025346
0.059265766
0.07278933
0.7383081
0.13443573
0.057532612
0.03590749
0.03166283
0.04122376
0.054566287
0.037052732
0.04367397
0.86395043
0.9608055
0.9809429
0.98145294
0.97003895
0.11945914
0.04735165
0.08341185
0.16819726
0.74259573
0.047894493
0.04595732
0.11838445
0.24246784
0.9235623
0.05617915
0.03226568
0.032255936
0.050065886
0.040648516
0.06556402
0.9516191
0.9571014
0.9301934
0.8348021
0.83985955
0.041851327
0.032246247
0.034400437
0.03795843
0.07446726
0.0776005
0.10935629
0.081463344
0.06308508
0.06569308
0.14938697
0.86846614
0.5707665
0.26914066
0.75450325
0.8165533
0.8474374
0.9284097
0.93586904
0.89757293
0.75259453
0.5557064
0.19575992
0.700316
0.59415483
0.1212086
0.2160062
0.65844345
0.11343369
0.20692886
0.14793023
0.15082026
0.8614665
0.087641306
0.059707876
0.05286048
0.07689443
0.07105872
0.7702737
0.871091
0.81297344
0.93863916
0.9494952
0.9160038
0.13499899
0.09437986
0.063121326
0.27986625
0.2990833
0.19306499
0.8270224
0.65966415
0.5578145
0.10940096
0.14724013
0.4069678
0.44746682
0.45865136
0.37325123
0.5102152
0.4298711
0.64362967
0.8751998
0.91498077
0.853496
0.1631667
0.10510046
0.1025669
0.18105532
0.27096465
0.5315999
0.56392175
0.8465606
0.20249288
0.16153525
0.23662016
0.14350452
0.70875835
0.75290084
0.13518111
0.12321478
0.17816636
0.71542543
0.83213884
0.734255
0.69644976
0.67435056
0.6487105
0.7094885
0.8941489
0.9180592
0.8923938
0.7643845
0.27847782
0.12227974
0.08974998
0.09645807
0.09391758
0.12409018
0.14978397
0.23387228
0.4430266
0.25549233
0.2740036
0.43105072
0.5
0.2786727
0.2321797
0.16598822
0.07576613
0.11659353
0.18157579
0.7445784
0.90376556
0.9476205
0.94004613
0.17353319
0.18750982
0.03975035
0.020835519
0.02768159
0.92810065
0.8759544
0.97033083
0.9776488
0.9768375
0.9632329
0.9125135
0.7654271
0.040799744
0.032604646
0.0325092
0.05365077
0.21282215
0.86828506
0.85314476
0.5493896
0.19343686
0.14686489
0.3432771
0.71159595
0.6264928
0.6006484
0.62634915
0.84058684
0.9506494
0.93495876
