0.57045776
0.45705026
0.5
0.7936982
0.7777176
0.6754072
0.41039333
0.38365176
0.46610826
0.48283902
0.54004484
0.62604785
0.82328457
0.8529024
0.62734973
0.33914602
0.30018917
0.35964546
0.21072884
0.19610418
0.28340507
0.1837845
0.6460355
0.78041184
0.6297888
0.49603572
0.19165483
0.47192675
0.110146865
0.092604995
0.0948096
0.7258951
0.91834515
0.9522853
0.9476048
0.16879654
0.18011525
0.13448723
0.5009326
0.16549715
0.5597924
0.5324136
0.6247391
0.6474158
0.8256292
0.1951647
0.13654333
0.13431464
0.10991908
0.2171381
0.20624167
0.24169606
0.36249438
0.28214923
0.44925097
0.54441875
0.82361615
0.84907037
0.74433786
0.8174963
0.40339875
0.51357335
0.5286628
0.8138148
0.60197204
0.6694015
0.29980546
0.32124615
0.72742575
0.31742188
0.24269174
0.1918743
0.58644
0.16402537
0.1882355
0.15791243
0.12204224
0.0893443
0.08256669
0.09109618
0.6773555
0.07678352
0.054324158
0.072026476
0.7681697
0.8864986
0.92635393
0.9450069
0.88288945
0.07211198
0.05233971
0.06200934
0.83266073
0.054808978
0.04984293
0.049857277
0.07213588
0.2920482
0.875873
0.17087485
0.12466387
0.6112613
0.09078074
0.07269213
0.15065525
0.48910546
0.1472934
0.13637418
0.15853854
0.13557303
0.18349603
0.16978957
0.13395812
0.12871593
0.1757922
0.21497144
0.22744207
0.21187323
0.16472664
0.17725706
0.45291796
0.13489588
0.1168138
0.1707644
0.44081968
0.4709498
0.7058714
0.3967578
0.5485877
0.77744997
0.26838678
0.58557665
0.63376284
0.6308296
0.62579554
0.10095016
0.10276304
0.12906519
0.122249655
0.12653963
0.11649178
0.09185745
0.09012756
0.5491153
0.44009376
0.53281194
0.74375176
0.6558639
0.591607
0.69543433
0.553069
0.25639993
0.20776433
0.19784006
0.19769505
0.24254476
0.31277537
0.36504868
0.68399584
0.6781883
0.6685824
0.6831538
0.47971326
0.3702909
0.35566542
0.31998295
0.20292021
0.15994443
0.6079469
0.6605325
0.7136294
0.7129664
0.702955
0.6957121
0.69176674
0.6733688
0.61171615
0.644934
0.6443887
0.68586713
0.6873418
0.6444128
0.15916656
0.14865857
0.21279605
0.68204707
0.3773929
0.31158853
0.33529693
0.5525348
0.30947113
0.3957427
0.43188602
0.45284155
0.47260913
0.617642
0.5931716
0.5074522
0.57854
0.6184347
0.65495604
0.3315256
0.2568046
0.21725722
0.49384663
0.12889679
0.09608399
0.10356328
0.6365949
0.63393587
0.25022277
0.17950441
0.33342302
0.746907
0.76100785
0.77732885
0.7440177
0.0759219
0.07779812
0.07294888
0.05762871
0.066406205
0.13577639
0.8963687
0.07561882
0.06557235
0.055309504
0.81849575
0.8295368
0.81747156
0.07250099
0.1047966
0.21137558
0.96191084
0.97466904
0.9697566
0.953785
0.19352594
0.050754067
0.030604849
0.028632095
0.03339168
0.036842413
0.034901183
0.032316554
0.043082625
0.06292763
0.06185747
0.07037138
0.89796203
0.8365836
0.8975409
0.10893611
0.09088414
0.09660066
0.07219995
0.07015181
0.20221987
0.7595648
0.1148199
0.105196804
0.12635389
0.5938668
0.6393826
0.5914473
0.6551295
0.66598505
0.7438383
0.41944525
0.3715016
0.43710005
0.48553565
0.42891926
0.79395026
0.6584461
0.6393921
0.64736456
0.62153304
0.112927906
0.0931722
0.10922333
0.17305504
0.14565375
0.113508105
0.081418715
0.087946996
0.7599846
0.081775025
0.06850122
0.08675856
0.06340855
0.07351198
0.14009015
0.27578205
0.2817175
0.8604356
0.8260012
0.7778382
0.75517905
0.8570853
0.4692728
0.35539618
0.30916774
0.810014
0.09974969
0.070721924
0.06568521
0.062375925
0.086809486
0.6485241
0.7111084
0.7498512
0.79123574
0.7840849
0.78149265
0.76480156
0.30512375
0.26521674
0.68844664
0.1282728
0.0810957
0.100108586
0.1305022
0.1535504
0.19297564
0.8380974
0.8214934
0.27111763
0.18408197
0.15643083
0.6972326
0.32378432
0.77418816
0.7533138
0.74474984
0.73670375
0.6857036
0.5
0.2032663
0.58161527
0.104647994
0.15362795
0.26517028
0.7346836
0.79894036
0.24158032
0.26501173
0.20398669
0.12185459
0.08586553
0.1139621
0.62506187
0.10291396
0.1346172
0.6636181
0.75340116
0.85598
0.81129783
0.79242814
0.8215794
0.12639546
0.1323552
0.1817413
0.19867863
0.22831978
0.21720521
0.16477522
0.14154677
0.1793331
0.27861243
0.31035376
0.6770389
0.76804197
0.82925546
0.39286664
0.25964144
0.23781072
0.61789435
0.6571182
0.6541631
0.66993886
0.6312418
0.5441427
0.57769585
0.60110843
0.6189771
0.63792753
0.65439326
0.64216226
0.49537584
0.4586298
0.34729674
0.30900824
0.45289224
0.25088078
0.21214196
0.24736997
0.57374334
0.7226161
0.7098053
0.65149564
0.6550721
0.51486593
0.14123829
0.13581116
0.14260872
0.19756632
0.12784664
0.08473381
0.08255948
0.7515596
0.7645726
0.10047456
0.0667053
0.078938395
0.6954576
0.07556912
0.05557864
0.06345323
0.1379779
0.18818729
0.78587925
0.7813618
0.77266604
0.13078773
0.09205064
0.0662047
0.060996126
0.07851471
0.76946324
0.7835421
0.16289479
0.1276763
0.07357358
0.078976184
0.7732589
0.7509937
0.9034205
0.888073
0.836485
0.74961
0.7289529
0.08417565
0.074517295
0.107503936
0.17184481
0.81098324
0.75650203
0.23423874
0.8064297
0.1306529
0.090323634
0.103409745
0.105295494
0.77941656
0.14155252
0.11659323
0.090024106
0.08597566
0.13948041
0.6990007
0.09811995
0.076671824
0.101635605
0.6942518
0.678226
0.11772116
0.112863995
0.109791264
0.10615058
0.2328702
0.7219285
0.17398894
0.15875679
0.68579394
0.69331014
0.7715923
0.3164894
0.6435796
0.1923746
0.06573766
0.037564468
0.05035434
0.07657755
0.91077656
0.9650576
0.9615343
0.9355557
0.07096349
0.041033555
0.06492273
0.096668564
0.11860819
0.62387174
0.49912775
0.55765873
0.60666484
0.72327423
0.67585814
0.6188917
0.561146
0.51465696
0.13719262
0.17222589
0.2701958
0.33514473
0.34398955
0.5853894
0.1559771
0.11328344
0.5701221
0.5200343
0.59243935
0.632642
0.6123942
0.57265395
0.61202145
0.51433915
0.13507567
0.13043132
0.5190023
0.15514043
0.28684986
0.30754492
0.26714897
0.34857193
0.5685208
0.713939
0.5788826
0.1861282
0.16502175
0.1643247
0.106982596
0.09487263
0.6123226
0.14429171
0.12521757
0.60525924
0.24217732
0.17620634
0.6010439
0.5882807
0.6782993
0.7439216
0.7160646
0.681535
0.5696443
0.2113737
0.41789407
0.7043677
0.14433819
0.15422529
0.6416155
0.08602637
0.109800026
0.127604
0.1180802
0.12905397
0.18476498
0.28774968
0.54825664
0.510973
0.26127142
0.15729854
0.10996634
0.094853014
0.11238349
0.13736378
0.50642014
0.3136654
0.26742786
0.21351096
0.10777701
0.08778787
0.08930212
0.12191659
0.45568553
0.46322393
0.8654412
0.6879937
0.09311372
0.06461523
0.073269874
0.07658408
0.07414766
0.06814499
0.543076
0.13951916
0.5140012
0.091661945
0.12309051
0.7531112
0.7548566
0.84274435
0.8135106
0.8036786
0.8057653
0.077393614
0.06624684
0.061899256
0.0512634
0.0450418
0.033929773
0.03447305
0.046690147
0.0336292
0.018704742
0.01855079
0.032446194
0.9082033
0.9790466
0.98316747
0.97433454
0.042606022
0.026742646
0.027751282
0.04815096
0.87570953
0.042164173
0.029316021
0.025715074
0.028968707
0.041260064
0.06962963
0.0758423
0.105841644
0.86614597
0.68766075
0.12712392
0.11651459
0.5887101
0.19490561
0.6531492
0.08372028
0.060607556
0.077366225
0.6271455
0.061048314
0.0636572
0.10334243
0.8540481
0.89436746
0.12519443
0.08719572
0.06564068
0.052846137
0.0653094
0.11006092
0.16660039
0.86506224
0.8566605
0.33379325
0.19665533
0.14782515
0.15209986
0.47865632
0.5109525
0.51178724
0.47338942
0.36501002
0.32387388
0.31318673
0.3537879
0.42496386
0.56584567
0.7601732
0.7457423
0.57038647
0.55533725
0.6477065
0.6239276
0.36640418
0.29669863
0.44377342
0.17786297
0.15746047
0.17603339
0.75869894
0.7826417
0.7978729
0.8398007
0.76648015
0.12859967
0.10357121
0.091914505
0.10100749
0.10731823
0.083019316
0.83130944
0.16361678
0.099196404
0.046826076
0.035044134
0.050354637
0.8592295
0.8439116
0.8857233
0.87656116
0.0635228
0.04424702
0.05026617
0.07958556
0.102633476
0.685558
0.72241586
0.70646465
0.5903508
0.12482608
0.21862034
0.18534674
0.13784996
0.14126994
0.13870014
0.7513643
0.7513055
0.16023162
0.12779509
0.12625386
0.45135164
0.36571962
0.5565041
0.7015588
0.733912
0.4097538
0.27867374
0.22795676
0.23574497
0.59804314
0.46034706
0.57871974
0.5507431
0.41775241
0.5
0.51947916
0.66974556
0.85037434
0.7642252
0.50757307
0.18006377
0.13563862
0.18841948
0.42945674
0.3144322
0.82053953
0.8337511
0.7407269
0.80846596
0.63567674
0.5
0.18659504
0.49339917
0.1356492
0.15998055
0.26158285
0.7486485
0.66901267
0.60549504
0.52674323
0.17127913
0.15638469
0.24234615
0.20790637
0.76480585
0.29887444
0.418802
0.74738103
0.7672101
0.8042979
0.72039926
0.69350654
0.76328474
0.21798815
0.14383586
0.121313736
0.11144464
0.114212655
0.124467455
0.5890171
0.36308435
0.38622144
0.26827744
0.27143398
0.4813952
0.5816687
0.72107023
0.73747563
0.6348085
0.27421424
0.2633825
0.2516936
0.2507776
0.29640797
0.51919615
0.2522701
0.5051976
0.15369952
0.16332182
0.21434827
0.22075339
0.7637384
0.15534519
0.08093019
0.077780455
0.08911258
0.06768709
0.10459038
0.7159182
0.7747249
0.82379466
0.79904723
0.777912
0.78137964
0.102395214
0.053707067
0.04975552
0.05813654
0.085568585
0.08873959
0.8682063
0.27592218
0.87297034
0.8740082
0.822293
0.74788946
0.07541461
0.0668755
0.11844879
0.7828409
0.8864266
0.84027904
0.7906428
0.74808013
0.09563577
0.060217366
0.053486384
0.05842217
0.064446956
0.055275444
0.051299725
0.050582893
0.06454383
0.12037824
0.8966678
0.22431815
0.17133623
0.10454729
0.08325316
0.07967355
0.7699351
0.13094515
0.13440768
0.1932124
0.2206828
0.21425867
0.7813994
0.71206015
0.6131992
0.41432232
0.34100538
0.31416845
0.4271344
0.62264884
0.6312429
0.5800322
0.52024555
0.30759633
0.5
0.3510593
0.37668017
0.38119954
0.31986597
0.29192573
0.24884622
0.24733709
0.5201126
0.48455057
0.585289
0.6807661
0.77216196
0.35047376
0.24588408
0.2054305
0.21581058
0.22096166
0.6838171
0.7002528
0.7332534
0.79667246
0.78719294
0.72938776
0.7122969
0.74986404
0.8023714
0.757852
0.090245634
0.0646173
0.08680418
0.17532484
0.84806585
0.89015734
0.17725243
0.0877211
0.0604967
0.055490542
0.0582386
0.063541695
0.052453306
0.0590548
0.111396
0.8395398
0.7594067
0.7122184
0.768698
0.08256548
0.04662816
0.04988511
0.110641874
0.8552543
0.8548051
0.8517717
0.8678363
0.726324
0.09849394
0.06166022
0.054908305
0.083404824
0.16903079
0.7251894
0.7866229
0.29041943
0.20217377
0.12536138
0.11217237
0.71830827
0.7101842
0.23002642
0.17907773
0.1361075
0.107439615
0.093929276
0.11455388
0.15046132
0.8705061
0.2027267
0.1355224
0.095554434
0.09132724
0.12587433
0.13377972
0.10285715
0.10131125
0.63022405
0.12296103
0.104474984
0.6062123
0.16138332
0.20945498
0.3652822
0.79878116
0.8075006
0.8269714
0.7493698
0.73875076
0.22212699
0.12105751
0.1118083
0.5202653
0.1334653
0.21477254
0.6711373
0.7187154
0.61625636
0.24399325
0.5547871
0.19321494
0.2755519
0.22616921
0.12379026
0.10994893
0.6201926
0.5999913
0.6487875
0.6795611
0.7276814
0.7187753
0.64748764
0.5010386
0.19690812
0.33019954
0.7475573
0.27431506
0.14835297
0.11073368
0.10987613
0.15737927
0.22546397
0.30577785
0.71275103
0.7567736
0.7501198
0.7398574
0.71607
0.7002338
0.6900479
0.6867987
0.6379901
0.5549597
0.568042
0.18933976
0.17132434
0.15203516
0.17469545
0.2580368
0.7165134
0.74062073
0.42110717
0.28360528
0.25776654
0.3138508
0.44754484
0.46022397
0.3717886
0.5278625
0.4095078
0.5712142
0.6032224
0.5
0.48255366
0.48985103
0.58450896
0.8198083
0.7951723
0.6991253
0.6510494
0.76233673
0.7740781
0.7064036
0.74962807
0.6507506
0.4130959
0.35531285
0.34979174
0.4239026
0.5894902
0.64579296
0.32453397
0.26260653
0.27611604
0.3569233
0.64607203
0.57702416
0.5300513
0.4362655
0.33440295
0.31604362
0.20553255
0.16400099
0.13307177
0.14486745
0.4601294
0.46263397
0.52056086
0.584245
0.6185725
0.68678784
0.37127396
0.17640957
0.12978336
0.13265641
0.11819539
0.15446056
0.2728634
0.5196921
0.7419161
0.2894822
0.5992375
0.67438686
0.60695815
0.123238504
0.11729781
0.09976742
0.09535623
0.14051487
0.12922639
0.11665898
0.10593848
0.12513039
0.14328814
0.12024211
0.11511385
0.16078024
0.36062232
0.51970696
0.17823707
0.612828
0.5641207
0.20177874
0.32598758
0.29878214
0.18650416
0.5952078
0.5240123
0.17630658
0.31539184
0.51384264
0.1487848
0.25702736
0.20463099
0.15583485
0.6060577
0.48186034
0.1894279
0.46504998
0.16523544
0.5287254
0.1806573
0.12967408
0.110604085
0.1256258
0.12861195
0.13168167
0.1355973
0.8346455
0.8761201
0.25967076
0.0897068
0.086969234
0.72330886
0.71307296
0.71709776
0.6814398
0.6648983
0.66196716
0.09506881
0.08055993
0.13239223
0.7968184
0.09674025
0.12624039
0.12939209
0.1032618
0.10382969
0.13492207
0.08992754
0.08715758
0.6750441
0.08607389
0.10347934
0.12505521
0.11532453
0.18286778
0.767429
0.21084031
0.14652398
0.58988637
0.5323132
0.17483199
0.24984986
0.23568793
0.18136933
0.5628835
0.5
0.30038786
0.59048164
0.31639713
0.22717907
0.5
0.47291425
0.49357167
0.57482976
0.50257206
0.28742218
0.3380311
0.4229182
0.5755331
0.13656333
0.19910535
0.28384387
0.25943738
0.23146667
0.21466315
0.2064893
0.21289763
0.24058898
0.7574312
0.77741355
0.726368
0.23282674
0.26664427
0.3179608
0.13596141
0.104170956
0.107318826
0.13252497
0.23232839
0.41086507
0.7460215
0.59242964
0.17545775
0.12018226
0.23214456
0.32172686
0.5616545
0.68628407
0.4132872
0.45736754
0.6711528
0.5450742
0.5991555
0.23512502
0.14654048
0.16474763
0.17243147
0.20752354
0.4129233
0.69750583
0.29075462
0.36242443
0.17208186
0.10797054
0.10110543
0.04260462
0.04138926
0.11084223
0.08586563
0.04471587
0.08590367
0.8922817
0.9321558
0.88949126
0.8234489
0.0720371
0.05913083
0.0628008
0.06442699
0.059598416
0.062078256
0.6605915
0.5241867
0.20715515
0.36312726
0.4308499
0.35000068
0.26183397
0.18691428
0.18979266
0.25668845
0.3145454
0.5915797
0.26444706
0.29165936
0.25901747
0.19273113
0.115013234
0.11218068
0.7761699
0.8040296
0.7908582
0.7792196
0.7454857
0.714547
0.6261995
0.15271784
0.22543472
0.32967326
0.37314275
0.42320907
0.3990169
0.62646145
0.61466134
0.5997119
0.6165587
0.6282968
0.6261453
0.58794785
0.5813228
0.47446382
0.4660311
0.4113041
0.3934341
0.41979772
0.44368884
0.48124188
0.5651477
0.42358482
0.4578679
0.53642815
0.701069
0.854853
0.82280385
