0.8270518
0.75346154
0.7497587
0.7864804
0.8479181
0.79887915
0.86547047
0.85519606
0.75246286
0.72679406
0.8319605
0.865334
0.8125828
0.64239365
0.57284003
0.6074254
0.49550185
0.5167641
0.57056576
0.7150787
0.9180553
0.91480577
0.88768566
0.7564422
0.22809795
0.12782608
0.10196953
0.13811815
0.26117054
0.36772242
0.91038257
0.91916466
0.8813391
0.18785903
0.09164398
0.13280864
0.82820624
0.33578712
0.914638
0.92945546
0.23203604
0.035241157
0.021183437
0.019002618
0.025108607
0.07085332
0.14005512
0.97104126
0.9700988
0.9255389
0.8550072
0.07428664
0.042735323
0.044684738
0.061404042
0.065000124
0.06546905
0.075442575
0.5881548
0.16103745
0.59546846
0.081715696
0.077961564
0.2420627
0.73769367
0.7465517
0.7469604
0.16474384
0.2795458
0.108752996
0.12407843
0.17011118
0.23873968
0.56789577
0.53787625
0.5252848
0.57990426
0.6768586
0.25305992
0.19523975
0.5
0.48871937
0.46584037
0.4689051
0.26816028
0.28230694
0.7704313
0.17995092
0.120959334
0.109188624
0.098381825
0.08841847
0.06874553
0.060221143
0.058804985
0.06521926
0.081771925
0.12946537
0.2155325
0.9139055
0.89180255
0.1400498
0.09800717
0.68311757
0.10768994
0.12363698
0.1027034
0.06864353
0.07625331
0.63262457
0.10847167
0.13034108
0.6878161
0.7151831
0.7459366
0.700132
0.14719723
0.15860285
0.6712385
0.09703711
0.085222915
0.08303798
0.08735636
0.103273876
0.63608944
0.104861535
0.13611321
0.7560983
0.7363625
0.75490534
0.07834844
0.06376416
0.074039906
0.08091646
0.09239154
0.066105805
0.063144736
0.0990703
0.16050033
0.16417219
0.122472085
0.12254859
0.4510864
0.19083212
0.16184045
0.3292283
0.14532754
0.6593944
0.64357364
0.6061561
0.13434432
0.12249131
0.1077724
0.10873548
0.26176354
0.79669476
0.68168426
0.5698193
0.66523486
0.4018846
0.3277962
0.22378407
0.24028905
0.37001055
0.20789656
0.23181264
0.33746156
0.31985435
0.38219455
0.5151274
0.82840204
0.71992946
0.22627236
0.15121077
0.15327808
0.15614837
0.2215186
0.8252636
0.7898935
0.21626437
0.23595281
0.30311728
0.86485124
0.83761954
0.30364403
0.78383076
0.17166427
0.09261243
0.08727417
0.07841909
0.12201945
0.81829023
0.750791
0.6736283
0.64619464
0.65125656
0.68336374
0.73071235
0.75397253
0.7702022
0.76188475
0.7377663
0.7596888
0.06535364
0.047379427
0.048846588
0.06855214
0.11910996
0.15985888
0.9232539
0.9250335
0.2057419
0.07690151
0.06818249
0.15159154
0.20054713
0.20515032
0.6450374
0.7005871
0.48889217
0.5066778
0.59768045
0.85211825
0.92191166
0.9288129
0.87485504
0.25605842
0.1730903
0.4970039
0.15530439
0.13313687
0.14735733
0.15227464
0.12029763
0.10940845
0.21809164
0.17784555
0.10468974
0.088573016
0.08077366
0.71673656
0.64540756
0.27641734
0.1632856
0.101220936
0.07977378
0.16245604
0.1992431
0.9040709
0.9100423
0.8407177
0.7359527
0.7289345
0.70741266
0.8599306
0.2803944
0.21998249
0.10761072
0.08257962
0.09740998
0.3113811
0.2197459
0.09922942
0.57635105
0.15921575
0.5405002
0.6571023
0.8166896
0.71907896
0.74994767
0.8891889
0.7749495
0.5635296
0.18222125
0.65640837
0.084255725
0.071458906
0.077657275
0.07603908
0.06776078
0.07537556
0.08936489
0.096395895
0.7239468
0.81474596
0.64631534
0.24891067
0.1909627
0.7891049
0.7222145
0.069024205
0.052305873
0.055503175
0.064791664
0.097283766
0.6756113
0.95159656
0.95698196
0.9427256
0.12707423
0.055738114
0.035198666
0.035748556
0.7606852
0.8091259
0.8061639
0.893728
0.7927896
0.82693744
0.9227566
0.9365006
0.91104025
0.7039393
0.11540942
0.118343465
0.17075771
0.09321625
0.7108227
0.6998187
0.6224515
0.7185342
0.605971
0.10571562
0.063408
0.06368934
0.14758772
0.21100558
0.8459623
0.84529006
0.31250563
0.34911692
0.57100856
0.5019129
0.56038916
0.6250235
0.12373372
0.07559335
0.085017905
0.0918285
0.1771482
0.16008653
0.7554254
0.8396511
0.79989433
0.19036075
0.16334185
0.37471625
0.2821233
0.35685232
0.73216546
0.81206125
0.7500227
0.23437747
0.14706644
0.16176327
0.26886708
0.265876
0.2643063
0.682703
0.41586325
0.33247244
0.6032294
0.33292484
0.28634518
0.62136
0.8796972
0.8855862
0.76518655
0.3463674
0.24553026
0.21478319
0.16799662
0.20607488
0.39013574
0.7014691
0.6899912
0.7414829
0.8788431
0.9117542
0.9077039
0.8670701
0.69208586
0.26060912
0.25729978
0.17393
0.14581804
0.64331317
0.6686653
0.63105553
0.6203067
0.6573829
0.7884726
0.7969415
0.7249733
0.741369
0.81289387
0.79187655
0.7426737
0.7449289
0.5819957
0.1781526
0.1624028
0.15986101
0.29426116
0.67155886
0.43392932
0.4322998
0.4785396
0.6529483
0.93225765
0.9170476
