0.039914764
0.022813253
0.02044632
0.021742238
0.024820587
0.028711945
0.04268067
0.065329194
0.099057555
0.95603484
0.96000385
0.9638594
0.09843432
0.02871412
0.023147618
0.03544522
0.044651277
0.05821093
0.9405314
0.8635443
0.95511967
0.95215386
0.96647793
0.95152336
0.9099254
0.8920727
0.9297875
0.06553256
0.029442567
0.018206902
0.017273072
0.022720303
0.03652432
0.90428793
0.92388695
0.9461019
0.9504624
0.9510981
0.9416462
0.94123983
0.9421023
0.03894089
0.022260241
0.016665697
0.010949244
0.0135763185
0.017218586
0.9700721
0.97397625
0.9804198
0.98748475
0.98746556
0.9796545
0.9674945
0.024042852
0.017738087
0.013431554
0.019742507
0.024864908
0.0362581
0.9411869
0.9249912
0.092805855
0.0651027
0.053077783
0.045766383
0.065100014
0.07312175
0.052970234
0.04728994
0.06356519
