0.6964994
0.19073454
0.15618037
0.24185203
0.44790363
0.4855258
0.25595018
0.24653596
0.2077918
0.195005
0.19256997
0.15975578
0.13226534
0.13479452
0.21591432
0.3050311
0.57788223
0.7368123
0.6616668
0.33304417
0.1767318
0.09344781
0.06654143
0.0817367
0.091459654
0.04466117
0.038168717
0.7414073
0.7580138
0.9314984
0.95965946
0.9609502
0.9554586
0.09166951
0.042641517
0.02722737
0.02292893
0.016441064
0.01576088
0.017245064
0.0193563
0.025997166
0.053484783
0.086377986
0.93944764
0.9488651
0.9310956
0.9573718
0.95254546
0.06892553
0.04016542
0.028791359
0.02313421
0.02898075
0.052406166
0.8763529
0.7983821
0.06109527
0.05888865
0.058799088
0.11720872
0.16857913
0.83928764
0.6775777
0.07787004
0.053046472
0.055485047
0.07201481
0.07333171
0.09744417
0.17453046
0.28712043
0.863005
0.840523
0.64183044
0.5578349
0.51613694
0.50377923
0.5700263
0.7782902
0.85101277
0.8520678
0.76175934
0.7615705
0.54793113
0.21353866
0.18116662
0.1688436
0.17435189
0.18582028
0.12929128
0.07021296
0.04485604
0.04166595
0.044773713
0.034516267
0.03489465
0.026008295
0.8574675
0.89350164
0.8814077
0.96261495
0.9779448
0.97557384
0.96339834
0.9566049
0.10828119
0.062005054
0.039184827
0.046555493
0.09080396
0.07672571
0.06468948
0.083376594
0.102442965
0.13640596
0.22585844
0.7811308
0.3180766
0.26481465
0.21251787
0.75752825
0.7930204
0.7013413
0.59415036
0.24179356
0.65126646
0.48049924
0.5109289
0.8191409
0.2641187
0.26959884
0.18449345
0.1292194
0.10888146
0.113364115
0.103512876
0.107918076
0.11040801
0.086274505
0.6456676
0.22345756
0.15561645
0.8069026
0.7671602
0.77984506
0.7860951
0.743641
0.6952494
0.66991097
0.0743649
0.10898301
0.12436949
0.14215
0.101593226
0.07720428
0.078200825
0.10105163
0.1412625
0.13147336
0.10856642
0.09007375
0.118759155
0.2274315
0.8842351
0.91100204
0.8903603
0.7932417
0.7623904
0.7320628
0.7606874
0.80949616
0.18040992
0.100896746
0.102784015
0.09826394
0.13080724
0.25510445
0.72346246
0.54446614
0.5279846
0.6727829
0.6391963
0.62035143
0.59095395
0.5706206
0.2377651
0.25265473
0.18440129
0.19390798
0.25710535
0.122328244
0.66165304
0.5716583
0.1579472
0.2295134
0.6040125
0.6588501
0.8131432
0.87803483
0.34151503
0.26406142
0.15722921
0.0924095
0.09564352
0.078508064
0.69109535
0.106246054
0.10951847
0.71758795
0.7339684
0.11544322
0.11480477
0.08845448
0.12832554
0.7399216
0.7869597
0.8466729
0.802584
0.8665569
0.84836245
0.7615718
0.77022505
0.7573835
0.87426925
0.19182886
0.09050587
0.09653733
0.092984684
0.7575429
0.79480475
0.08525412
0.06408067
0.059160545
0.061572142
0.06400556
0.08285912
0.08761957
0.0901888
0.6857196
0.65031326
0.5278675
0.10193244
0.11635049
0.65079355
0.6212215
0.12143588
0.16695319
0.19699349
0.124659285
0.17037304
0.25607923
0.33008373
0.24682203
0.27943558
0.2747043
0.22921434
0.24999455
0.23022528
0.35570052
0.20752002
0.53364974
0.26182446
0.16838436
0.18080375
0.5650442
0.65495914
0.7678041
0.7826885
0.5747597
0.21125768
0.13697818
0.6176287
0.61278224
0.6498952
0.7148806
0.10411614
0.08609752
0.08865853
0.10871372
0.11755048
0.08559138
0.077465914
0.67661846
0.09416105
0.095338486
0.18046784
0.25916728
0.8384266
0.23051725
0.08616474
0.10126898
0.7881343
0.8527705
0.8310324
0.7096784
0.1038775
0.117140986
0.27883157
0.8664591
0.12591298
0.07061121
0.06023619
0.08313548
0.7347443
0.08899434
0.07205224
0.09199461
0.12181664
0.112623245
0.0854961
0.083920695
0.7206599
0.69057775
0.30260697
0.45320702
0.7552703
0.5383925
0.53546417
0.51874346
0.17187493
0.15226586
0.23067427
0.45035
0.35644653
0.47652102
0.69611806
0.79848754
0.6172049
0.3962793
0.25243324
0.19256847
0.18415576
0.19820127
0.23689939
0.37784556
0.5949347
0.66020894
0.8661768
0.8670548
0.8008832
0.6247705
0.5
0.5113921
0.638089
0.5
0.32069182
0.255853
0.25443393
0.51320827
0.55318755
0.6330692
0.61955017
0.14225334
0.122638054
0.09605422
0.084169134
0.07838812
0.07989801
0.07808731
0.7115043
0.10135355
0.12325314
0.0957223
0.059759505
0.09062191
0.9055851
0.14395365
0.05123104
0.048126522
0.04764007
0.046356972
0.047833763
0.07124568
0.8683241
0.9217535
0.904281
0.059200086
0.032490056
0.02924843
0.029287752
0.033985604
0.056033205
0.09282872
0.9529088
0.96367216
0.9730968
0.97266316
0.9336495
0.9602065
0.95154417
0.9192167
0.84293514
0.83930874
0.81416017
0.9095004
0.055505466
0.029056333
0.023344802
0.02435935
0.031757504
0.04507212
0.058236927
0.8975244
0.9450218
0.086052515
0.055605013
0.10128074
0.11595008
0.14073195
0.76613486
0.069524646
0.06900129
0.8609957
0.9299392
0.9359954
0.8881232
0.9024718
0.059621442
0.064957395
0.055327274
0.06518239
0.105636716
0.8459566
0.10326165
0.089560494
0.65359074
0.6787799
0.8845695
0.11616511
0.04980309
0.028428439
0.029803252
0.82680213
0.91239876
0.9671398
0.9614698
0.062498827
0.035408992
0.06268908
0.267472
0.89075637
0.8292681
0.8920906
0.32294142
0.15580617
0.09715949
0.07845598
0.31335998
0.31540224
0.28994924
0.23841518
0.4577828
0.4698532
0.70929956
0.6359489
0.39861977
0.30464253
0.32009733
0.751775
0.1571866
0.091157384
0.08770954
0.6522344
0.61096394
0.12946732
0.116193086
0.6398235
0.7212818
0.8538486
0.8118477
0.69759864
0.12822579
0.14488102
0.7190565
0.7131665
0.09306217
0.08384148
0.0915709
0.117498
0.12448524
0.20727165
0.7637551
0.7160452
0.17754616
0.13405313
0.08653193
0.112303354
0.8772988
0.9003513
0.08971225
0.058056608
0.07290844
0.038785435
0.03159187
0.030716676
0.031589594
0.029355092
0.026195765
0.023547016
0.02348712
0.026366474
0.046326894
0.0753058
0.92927754
0.9625298
0.9751924
0.92983717
0.9454353
0.1621773
0.094945565
0.05044032
0.057196572
0.85757595
0.049114637
0.036368176
0.033818
0.03468941
0.038108226
0.057259325
0.8269588
0.08932309
0.07186244
0.05823542
0.050968718
0.057452437
0.075152285
0.11585666
0.19180997
0.81062305
0.8160438
0.8385397
0.9017598
0.92728955
0.9279643
0.8617761
0.79265714
0.62568253
0.775893
0.86439264
