0.59393823
0.1494203
0.09779836
0.089129925
0.10982303
0.08650918
0.111694045
0.11883149
0.12305574
0.72439474
0.36954892
0.46230453
0.8335827
0.8978396
0.8302316
0.81858087
0.8924393
0.80753064
0.27589527
0.3124515
0.83497715
0.22892247
0.19277748
0.13862264
0.06811703
0.060439225
0.0642723
0.07969565
0.1435633
0.22984867
0.7966902
0.6587365
0.2589925
0.21046741
0.15415587
0.19130471
0.5203329
0.17846444
0.21191166
0.20835537
0.77686006
0.34100756
0.1874109
0.12938468
0.17826712
0.13067462
0.17719288
0.26169854
0.84883195
0.8582812
0.69002306
0.7929806
0.5692757
0.42267147
0.18697721
0.17386909
0.15558231
0.3226666
0.81643695
0.26758307
0.22203293
0.08919841
0.075898804
0.10684994
0.66710407
0.10808458
0.11041454
0.07261024
0.08946118
0.14447619
0.1297487
0.7694259
0.7559181
0.13601427
0.099599525
0.19458862
0.7778997
0.10394629
0.0600381
0.05548406
0.05472533
0.05864989
0.0909976
0.45001176
0.91689306
0.9025529
0.87030584
0.10811085
0.08670732
0.052994013
0.0544532
0.081668936
0.09809885
0.26511487
0.8507761
0.17504752
0.10631486
0.18665828
0.83190787
0.8415931
0.77824306
0.16074494
0.18508725
0.80330724
0.8435266
0.8705391
0.89252263
0.8989527
0.90390277
0.2734843
0.11530772
0.09901511
0.10194663
0.58456975
0.11375119
0.11619132
0.6285061
0.14059107
0.16810428
0.27810887
0.70765144
0.72942275
0.83344084
0.29385886
0.20485628
0.3405596
0.45519042
0.8175655
0.6754691
0.61766446
0.15800402
0.19783334
0.12734517
0.1670356
0.1885085
0.24305996
0.15676963
0.10620287
0.10229771
0.12626235
0.54522645
0.1492574
0.14605816
0.24368028
0.23983464
0.1565813
0.15539092
0.19914892
0.22172825
0.25238165
0.33236036
0.37306958
0.7768412
0.882811
0.87357163
0.9012523
0.89158255
0.8874682
0.8924134
0.8992902
0.8912212
0.8841345
0.885489
0.89105386
0.8796876
0.8730704
0.8767602
0.89299774
0.9155414
0.9182865
0.89657223
0.22829162
0.100591704
0.065847315
0.060400363
0.08098506
0.10273654
0.19346412
0.7277962
0.10743836
0.06330591
0.059950035
0.08437334
0.8440811
0.90365845
0.9322156
0.9368441
0.93728125
0.9361528
0.917633
0.8566653
0.07331405
0.056301557
0.066210434
0.1563446
0.7546361
0.11010148
0.061969735
0.058132865
0.06523362
0.10048928
0.17907508
0.21427143
0.22322124
0.19149473
0.23326197
0.23104388
0.21888141
0.1551858
0.17542686
0.7036311
0.21499595
0.19536409
0.2947824
0.24984965
0.7712715
0.40594044
0.17978014
0.24351518
0.112213485
0.094005525
0.09899287
0.1479579
0.22884215
0.21625236
0.11570565
0.15965937
0.09813578
0.11989161
0.13925949
0.16838205
0.37436658
0.8860725
0.90469813
0.8405738
0.8334659
0.89654124
0.8904034
0.788144
0.7842198
0.86579734
0.8451802
0.8794328
0.8318437
0.8509246
0.5025747
0.28104633
0.1917878
0.20677866
0.1617633
0.19781855
0.205143
0.22234564
0.6213951
0.13376723
0.13419203
0.18412565
0.829218
0.2351136
0.13689789
0.17041068
0.17953321
0.21464644
0.8803624
0.86786556
0.8837122
0.91783386
0.7730608
0.07674537
0.067864046
0.084003896
0.15081337
0.20135191
0.8366541
0.12885474
0.108407795
0.07213921
0.08909188
0.10139841
0.10268187
0.08783876
0.12183779
0.18430832
0.18950638
0.24431057
0.7602319
0.2664756
0.20289037
0.17294748
0.15800771
0.15140373
0.14948316
0.14860731
0.15220743
0.1909177
0.14183421
0.19340186
0.6556282
0.6608097
0.65238065
0.63834244
0.6046294
0.1857772
0.20671856
0.608038
0.10687902
0.07250472
0.06839703
0.07456806
0.10560388
0.69636995
0.6925776
0.2593416
0.21844833
0.18524468
0.13445193
0.15490714
0.705865
0.123799175
0.079586
0.1278947
0.13065791
0.09207041
0.11585333
0.07833613
0.07464723
0.09217674
0.848665
0.9087919
0.88938665
0.9032628
0.91991025
0.9329603
0.9355643
0.9243359
0.908351
0.094584286
0.0914986
0.08965196
0.06006067
0.053005718
0.057928167
0.06272947
0.06954663
0.15732852
0.85647315
0.85102737
0.8418476
0.18560667
0.0870459
0.094614185
0.113666184
0.21426198
0.8853378
0.8908086
0.44453505
0.88554376
0.8752732
0.13612553
0.13040516
0.11008304
0.15205786
0.7955035
0.4282906
0.34588256
0.8500655
0.81642616
0.87974924
0.76522285
0.3658472
0.2311076
0.21745437
0.24912028
0.22629711
0.15096717
0.23745224
0.25029588
0.2599043
0.1969053
0.4133876
0.7974079
0.40223405
0.4174299
0.37186235
0.33255863
0.22609493
0.38668382
0.81573826
0.68381083
0.19192721
0.21198675
0.19682643
0.20790666
0.13945419
0.1432298
0.19908857
0.8053715
0.7897158
0.8686406
0.86435604
0.772721
0.8102749
0.29311284
0.2738629
0.77372813
0.17636153
0.16240887
0.17169796
0.116824545
0.10181004
0.091645755
0.17521259
0.736495
0.2436639
0.36105943
0.8435503
0.13774991
0.082529016
0.10931923
0.13393994
0.8846318
0.90765744
0.90885836
0.90876245
0.9081417
0.912318
0.9249003
0.8578324
0.07838116
0.06454022
0.06653439
0.1140006
0.82647395
0.18275614
0.14539932
0.7028159
0.11512075
0.06861116
0.07031903
0.12775926
0.15990028
0.7082667
0.19853757
0.1012643
0.105829544
0.20712043
0.8609204
0.8649695
0.20316187
0.13341233
0.09506666
0.071044095
0.10264822
0.08278238
0.08983808
0.14315663
0.17252566
0.89022
0.93072367
0.9287444
0.9355016
0.9101606
0.092352405
0.07734651
0.11234188
0.10870998
0.07904755
0.069599584
0.1192045
0.15751839
0.24499698
0.8248614
0.89592993
0.8167093
0.7598176
0.71362615
0.70284486
0.21561974
0.14947087
0.20105252
0.56072336
0.23042896
0.2148778
0.1726357
0.25046417
0.86352694
0.9016132
0.89295065
0.9020514
0.8914893
0.8958661
0.9035199
0.90300214
0.90487546
0.90290153
0.9047071
0.90098906
0.89088356
0.85046655
