0.8769019
0.827059
0.124781325
0.0753225
0.07499607
0.13143247
0.08891902
0.13985234
0.09831672
0.085018255
0.07340165
0.075673
0.11336757
0.09805714
0.06310085
0.056796186
0.057331596
0.0815781
0.27457792
0.9096467
0.93526053
0.9451846
0.9142914
0.109518185
0.07633995
0.04835128
0.049028248
0.0535891
0.060041346
0.07419667
0.13099872
0.88650066
0.8841263
0.108059675
0.07831734
0.05504336
0.05656396
0.08189867
0.24350804
0.9161593
0.9409232
0.9298708
0.30104673
0.096637875
0.05464764
0.051664572
0.06739781
0.09219338
0.7264108
0.72665924
0.73035264
0.76051986
0.8971728
0.90631706
0.84751886
0.9132216
0.91307867
0.78221554
0.079098985
0.06328804
0.09567865
0.09337111
0.056361835
0.055193275
0.07371603
0.20833308
0.8994241
0.9335145
0.9449438
0.92924833
0.13520783
0.077374116
0.04824034
0.047027655
0.054750793
0.065027855
0.07663395
0.09545029
0.8133018
0.87606055
0.9147818
0.8914821
0.8626087
0.84310746
0.8410482
0.8613715
0.8898937
0.9159833
0.90252286
0.9082567
0.8060022
0.10432
0.09152136
0.15095033
0.12930319
0.13115919
0.12721503
0.110971525
0.15339784
0.16395074
0.6599293
0.65926886
0.6331162
0.2715835
0.2687212
0.1728186
0.25986806
0.33819613
0.7154596
0.7453861
0.7331747
0.095539145
0.061087325
0.057639528
0.07521705
0.12451519
0.13253714
0.7397728
0.14837474
0.17751534
0.89670837
0.9313651
0.9219315
0.898998
0.14293803
0.1599675
0.8374941
0.19781397
0.094834864
0.093436524
0.06346088
0.072501965
0.12978175
0.7138743
0.68228894
0.19519378
0.1518207
0.12223017
0.16601689
0.2735729
0.7433298
0.8592705
0.8343365
0.8843244
0.8760122
0.7575954
0.3388514
0.30167237
0.22606145
0.13054967
0.14384064
0.15795928
0.22089319
0.2912565
0.7337221
0.75500005
0.7628223
0.75980383
0.7468495
0.7478153
0.72621083
0.08718597
0.060264573
0.049838405
0.051631268
0.058840677
0.10502197
0.8706133
0.90704155
0.9293879
0.9357837
0.84710413
0.06952939
0.048932042
0.047373213
0.05792585
0.11633041
0.121971056
0.78299356
0.8978482
0.8981511
0.7530532
0.7171149
0.19280806
0.15750022
0.154251
0.08818772
0.083293304
0.123027846
0.1474302
0.1514879
0.6335875
0.6318378
0.24209598
0.1901754
0.13167426
0.14329685
0.124374986
0.1464075
0.6349782
0.62520677
0.19492626
0.17564453
0.5860775
0.1708432
0.15748312
0.5619096
0.16453817
0.17818856
0.19664644
0.24085447
0.7728942
0.25612867
0.23380812
0.14570396
0.20217071
0.22968274
0.22494298
0.340161
0.79926383
0.30903554
0.17443915
0.1357147
0.0969754
0.10275585
0.1948704
0.20008866
0.64316815
0.2710468
0.14815491
0.14383495
0.5825517
0.12834413
0.119665645
0.09387817
0.10702501
0.21328117
0.27826083
0.6666204
0.18743843
0.11028085
0.096618466
0.1355108
0.19275993
0.13008913
0.08718454
0.08300119
0.0953371
0.19964872
0.24318583
0.65934366
0.622467
0.14526054
0.13970086
0.6725354
0.6652316
0.10702001
0.08429842
0.077097364
0.12579599
0.76194364
0.7414689
0.76117927
0.1302866
0.06946746
0.0676187
0.10561908
0.7014685
0.12947111
0.09733208
0.20685357
0.7626053
0.099747
0.062043402
0.056497734
0.06318036
0.10712398
0.89147335
0.9263728
0.91977686
0.094132915
0.058881335
0.06464592
0.107051
0.114843145
0.75472593
0.14155447
0.09871663
0.18933395
0.8454777
0.7994219
0.094712906
0.065166734
0.07267794
0.1187816
0.86198634
0.886187
0.89819163
0.88973016
0.870968
0.19526161
0.09308147
0.13450903
0.1246084
0.713428
0.10698484
0.085851364
0.08957603
0.08428483
0.06896317
0.07242166
0.10808521
0.7139526
0.14311421
0.15802199
0.34290615
0.7860153
0.11259605
0.06670574
0.06687136
0.08744339
0.09496497
0.070782855
0.075580396
0.15326434
0.1665807
0.7383839
0.67347217
0.13128793
0.113237776
0.18551134
0.68517065
0.30867648
0.21262689
0.18865567
0.14774701
0.25202268
0.272222
0.26818338
0.63624924
0.61581904
0.32656312
0.22138007
0.3392427
0.5972705
0.88054454
0.8900122
0.8964269
0.9155666
0.91605574
0.9017011
0.908559
0.8715966
0.8078099
0.74168193
0.2216415
0.18213032
0.14771508
0.23151073
0.7554403
0.8943794
0.8974073
0.7679653
0.10624474
0.091217235
0.06256198
0.059462078
0.07098342
0.21836509
0.8843307
0.90664935
0.91254365
0.9040139
0.9107913
0.12682992
0.05876834
0.05226598
0.06060955
0.12401753
0.08601838
0.1397008
0.21752082
0.16199888
0.1533005
0.12702739
0.18161714
0.21000576
0.7949626
0.68777114
0.65787524
0.3515837
0.21404926
0.27752408
0.21171682
0.52759683
0.21463919
0.22069682
0.613996
0.60075897
0.2559296
0.27870503
0.31379303
0.24915077
0.5025024
0.8236002
0.81691104
0.24247287
0.24235204
0.24393338
0.83978623
0.8514654
0.2950623
0.6957386
0.6938054
0.11007053
0.10062431
0.1463035
0.1309496
0.07574545
0.06260015
0.061403546
0.06427779
0.08531116
0.11641781
0.81166327
0.73737264
0.11778696
0.09438609
0.1309486
0.82245797
0.15557611
0.091264956
0.11571133
0.86816573
0.9121564
0.92132026
0.90470505
0.8583687
0.07626961
0.054285984
0.069403365
0.06466252
0.099014774
0.079017796
0.06940006
0.07245143
0.07372497
0.075372376
0.11276325
0.7427371
0.21962628
0.113650255
0.09000569
0.076947555
0.10210646
0.63772655
0.20823503
0.70736235
0.7952465
0.24127494
0.30613777
0.23226087
0.67487586
0.8019763
0.25275266
0.15224543
0.17046314
0.17952703
0.1219908
0.13131432
0.21566577
0.17841032
0.5444396
0.5408928
0.2144418
0.16166875
0.19564769
0.2005535
0.73873764
0.2756062
0.37972346
0.60957307
0.22751263
0.30036953
0.3015056
0.5825627
0.15564841
0.19153187
0.10098678
0.09491924
0.12783283
0.13523848
0.6894886
0.70511025
0.7476512
0.8671959
0.85735035
0.5077397
0.3774533
0.84482074
0.87751764
0.84142816
0.23564301
0.14447163
0.20050256
0.13561882
0.17958999
0.5979154
0.6369153
0.16855726
0.09583205
0.082915865
0.117172725
0.16307639
0.11629723
0.21241216
0.20178361
0.7293037
0.8366578
0.12909384
0.09492525
0.15180771
0.2040393
0.69271976
0.092404716
0.060468543
0.064658865
0.07489752
0.08580164
0.10557798
0.8659169
0.9063592
0.9259908
0.91631305
0.91219014
0.92013454
0.9168975
0.9265861
0.9325275
0.93499345
0.9166492
0.85539263
0.066634804
0.047133233
0.048991967
0.06675514
0.058654536
0.05948471
0.06669104
0.07154641
0.066805564
0.09909907
0.8453699
0.90595245
0.8029874
0.776672
0.104309045
0.09032726
0.0753888
0.1191593
0.2057146
0.092295386
0.088849664
0.18988596
0.09253246
0.09069118
0.1319118
0.12513173
0.2797872
0.12379942
0.16950653
0.11964145
0.22235471
0.10217823
0.100162715
0.14750797
0.16705234
0.18178093
0.1870237
0.17328681
0.62554926
0.2081333
0.1486016
0.15462856
0.26140434
0.2766669
0.4495534
0.6851426
0.7818308
0.20629704
0.17636286
0.11922903
0.113519885
0.12244082
0.18530841
0.28248635
0.22688408
0.76527894
0.17736238
0.13850017
0.23221177
0.65057856
0.15009387
0.08707883
0.0795239
0.12719586
0.88835317
0.91834
0.91076005
0.9079094
0.9162362
0.91146725
0.915877
0.9160113
0.9134104
0.905255
0.9043205
0.91292894
0.9159472
0.91567135
0.9088566
0.9139515
0.8989037
0.8769431
0.4183063
0.81060827
0.16555242
0.1450047
0.30955192
0.67241424
0.23695697
0.1556357
0.18407728
0.7863042
0.1754345
0.17996658
0.20451327
0.092989266
0.08378748
0.14796844
0.090651
0.10929302
0.10644409
0.28440738
0.8583242
0.92359847
0.92881835
0.8816138
0.88597745
0.21579187
0.13557482
0.09284944
0.096803516
0.17770745
0.6771146
0.6535998
0.20713477
0.20091747
0.66508305
0.6387188
0.21134256
0.24319154
0.273814
0.1912703
0.2773919
0.29885116
0.84658873
0.90981066
0.89980197
