0.84739405
0.87500423
0.8526829
0.8261268
0.8399049
0.8535645
0.84939706
0.8298628
0.8379093
0.89201576
0.8978606
0.8567507
0.24232042
0.16788034
0.23303372
0.15938126
0.22843225
0.16530527
0.19193421
0.7558465
0.62953424
0.6293155
0.6376686
0.6221076
0.2374546
0.20163572
0.14634386
0.28972188
0.104187526
0.08086822
0.074820004
0.0715986
0.06945412
0.06994251
0.08330405
0.07946232
0.11743971
0.79287183
0.76777405
0.77478534
0.11794903
0.089626074
0.17323926
0.12089807
0.08215371
0.08201331
0.10448955
0.08591775
0.08493419
0.10132093
0.089745134
0.09564435
0.16394883
0.107136644
0.095668614
0.11994315
0.09244111
0.094017975
0.16228016
0.091948025
0.10921061
0.6400072
0.109805316
0.09588851
0.19124857
0.74267334
0.70388424
0.68938345
0.13335542
0.15755643
0.14314118
0.11921898
0.7316249
0.7492015
0.8189624
0.8848184
0.9285099
0.9238624
0.9325998
0.9091918
0.08614626
0.06489211
0.06502328
0.06040488
0.08048422
0.07933848
0.11512393
0.6968145
0.16373272
0.09911704
0.113441184
0.08172638
0.07764383
0.08165282
0.09203244
0.12328571
0.65532887
0.7447524
0.18239975
0.12904482
0.118982114
0.139227
0.6402724
0.2614536
0.11599991
0.093872115
0.096045054
0.1244188
0.70834357
0.82515335
0.67389214
0.6227114
0.64301044
0.68756956
0.8245159
0.7196909
0.710466
0.73485667
0.26040807
0.080805615
0.061712153
0.061747197
0.07080417
0.121561244
0.1173824
0.07196819
0.07456881
0.12591827
0.82546115
0.8821608
0.107334435
0.06257185
0.05729159
0.071545236
0.124159865
0.8355607
0.24067265
0.10811823
0.15064332
0.79009116
0.3530779
0.8979741
0.9148827
0.90771437
0.84738535
0.25781485
0.8096774
0.20288663
0.10815979
0.20021184
0.8489731
0.11654423
0.08519505
0.06366084
0.076885104
0.14989959
0.8665929
0.30017778
0.08115641
0.07126407
0.09546905
0.10793211
0.080748126
0.077491455
0.0776075
0.07970924
0.0874463
0.077850476
0.07294
0.07297556
0.083089985
0.15416305
0.6939113
0.11910827
0.09058778
0.10311326
0.16391216
0.776055
0.23004803
0.20635346
0.6638385
0.6471536
0.12267313
0.09104084
0.1018685
0.09843716
0.22913589
0.849298
0.88817775
0.91834545
0.8498149
0.77933264
0.7422916
0.13490699
0.09364709
0.1299434
0.101477064
0.13509966
0.73993725
0.8620736
0.7302324
0.10386374
0.072259806
0.0662358
0.07547651
0.10164456
0.097539134
0.15846293
0.8623681
0.76008403
0.11010197
0.066673584
0.065362036
0.07611383
0.079059914
0.07375567
0.08475586
0.06608563
0.06157861
0.057382155
0.0617092
0.10428515
0.9013703
0.9372857
0.9330808
0.8846681
0.07425056
0.050929278
0.050553706
0.06906707
0.09714405
0.88136053
0.93199474
0.92064077
0.91788924
0.13040616
0.07216881
0.118416786
0.11654267
0.065882385
0.06627647
0.09613488
0.07105953
0.07437311
0.13273036
0.099006884
0.15165764
0.7818455
0.17700645
0.17429231
0.15582499
0.12811248
0.1767229
0.21510701
0.23817147
0.79819584
0.8013797
0.2514305
0.32115328
0.13080525
0.1024708
0.099092886
0.10113077
0.12051016
0.2951246
0.16077784
0.09041506
0.07589323
0.07617679
0.08716452
0.14996734
0.81045663
0.11688463
0.07009911
0.06923711
0.084638014
0.18712437
0.846463
0.11884679
0.07057233
0.0710834
0.081819914
0.15070894
0.8429004
0.1130736
0.0668028
0.07319215
0.061828543
0.073283605
0.059573833
0.070305526
0.27037802
0.91282135
0.9349074
0.93088347
0.12907793
0.05583079
0.052395143
0.055878907
0.055916507
0.06411211
0.07907923
0.13746065
0.9011569
0.904183
0.102392524
0.06405221
0.072282776
0.070766136
0.12395545
0.8490531
0.70572424
0.119454645
0.102488056
0.15016516
0.8697593
0.89732397
0.837256
0.8500855
0.89750665
0.88331383
0.9153128
0.9154068
0.8580495
0.87045383
0.10489657
0.068110004
0.06331777
0.06767021
0.08128058
0.1061084
0.16653463
0.78579026
0.7043435
0.76944685
0.6530945
0.637791
0.6766518
0.70928097
0.81985295
0.8064285
0.2844201
0.25937268
0.24250548
0.2083655
0.5809298
0.26723716
0.12123694
0.09536388
0.09285808
0.10759704
0.16607049
0.8195772
0.7217312
0.81226426
0.18965462
0.15597576
0.10077365
0.109397635
0.08541058
0.092964016
0.14238971
0.1649185
0.7859199
0.30950713
0.16449706
0.21482104
0.14779173
0.17109272
0.77427787
0.62427324
0.21592277
0.16183257
0.22471815
0.43739554
0.5467163
0.27395755
0.24839462
0.7984396
0.79890454
0.13330786
0.08539102
0.07454711
0.086201355
0.1670086
0.14218242
0.1230626
0.15534884
0.7653837
0.24996915
0.27783105
0.6612674
0.66566175
0.7899361
0.37582463
0.23117304
0.576102
0.74896723
0.15092888
0.11180484
0.16066425
0.09372933
0.09322789
0.116767995
0.2948982
0.86168164
0.851334
0.20804515
0.2569075
0.14296053
0.087895334
0.079744086
0.10000255
0.079661325
0.08452216
0.114042655
0.7295282
0.75390756
0.8701388
0.79002196
0.8901544
0.86668843
0.09573624
0.05925486
0.058950424
0.05440579
0.05877121
0.08851099
0.068629526
0.1039369
0.25951093
0.8877096
0.93063027
0.9287575
0.83149713
0.15471637
0.1694926
0.17149098
0.8799202
0.8903484
0.09532947
0.070105635
0.05316383
0.054907367
0.0608714
0.090172336
0.085967794
0.14049926
0.13275513
0.0878298
0.105684154
0.8716074
0.9125928
0.9297977
0.92287666
0.10597053
0.09682313
0.06807644
0.07327542
0.096569695
0.066693634
0.059293482
0.056836557
0.057289016
0.06963058
0.11250533
0.86852294
0.81478155
0.9042376
0.896011
0.7135175
0.69819397
0.80746245
0.15546338
0.19085518
0.19342144
0.18554376
0.86946315
0.8714631
0.14350204
0.1340582
0.68093926
0.29041228
0.88570374
0.9125172
0.91699713
0.92307585
0.88763154
0.2346716
0.702611
0.17383038
0.19170444
0.87056863
0.8759942
0.12743773
0.12235007
0.13589513
0.16403645
0.88320214
0.9123811
0.8126173
0.87858367
0.17621952
0.078647956
0.06454073
0.0684918
0.08505573
0.141689
0.84943664
0.8024617
0.90614927
0.9097243
0.82100385
0.867716
0.23705178
0.10651012
0.10099047
0.16086783
0.092507586
0.09815456
0.2032211
0.17442232
0.16875024
0.6810227
0.68119186
0.2179326
0.11486396
0.09006894
0.09682235
0.14790262
0.12935829
0.1869748
0.8208065
0.6741513
0.15672685
0.17347932
0.12583089
0.14635174
0.6213318
0.15174653
0.14488715
0.24610776
0.22794156
0.24345939
0.80552673
0.73186547
0.76627636
0.8617144
0.74718297
0.14936942
0.19638014
0.08018938
0.07026746
0.113436006
0.079001084
0.1378642
0.15356593
0.10013098
0.2507761
0.87266535
0.8336388
0.08925565
0.05789788
0.055701472
0.08874832
0.081281304
0.11232602
0.8636233
0.87900513
0.86923957
0.10056539
0.0808811
0.058303397
0.05770288
0.06864863
0.11670657
0.8418858
0.85485995
0.122115724
0.06990878
0.07837846
0.0862926
0.07528748
0.08221227
0.07497905
0.07217647
0.07418418
0.06621728
0.06267587
0.066868365
0.098093815
0.8056586
0.85527927
0.2559198
0.47846824
0.8420324
0.26007637
0.17645189
0.36967528
0.75177634
0.7753374
0.8569756
0.14318448
0.100914866
0.12811439
0.116170324
0.20398703
0.6611116
0.20059314
0.35429126
0.16191341
0.1741713
0.6961157
0.38184342
0.18348502
0.36613643
0.11659267
0.085703075
0.08687341
0.080570936
0.080747746
0.0874666
0.13049585
0.11377878
0.20747966
0.14246571
0.1900119
0.8391966
0.83977413
0.66888183
0.17009357
0.23484789
0.14197913
0.098957315
0.09637807
0.15076953
0.88337505
0.90727985
0.84571874
0.80830777
0.8885959
0.8533533
0.9116948
0.9073084
0.78113705
0.71577126
0.099140465
0.0799598
0.091107115
0.20248893
0.20928507
0.23149937
0.8390856
0.7342464
0.32278347
0.15591028
0.09111906
0.08429045
0.109582655
0.09154142
0.09953502
0.1544356
0.1599608
0.68045425
0.18064322
0.10202489
0.100875765
0.17414707
0.09164001
0.10025906
0.08766667
0.06814564
0.06831682
0.08547073
0.14854515
0.88884395
0.8317041
0.1058986
0.06732564
0.068194345
0.108702675
0.714918
0.09928364
0.07294826
0.057747267
0.06287124
0.12094311
0.91122204
0.9379943
0.94161206
0.9268572
0.07937984
0.04853974
0.04764102
0.05335431
0.05683188
0.058830436
0.06138217
0.07267377
0.16045916
0.85788876
0.8183334
0.114900954
0.1023835
0.0644515
0.068177894
0.10132684
0.0689212
0.06643866
0.085910656
0.08391334
0.13317555
0.24711199
0.8099839
0.90268654
0.90509385
0.81936216
0.8468212
0.88638157
0.8846391
