0.8672931
0.9005853
0.8978368
0.8814632
0.87527287
0.88943034
0.830487
0.7358895
0.30365235
0.14022443
0.083726704
0.071171105
0.076934546
0.12817745
0.8640688
0.79926527
0.8879419
0.14155573
0.07699841
0.057154015
0.064812355
0.07564578
0.058082078
0.060098905
0.10116332
0.1286542
0.85663086
0.8697447
0.90682995
0.9151428
0.09224516
0.057570532
0.051574036
0.06265032
0.068508655
0.06241456
0.071045846
0.13924912
0.1984898
0.65967584
0.65269834
0.6469079
0.21550198
0.65524405
0.12941134
0.09370653
0.097896785
0.18477595
0.13645388
0.10189277
0.09287648
0.12220427
0.11843109
0.091979064
0.116487876
0.12176663
0.7515078
0.88952756
0.8921538
0.6853883
0.11058954
0.10257974
0.18214653
0.7366996
0.7358656
0.7172536
0.69382477
0.6740234
0.15033992
0.2010401
0.64911735
0.11221161
0.09998357
0.130611
0.8228768
0.8589715
0.8663688
0.8523081
0.87190694
0.88438207
0.9023397
0.92244613
0.90288734
0.36795557
0.1827533
0.14189139
0.6625694
0.18122438
0.16187687
0.8394079
0.9183972
0.9265457
0.8941107
0.85499716
0.8193049
0.19526367
0.12339023
0.14565314
0.7229173
0.83440834
0.13840653
0.105401695
0.12043499
0.25449204
0.6372071
0.34694752
0.22100468
0.29693922
