0.8514654
0.8989908
0.8949758
0.8763023
0.8949934
0.86492985
0.20508225
0.123928905
0.11773637
0.1520291
0.19772778
0.12478292
0.13161418
0.5601217
0.6043703
0.6529952
0.8115389
0.58089477
0.14002337
0.13206668
0.20941292
0.72427213
0.86951816
0.87501174
0.7685824
0.7998197
0.26477805
0.2816272
0.20898663
0.1724462
0.20625544
0.7950839
0.791628
0.2141233
0.2107388
0.18844967
0.6019506
0.7609649
0.5595924
0.1299033
0.1027494
0.108507685
0.154858
0.83403075
0.830414
0.14064704
0.102509685
0.1261044
0.13511337
0.71561444
0.72266906
0.7330162
0.71671164
0.11302277
0.11636541
0.06751454
0.06660659
0.075299256
0.10568577
0.14945184
0.08780921
0.10904359
0.08211398
0.10799806
0.6723147
0.10422189
0.08188372
0.11818943
0.74799603
0.17083932
0.08705352
0.10036503
0.65590113
0.1326909
0.15791506
0.8613967
0.9192828
0.9016355
0.9080145
0.90778524
0.279925
0.13074431
0.5809231
0.097624436
0.086761564
0.15878579
0.80224335
0.14795166
0.1174475
0.16745104
0.85632986
0.8813884
0.7540743
0.67899156
0.6559672
0.6180822
0.6232218
0.63900584
0.6674145
0.7116596
0.7363434
0.74857634
0.8347802
0.116425335
0.08103977
0.06476292
0.08758281
0.07504267
0.12760219
0.89105433
0.902454
0.17829883
0.1501036
0.12601843
0.7005522
0.087662
0.056605082
0.05456648
0.058950953
0.09657996
0.89353526
0.93889415
0.9452774
0.9227556
0.07955783
0.05161566
0.048692327
0.05835366
0.10077409
0.8153708
0.19204906
0.16348682
0.39485025
0.908298
0.9091705
0.9025584
0.08802671
0.05705018
0.059965942
0.06487535
0.12781452
0.20640697
0.89477724
0.9121701
0.7934757
0.20859386
0.10160946
0.08453603
0.09752552
0.06454012
0.07515708
0.060811926
0.0677035
0.115207724
0.08362735
0.10595819
0.88551337
0.92971694
0.9426665
0.88756955
0.07316928
0.050383527
0.054815255
0.07797963
0.058596127
0.06270106
0.06725015
0.07640753
0.12108745
0.1417565
0.16924164
0.89365697
0.9384526
0.9425915
0.9185303
0.09230159
0.07116165
0.06774425
0.057642885
0.07001334
0.07065742
0.10013732
0.6595608
0.12235344
0.10884651
0.16798344
0.2087044
0.83490527
0.83314586
0.6320576
0.22807954
0.32615846
0.31110236
0.6542603
0.7762729
0.16551292
0.1180283
0.114831485
0.1496526
0.15808438
0.60516506
0.6090456
0.6347729
0.16425945
0.15273462
0.1174585
0.18928954
0.13006622
0.12005209
0.13502228
0.078121744
0.08303497
0.16914515
0.88137746
0.7796316
0.09515651
0.060109627
0.054214645
0.055582907
0.059067283
0.07179039
0.060670298
0.08835022
0.8734542
0.91772896
0.9398016
0.9416099
0.9219619
0.8788045
0.83054656
0.07116207
0.053336084
0.06690363
0.13126127
0.06940609
0.071215786
0.110703915
0.107483916
0.06781635
0.06215059
0.063561164
0.08535299
0.18825595
0.80448693
0.7482131
0.19452019
0.10948625
0.0833868
0.12992395
0.13095869
0.7421724
0.8460795
0.10772897
0.06235859
0.056213904
0.06382156
0.093807325
0.6864783
0.13214265
0.14776362
0.7890116
0.46131116
0.8740507
0.9181815
0.860955
0.85036886
0.8160585
0.30281344
0.8231099
0.17249575
0.06220512
0.050607365
0.05241015
0.0561493
0.06606098
0.11760154
0.8640663
0.77522
0.8527671
0.12624407
0.09240109
0.11640717
0.78670657
0.85988605
0.14372425
0.119515516
0.1499855
0.88345116
0.9124932
0.93179476
0.9123053
0.8936173
0.105085574
0.08448574
0.13258317
0.8542337
0.7577413
0.10399401
0.086027764
0.12866864
0.79334176
0.12894218
0.10595695
0.08525726
0.11688032
0.8660534
0.9195211
0.85876775
0.73879415
0.08318771
0.06671073
0.091958195
0.10220143
0.6994736
0.72070867
0.8539026
0.6817316
0.1276054
0.15445971
0.09573428
0.11735694
0.2921279
0.8828652
0.8581784
0.8696251
0.92667925
0.91278714
0.22518681
0.1764597
0.10491929
0.08059525
0.058884583
0.059163667
0.066023596
0.08279292
0.16972306
0.89118135
0.91730285
0.8984841
