0.8610918
0.898915
0.9061221
0.9097777
0.9003203
0.88319546
0.8510107
0.24352702
0.1642393
0.19921362
0.19824456
0.6996448
0.8557633
0.79548305
0.8315469
0.20304433
0.21018445
0.14492813
0.16716184
0.6527169
0.775028
0.6746553
0.66218644
0.25026208
0.1704483
0.23735528
0.15270779
0.10069212
0.0950837
0.15955867
0.099020794
0.122559965
0.13024205
0.7297554
0.7321441
0.7482248
0.8310238
0.23945776
0.28073874
0.2379433
0.7695523
0.69843405
0.8228863
0.7274101
0.7956375
0.1680469
0.14080924
0.107691854
0.13533048
0.16609907
0.6769152
0.7474329
0.79631096
0.8523815
0.9038275
0.8874223
0.90312576
0.8643503
0.8395026
0.84520876
0.88289076
0.38683867
0.16016068
0.090592965
0.123743005
0.09669543
0.083185665
0.12108584
0.07620312
0.08820726
0.096068755
0.13435249
0.16000667
0.18926376
0.21483624
0.8551645
0.27856743
0.16484278
0.11452071
0.07529301
0.097052254
0.85946023
0.90974957
0.9261495
0.9259164
0.91253245
0.07994233
0.052101217
0.055236872
0.07181833
0.1191292
0.7495662
0.17098747
0.10371833
0.09911585
0.10927414
0.15819514
0.18050791
0.17074327
0.78020936
0.33374944
0.3245776
0.8499721
0.88951975
0.87050486
0.7452017
0.7132575
0.73730433
0.8284343
0.3437277
0.127547
0.11739171
0.089388266
0.10833306
0.123539865
0.15723912
0.7520523
0.8084715
0.9178753
0.92693007
0.87356853
0.81882846
0.23502828
0.13847601
0.07676196
0.07525461
0.1330718
0.1140456
0.20780408
0.7687506
0.23705178
0.15422699
0.18153381
0.2179957
0.66898596
0.69390714
0.69592816
0.67176914
0.38119563
0.3015299
0.22124262
0.37479514
0.77493274
0.6681739
0.6289979
0.25812116
0.18933204
0.20886643
0.755551
0.40973207
0.2578147
0.11434261
0.092897534
0.11321387
0.112200364
0.21760204
0.26948646
0.8359854
0.74803084
0.7573023
0.86918646
0.8440286
0.28422204
0.25020555
0.17004743
0.25307235
0.85173047
0.8627534
0.19452521
0.12544997
0.1855785
0.2028568
0.2250106
0.8382841
0.9230314
0.93087363
0.9068032
0.21620014
0.10761288
0.09864161
0.09303388
0.16491039
0.62731284
0.6819369
0.82140833
0.2951515
0.14917651
0.17553777
0.17851968
0.74382
0.6310647
0.28398168
0.21276167
0.103401996
0.09874057
0.08140311
0.096494414
0.23856395
0.839719
0.25566337
0.122074224
0.17938447
0.6484741
0.12477095
0.12608026
0.24391167
0.85937583
0.8903019
0.9022974
0.89643365
0.8612021
0.1305389
0.10225191
0.063085705
0.07176536
0.08059285
0.17199305
0.8584879
0.74281484
0.14905779
0.10830925
0.08323809
0.12781385
0.084487095
0.10925303
0.117123015
0.10832763
0.19773264
0.19485757
0.113208644
0.08927728
0.07447584
0.07351212
0.07760534
0.07621232
0.070388936
0.07573147
0.08657296
0.13243549
0.080858774
0.07087284
0.16233575
0.2771148
0.8992429
0.931616
0.9278596
0.9218581
0.9134546
0.9162058
0.10894392
0.061646413
0.053382996
0.08431466
0.08147567
0.10671445
0.06705693
0.066726714
0.0957162
0.116191745
0.119309865
0.706276
0.12027626
0.13531606
0.13816404
0.10790544
0.11073686
0.11938562
0.7884686
0.7912089
0.78432786
0.7590139
0.74141204
0.2177138
0.14564127
0.1368372
0.16074112
0.07986964
0.078345194
0.12640621
0.18358842
0.6648213
0.20457976
0.13967621
0.21828541
0.15337314
0.1220077
0.13745265
0.26486272
0.31537637
0.7659202
0.27759486
0.35023898
0.32125714
0.23215681
0.4156513
0.70474917
0.74504286
0.37919042
0.09997777
0.07212674
0.07010917
0.08497785
0.08045455
0.0653771
0.064275816
0.05741029
0.062283646
0.11244067
0.8961933
0.90475357
0.9078838
0.90805596
0.9136422
0.926225
0.9304751
0.9327857
0.92861795
0.8604439
0.7624152
0.06406632
0.04904715
0.051037244
0.07795224
0.079453595
0.18758315
0.7049982
0.11435309
0.098842375
0.059824426
0.05587564
0.061344326
0.11572024
0.9005088
0.9253063
0.9263585
0.9268118
0.9108146
0.90385306
0.91551256
0.9282893
0.9040213
0.07674666
0.04949628
0.049395222
0.06892603
0.107377194
0.18472339
0.80554146
0.792008
0.23689996
0.085656434
0.06887645
0.07623306
0.12354496
0.15474287
0.15221915
0.38838986
0.8782138
0.88331234
