0.8917632
0.90521693
0.8224544
0.19998296
0.13513653
0.16213536
0.10661817
0.09366406
0.087661095
0.08863067
0.08661361
0.08264551
0.08136379
0.07697929
0.07762212
0.08307418
0.10538922
0.21079461
0.83383965
0.4486721
0.25317818
0.780531
0.18490568
0.21438165
0.18748082
0.66241413
0.70290935
0.84232545
0.3667124
0.65586746
0.1550619
0.13933095
0.7427607
0.877878
0.15505633
0.06423445
0.056121327
0.07851479
0.079496585
0.35140714
0.8990384
0.8910349
0.17386398
0.18239224
0.86639017
0.86093
0.8563177
0.8811553
0.16828634
0.18954818
0.8939382
0.91141915
0.11799036
0.05738788
0.055703107
0.05760678
0.05536146
0.05999915
0.06690345
0.13793127
0.76320034
0.42388746
0.905202
0.922967
0.8858473
0.12897457
0.1169238
0.12193302
0.568671
0.6009398
0.2011912
0.31260702
0.8205835
0.6693301
0.12755308
0.10290752
0.1102764
0.16110337
0.19875474
0.7802825
0.70589715
0.7651059
0.8653867
0.86526686
0.77475077
0.8044196
0.20188415
0.14329273
0.14793329
0.11701385
0.1270818
0.23744158
0.25792918
0.6801966
0.8041758
0.33133245
0.2225303
0.32453656
0.84426475
0.7436869
0.102554284
0.07086568
0.08057629
0.07187492
0.083160214
0.07909314
0.06742819
0.064584315
0.06011341
0.062850885
0.08989742
0.78402036
0.7925978
0.88827115
0.32394704
0.5038097
0.8689761
0.09551269
0.0567368
0.048252415
0.05173993
0.057169262
0.095420845
0.89627117
0.9404089
0.946886
0.9255957
0.07594882
0.047098275
0.043742575
0.04906944
0.063168585
0.09042482
0.7525503
0.20937681
0.44864765
0.906148
0.8997359
0.89216363
0.09309387
0.06331567
0.067565635
0.11037973
0.88604367
0.9139729
0.9323691
0.9214144
0.7868669
0.10332765
0.07964407
0.10482053
0.83205754
0.9134901
0.8816135
0.877086
0.11475541
0.09376336
0.17087664
0.8491178
0.9198267
0.92379904
0.8838285
0.18190962
0.19623561
0.8199929
0.7559058
0.8041986
0.91326386
0.9188373
0.83737606
0.76968545
0.096178845
0.075121574
0.076825835
0.1579673
0.08718105
0.09462632
0.17345269
0.12468306
0.17413984
0.77369094
0.18385845
0.15441205
0.24734268
0.14145881
0.17305413
0.11500031
0.10425021
0.10247072
0.09537221
0.09803302
0.09853617
0.09408997
0.095982164
0.11395404
0.22353363
0.15583077
0.14802463
0.16802236
0.088299826
0.08965219
0.17869174
0.8759443
0.76428974
0.099361025
0.062684834
0.054596495
0.0556546
0.059272222
0.071509264
0.060343023
0.08700819
0.87072986
0.91696674
0.9383816
0.9427415
0.94314545
0.9376907
0.87572825
0.0666558
0.050463412
0.06237276
0.120501585
0.06670626
0.06971828
0.11167894
0.110880665
0.06791876
0.06224066
0.06427965
0.08887722
0.20729677
0.8252911
0.7848826
0.20105761
0.09973451
0.06573692
0.0690187
0.08922949
0.20928882
0.838889
0.12751
0.067991115
0.060681313
0.059523582
0.057524655
0.056607947
0.063291356
0.119019814
0.89425594
0.93063956
0.9081238
0.90173304
0.09008803
0.06154325
0.06781811
0.11679969
0.8736917
0.8483739
0.87665725
0.1021499
0.06849221
0.07219955
0.102700695
0.7533513
0.8641405
0.7730233
0.8537596
0.123911835
0.09100979
0.06666546
0.07062228
0.11498714
0.80247086
0.13929154
0.117219776
0.16205905
0.8994269
0.93640506
0.942217
0.92380404
0.90805084
0.0727934
0.04699753
0.04475604
0.04983523
0.056764286
0.072001286
0.16448298
0.16672967
0.784759
0.16293098
0.13939065
0.106342584
0.12926674
0.7801048
0.889304
0.77030414
0.71911573
0.08811217
0.06548394
0.084953554
0.0690989
0.07878998
0.12953582
0.7909264
0.13445364
0.09976898
0.17361291
0.7150929
0.6696437
0.093872935
0.06460891
0.067059
0.123432145
0.8995004
0.92364985
0.83877087
0.09779245
0.08732825
0.117362075
0.7225856
0.16690288
0.37224698
0.90166694
0.9324555
0.9127642
0.15577605
0.119958356
0.6360831
0.09135629
0.07464717
0.10430682
0.86853796
0.9270586
0.9105629
0.096858025
0.06335538
0.06785193
0.11425604
0.8152989
0.8770757
0.18757188
0.11247767
0.14411771
0.7962186
0.17071792
0.16019827
0.73681426
0.84549475
0.12332665
0.07982766
0.069044225
0.07543651
0.091439135
0.12380523
0.6453954
0.6175576
0.19103032
0.23841515
0.14471364
0.15383786
0.70368373
0.84647
0.76434606
0.77067107
0.8874901
0.86820924
0.12285088
0.08535278
0.08765475
0.11912357
0.78066355
0.78611803
0.7594589
0.68611115
0.094078936
0.06961144
0.0767106
0.1353234
0.7170439
0.7875845
0.9079865
0.91691405
0.8845458
0.11945252
0.08662831
0.10567266
0.08640601
0.12567608
0.13487579
0.13153529
0.12569357
0.6505815
0.097642966
0.071787104
0.09690695
0.07075518
0.09405521
0.8491736
0.91618806
0.92597544
0.9112064
0.9170214
0.90390706
0.9023159
0.91091096
0.89299893
0.88016075
0.90334034
0.85762686
0.79877406
0.8012315
0.8383112
0.8735771
0.12061465
0.08334422
0.11150497
0.10197779
0.14493352
0.78979033
0.22584528
0.36104736
0.26719907
0.1314141
0.123476386
0.21004237
0.14882354
0.17737581
0.67004234
0.7006089
0.7708796
0.8104598
