0.33388162
0.27558383
0.30112645
0.6178505
0.16981281
0.15347357
0.13859124
0.13618147
0.1403034
0.1383643
0.70406383
0.7267044
0.870509
0.73374516
0.11724545
0.08301507
0.071161374
0.06629808
0.060410053
0.054421064
0.0594465
0.10323742
0.86033696
0.9017632
0.9260335
0.91310906
0.89734805
0.88956475
0.88808465
0.8916542
0.89831257
0.90401614
0.9074152
0.9034848
0.8943165
0.0843256
0.057473846
0.0713009
0.109248355
0.112714775
0.08805748
0.14608566
0.29243624
0.88044244
0.8736976
0.91661954
0.9111292
0.8256198
0.83735657
0.16532478
0.14623438
0.23511983
0.27182227
0.28941378
0.23503937
0.6230739
0.5996025
0.26942
0.35945255
0.35971466
0.823005
0.85800093
0.8224866
0.28498137
0.252032
0.230305
0.19688942
0.2957244
0.26492274
0.56781006
0.2030574
0.18713138
0.25859421
0.743341
0.591412
0.21208082
0.2200535
0.74529034
0.22975384
0.28394324
0.14888221
0.15328859
0.6351101
0.16381921
0.15840244
0.6807926
0.11261253
0.07496325
0.07014293
0.069420114
0.06875581
0.06953049
0.0766915
0.115037
0.7537184
0.7245174
0.09685174
0.062223952
0.0596444
0.066342704
0.10071047
0.75445026
0.7011923
0.14019322
0.13941012
0.7481197
0.689361
0.108385675
0.08671356
0.13465872
0.8930365
0.9093403
0.90421814
0.09932873
0.07174199
0.09287324
0.654328
0.09910661
0.081238724
0.15192334
0.8981596
0.9365258
0.91937226
0.8988195
0.11060096
0.051043794
0.04423973
0.04732777
0.054990355
0.083037205
0.798829
0.8147062
0.9072601
0.7754137
0.0954789
0.07758986
0.104842626
0.79436547
0.87167853
0.20816693
0.2344597
0.88436455
0.81131333
0.08794663
0.06081289
0.059961777
0.06418203
0.067335695
0.068098255
0.06824116
0.07595389
0.075303465
0.106142156
0.6872995
0.15575574
0.17942019
0.8166436
0.27195358
0.7234564
0.1589881
0.08304412
0.07183388
0.07936967
0.11132669
0.09909669
0.120225936
0.18258975
0.82106787
0.8193522
0.36041012
0.16643272
0.15457477
0.21076702
0.23271668
0.77380955
0.19767499
0.142185
0.15034014
0.09400847
0.08018216
0.08111168
0.10504752
0.09432556
0.14595753
0.8468663
0.7080779
0.12313091
0.09999971
0.1390098
0.7821292
0.85145205
0.89939255
0.9257202
0.9026054
0.213821
0.09983776
0.121890344
0.7293643
0.8880701
0.88055617
0.16723043
0.109043516
0.15582928
0.13754348
0.6416382
0.65969956
0.21837065
0.17046173
0.6617546
0.11881803
0.11655698
0.064700656
0.061817467
0.07128327
0.13015953
0.85457057
0.8934848
0.13364117
0.073263876
0.07398551
0.13275455
0.8386778
0.83801585
0.09705078
0.0560816
0.04931419
0.051089626
0.056504574
0.0880611
0.8621567
0.8936389
0.9179388
0.92372376
0.9135762
0.8807551
0.08138417
0.049287852
0.04556823
0.05319966
0.06545111
0.15117055
0.8595793
0.843584
0.15794742
0.08248963
0.08717825
0.27628404
0.9055992
0.9120221
0.19692568
0.06799698
0.05921087
0.07607086
0.09624865
0.11228302
0.68306303
0.6419261
0.2265126
0.3871363
0.75368303
0.86625
0.7793241
0.83342993
0.15198098
0.118049346
0.16175777
0.11645252
0.13994202
0.5976305
0.18552877
0.2736006
0.23444888
0.115685605
0.097782604
0.10141547
0.13576302
0.72205025
0.752707
0.87135196
0.74671
0.13740861
0.105107605
0.10536553
0.1279926
0.21185556
0.6479319
0.6543551
0.66175795
0.63768256
0.6405565
0.6429726
0.51031804
0.37047863
0.75885564
0.22171444
0.1684256
0.18723385
0.18166952
0.21635632
0.110241644
0.09670943
0.110574156
0.24637806
0.70978075
0.83663625
0.6773208
0.110948384
0.079920456
0.08394323
0.14071989
0.75512224
0.859552
0.2719923
0.20403661
0.8170761
0.12081143
0.0686488
0.07103922
0.15376903
0.2925281
0.87081033
0.8745137
0.8531299
0.12269088
0.07838604
0.06048069
0.07043016
0.14853589
0.5891489
0.16331007
0.2518834
0.7034726
0.82279813
0.71031076
0.736313
0.86491853
0.8642443
0.70358694
0.3295692
0.2835909
0.64072037
0.097880244
0.08814281
0.05647047
0.05379873
0.055716306
0.069454394
0.262727
0.88561094
0.82884055
0.83632725
0.91036004
0.89422524
0.90315884
0.93007326
0.9359433
0.9302637
0.84541726
0.0776604
0.04891448
0.04534546
0.050055336
0.059609704
0.0917784
0.14149447
0.6726977
0.23592326
0.29228064
0.8195166
0.16098326
0.14268543
0.15521845
0.08151603
0.11022525
0.07086777
0.08674543
0.06067809
0.06312528
0.10707837
0.855098
0.8893244
0.90632355
0.9106829
0.91316134
0.9194567
0.91324675
0.91813636
0.9164668
0.8959254
0.8672338
0.8454355
0.837877
0.8589804
0.8643101
0.85547096
0.7970099
0.09011845
0.065671414
0.07175978
0.14093436
0.6951471
0.1285436
0.13588141
0.10604085
0.16458344
0.23774356
0.09620713
0.08097037
0.08221917
0.09213047
0.1378641
0.744559
0.7360475
0.7600154
0.86054736
0.31529477
0.12463587
0.09131504
0.084069066
0.124792665
0.10659584
0.1809503
0.094739646
0.09373691
0.11606845
0.27336726
0.8482192
0.79474604
0.8750554
0.78935826
0.7369131
0.69687283
0.1989578
0.2061025
0.18226612
0.30717927
0.32013503
0.3355314
