0.7779502
0.7703616
0.71309835
0.7025105
0.7788297
0.88595676
0.9067186
0.89622045
0.88646805
0.78700185
0.28656483
0.16342835
0.15612528
0.18530558
0.70961696
0.8594857
0.86046904
0.20326576
0.0929253
0.07294979
0.07382029
0.09713524
0.78754926
0.9169893
0.9293983
0.89986974
0.09686027
0.06580247
0.07179013
0.11919351
0.15395506
0.76984864
0.13964099
0.09497595
0.09270613
0.1646286
0.13008949
0.1523993
0.6498413
0.76526606
0.30907762
0.66730446
0.14254932
0.09610716
0.08579893
0.08253159
0.09081296
0.11899124
0.101909794
0.16834688
0.09650319
0.09791753
0.14020644
0.8303475
0.72914696
0.7330144
0.87998533
0.8693442
0.6313144
0.5487427
0.13023083
0.08845529
0.10855144
0.121510774
0.12641199
0.5252667
0.53836495
0.7199794
0.24028362
0.16020636
0.1596027
0.2852377
0.85958564
0.88613653
0.85393924
0.15523078
0.10680296
0.11821001
0.09086845
0.11624608
0.09512775
0.12064145
0.10201287
0.1827898
0.08680803
0.07931414
0.12647176
0.08229821
0.100560576
0.77157825
0.89361167
0.8851321
0.42106715
0.8983975
0.9045241
0.1312705
0.059837107
0.058445066
0.0678209
0.09281622
0.063844815
0.05512098
0.05291654
0.057762317
0.09991636
0.870158
0.9020224
0.9245474
0.937172
0.9383858
0.9310115
0.9218972
0.9097927
0.06946888
0.044680838
0.04310066
0.047811132
0.053820375
0.06796094
0.12136922
0.14094803
0.12008643
0.14749943
0.7310792
0.8092751
0.2689381
0.6637393
0.678378
0.73039484
0.8314054
0.14861003
0.10998774
0.13291296
0.12458333
0.18563059
0.84277785
0.87799
0.85624105
0.69486165
0.67443264
0.7775941
0.45847693
0.2600977
0.30697933
0.7739635
0.67235106
0.62418324
0.5111845
0.18038109
0.18012246
0.31105843
0.83493966
0.8449359
0.20861268
0.17909545
0.097835384
0.07774903
0.07595427
0.09080369
0.074815236
0.07999968
0.12881695
0.8119615
0.19512853
0.19851133
0.85680336
0.75753766
0.75484294
0.71539533
0.08725578
0.059993
0.061012488
0.08150981
0.20093645
0.88215274
0.8968094
0.764075
0.24219677
0.0932711
0.07714522
0.08318007
0.15057933
0.13617228
0.6417271
0.6506266
0.15945493
0.09105787
0.07626566
0.08296708
0.13382575
0.07102978
0.06223354
0.06647871
0.101607636
0.21532124
0.90157354
0.91445386
0.7869352
0.1355138
0.14117746
0.8115604
0.9114223
0.9237069
0.9100283
0.9059055
0.9161877
0.8827325
0.81690156
0.7234288
0.67306614
0.5898477
0.13385297
0.1492634
0.8281768
0.92264295
0.91792125
0.2566988
0.06849944
0.055790517
0.05962083
0.070606
0.10608432
0.091663554
0.10684162
0.1622699
0.24662197
0.5653051
0.56189907
0.60673684
0.34929532
0.24263248
0.32561055
0.7653726
0.3136279
0.2904611
0.204716
0.16630737
0.3255874
0.8547188
0.73228544
0.11857133
0.07665968
0.11010505
0.0883052
0.0568409
0.053161558
0.058162477
0.10198994
0.8823415
0.9314662
0.94317585
0.941519
0.90266556
0.8177393
0.06399314
0.045336466
0.042046886
0.045894068
0.052818537
0.08694806
0.8845139
0.9225075
0.94021463
0.9438591
0.9197032
0.073192656
0.046674896
0.043923624
0.047187883
0.056739658
0.10779991
0.904715
0.93198556
0.8872232
0.81049854
0.07731755
0.05325718
0.051778853
0.07032854
0.08847243
0.10150287
0.10513349
0.2894466
0.8860674
0.89363766
0.72368664
0.14863722
0.09929753
0.10106548
0.14921233
0.23002084
0.5631086
0.2795465
0.20738629
0.27498004
0.64197874
0.644588
0.7391428
0.21537453
0.19322097
0.14081168
0.15750726
0.13872597
0.18818094
0.5218678
0.26896542
0.18286663
0.2682653
0.55249125
0.656778
0.8184875
0.7158358
0.7945696
0.17026109
0.14972608
0.14238626
0.7309408
0.90365505
0.9027621
0.13201606
0.07335182
0.056949973
0.05985347
0.07336991
0.06415218
0.06293147
0.06603797
0.07442479
0.15226808
0.82812065
0.12608911
0.09175233
0.18717168
0.8573249
0.88537824
0.9156882
0.93539447
0.93314326
0.9063749
0.13397606
0.07780963
0.10154203
0.8064165
0.891225
0.93067527
0.88225335
0.16734916
0.1033536
0.13267523
0.07715683
0.05858786
0.060942385
0.05710274
0.05886591
0.08113637
0.09896633
0.82457715
0.9081788
0.88773054
0.17534544
0.23513258
0.2071505
0.6786611
0.2168241
0.10821429
0.13121665
0.63347864
0.13156228
0.13386019
0.8552702
0.9260456
0.92668754
0.8062747
0.113086596
0.12318262
0.69685656
0.20601915
0.124016285
0.23017618
0.8385752
0.2107555
0.11984382
0.17741264
0.63948715
0.12911497
0.11061253
0.21782123
0.15348198
0.35181656
0.43724862
0.8814635
0.8877698
0.7208024
0.2190864
0.16416363
0.2448579
0.17142059
0.32785577
0.6538973
0.64212525
0.19714022
0.24990544
0.14623836
0.16092709
0.67995685
0.79071736
0.18476844
0.14117227
0.16728461
0.4492339
0.81622463
0.16421187
0.10109009
0.095161825
0.11921427
0.10264917
0.12882249
0.51286155
0.23080851
0.68052155
0.7347656
0.79634285
0.39369276
0.48063594
0.8702743
0.9102995
0.91424847
0.908006
0.8919107
0.88349736
0.8444671
0.85586095
0.88883466
0.8944221
0.8968074
0.9001394
0.89875895
0.9027756
0.90384877
0.904909
0.89348876
0.84929174
