0.8516392
0.8931342
0.90050024
0.8901872
0.8793295
0.8805988
0.8997939
0.89825505
0.8438587
0.7503625
0.701387
0.64703846
0.20058744
0.16829877
0.18333194
0.5250019
0.6254334
0.68221086
0.8006421
0.6239135
0.16676724
0.15510409
0.18737532
0.6749256
0.7902024
0.4549741
0.226246
0.27855468
0.1752859
0.23886213
0.18931346
0.15724021
0.19296841
0.8243783
0.82618564
0.1620167
0.13842289
0.10641062
0.13562657
0.7912031
0.5965912
0.19842114
0.646379
0.6769263
0.74095136
0.86369854
0.11238961
0.08564501
0.057489414
0.064918734
0.055689447
0.055800285
0.06543286
0.1040408
0.8777702
0.8996816
0.9015715
0.848659
0.096117854
0.09274833
0.06513688
0.057045642
0.06877779
0.068311796
0.1048089
0.14871335
0.7234532
0.8142345
0.35411
0.8186433
0.66691655
0.10309717
0.08063118
0.08330345
0.11041395
0.5322281
0.5295687
0.2944799
0.22278453
0.5004237
0.49600452
0.54449946
0.620254
0.6446463
0.7584247
0.3475121
0.47103336
0.8352867
0.845524
0.6965292
0.15345284
0.11692616
0.109245345
0.14514014
0.20822835
0.15101871
0.18606634
0.82917684
0.8390051
0.32114354
0.2300621
0.6340299
0.6386432
0.6721947
0.12986389
0.12527257
0.14588706
0.07289207
0.06971612
0.061370227
0.060647186
0.06746761
0.088740036
0.6764877
0.16799188
0.7594032
0.7980331
0.91811323
0.91353023
0.934546
0.9092785
0.07369082
0.047798347
0.045642935
0.049519647
0.054892223
0.09160329
0.89159197
0.9390414
0.945651
0.92290443
0.075425506
0.047357965
0.044204213
0.0533964
0.054938145
0.08005049
0.78979504
0.84462565
0.9234426
0.92819756
0.8665354
0.8746892
0.09132356
0.063183926
0.06749028
0.111621395
0.88817775
0.9171523
0.92742854
0.8621685
0.7602927
0.106251396
0.08302912
0.113751784
0.8637974
0.9217822
0.89148855
0.7612881
0.09161301
0.08223622
0.14984912
0.87411743
0.93606204
0.9416129
0.9160045
0.07721366
0.047975034
0.04479822
0.04916749
0.054685857
0.06452037
0.11347938
0.82363284
0.16751637
0.16336969
0.87160325
0.90666735
0.898961
0.83969027
0.07892389
0.053150028
0.052686837
0.061373055
0.08234849
0.122408964
0.7309352
0.10077984
0.06673052
0.06399158
0.07297827
0.14619203
0.13761456
0.16343726
0.23909977
0.20722866
0.8098807
0.6786223
0.22057348
0.32731798
0.6295697
0.14461617
0.12555619
0.17373663
0.21246733
0.11026087
0.10240403
0.12072805
0.093499735
0.090652965
0.10258713
0.19747584
0.1829304
0.24077968
0.8009411
0.15860522
0.12049287
0.20762198
0.87006956
0.7566881
0.097693145
0.062197693
0.053532228
0.0540107
0.05498239
0.055511605
0.07937406
0.09680193
0.87556636
0.9180036
0.9395568
0.9413375
0.9225678
0.88476664
0.8311528
0.07133006
0.055627923
0.054983888
0.08788769
0.063820854
0.06783759
0.1057893
0.10328947
0.065841004
0.06648711
0.095306605
0.78190976
0.875906
0.7375576
0.14227821
0.17339014
0.11560153
0.08663084
0.093357526
0.13451873
0.75161076
0.8735028
0.8796758
0.39975846
0.11282282
0.09748718
0.06646932
0.066551045
0.08738631
0.1060336
0.774994
0.79908454
0.88887364
0.81487036
0.88023925
0.75353056
0.7587832
0.884828
0.77280235
0.119664125
0.14225607
0.10576513
0.08835583
0.1371609
0.11593865
0.18226767
0.71543926
0.82439166
0.7323142
0.8128933
0.17959163
0.15506384
0.12024959
0.15277533
0.80353737
0.24241814
0.10875302
0.11538696
0.14205168
0.8763117
0.878396
0.92710435
0.89284116
0.8949107
0.083153695
0.053750135
0.05217816
0.06912983
0.06813235
0.08669656
0.19277589
0.1762497
0.76236105
0.20018753
0.18560715
0.14070153
0.16424339
0.73479176
0.85547954
0.71845424
0.63815403
0.10976493
0.092988074
0.14191043
0.13663843
0.64256495
0.67342496
0.8052829
0.14427248
0.09799915
0.124687955
0.07767344
0.084311254
0.094051994
0.7231694
0.795389
0.91137105
0.9229265
0.8930151
0.9013608
0.7878145
0.62086254
0.16178077
0.28983396
0.8660162
0.9251693
0.9087555
0.09945575
0.054361135
0.050192133
0.05717118
0.112805635
0.9061008
0.9401965
0.9439292
0.91983336
0.079268984
0.050364625
0.049876492
0.06374862
0.11333881
0.8344325
0.25040406
0.21798477
0.8807401
0.794907
0.11256272
0.14636406
0.072409414
0.08332362
0.070166536
0.068400644
0.07158616
0.0741147
0.08874171
0.1279129
0.11402914
0.15248129
0.14451991
0.22599511
0.6896144
0.79420775
0.7474257
0.84792733
0.84487736
0.7371765
0.7952363
0.19106567
0.13850771
0.14226621
0.10504772
0.10212897
0.13811949
0.18350075
0.11320815
0.14244425
0.20796145
0.6148717
0.18839052
0.21146004
0.2024511
0.17478879
0.8386902
0.712769
0.13864134
0.07583045
0.08517431
0.10619738
0.26832494
0.88331
0.8554691
0.8698535
0.8966175
0.9179762
0.80866903
0.73783684
0.09331879
0.07974033
0.059079077
0.067384906
0.13679864
0.87843066
0.8898416
0.6502553
0.09983932
0.100554176
0.15297595
0.6957816
0.7006634
0.13169703
0.13501872
0.09503661
0.05738821
0.057092514
0.07881458
0.23174296
0.9183446
0.94169885
0.9220441
0.22611322
0.09724359
0.05165629
0.048531987
0.057427797
0.07517017
0.15656932
0.7806625
0.18313216
0.20190911
0.18456744
0.8856655
0.88817286
0.11842753
0.10334941
0.11752023
0.17877898
0.6850903
0.1861719
0.19902222
0.15156005
0.71037763
0.7641016
0.87455267
0.7505255
0.6930417
0.24386233
0.24884498
0.12402831
0.12606627
0.21138081
0.15629883
0.27702302
0.87328
0.8919155
