0.7944181
0.61404514
0.263184
0.26138163
0.664338
0.78668827
0.43072736
0.3133829
0.68819946
0.8516601
0.8649002
0.81547385
0.19443224
0.15967211
0.23827827
0.49314952
0.2561163
0.16389436
0.17800814
0.7298323
0.21143997
0.1899456
0.636136
0.6400929
0.21943569
0.18372715
0.13026385
0.25174886
0.0946465
0.0763563
0.07222635
0.070032254
0.06800463
0.06787395
0.07816698
0.07688371
0.11630826
0.8065853
0.78255767
0.7884062
0.11534722
0.08668347
0.16670252
0.11638002
0.08071499
0.08100707
0.10223797
0.084856555
0.083738446
0.09900155
0.08744535
0.09238152
0.15392882
0.101441845
0.090528905
0.11273079
0.08828186
0.09354717
0.1713059
0.13140514
0.65089494
0.5968532
0.21631518
0.6905383
0.80032444
0.28987342
0.6612869
0.7004065
0.7561659
0.895226
0.89681035
0.75573903
0.64289814
0.51877743
0.23225965
0.6880885
0.8281459
0.4686405
0.8692198
0.86686856
0.14012668
0.12650916
0.11686401
0.09490128
0.14568365
0.10753592
0.12617043
0.50984365
0.61632466
0.6160153
0.640029
0.63254297
0.6212949
0.18617882
0.15139906
0.15845637
0.62681764
0.2671948
0.11551395
0.09144605
0.09691946
0.14607933
0.16775905
0.77376395
0.1348296
0.08314717
0.079935685
0.10723467
0.75827277
0.86697114
0.71297365
0.12125263
0.10044673
0.14134537
0.8478743
0.7953538
0.7881623
0.81704825
0.8951705
0.739673
0.09382377
0.081440315
0.11959859
0.8050556
0.19569048
0.083212495
0.07761806
0.12263357
0.7887687
0.8729589
0.10489429
0.061427105
0.056525383
0.070571624
0.12550099
0.88343495
0.8807005
0.17324026
0.19338886
0.770213
0.3498732
0.8918083
0.90966994
0.8984086
0.82847226
0.2514063
0.7893257
0.27870658
0.19742173
0.8564056
0.8931777
0.11246801
0.09300621
0.06402274
0.07345057
0.1422769
0.8605549
0.29590204
0.078623034
0.06559443
0.07766455
0.07019853
0.0704436
0.07965019
0.12132315
0.70467865
0.17803212
0.100565255
0.08986761
0.09812306
0.11856575
0.19774984
0.6358924
0.15323529
0.12502262
0.12538548
0.14812203
0.2518358
0.18144074
0.19955876
0.6160256
0.60203993
0.18384661
0.16016875
0.20041561
0.20868649
0.7524709
0.2802185
0.2615364
0.77248865
0.16985749
0.109322466
0.09753691
0.12553938
0.11928233
0.23284002
0.63725656
0.2347769
0.31821138
0.8407714
0.7227739
0.09463542
0.060868982
0.05723035
0.06225154
0.07371507
0.08067619
0.14560473
0.8726973
0.7672575
0.09656809
0.058845274
0.05495196
0.062284116
0.06839567
0.072848886
0.17784235
0.82679075
0.8026766
0.7536546
0.11224676
0.09298304
0.18659899
0.88946795
0.9098132
0.9048072
0.89680606
0.87610877
0.8423257
0.16992004
0.09687794
0.13687085
0.8858487
0.91071534
0.9135139
0.13776708
0.07572445
0.1256538
0.1216173
0.06697365
0.06711418
0.10038106
0.071373135
0.07470996
0.13496935
0.10100994
0.15086079
0.7771261
0.2621793
0.32303774
0.67200047
0.6777262
0.7003144
0.7248246
0.7638295
0.8598249
0.86002004
0.76497644
0.80780894
0.6163459
0.16496693
0.14366156
0.15366346
0.21343571
0.81589735
0.7281486
0.13049851
0.08318725
0.0751745
0.089000545
0.15536155
0.81253123
0.11436835
0.06826628
0.06497619
0.06786854
0.079412885
0.101012826
0.07010088
0.07450807
0.12371128
0.77444124
0.32492733
0.86051416
0.10851915
0.063370235
0.06658428
0.058763683
0.070525326
0.05862218
0.069583535
0.26735985
0.91269726
0.93487793
0.9306889
0.12720981
0.055308573
0.051470086
0.054422297
0.053876106
0.060679644
0.07362812
0.12265109
0.89594275
0.8991655
0.29993933
0.77965766
0.15474135
0.093682095
0.13138098
0.8148319
0.13754119
0.07485991
0.07279441
0.11711704
0.8830758
0.90901536
0.87504184
0.8822427
0.9138808
0.9060081
0.9255813
0.926301
0.8849157
0.89205825
0.09112058
0.05542978
0.049531173
0.052620437
0.05991876
0.074040554
0.11381775
0.74810535
0.7126191
0.80796516
0.18634534
0.15084511
0.20201457
0.21393888
0.78673255
0.4143507
0.2605916
0.6851349
0.29467472
0.21533194
0.67184263
0.26016772
0.10565575
0.08303079
0.08560589
0.105614215
0.17031372
0.77468914
0.24207734
0.32811174
0.17481965
0.18421325
0.6236335
0.6036511
0.16562359
0.15061107
0.20275451
0.23987514
0.83003026
0.8403603
0.1422122
0.0917266
0.08006721
0.090827055
0.17837235
0.104660384
0.070708506
0.06792142
0.08725513
0.062415008
0.065606415
0.11961942
0.8880802
0.9332601
0.9316129
0.77831036
0.085616894
0.07775559
0.120119646
0.81309646
0.14488737
0.07760694
0.07823232
0.13688675
0.13677995
0.16594185
0.22594057
0.71576595
0.83338195
0.8222614
0.15722993
0.11889159
0.16467023
0.1019587
0.100760475
0.17143421
0.15036912
0.1459139
0.684963
0.7510617
0.8935313
0.8817273
0.19153912
0.234334
0.12912002
0.079033464
0.07637047
0.099664085
0.08138037
0.073990755
0.076423965
0.0903085
0.14548886
0.8523339
0.77933836
0.8859157
0.85874695
0.11998194
0.08324756
0.097273156
0.10688797
0.70278406
0.8196601
0.1697057
0.17363621
0.32407072
0.87224895
0.92493474
0.9224865
0.83841425
0.20904297
0.23132302
0.21371563
0.8552005
0.8609675
0.15355057
0.16777201
0.11769554
0.13853519
0.69180584
0.8262737
0.7653614
0.85804576
0.8317104
0.18218023
0.13930412
0.16409847
0.1692101
0.73427117
0.87259716
0.81380504
0.8848227
0.76432896
0.14862558
0.18080069
0.11274116
0.077190675
0.075305305
0.08134015
0.111850396
0.72620505
0.85935366
0.7922502
0.8845415
0.8743478
0.70470005
0.6857483
0.78969014
0.19597793
0.2403614
0.23657218
0.21322522
0.8608847
0.8622686
0.14985795
0.13908981
0.62192196
0.28366432
0.87937015
0.9026969
0.9054009
0.9178841
0.8788684
0.22047843
0.5778992
0.1956005
0.21325792
0.8531716
0.8560869
0.18100776
0.19468652
0.20879866
0.24836853
0.846202
0.8773969
0.80269027
0.8603493
0.8086066
0.77119863
0.8004507
0.25852162
0.21888798
0.28449616
0.79004014
0.7825184
0.8634799
0.86020774
0.7335776
0.43393764
0.26514795
0.20588033
0.22937782
0.7939512
0.6858503
0.1400469
0.18297417
0.09510628
0.06823874
0.065502614
0.06894897
0.086993836
0.06621808
0.0667959
0.069619074
0.118555695
0.83572215
0.8430723
0.89258534
0.09811424
0.05715877
0.05204827
0.05646559
0.08632749
0.84629107
0.8791039
0.8977693
0.92391175
0.91308117
0.91280293
0.92640823
0.919793
0.9118731
0.8983159
0.08537222
0.058822684
0.081093155
0.06955592
0.111439645
0.8831161
0.8706807
0.9092784
0.2877064
0.09483794
0.15949182
0.07043496
0.08089826
0.06445518
0.06480984
0.07531994
0.17580359
0.15158498
0.1356964
0.70481277
0.67343545
0.13639721
0.12862606
0.25429833
0.1501755
0.09539558
0.08763342
0.087414466
0.097552404
0.13281293
0.6377342
0.1764855
0.21194808
0.628017
0.15189652
0.15874407
0.15005434
0.6739797
0.14285988
0.07439628
0.061798222
0.066714406
0.11326791
0.14605907
0.8949525
0.9185151
0.9280727
0.923217
0.9030883
0.89674324
0.9128382
0.9004275
0.8997722
0.909744
0.8229
0.12926854
0.15313427
0.16996859
0.7826431
0.16201447
0.14171717
0.3106854
0.66942865
0.6500571
0.2400095
0.44486344
0.29142258
0.8176135
0.15525445
0.08974537
0.080564864
0.07448436
0.07972381
0.0962399
0.1871052
0.6568314
0.25159833
0.18999425
0.26109895
0.8470758
0.85793376
0.6701052
0.26805753
0.41996855
0.6234284
0.60106045
0.21231653
0.20851547
0.40532047
0.7903184
0.7000055
0.72132635
0.8477742
0.76944137
0.8666023
0.30696246
0.07878618
0.0558979
0.0538292
0.055616822
0.0600484
0.094814785
0.073182456
0.13202587
0.9125563
0.9367369
0.9421845
0.8674904
0.07176388
0.050308906
0.053827964
0.058722943
0.06484473
0.07203764
0.0708664
0.072995044
0.08851742
0.12535842
0.7190556
0.17135814
0.0768476
0.07299985
0.06708148
0.059592135
0.06474574
0.11106252
0.8697433
0.92132777
0.860982
0.781915
0.09186351
0.0736756
0.09933517
0.69465405
0.09453344
0.07045895
0.056773573
0.062229443
0.11930564
0.9102546
0.93709654
0.940668
0.9254851
0.078389205
0.047833886
0.04515038
0.04956413
0.052167796
0.05431514
0.062467232
0.11161946
0.8869411
0.85103834
0.80613786
0.8082049
0.14804946
0.06727739
0.061048433
0.093113385
0.06842698
0.07569323
0.13751557
0.69134986
0.4234007
0.87334067
0.881463
0.9129027
0.90779245
0.8584384
0.87326837
0.8929936
0.8809242
