0.8694618
0.8712079
0.7766506
0.22554684
0.20608279
0.1664297
0.2280024
0.8716801
0.9162235
0.91299635
0.8406133
0.77766186
0.73761797
0.72627205
0.7322522
0.17791744
0.17488638
0.09509218
0.07722025
0.0664265
0.09208647
0.070757195
0.06509061
0.09726361
0.12203347
0.8341813
0.21801388
0.18018226
0.8899663
0.9388913
0.94116306
0.87973374
0.074591756
0.061164625
0.047774304
0.052738097
0.061727818
0.097641796
0.7831704
0.7983639
0.13048846
0.08417314
0.12044137
0.1316931
0.11462898
0.12030949
0.7202896
0.7696528
0.84886676
0.90629554
0.89704436
0.9179088
0.92092276
0.9122889
0.8656608
0.18528827
0.16371429
0.24311714
0.29085076
0.8642923
0.91037357
0.9160829
0.91354704
0.90969884
0.9055993
0.90020096
0.9037963
0.90591174
0.9049731
0.8977892
0.8765362
0.86191416
0.8680184
0.8961646
0.90632355
0.90177137
0.85215354
0.7497743
0.72356313
0.8038258
0.28231707
0.1979967
0.18209006
0.17243639
0.73911446
0.88258207
0.78116155
0.14449844
0.09277932
0.11135777
0.69208664
0.17349546
0.08089665
0.061337065
0.06922252
0.123126574
0.90462565
0.9366686
0.94394785
0.936118
0.9176097
0.09261929
0.07986605
0.053213306
0.067305304
0.058238093
0.056288578
0.06665101
0.1511862
0.83125335
0.8454371
0.8423375
0.7798917
0.21755782
0.28335115
0.2957878
0.4316881
0.83961874
0.91161376
0.9190038
0.9012076
0.86257833
