0.8602322
0.8906476
0.87442625
0.5523696
0.21743844
0.14991684
0.14248718
0.17164187
0.7087427
0.84352136
0.75942785
0.8215035
0.38830417
0.18563959
0.24490555
0.2120646
0.506836
0.2253382
0.14195637
0.17280051
0.21121694
0.7080845
0.8347741
0.6920503
0.63794655
0.65385866
0.19961372
0.09002159
0.0795853
0.13888802
0.12852658
0.1778825
0.8020979
0.1328062
0.099848285
0.17122167
0.8713823
0.7597415
0.08974588
0.057663158
0.051241193
0.053930137
0.064285636
0.121477224
0.12588435
0.11378559
0.86476994
0.91378224
0.93740976
0.941621
0.9405272
0.91979253
0.8573968
0.07097046
0.05975416
0.071911626
0.120471686
0.06298112
0.063907064
0.09655406
0.096998475
0.062168457
0.0622687
0.09141659
0.85034806
0.92338294
0.91049004
0.13380842
0.14225972
0.0886763
0.06341024
0.07071149
0.13200915
0.7663905
0.279601
0.22719452
0.17053494
0.19756714
0.7275351
0.25965434
0.13681675
0.083188325
0.10133854
0.077155374
0.074193016
0.087673336
0.14890504
0.09470685
0.102529295
0.18156515
0.14203915
0.12439942
0.19723237
0.7821277
0.85649097
0.9185593
0.9180414
0.83503044
0.75205785
0.2865942
0.16129301
0.23892608
0.23006515
0.32163084
0.7954247
0.48241603
0.3340845
0.2561931
0.15106887
0.18444699
0.7697318
0.8917571
0.873103
0.91198844
0.89545137
0.91082007
0.87418395
0.14180958
0.117504075
0.16668463
0.19975773
0.365095
0.869443
0.89625347
0.9135308
0.8840558
