0.27633068
0.18708487
0.19590008
0.44209957
0.7557374
0.8498336
0.72858363
0.6364482
0.27656862
0.346359
0.36125538
0.868236
0.91041356
0.9040706
0.8350224
0.78747845
0.7844206
0.81241995
0.8599242
0.79547226
0.77326703
0.8271424
0.38633826
0.24663813
0.24996473
0.11800513
0.11944156
0.09506413
0.1256836
0.14357556
0.19756722
0.092704564
0.08770941
0.14374712
0.09343283
0.15163153
0.11620861
0.30755132
0.8987051
0.91439855
0.7832977
0.1053827
0.068262085
0.07887244
0.12116199
0.1232764
0.8096146
0.8770136
0.099639885
0.059404533
0.050215337
0.056657117
0.064160936
0.17464587
0.90014684
0.9089153
0.912492
0.9317432
0.92313147
0.9163481
0.91346914
0.17632177
0.06326547
0.07431704
0.06170105
0.10259072
0.1437073
0.862058
0.8911202
0.1106593
0.081312865
0.09737202
0.079535015
0.15203367
0.697191
0.12121389
0.07496402
0.08612205
0.16136944
0.18231186
0.91148895
0.93669564
0.8905065
0.091322556
0.07567818
0.108346954
0.070587
0.10703912
0.092105076
0.09057418
0.08421049
0.07278666
0.07304693
0.06653488
0.0662061
0.0815375
0.090489276
0.18546994
0.22423679
0.7358884
0.73821306
0.8324952
0.37152076
0.17124626
0.1916439
0.17539975
0.3296415
0.77094644
0.2383754
0.13888724
0.122419156
0.17248149
0.111234486
0.11740776
0.23104972
0.3253548
0.7277279
0.7303277
0.7391482
0.7401689
0.17626853
0.11718718
0.080593064
0.09440077
0.10041337
0.09077855
0.113131665
0.2762134
0.8187637
0.7410583
0.8215107
0.24592553
0.12231742
0.095082045
0.0958453
0.17823975
0.103140414
0.124189556
0.1240111
0.11780516
0.11013425
0.10323584
0.09270155
0.1640612
0.81228846
0.15295982
0.16433702
0.111647226
0.2488723
0.8335934
0.22645411
0.19099805
0.394757
0.9009326
0.89597756
0.089869834
0.058693502
0.060787648
0.094831534
0.8469329
0.89041626
0.91007626
0.919199
0.91791445
0.9052554
0.3080321
0.14837497
0.6629977
0.13590384
0.16280797
0.8786444
0.8944459
0.18172847
0.15273653
0.12533022
0.65486157
0.12229728
0.090054676
0.13590328
0.7162638
0.29604757
0.8470817
0.25989562
0.10705888
0.15336102
0.13729715
0.095108725
0.14847256
0.110078044
0.19594063
0.20824768
0.22106221
0.23634571
0.22550876
0.2030397
0.8706248
0.88110816
0.86789185
0.88910687
0.9184595
0.9195955
0.895046
0.9121537
0.88217694
0.12922868
0.119890794
0.13102362
0.14197554
0.15803176
0.17128894
0.18160358
0.7499906
0.876832
0.88624907
0.9077098
0.90184
0.8682521
0.869701
0.88472337
0.9016522
0.90588534
0.90392894
0.89917004
0.9024333
0.9039249
0.90166014
0.89375514
0.8880495
0.88897294
0.89529175
0.89706016
0.90736425
0.91514677
0.91869676
0.9112761
0.846091
0.34555545
0.10120062
0.08695076
0.11695369
0.07513409
0.07760297
0.13752905
0.27225077
0.8788745
0.9134287
0.9287568
0.9287219
0.9239605
0.9038695
0.92125136
0.8918077
0.84114504
0.122112036
0.07925864
0.05629154
0.055411294
0.072724864
0.07362847
0.09382887
0.17998964
0.76355296
0.8341229
0.88251346
0.911991
0.91069376
0.8899298
0.87265676
0.8623227
0.8558632
0.856314
0.8662098
0.8881456
0.87743586
0.86955154
0.71818036
0.5036632
0.31809294
0.32751673
0.2260336
0.19920902
0.21817757
0.12417212
0.12176268
0.20967337
0.20834379
0.84021807
0.7849153
0.740127
0.7805074
0.8713638
0.8214516
0.81849295
0.8948054
0.9093825
0.9072243
0.89005613
0.8080488
0.7872531
0.8620486
0.8392794
0.207557
0.16290909
0.2704746
0.29004702
0.22223468
0.81435704
0.6809143
0.0959179
0.076765135
0.06883911
0.11448102
0.09967228
0.11277398
0.1897286
0.8507547
0.1342591
0.07199251
0.05996748
0.09390622
0.10436038
0.07916931
0.22122633
0.8914164
0.9223783
0.93436253
0.9396299
0.899922
0.090073094
0.062240843
0.057941638
0.05751121
0.059535805
0.11339456
0.22556159
0.8911698
0.9149864
0.25160533
0.11674109
0.06240856
0.06210634
0.06941189
0.12750028
0.15039009
0.81686884
0.13549045
0.1121926
0.10672163
0.09724367
0.13734627
0.8040724
0.7140161
0.8295235
0.70869696
0.6495857
0.65858394
0.64717686
0.11974903
0.09310711
0.11268923
0.6648019
0.14187492
0.08673403
0.12282032
0.0950636
0.08750945
0.38604867
0.90643525
0.9298134
0.9288573
0.9344484
0.9353154
0.9225746
0.9111738
0.103560425
0.051742952
0.04784044
0.05765935
0.07416262
0.2118057
0.83889014
0.80727965
0.10692637
0.06719225
0.067613564
0.10537147
0.114313215
0.08181473
0.082286775
0.1181417
0.11709008
0.26519704
0.22115314
0.32279465
0.20265594
0.16619797
0.108885325
0.101829186
0.13370006
0.11375176
0.13011776
0.20082797
0.32907245
0.6879729
0.7884809
0.7250999
0.80324924
0.6972783
0.65642
0.25708672
0.18404526
0.2527622
0.16883473
0.14007476
0.11138162
0.08456681
0.10065414
0.11274601
0.7373236
0.8378517
0.17153063
0.20550582
0.20689884
0.27087203
0.8213503
0.17058092
0.18555814
0.8264224
0.8481876
0.18395258
0.10107295
0.058446135
0.05854015
0.08745996
0.86474067
0.91261584
0.9285253
0.92854404
0.91164744
0.080361836
0.05402955
0.050759487
0.06301782
0.109020665
0.85025233
0.86347795
0.83778405
0.836133
0.8340761
0.24865556
0.15705206
0.7081278
0.13793416
0.10849622
0.1075345
0.11968551
0.7272098
0.69900966
0.146247
0.17841807
0.10724437
0.15895598
0.117939055
0.18664294
0.1810381
0.17787813
0.44283712
0.84531796
0.86042094
0.7688016
0.7391459
0.8184013
0.7294527
0.66532767
0.18960446
0.15896817
0.1795336
0.16117388
0.2618861
0.2850913
0.25760028
0.32742107
0.2793424
0.7933716
0.6875334
0.66603506
0.6571984
0.6479136
0.649996
0.19149631
0.19074912
0.7836017
0.12698635
0.097524755
0.08668526
0.1481627
0.72501767
0.15802377
0.068170525
0.06067548
0.06123962
0.06373205
0.07560232
0.1687197
0.8457419
0.14872184
0.1644362
0.14269653
0.08686881
0.079228014
0.23744701
0.89934796
0.9240627
0.9219933
0.893553
0.08380312
0.051448885
0.049456295
0.058693577
0.07374736
0.11924588
0.75162536
0.13242166
0.07555302
0.08148187
0.13434345
0.7235079
0.11390031
0.069603816
0.06421276
0.06362974
0.06097589
0.06256306
0.087791875
0.1200605
0.8781253
0.8943197
0.86548334
0.086917914
0.0558449
0.04921777
0.05308561
0.07010825
0.071739905
0.0862789
0.1670451
0.8727995
0.9242028
0.9342157
0.9304667
0.8944135
0.91456383
0.80063826
0.08583748
0.0984434
0.06556645
0.05942308
0.060101572
0.06257825
0.10617213
0.8980574
0.9349724
0.90217334
0.0895499
0.06407031
0.10350051
0.1458307
0.1256429
0.07161784
0.062268667
0.06321415
0.0723549
0.12746589
0.80209225
0.23348606
0.115281455
0.106706336
0.06481557
0.06551352
0.11110876
0.84008664
0.8881281
0.93042874
0.92560273
0.82035065
0.72414166
0.10875834
0.12302094
0.1614848
0.13397987
0.136766
0.13284922
0.5636987
0.2532182
0.18625727
0.2931244
0.76670235
0.8617132
0.8281492
0.8661887
0.8206363
0.8615136
0.8219874
0.8920624
0.89295447
0.77986413
0.12093691
0.113161236
0.09395463
0.074210085
0.09114599
0.12085042
0.8755597
0.9232538
0.8584915
0.100995265
0.09643964
0.07093526
0.10726569
0.12934151
0.123680644
0.76593447
0.8932626
0.88663816
0.38208365
0.23041597
0.17920703
0.123610616
0.11272945
0.14226317
0.8771822
0.89655435
0.88184315
0.8608307
0.8787653
0.9048478
0.92583454
0.9198316
0.83474034
0.1244703
0.16765986
0.1691856
0.15051329
0.1752868
0.31942183
0.8849889
0.9086041
0.83530194
0.8396957
0.20583795
0.2087621
0.2082791
0.6879419
0.76423454
0.8593264
0.7567886
0.26669884
0.17257322
0.16376092
0.24498335
0.8700928
0.9158227
0.923225
0.92187196
0.91348463
0.8794663
