0.844395
0.8882826
0.8996056
0.8992116
0.9040416
0.90776074
0.9093871
0.9085863
0.90102357
0.8596051
0.80888224
0.83127254
0.7213014
0.6318461
0.35852754
0.3275178
0.77615666
0.35937697
0.1371192
0.10625098
0.10379996
0.14133742
0.1854689
0.8735208
0.91058594
0.89650613
0.7559263
0.8162478
0.13014622
0.115328655
0.112525545
0.119302735
0.150778
0.8089885
0.9158546
0.9196837
0.8033436
0.70903677
0.14993271
0.09784667
0.1475088
0.1776791
0.1667405
0.77270234
0.62732214
0.6281565
0.79692984
0.57419276
0.11501074
0.101801276
0.17166173
0.6682886
0.2362229
0.14473301
0.4031804
0.9023189
0.93130976
0.93067724
0.90528786
0.24698019
0.099739246
0.1262283
0.8271606
0.9044669
0.84037507
0.7897675
0.75760144
0.7109542
0.10813056
0.097370066
0.18405011
0.889332
0.9104978
0.7460722
0.10881219
0.08656759
0.12746896
0.6608655
0.13637197
0.094336905
0.12494178
0.68596673
0.107539006
0.07494365
0.07403961
0.082786076
0.07211104
0.07866402
0.07706095
0.071475044
0.06605801
0.1126547
0.9003297
0.92154706
0.93342143
0.9301261
0.93630666
0.93638724
0.91024274
0.84482086
0.067809306
0.048468273
0.051153697
0.08074077
0.061621804
0.06422845
0.0993744
0.06800596
0.07571273
0.12516242
0.85643125
0.79388857
0.89773315
0.8852891
0.18331072
0.0930941
0.09817723
0.09088502
0.077508666
0.12436581
0.89458096
0.92831737
0.9355787
0.934431
0.9246606
0.82498723
0.76191
0.72697604
0.0730706
0.051579434
0.049680334
0.058265243
0.08006754
0.23448926
0.73887455
0.7765296
0.907496
0.9289469
0.93087107
0.91748905
0.80637175
0.104692526
0.079401664
0.06915519
0.07231421
0.094207555
0.15381587
0.1595098
0.43662107
0.7786355
