0.82217824
0.17763916
0.08222113
0.069067955
0.0844866
0.08032069
0.13501064
0.8828283
0.8451448
0.8920244
0.096418865
0.059765693
0.061626967
0.08152652
0.05856148
0.06490532
0.09101932
0.84094906
0.90197575
0.82760245
0.8252995
0.89047015
0.922444
0.8092327
0.07899359
0.07337889
0.05441839
0.06510642
0.0860631
0.068360195
0.09061193
0.74812037
0.88791394
0.89852
0.7726847
0.75288
0.13371845
0.08469331
0.060172223
0.062364012
0.09450895
0.85068506
0.9254132
0.91403985
0.097152054
0.054009788
0.04838765
0.054362323
0.08331718
0.849467
0.9114222
0.94017977
0.9210077
0.08554915
0.054402348
0.055036835
0.07778337
0.13262422
0.8084655
0.11552229
0.07417898
0.08025927
0.15017217
0.14768733
0.74846864
0.8648317
0.8593803
0.12258849
0.07324183
0.06116539
0.067128845
0.09727838
0.70433766
0.6842155
0.660074
0.14100952
0.16447388
0.17955326
0.64107573
0.13580649
0.17005385
0.25643837
0.86868495
0.9213852
0.9209547
0.8509309
0.8583305
0.9183061
0.9022696
0.14959429
0.09601159
0.10187272
0.5742916
0.12293781
0.10729318
0.111540705
0.6813631
0.70101815
0.78874516
0.9146824
0.92352676
0.89054036
0.10644985
0.08827434
0.08003434
0.07129701
0.10708236
0.84004635
0.8947459
0.9169375
0.9287479
0.9254203
0.931228
0.92789245
0.89667654
0.09574947
0.07509667
0.13977371
0.19033696
0.20474078
0.8884351
0.887826
0.097726524
0.061221577
0.054893684
0.057241198
0.066688046
0.08844293
0.19834563
0.18439876
0.30081177
0.3119902
0.8413297
0.70264715
0.6790279
0.75274414
0.9000913
0.9082519
0.8109523
0.7418737
0.34482995
0.22961104
0.2878874
0.14956608
0.08281554
0.07336259
0.08620133
0.14739983
0.111970946
0.16365139
0.18250035
0.7750453
0.61968464
0.14776139
0.126016
0.16330431
0.21743025
0.18878166
0.7513201
0.80664825
0.84928226
0.88905853
0.78734607
0.70748216
0.3783693
0.29653603
0.86861044
0.883838
0.3232096
0.12735587
0.14785698
0.84230775
0.91061795
0.84838384
0.7280844
0.11152772
0.1060453
0.23236896
0.87689763
0.8786823
0.25241798
0.40283766
0.86006635
0.7210647
0.11517008
0.10927805
0.085682586
0.09378312
0.1475396
0.8099568
0.6763329
0.15890408
0.23052761
0.08500615
0.06834282
0.070667244
0.09956544
0.7379529
0.73826355
0.84800005
0.115978904
0.07663953
0.07901974
0.19281347
0.8975175
0.9255456
0.9155439
0.8995914
0.8889358
0.88859123
0.92095876
0.82406586
0.07000594
0.04905903
0.049445573
0.054319385
0.058471233
0.06128967
0.06542711
0.08392534
0.13870122
0.151029
0.7341409
0.83908695
0.7582692
0.7989081
0.8943139
0.9007435
0.8480993
0.84323025
0.8367984
