0.8360107
0.83571935
0.25152066
0.14497477
0.1344362
0.1468268
0.30398673
0.86855894
0.9043011
0.8891906
0.7539135
0.7253715
0.8128258
0.224918
0.11008426
0.08876692
0.09117385
0.11630351
0.6605032
0.7064815
0.7348191
0.8528353
0.69816643
0.11276893
0.10143653
0.082436554
0.120500214
0.1793942
0.10193017
0.11237281
0.07890711
0.07435363
0.090973124
0.08847268
0.1701618
0.14123435
0.7917518
0.8831475
0.76887256
0.7477396
0.8634184
0.12040544
0.09548682
0.08141307
0.15763155
0.07811208
0.069850564
0.06906964
0.068521366
0.072952434
0.08423695
0.14134045
0.652455
0.15500656
0.1527003
0.76362425
0.8919445
0.8896719
0.67048496
0.17023487
0.2085472
0.833141
0.85334384
0.29666385
0.15481217
0.16616182
0.46793693
0.63210666
0.7007707
0.85096115
0.87508154
0.8564857
0.71651316
0.16219379
0.15160061
0.09765496
0.08349467
0.08068703
0.08192619
0.0845782
0.098859884
0.15788543
0.5734569
0.567419
0.61344236
0.76928884
0.36023054
0.22063106
0.29068938
0.77495253
0.6541408
0.5927109
0.13100976
0.11910524
0.08396811
0.08516733
0.09677193
0.19703946
0.19098152
0.1024992
0.09728153
0.12299084
0.68890715
0.68137276
0.81910735
0.327556
0.23451033
0.14242324
0.16980079
0.24726856
0.876353
0.90810674
0.8948427
0.69383645
0.09631524
0.117371164
0.11077072
0.07469017
0.06489502
0.059392944
0.05931513
0.06457745
0.09404458
0.7430891
0.6997577
0.21966134
0.7331153
0.16816294
0.09677047
0.1311876
0.8072913
0.117857724
0.08605891
0.15778655
0.1693568
0.8998008
0.93310755
0.9229732
0.92975533
0.81785834
0.071806096
0.058045324
0.06472086
0.11950375
0.8685957
0.76739556
0.0986291
0.077463165
0.11271117
0.68766636
0.089412995
0.0593817
0.05683133
0.06271179
0.07818245
0.13776696
0.91167235
0.9380471
0.92588776
0.8636714
0.077415064
0.05717349
0.0714071
0.06718105
0.13221031
0.89379156
0.9336581
0.91563785
0.086164504
0.05300272
0.0485173
0.055223785
0.08448169
0.8210509
0.9131765
0.9044922
0.28206137
0.15517585
0.14821775
0.1537218
0.79924494
0.16346657
0.093357556
0.10861733
0.74811095
0.7769076
0.89222544
0.74013716
0.10576867
0.09973588
0.20322885
0.75321585
0.8493948
0.12014931
0.08325752
0.12582508
0.09316328
0.2041093
0.9019122
0.90638024
0.87678003
0.16585657
0.09119075
0.07814304
0.069564134
0.10511263
0.7390168
0.16479163
0.07443645
0.067888476
0.09935838
0.16416831
0.7817403
0.8797492
0.75259656
0.36317068
0.81987697
0.14455026
0.10271275
0.13386737
0.13582113
0.11704964
0.13883531
0.67902035
0.64182484
0.2613245
0.43091962
0.33372226
0.84756726
0.83891165
0.19338877
0.16413788
0.26222906
0.703882
0.8469015
0.7262557
0.27717963
0.11077084
0.09112999
0.11638171
0.08868958
0.09280873
0.13134477
0.10625178
0.11304129
0.24932873
0.15810502
0.11524231
0.11639224
0.14373752
0.6812115
0.8228266
0.8970366
0.8951029
0.8772597
