0.65178716
0.27894184
0.22136755
0.30933404
0.8510376
0.8882803
0.80255806
0.849229
0.6668245
0.11357156
0.09213942
0.103633285
0.18616532
0.1603453
0.32678977
0.5485696
0.85801643
0.8606554
0.6696478
0.23213586
0.19331074
0.16076376
0.27324453
0.2316264
0.80702037
0.6841299
0.15776043
0.09006038
0.08953791
0.07693762
0.09754037
0.7974006
0.91747785
0.92935526
0.89742285
0.104206644
0.080217935
0.12845768
0.101994544
0.14128812
0.77735996
0.6629196
0.63670236
0.7493078
0.19013731
0.154552
0.19764018
0.8538291
0.8815764
0.7008322
0.15534738
0.1428519
0.18394251
0.79456246
0.8113505
0.66500616
0.66128993
0.1330407
0.09661592
0.11356781
0.107019044
0.07928934
0.08337714
0.15486255
0.1298795
0.74981487
0.7996759
0.91220045
0.89374536
0.10776085
0.08243954
0.069407575
0.09643582
0.1528677
0.15789737
0.09969928
0.11500088
0.65434694
0.6489723
0.18654945
0.14994998
0.11978798
0.08025391
0.08932845
0.06970624
0.08181962
0.077828914
0.14096841
0.8419233
0.8887993
0.93056405
0.93763196
0.93616974
0.92403644
0.7856624
0.07200057
0.06064597
0.09224679
0.07203831
0.11538703
0.08755807
0.13761997
0.115056664
0.20688319
0.64373773
0.7050764
0.8191862
0.8163819
0.15996556
0.102079295
0.08682285
0.09324642
0.1647435
0.6713815
0.1096868
0.08349735
0.11286931
0.1847114
0.15146995
0.08078593
0.09393891
0.06767602
0.07165523
0.106145
0.75535756
0.7091249
0.10052925
0.06775899
0.07275997
0.16534302
0.81633186
0.7995509
0.7718978
0.13010274
0.12524958
0.6874066
0.08732573
0.05622568
0.053453058
0.054837305
0.0668448
0.23283143
0.9206546
0.9426487
0.92491233
0.18657377
0.05628085
0.047824875
0.051953606
0.061772816
0.10332801
0.8104106
0.14422022
0.1311722
0.8337004
0.89537406
0.93542707
0.93093276
0.82776153
0.08800354
0.061882406
0.0674912
0.118233144
0.8311871
0.88122284
0.10508516
0.06428739
0.064322144
0.09742232
0.19726089
0.8459474
0.22321714
0.16535921
0.18901414
0.14485642
0.1652983
0.63185793
0.10616956
0.08384732
0.091623865
0.12166255
0.2911599
0.8756298
0.9056522
0.9084812
0.8990245
0.8693731
0.74349076
0.6592425
0.59482825
0.22634625
0.2072708
0.23324579
0.68672734
0.80810744
0.6849028
0.6169931
0.15275389
0.13021815
0.14702472
0.5079352
0.24295664
0.23887187
0.24162588
0.30591452
0.34854153
0.3428552
0.6010807
0.87912726
0.8840575
0.17741345
0.07234216
0.057841226
0.058785245
0.06506695
0.06026212
0.057955522
0.05833263
0.06963458
0.18578885
0.9180219
0.939179
0.9230226
0.08911448
0.050152257
0.044714425
0.04829839
0.05100426
0.06193327
0.113112696
0.1150314
0.8876693
0.9223357
0.9394446
0.94365215
0.9226637
0.09189218
0.07315937
0.115716845
0.084700085
0.110375576
0.068633966
0.07331313
0.113129854
0.1567064
0.10110895
0.0847146
0.07106332
0.06697743
0.063654654
0.060708225
0.061613124
0.08221772
0.18222596
0.8176758
0.89594036
0.7787163
0.12940107
0.08235452
0.09497817
0.11455564
0.16969065
0.17760321
0.15485415
0.094823994
0.10904698
0.11467972
0.74615175
0.877764
0.771278
0.86694807
0.0934345
0.05515537
0.04873675
0.05174118
0.05740965
0.08959371
0.12032916
0.8537463
0.5779331
0.8645178
0.8984665
0.91101253
0.92335933
0.9030523
0.91806483
0.86793095
0.8175255
0.3591311
0.8578974
0.0969271
0.06537778
0.050543908
0.051755667
0.057536192
0.061137225
0.08859948
0.7620154
0.75707006
0.78225356
0.868954
0.16092855
0.16704619
0.080555715
0.07530465
0.10744868
0.121155635
0.30098283
0.46702752
0.8055808
0.37066516
0.27443257
0.21223944
0.31835958
0.75654477
0.833687
