0.68936753
0.20545761
0.13259174
0.12147189
0.15413938
0.15831128
0.63269144
0.66220623
0.7309922
0.86095893
0.85064435
0.6812242
0.12519692
0.09322465
0.09229746
0.13064177
0.19846608
0.19350027
0.28111127
0.24865782
0.83346736
0.8407683
0.34325555
0.2634234
0.6773215
0.8298095
0.6961622
0.13921578
0.1309095
0.11502787
0.08854445
0.11916146
0.16549012
0.078912206
0.07452907
0.06322078
0.06172491
0.06756924
0.1034973
0.81740254
0.8797568
0.1975591
0.16329888
0.12833488
0.6765509
0.09439027
0.07170679
0.0759037
0.09457405
0.23466744
0.89988756
0.93866026
0.9423279
0.9211409
0.11183601
0.062614515
0.08441721
0.09876241
0.11927184
0.8182712
0.1907687
0.1615882
0.3544174
0.8892724
0.78910977
0.08305188
0.05646102
0.0542367
0.065559745
0.11776523
0.87340444
0.83422244
0.8998168
0.7566546
0.7113435
0.09272135
0.07758343
0.074947424
0.1333569
0.85844046
0.89379674
0.10644958
0.07360324
0.054910723
0.060724087
0.09321578
0.87636906
0.92678744
0.9399964
0.8848178
0.07375582
0.050846353
0.050050855
0.06503608
0.12190131
0.85612065
0.84462595
0.16681324
0.08535635
0.10459838
0.113661356
0.8517961
0.9232867
0.9289761
0.89210814
0.15640907
0.16295856
0.78365743
0.8335567
0.8787374
0.10076087
0.06490497
0.06605277
0.10583357
0.18734513
0.17280868
0.25838685
0.28165582
0.23245461
0.81036866
0.680292
0.18027449
0.22846267
0.13710251
0.17592545
0.23316167
0.15477441
0.102035604
0.09111987
0.100851096
0.13752617
0.14654617
0.120556936
0.16298816
0.22564489
0.14988483
0.13496788
0.14704673
0.08512158
0.10190929
0.1446519
0.7461704
0.7428407
0.106428996
0.06469359
0.057610925
0.05716024
0.05620955
0.054273084
0.060576465
0.090038
0.8772857
0.91785496
0.9393879
0.94093907
0.92091054
0.87924135
0.8343932
0.08220859
0.08513014
0.05859614
0.08945592
0.06362397
0.068367906
0.10863174
0.117265634
0.07485329
0.09116396
0.07088195
0.09718566
0.17992274
0.7236483
0.677972
0.20656264
0.14620622
0.16371314
0.12924625
0.25275084
0.7303729
0.8442928
0.11251971
0.06340852
0.05616796
0.0564736
0.05618422
0.05670371
0.06471344
0.11920384
0.87278956
0.9182039
0.8653916
0.9131392
0.7409154
0.07541867
0.059904903
0.06842304
0.12242499
0.8433028
0.7500716
0.7054417
0.11900581
0.092622995
0.10199666
0.15571263
0.80959594
0.7303005
0.821567
0.15485743
0.11814928
0.08374481
0.08826827
0.16322295
0.8042139
0.15494397
0.13520522
0.1550472
0.8709361
0.8634512
0.9238586
0.8876877
0.89338195
0.085024215
0.05598742
0.057512514
0.09896009
0.07279315
0.08653145
0.18683985
0.17086615
0.7537948
0.1968817
0.18212941
0.13977616
0.16381466
0.7278236
0.84632343
0.7053406
0.6165692
0.113785855
0.09573727
0.14438805
0.13654359
0.55925775
0.63422424
0.7638653
0.23311625
0.21701428
0.7448508
0.1639369
0.14752701
0.15189119
0.7633778
0.17832117
0.18897021
0.8827674
0.91767466
0.8484405
0.88584626
0.10987244
0.06507184
0.05514389
0.06381976
0.17632629
0.8970193
0.9345443
0.91791916
0.09243402
0.05335955
0.05091712
0.067508526
0.09448782
0.8790754
0.9303748
0.9435914
0.9236433
0.0871946
0.059204474
0.055480435
0.074325785
0.14294466
0.8588982
0.15433963
0.06764365
0.06239267
0.08042938
0.06817534
0.07651305
0.13602966
0.8363254
0.16684842
0.092360295
0.10776501
0.6370315
0.12556644
0.124498904
0.66942555
0.64752114
0.11023841
0.08437389
0.12078462
0.1160674
0.8183417
0.9197314
0.9244092
0.817704
0.20247075
0.13377777
0.66048133
0.087926865
0.06155494
0.06457483
0.110491715
0.8892242
0.92859715
0.8673826
0.08228456
0.057484686
0.059971686
0.094554104
0.71823454
0.15776657
0.26938063
0.9049979
0.9298667
0.9020684
0.10174789
0.081848025
0.07623507
0.0995675
0.7523173
0.83920234
0.88015497
0.90420157
0.9175131
0.91000724
0.91085684
0.8945894
0.88804
0.816462
0.8269346
0.8967267
0.9089968
0.8986724
0.9163693
0.9171912
0.88366526
0.29960015
0.279763
0.17131612
0.18825948
0.36373365
