0.68851584
0.35769388
0.56468683
0.19383748
0.17493473
0.13873409
0.17476746
0.23742303
0.76300806
0.84901917
0.89925504
0.878147
0.90749395
0.9133753
0.91238654
0.90913355
0.8996804
0.8598163
0.8860034
0.83804196
0.8506419
0.12134938
0.07484771
0.06740251
0.074462675
0.14301494
0.17368932
0.1842067
0.17728974
0.8795213
0.8869088
0.88690865
0.8904965
0.90269166
0.15907942
0.09239713
0.080965996
0.06999463
0.05924427
0.06293043
0.081916094
0.19416568
0.87422013
0.89666045
0.8804035
0.75396454
0.70451397
0.6670442
0.6535736
0.54215884
0.15895882
0.12818421
0.12831995
0.22065285
0.16621608
0.6070705
0.16457604
0.17463736
0.22564918
0.21855155
0.16334665
0.15215603
0.15405315
0.20953952
0.18994817
0.23040444
0.78507596
0.15670778
0.12810518
0.6000783
0.0985242
0.07797359
0.10447366
0.723772
0.7396742
0.16452067
0.080727205
0.089456216
0.13728869
0.12688851
0.840171
0.8753043
0.887577
0.8965938
0.9290672
0.8917352
0.79779273
0.07469738
0.058741014
0.055549864
0.06920954
0.16461588
0.8755067
0.865352
0.14190885
0.11997577
0.19773264
0.7623699
0.23625343
0.2504516
0.80562514
0.77561295
0.86985224
0.8653012
0.71443504
0.23594952
0.2924971
0.25198987
0.18911275
0.17209852
0.15590036
0.5730334
0.65651363
0.68030554
0.69155365
0.68500733
0.25382552
0.24342714
0.20093255
0.13840193
0.11906224
0.09284591
0.12824135
0.17147133
0.10001615
0.1136775
0.10079109
0.1484777
0.6273847
0.7175826
0.87746036
0.88289225
0.751881
0.74029976
0.88776445
0.90115863
0.8609495
0.12361979
0.09747059
0.1458143
0.1181238
0.18505868
0.31655514
0.78140664
0.3462478
0.3137888
0.11231138
0.082201175
0.07770069
0.086574525
0.1304212
0.1590864
0.19627735
0.64273405
0.13445167
0.122689694
0.09183726
0.11215699
0.107153594
0.1712725
0.737172
0.7684899
0.8676103
0.7982977
0.85810614
0.7304044
0.7191084
0.8319389
0.6823405
0.18573461
0.1449734
0.12419602
0.119227424
0.12557931
0.1491635
0.73792785
0.88937086
0.8796552
0.16829452
0.12620969
0.12963818
0.21028702
0.8117088
0.8530107
0.8840236
0.9202462
0.8428295
0.11542229
0.11172729
0.08272554
0.057543155
0.06518767
0.11775348
0.9058071
0.9397209
0.94446206
0.9275353
0.15238628
0.09338544
0.052042812
0.054015785
0.06639315
0.101846084
0.089215875
0.14063577
0.17904122
0.3230822
0.903181
0.8972936
0.13477609
0.15273653
0.16003594
0.1661339
0.17123803
0.17342268
0.15458208
0.10271261
0.16667345
0.13463157
0.66968244
0.3534542
0.2746758
0.8149331
0.40236977
0.18339883
0.27254373
0.118069656
0.1046226
0.11405846
0.17316206
0.21857102
0.38272968
0.77918893
0.89265925
0.90870374
0.8952792
0.8873681
0.8876456
0.89301294
0.9016197
0.90258366
0.8987153
0.90242404
0.90476894
0.9051056
0.90303576
0.89799774
0.8988307
0.8908554
0.88515776
0.8923187
0.90769297
0.8883587
0.38643757
0.2618876
0.18271255
0.10522189
0.08480625
0.07753658
0.08038541
0.092375286
0.14279129
0.83119285
0.81407607
0.102729246
0.060917854
0.05812538
0.0676288
0.10399575
0.829005
0.8259471
0.8049502
0.091952674
0.062587336
0.07450491
0.07476452
0.16981862
0.8233007
0.7662936
0.13421826
0.15680563
0.17329724
0.20651996
0.6593592
0.22484276
0.19052175
0.1603375
0.1812705
0.32666633
0.85952663
0.8550405
0.13895509
0.11833723
0.10297947
0.09700279
0.08991539
0.1941802
0.8512048
0.90058905
0.9296522
0.92305505
0.83899003
0.21766128
0.18043147
0.13305031
0.15815854
0.8776619
0.91696453
0.91033757
0.9194952
0.9121149
0.9202296
0.9119816
0.90918183
0.90588975
0.8966059
0.11128095
0.11240003
0.08785026
0.085896246
0.08799586
0.0806413
0.15854101
0.19109167
0.18150778
0.10528007
0.16661108
0.10877989
0.1641679
0.2590689
0.28374895
0.28540733
0.21641989
0.21342342
0.24806707
0.13199049
0.13546559
0.23958617
0.70710564
0.7937493
0.21090221
0.18051194
0.22676088
0.79334146
0.6975148
0.47136128
0.34162223
0.20252597
0.2628379
0.19644621
0.2500316
0.7963391
0.7765226
0.8528246
0.83750945
0.3831589
0.2671094
0.29523632
0.28327328
0.2356307
0.28589743
0.83091646
0.17990975
0.10626601
0.08794732
0.093775816
0.06475025
0.06892451
0.078318186
0.11743023
0.74025345
0.1635385
0.15970284
0.80562174
0.158637
0.14832325
0.82734287
0.8724216
0.88874793
0.92184645
0.89924586
0.8666173
0.8606746
0.7995118
0.1410418
0.17012954
0.8618813
0.83753115
0.19221106
0.26140076
0.75616723
0.113409646
0.12190052
0.11880451
0.06867422
0.086603224
0.12676695
0.0994515
0.23772292
0.8247058
0.16318369
0.18168004
0.14801607
0.16410276
0.2329198
0.27114472
0.6273458
0.12492748
0.099551156
0.116113424
0.106587976
0.24390371
0.90117866
0.93127805
0.9270897
0.8526591
0.24661161
0.12686549
0.18225919
0.16570221
0.17128414
0.6439184
0.6759809
0.7109154
0.8016489
0.84692156
0.8376612
