0.8742041
0.89909285
0.88122416
0.8397653
0.8571234
0.5683064
0.14918183
0.11403673
0.10302304
0.12744325
0.109046906
0.12928204
0.61474085
0.1535952
0.13464823
0.16604877
0.77391
0.21209896
0.114612065
0.09780353
0.12817878
0.14650886
0.17292461
0.25155124
0.6358817
0.25367922
0.15167221
0.19855842
0.16144833
0.13937879
0.17233634
0.7874309
0.32818776
0.13587858
0.13245061
0.08983183
0.087371565
0.09778671
0.17611672
0.097917736
0.09266168
0.10335532
0.14566198
0.7750652
0.23828188
0.223724
0.77575773
0.19313444
0.2040596
0.117595114
0.1563366
0.11390983
0.19323246
0.23507653
0.6675299
0.6955022
0.13355854
0.08513905
0.066140324
0.075476944
0.13376835
0.70639807
0.10830328
0.084240675
0.08085325
0.1013421
0.7639678
0.75899863
0.7768215
0.77300835
0.7364333
0.09304744
0.07114707
0.10235524
0.11587328
0.66611326
0.096382625
0.06657758
0.06893278
0.09445244
0.24089445
0.81500536
0.6824676
0.6283819
0.11029433
0.08523733
0.10463187
0.13237308
0.7913159
0.21541572
0.32520878
0.8776988
0.87933916
0.46868795
0.8865472
0.9060066
0.9155925
0.8702651
0.73527545
0.21848442
0.6908273
0.84722555
0.29013082
0.1604729
0.57830274
0.16873662
0.16533938
0.11019818
0.12728982
0.62590253
0.7877699
0.6733002
0.70714474
0.8297812
0.30692407
0.14517254
0.12047918
0.45162827
0.11265346
0.116057664
0.7348875
0.86070853
0.30860463
0.43836656
0.84864414
0.112886176
0.08600412
0.12212022
0.12643403
0.091222316
0.10887088
0.8836608
0.93622124
0.9423902
0.9191365
0.09154299
0.07701674
0.062963195
0.06755018
0.091925494
0.09884133
0.74137527
0.21479303
0.45601323
0.903871
0.90130985
0.8913094
0.13590074
0.12462007
0.6225723
0.14074749
0.2182058
0.27660915
0.8464949
0.21783924
0.13432387
0.083030604
0.09523183
0.08437704
0.12576586
0.14598915
0.77525645
0.54391843
0.1673391
0.22435616
0.17480938
0.7499359
0.90076625
0.9163267
0.88942343
0.111173555
0.076548405
0.108302206
0.062283885
0.06315759
0.094143026
0.8160615
0.86903095
0.18143654
0.17659694
0.8706949
0.9178346
0.91585606
0.87061906
0.07605235
0.04950588
0.047801655
0.051835377
0.058216218
0.061788347
0.06233052
0.0891761
0.7961215
0.8124777
0.841635
0.8842111
0.26219913
0.1932695
0.162025
0.7056965
0.8325124
0.16673708
0.14387654
0.6265443
0.11809654
0.09176824
0.103933066
0.18068169
0.8430769
0.7766536
0.8524465
0.24797635
0.123771064
0.13254409
0.1137537
0.18936017
0.19009526
0.25197005
0.7693779
0.1859141
0.15880483
0.25880018
0.8450141
0.7296114
0.1398787
0.08864253
0.059235446
0.055735465
0.056405187
0.053173687
0.056232877
0.08363425
0.8663673
0.9173221
0.93914276
0.9427136
0.9385012
0.8913128
0.809615
0.06872016
0.053543586
0.06839532
0.12022453
0.06747934
0.071314156
0.12985979
0.123805374
0.07175077
0.0726701
0.10215753
0.7180958
0.8208568
0.7027684
0.71034336
0.83650726
0.7440683
0.7306001
0.8270897
0.25232175
0.33121
0.8281086
0.099142164
0.05696403
0.05132563
0.052431643
0.053908333
0.06374097
0.092649475
0.85705787
0.8901452
0.9217696
0.8926614
0.9144399
0.8439504
0.84790087
0.91484517
0.84481597
0.09756468
0.10901332
0.06809712
0.05382658
0.05650451
0.0651098
0.09927732
0.70962906
0.32647246
0.22387424
0.80491406
0.13144308
0.08994988
0.06727565
0.07281293
0.12084728
0.8035355
0.13779446
0.11352079
0.14608696
0.8879274
0.9064475
0.9363042
0.9153666
0.9062433
0.07730451
0.04915737
0.046196047
0.051073644
0.059313
0.07785309
0.18314603
0.17293388
0.77439684
0.1865656
0.16842362
0.1271668
0.15034099
0.7534817
0.8674753
0.72885376
0.6449262
0.10614816
0.08949023
0.1347907
0.13048755
0.58163714
0.6690981
0.802273
0.68547404
0.70119685
0.8174763
0.11990204
0.081486255
0.057476938
0.056355495
0.06444646
0.11858239
0.9000349
0.9247782
0.8573327
0.80186594
0.0963726
0.06287713
0.05400114
0.06314007
0.18576592
0.90263355
0.93651295
0.91983455
0.08934054
0.05159768
0.04747382
0.05348496
0.08673422
0.88078845
0.9320013
0.9444864
0.92444813
0.08389101
0.05321753
0.053862765
0.074052304
0.15059508
0.86624146
0.175335
0.07111875
0.0685157
0.09184825
0.07350873
0.07231802
0.07357445
0.08317121
0.09288137
0.0894141
0.13116048
0.74147445
0.11048952
0.06952649
0.06733702
0.0783844
0.08406853
0.15333705
0.75963974
0.18197247
0.11389673
0.19070058
0.17953824
0.11245707
0.16101855
0.28016213
0.6609006
0.14377615
0.11471434
0.15257683
0.7022365
0.21743487
0.09546749
0.08110241
0.0775988
0.076798484
0.0877559
0.11956865
0.11229093
0.16872352
0.27598885
0.39475545
0.80494815
0.20673949
0.20393164
0.7934001
0.12915698
0.10622574
0.098845914
0.10096403
0.12916484
0.75147694
0.32278585
0.8626218
0.9064156
0.8156638
0.7610413
0.804685
0.8753812
0.50104827
0.77975816
0.2329069
0.19645382
0.1870356
0.16756415
0.12941465
0.55845124
0.1433706
0.18785083
0.61881745
0.21698684
0.19570372
0.15738446
0.19341202
0.79803
0.89274585
0.9008804
0.90753233
0.9146311
0.9129945
0.909525
0.8825684
