0.830419
0.8666453
0.87279534
0.8913837
0.8750042
0.8944769
0.8705457
0.35637513
0.1594642
0.1797512
0.1644444
0.14193723
0.50080276
0.13636413
0.12791888
0.29926804
0.8577156
0.74025095
0.6736204
0.08709872
0.06189419
0.06364694
0.097349346
0.85228646
0.9130851
0.88883895
0.16253339
0.1579475
0.787279
0.8340119
0.8548352
0.90938574
0.8707449
0.8173726
0.7903928
0.8493489
0.15499201
0.15014187
0.706959
0.8413705
0.11064218
0.074255176
0.0755898
0.10794126
0.6654761
0.6507007
0.64072067
0.1754601
0.11894465
0.12835532
0.49693304
0.14931875
0.1505605
0.26174366
0.61336607
0.27145994
0.45827597
0.7515229
0.560333
0.1707682
0.14619492
0.14512947
0.16874084
0.59417593
0.22038963
0.15109695
0.1509034
0.52362585
0.19261126
0.17316468
0.14500076
0.20093754
0.3484949
0.8049008
0.38156417
0.16153316
0.14954235
0.58382016
0.12754567
0.12201156
0.100291274
0.13843259
0.15604883
0.77275693
0.15328416
0.14627731
0.08665853
0.09975094
0.67668813
0.6881707
0.837008
0.25383577
0.22430864
0.89621496
0.93395454
0.9300114
0.7771923
0.062831506
0.04636255
0.047160227
0.051022694
0.054402214
0.06446621
0.060939286
0.11057245
0.123177074
0.89969206
0.93470323
0.9453721
0.90488094
0.07543091
0.052402508
0.048514467
0.05393266
0.055464383
0.056703884
0.06159845
0.068877615
0.12252046
0.78480446
0.7593383
0.7392229
0.83491164
0.23742026
0.33055407
0.6829816
0.83332723
0.64338255
0.12392142
0.11519896
0.16049741
0.2050134
0.83826756
0.87051344
0.840179
0.55729985
0.18423142
0.25178334
0.26614246
0.61324143
0.65268844
0.19275378
0.09629261
0.104124464
0.56015056
0.12617989
0.13471715
0.8017362
0.897698
0.21707253
0.07108871
0.06639402
0.0772015
0.063677154
0.063067324
0.06274179
0.062066995
0.06868646
0.115836374
0.83008283
0.16951323
0.18247241
0.89468235
0.9044562
0.90109223
0.84809965
0.07568619
0.051528934
0.049671713
0.060006298
0.147824
0.9110828
0.9368122
0.90541494
0.13786744
0.057720862
0.052486826
0.06753685
0.10481383
0.08092062
0.12669274
0.6851949
0.6324749
0.1594311
0.15943015
0.7294821
0.8634576
0.8474062
0.18810636
0.16940483
0.24207242
0.6716936
0.7849142
0.3227926
0.2527482
0.21943618
0.52525485
0.6546296
0.795477
0.8073324
0.3438542
0.21781345
0.28272134
0.17816499
0.2129925
0.5406056
0.129113
0.1002268
0.10185888
0.15532328
0.20633678
0.40511233
0.8495328
0.8436122
0.5788478
0.47209474
0.4658033
0.5564266
0.58462113
0.6415234
0.6595827
0.23930722
0.24119328
0.09493042
0.07656543
0.07332094
0.08011567
0.07889062
0.07511161
0.076336876
0.08950495
0.17794597
0.1545599
0.18078086
0.31703123
0.8706978
0.741612
0.115181446
0.087147705
0.055933874
0.054056376
0.054301444
0.05653328
0.061851785
0.11247998
0.8837693
0.93647784
0.9438047
0.92234784
0.08503074
0.050293528
0.047394734
0.055889804
0.088842966
0.7125556
0.1259523
0.13290042
0.8697377
0.9148105
0.933347
0.93750846
0.91174823
0.12946054
0.12854199
0.7662126
0.115182035
0.06094345
0.05708442
0.07156905
0.16809206
0.85390055
0.7955159
0.091136
0.05717754
0.053998925
0.05634687
0.06519178
0.06660667
0.1118976
0.38185814
0.91800815
0.9320516
0.86290133
0.13456261
0.08529248
0.14603448
0.09277873
0.06299224
0.06120969
0.06269328
0.06995
0.123591274
0.19944422
0.719695
0.27100304
0.12686205
0.14014159
0.118599184
0.21263704
0.13974692
0.25729597
0.20744888
0.25757548
0.17036988
0.59134144
0.13738564
0.12541547
0.17891829
0.5746729
0.18590374
0.13813055
0.15158927
0.60061896
0.68523675
0.84530616
0.850698
0.1758648
0.16727075
0.12203725
0.07541421
0.074922755
0.113849364
0.07492607
0.081423946
0.111257374
0.72293663
0.13329527
0.067796916
0.061769158
0.08600105
0.8313751
0.88077635
0.91291493
0.9344221
0.9372344
0.9337433
0.8982861
0.8210134
0.08221076
0.06071394
0.07396924
0.119512714
0.84944075
0.89895695
0.17733975
0.149137
0.08617543
0.06887639
0.0578227
0.061704714
0.10283775
0.12575386
0.115503475
0.7661872
0.8951461
0.90650004
0.81421256
0.87328154
0.09985565
0.058907885
0.051602572
0.05285665
0.05613107
0.053273432
0.057220858
0.089238405
0.8822904
0.9278118
0.93786836
0.93320554
0.8753937
0.8281096
0.7714024
0.12925893
0.15885693
0.8374575
0.11924819
0.1086056
0.06487167
0.06775087
0.06537251
0.06566322
0.06545255
0.06861387
0.062169597
0.072391
0.07776552
0.3496522
0.90609854
0.90964943
0.89417255
0.8923767
0.9203962
0.87071395
0.8074791
0.79234076
0.10940343
0.074159816
0.10036227
0.082187146
0.14513394
0.15338379
0.8447368
0.74279344
0.74002343
0.85861397
0.5475763
0.48533872
0.69739
0.12344082
0.097313166
0.15033422
0.08247449
0.08362691
0.10481371
0.19911656
0.7693866
0.21757704
0.20205545
0.69295424
0.83035177
0.3025535
0.10285008
0.08155124
0.08085426
0.12833999
0.8803326
0.8972908
0.9044257
0.91623974
0.89559734
0.9158025
0.90869844
0.9170073
0.8665572
0.7876094
0.098723635
0.076971166
0.07989129
0.10431675
0.2235194
0.7798349
0.30447477
0.44899613
0.80210984
0.8448473
