0.2680359
0.17260584
0.16697764
0.22185229
0.8124386
0.8158723
0.22817974
0.19801489
0.35132876
0.7714446
0.3622252
0.58205575
0.87002164
0.8877675
0.84882396
0.29967108
0.12676309
0.11382697
0.13756299
0.6473569
0.8162636
0.6988062
0.35504162
0.16720535
0.09260467
0.081360966
0.100824155
0.0767483
0.07411258
0.077509746
0.09410995
0.14476506
0.8274559
0.6973707
0.65530485
0.68147063
0.6860413
0.68845135
0.6973232
0.69065624
0.12923576
0.14603084
0.09831487
0.09513391
0.11768151
0.6902002
0.09237258
0.06481756
0.0585865
0.057333466
0.06138514
0.12630196
0.10688514
0.15239474
0.9034007
0.93137825
0.9386485
0.93934625
0.9351737
0.935173
0.8807271
0.07296235
0.06533239
0.054021243
0.05403189
0.06141682
0.065219566
0.08954349
0.07777321
0.07141097
0.112771645
0.13235208
0.11989016
0.14600375
0.8282936
0.71647185
0.7023873
0.6655878
0.14961573
0.16625586
0.12548621
0.13035226
0.8182331
0.8953754
0.92077535
0.9034967
0.8762746
0.83866346
0.7901865
0.809475
0.88288677
0.9179284
0.89495975
0.8124802
0.13687062
0.16826527
0.13838892
0.137464
0.6033783
0.670049
0.6869372
0.684417
0.6499101
0.64536136
0.5766437
0.20755865
0.2805198
0.31879428
0.67749405
0.7022237
0.730041
0.8299814
0.35984308
0.280875
0.27828258
0.810016
0.73894197
0.7520384
0.8621976
0.8247267
0.7952076
0.80577844
0.88045084
0.84554356
0.81162417
0.77801186
0.7835346
0.85094833
0.11087292
0.065053456
0.057308793
0.06174507
0.09558744
0.86786485
0.91951436
0.9386929
0.87974787
0.07882104
0.051584907
0.051162016
0.057608668
0.07004262
0.0662935
0.06916352
0.08425588
0.15227826
0.82594067
0.22230653
0.33969212
0.09710534
0.07681867
0.08305958
0.10710924
0.0848754
0.086809486
0.122536115
0.13203843
0.7389058
0.85273325
0.7546397
0.72722596
0.30764356
0.6672645
0.097059645
0.065770194
0.06966331
0.06687567
0.09696005
0.8121561
0.8295919
0.8515168
0.8883873
0.9000182
0.0939506
0.056907844
0.053376883
0.06352156
0.09639057
0.6775341
0.36823913
0.7011189
0.69615483
0.70828134
0.7108893
0.7977968
0.24504595
0.26342773
0.17744394
0.1929893
0.7007899
0.8636699
0.89197165
0.878653
0.76432973
0.2589303
0.15666507
0.16499533
0.1316707
0.15072556
0.6287265
0.6446413
0.6610281
0.66890985
0.67471236
0.6525118
0.6492804
0.66794544
0.63445306
0.15992077
0.14182192
0.21045732
0.18852945
0.4767443
0.84986657
0.8633272
0.7471702
0.6964604
0.65849864
0.67500764
0.75231695
0.872345
0.88841695
0.85487473
0.21448813
0.16095033
0.10868689
0.09909895
0.12294405
0.1117771
0.14325088
0.6952771
0.69940996
0.6718169
0.689159
0.7258113
0.80108273
0.8982955
0.90580463
0.91010576
0.8970935
0.893981
0.9054815
0.9050127
0.8932503
0.8886463
0.9017126
0.9034344
0.8935511
0.8833167
0.88518494
0.8920385
0.8773847
0.84905654
0.8471719
0.86739737
0.88991827
0.9123298
0.92253184
0.92567456
0.91682273
0.833365
0.10871665
0.076262206
0.07150607
0.07082604
0.08190649
0.10131737
0.13536952
0.63400286
0.7385994
0.2806536
0.4059065
0.37000805
0.60424685
0.6095988
0.17678413
0.118005484
0.12395245
0.5468025
0.19622882
0.2390851
0.2555757
0.30634853
0.8690879
0.82393616
0.7166165
0.65183085
0.59210795
0.118550204
0.09096287
0.12982224
0.8583817
0.92130184
0.90468234
0.8648928
0.7645749
0.10582359
0.10217268
0.26541647
0.8643712
0.72448117
0.1124228
0.11529219
0.12964852
0.15168077
0.75543356
0.20423026
0.2308311
0.30851996
0.63146174
0.5873393
0.29702193
0.2909622
0.2830271
0.73561543
0.63207406
0.62010956
0.6607913
0.7137987
0.8369182
0.82777244
0.20842673
0.15449725
0.15350729
0.20613378
0.5842484
0.27309543
0.134876
0.10897299
0.09914851
0.09848986
0.107803084
0.1557374
0.16032857
0.65987116
0.64987075
0.6424414
0.2110173
0.15369874
0.08889285
0.072794296
0.07271141
0.083244294
0.13346802
0.8712537
0.85822684
0.9141139
0.90679294
0.7924646
0.82099706
0.20367435
0.20069817
0.5777113
0.6356609
0.6575995
0.68040377
0.79804057
0.6897605
0.6407777
0.17630498
0.14888017
0.23222329
0.21284828
0.20724778
0.7526499
0.21182111
0.17958134
0.29806867
0.6553648
0.66392976
0.6580389
0.64546186
0.6296226
0.65900725
0.68672216
0.17055568
0.087681845
0.07390049
0.09737443
0.08193
0.10376568
0.08922975
0.11167597
0.7172677
0.7761595
0.8935732
0.8893668
0.6805943
0.15605444
0.17343187
0.1887502
0.81872445
0.7069351
0.6296182
0.1826716
0.23455793
0.22662038
0.84894276
0.89280117
0.8733782
0.7599367
0.8522356
0.8195797
0.8877835
0.88108885
0.33243272
0.10214558
0.09235274
0.1448106
0.11915275
0.58395517
0.105050415
0.081222296
0.10388813
0.81493306
0.8702171
0.9006788
0.9255246
0.92248976
0.8816715
0.8490574
0.8914522
0.9195224
0.83262545
0.07312108
0.051244345
0.048201825
0.055533867
0.07483757
0.07195023
0.086660326
0.16278422
0.7389793
0.8691292
0.8947938
0.8821711
0.77135235
0.7354468
0.11790491
0.07749136
0.065672494
0.06259543
0.0625937
0.061162185
0.060961273
0.06720554
0.10178872
0.78430074
0.7594028
0.73736644
0.7070612
0.70389485
0.70355666
0.6758932
0.17367338
0.6346233
0.08241894
0.05534047
0.0565293
0.059813023
0.06701147
0.18305176
0.88786566
0.90970314
0.9109504
0.882491
0.12426481
0.08550188
0.12622538
0.8241929
0.18368776
0.07774666
0.07444338
0.11867861
0.88206977
0.9121338
0.8729275
0.8679762
0.9033378
0.800856
0.151697
0.17916457
0.799338
0.107652076
0.06815459
0.065078385
0.07525011
0.0924811
0.15414631
0.17559785
0.7584645
0.29684344
0.35904172
0.83542496
0.86029786
0.8195121
0.23316109
0.20056331
0.22626114
0.65606546
0.78821427
0.28642333
0.17201501
0.21975327
0.15959238
0.12220311
0.13257797
0.28466746
0.7431685
0.8504909
0.7261668
0.67406046
0.65159136
0.64649504
0.6593804
0.6750619
0.67665094
0.68844086
0.7897918
0.27009276
0.14077897
0.14106332
0.10666239
0.11150532
0.18558325
0.65559363
0.12589294
0.08654863
0.080563396
0.085598335
0.111664325
0.21261922
0.8356216
0.70532006
0.16875763
0.088708386
0.07377249
0.083142556
0.14659086
0.7563219
0.8467645
0.16978379
0.16613418
0.66194206
0.08930109
0.062015813
0.05490295
0.055549763
0.06378828
0.12560238
0.9031596
0.92456704
0.8838213
0.8377545
0.88006645
0.12405951
0.1147559
0.6088754
0.0915357
0.07409718
0.11719873
0.09239373
0.16388297
0.14829235
0.67197824
0.6815571
0.7765923
0.21178491
0.16249487
0.1790524
0.6739811
0.7308377
0.84686357
0.71970636
0.659517
0.19327058
0.13114569
0.14280505
0.6290017
0.7684958
0.2151806
0.288364
0.24190779
0.13274822
0.08107154
0.07923611
0.13726704
0.094282165
0.07682381
0.103027925
0.7640375
0.7810325
0.88225216
0.122359775
0.06333266
0.056753423
0.0849249
0.07828446
0.102380686
0.7522277
0.24750708
0.83194935
0.8909086
0.120432965
0.06696493
0.078078814
0.0674185
0.1195503
0.90324813
0.93362534
0.9393145
0.8868669
0.072268635
0.051134676
0.0540047
0.06532207
0.224048
0.89186525
0.89073557
0.3359781
0.8415577
0.8899652
0.9236778
0.8464675
0.103558876
0.12349034
0.07528148
0.058654536
0.060889624
0.08685737
0.06582614
0.072223544
0.139051
0.16631322
0.7026406
0.6757135
0.6444839
0.14399317
0.12729311
0.19286747
0.18723448
0.20511964
0.2055603
0.7145483
0.8559369
0.877554
0.8503297
0.69721717
0.6086869
0.21595818
0.2242761
0.18860796
0.23285803
0.761569
0.49151325
0.78452057
0.8799034
0.85513777
0.85840374
0.8848145
0.87569946
0.8969587
0.89770067
0.8593006
0.8007586
0.7401564
0.40987596
0.7731826
0.18185318
0.13708533
0.13904189
0.17392127
0.7084551
0.17350152
0.124884605
0.11197284
0.119823195
0.17501417
0.22700742
0.6222037
0.64478266
0.6286144
0.14123891
0.0992177
0.08772261
0.09244843
0.13485003
0.12865609
0.17411534
0.8031916
0.6512056
0.15296748
0.11641821
0.13411485
0.13683999
0.6098097
0.6846876
0.7181098
0.83488137
0.6810561
0.3130973
0.22617497
0.1272967
0.13886133
0.14890112
0.15292846
0.584914
0.2578458
0.74538136
0.229731
0.25860047
0.18625301
0.58183956
0.31122795
0.63199776
0.23443343
0.10405558
0.080979496
0.08231225
0.09881834
0.20461115
0.2638774
0.30420697
0.6486579
0.13231368
0.09053631
0.086396724
0.11892505
0.14323692
0.18113586
0.26525843
0.85448426
0.8543058
0.26541638
0.13304716
0.122626595
0.17480093
0.6362284
0.64920765
0.23562346
0.11756353
0.11734192
0.10577187
0.19908461
0.682759
0.6656396
0.09560116
0.06761261
0.0907929
0.06346192
0.07048594
0.16852792
0.27658787
0.8505421
0.8660644
0.89021075
0.92403257
0.9257295
0.91727406
0.87177646
0.8546409
0.85939246
0.8551404
0.8463171
0.86607
0.8843903
0.9028614
0.919955
0.9240603
0.9203453
0.9266603
0.90330344
0.85707337
0.12344943
0.08300533
0.05446463
0.053373206
0.069401875
0.081278056
0.18700099
0.8459381
0.17319898
0.082294255
0.07686842
0.09464029
0.19702347
0.7505231
0.8485781
0.13799572
0.07864246
0.06157669
0.058642466
0.057489585
0.062378865
0.089876324
0.821525
0.8741053
0.9278208
0.9370272
0.93645424
0.92526335
0.8158171
0.7354752
0.06619668
0.047430508
0.04440413
0.04880694
0.05624388
0.08965123
0.8519881
0.8771973
0.8613344
0.8697431
0.8640856
0.87726617
0.87847584
0.8167355
0.113820456
0.11110379
0.60846484
0.08677209
0.06340239
0.068518564
0.15802056
0.8973391
0.92350817
0.9194694
0.84530956
0.8626168
0.91496325
0.86582196
0.8153432
0.095003515
0.06211196
0.060259975
0.069584444
0.11461296
0.6874891
0.13653295
0.111694194
0.19693151
0.10274238
0.1068156
0.1832075
0.33455938
0.38780278
0.38529554
0.27007163
0.10288824
0.084183045
0.08907489
0.14185777
0.1610186
0.16785699
0.1516657
0.101232566
0.10935123
0.18055272
0.09228076
0.088942215
0.11363074
0.10872047
0.22630212
0.7352755
0.7487188
0.77207476
0.8945729
0.80542666
0.12712565
0.065021805
0.062059015
0.057864074
0.059538405
0.06105174
0.059328113
0.06617346
0.08383369
0.14208831
0.911221
0.9166738
0.88879114
0.109231114
0.120705165
0.09937372
0.06103033
0.061317123
0.06419698
0.06713917
0.0774515
0.076235
0.10894079
0.6994762
0.13386388
0.089558184
0.13075371
0.11249744
0.10837812
0.18873148
0.81451637
0.69424564
0.6876371
0.6375764
0.09940623
0.073038876
0.076844506
0.1413009
0.88566726
0.8944695
0.11415481
0.06284029
0.05748665
0.07173539
0.13000645
0.8261773
0.11177308
0.06940132
0.07135429
0.12191649
0.82389575
0.14669076
0.08785205
0.10951434
0.8625903
0.91322994
0.9376263
0.9212695
0.8576227
0.090818845
0.07868799
0.15024199
0.7684192
0.09747
0.06865681
0.081287436
0.20314416
0.90806603
0.9077303
0.86328983
0.084840335
0.055815414
0.05658471
0.08114224
0.13845837
0.06939876
0.06509934
0.072132975
0.120795086
0.8108437
0.16907044
0.17941459
0.6955985
0.2631027
0.6919509
0.1700447
0.12556514
0.09609019
0.11638444
0.63025254
0.21903646
0.49708384
0.84041685
0.4186529
0.152737
0.17566323
0.14659227
0.09361992
0.09102806
0.09238486
0.11543169
0.23828103
0.14929222
0.094517685
0.08967972
0.09799019
0.1575053
0.8477456
0.7331704
0.122946
0.1428147
0.0705188
0.06691648
0.08027575
0.08894702
0.10572436
0.06211478
0.0564088
0.061438777
0.10941939
0.89542806
0.9030664
0.89968365
0.9050039
0.9226575
0.9085542
0.89736575
0.892829
0.8839396
0.8903301
0.9016881
0.08370147
0.05537481
0.050396256
0.055303525
0.06456668
0.06784253
0.09145767
0.063664995
0.0598878
0.07343263
0.09645578
0.809193
0.9018081
0.90086955
0.7559533
0.7345499
0.7246852
0.75563234
0.8678216
0.7250657
0.10351137
0.07842771
0.07647492
0.10189906
0.26356483
0.3595685
0.8482307
0.7780803
0.77172065
0.7811737
0.8683871
0.7330326
0.12898752
0.12170476
0.08492714
0.08624601
0.1251056
0.12724021
0.20410782
0.85033387
0.85638577
0.5396747
0.32980743
0.16917822
0.19194105
0.19253337
0.18211739
0.58369476
0.65128267
0.6725546
0.6642849
0.67302644
0.121135905
0.08400881
0.09210028
0.06983192
0.06836529
0.07619216
0.13891779
0.16654311
0.8439894
0.14158782
0.07301582
0.07123228
0.09676537
0.6810623
0.121808134
0.1365914
0.15008801
0.88007045
0.88531125
0.89364564
0.9009838
0.9035252
0.91057
0.9323579
0.9110741
0.8567122
0.07154134
0.053418748
0.04723967
0.052098528
0.06090766
0.082183026
0.28704697
0.8712815
0.12982711
0.08131222
0.06349414
0.062017575
0.070112705
0.06467495
0.071083196
0.10471339
0.73510605
0.72676533
0.7396143
0.776555
0.8317458
0.8952337
0.8615726
0.8847016
0.7728477
0.69419414
0.106125
0.08804524
0.107492566
0.1539193
0.89709854
0.92619324
0.93577486
0.8624638
0.075003944
0.050387457
0.047763146
0.051105656
0.05435017
0.056164388
0.067823365
0.07588044
0.28573266
0.8984542
0.8745438
0.88111633
0.92754567
0.90885955
0.15793078
0.088237815
0.14481558
0.099474415
0.14652158
0.8825505
0.8979468
0.26897332
0.10267313
0.08733079
0.10532238
0.3455481
0.71751446
0.14026041
0.08586944
0.080384746
0.08077311
0.1045664
0.17522018
0.7962764
0.16295242
0.106972344
0.09077179
0.10360703
0.13023655
0.44986922
0.8717088
0.88013905
0.75285536
0.7493896
0.74276197
0.719028
0.70293355
0.21434347
0.1323882
0.12064142
0.22962995
0.1827502
0.15112486
0.27595934
0.5791564
0.16823724
0.15690477
0.2027897
0.8036052
0.7565909
0.7979844
0.8857623
0.8698204
0.12441415
0.07643429
0.06519614
0.064800486
0.07688374
0.17007758
0.8006966
0.8726581
0.91916525
0.91399246
0.8129994
0.74620086
0.7861583
0.83821607
0.9006757
0.79342765
0.08764592
0.0663381
0.052561983
0.056409165
0.083662435
0.84298724
0.9065832
0.93604344
0.9133058
0.08798162
0.057282124
0.061448492
0.10488859
0.15362759
0.86293143
0.9063597
0.8615226
0.8177244
0.8372385
0.9118227
0.914984
0.8486059
0.89408475
0.78067243
0.11741397
0.069825806
0.061646856
0.06599084
0.09407496
0.23139235
0.83340925
0.70358706
0.6617488
0.22064658
0.23868027
0.8185947
0.69612837
0.112643264
0.08351774
0.08504176
0.1161604
0.7224925
0.70891845
0.6704498
0.13343522
0.107409924
0.15841444
0.8430052
0.8936735
0.9345034
0.9331006
0.85595226
0.79847085
0.07782614
0.054050196
0.049651165
0.057071183
0.083329916
0.08561721
0.13140556
0.7522343
0.7328297
0.7215541
0.1401257
0.089079455
0.08872257
0.110983334
0.3094951
0.83276564
0.7391135
0.8402026
0.18932633
0.24585015
0.081673585
0.06497687
0.06902914
0.097061984
0.6776582
0.13450842
0.13398263
0.8210797
0.84333044
0.86870784
0.8706395
0.84894514
0.8768194
0.15110007
0.14721191
0.74628973
0.7393232
0.09486438
0.06526273
0.08045535
0.07696293
0.11122021
0.12793921
0.10884966
0.22200201
0.12984581
0.08269683
0.074306265
0.08431466
0.12322307
0.69588524
0.29232013
0.8005619
0.28140372
0.33799392
0.8939826
0.92596114
0.9134238
0.75706106
0.11397344
0.10106369
0.12351452
0.54694784
0.19820273
0.26648423
0.8703107
0.9119039
0.9178346
0.9139595
0.8952054
0.79680425
0.74024415
0.6886003
0.68913555
0.7850255
0.176669
0.14078265
0.16693197
0.830445
0.91461885
0.92655486
0.92103016
0.8781797
0.83849925
0.88862056
0.7748292
0.13281325
0.11463791
0.15526828
0.7597603
0.18441471
0.17824103
0.6161758
0.22259936
0.36527574
0.4401195
0.7051019
0.7517066
0.8480046
0.14747584
0.09268197
0.07497523
0.07084821
0.079969294
0.09251797
0.12448726
0.2629713
0.83305687
0.77996415
0.8588827
0.74878865
0.2318741
0.15962343
0.10701087
0.1716106
0.104617625
0.07897002
0.1163947
0.08206711
0.07202209
0.06806736
0.101909876
0.8416183
0.87364435
0.14203265
0.1237352
0.17296104
0.8704151
0.9087015
0.9073132
0.8767237
0.2639505
0.18536541
0.15771934
0.83913946
0.88940203
0.8971314
0.09511316
0.06383105
0.07079533
0.1523677
0.83849823
0.8181102
0.13095154
0.080175765
0.109907225
0.08652111
0.08198463
0.15792432
0.23113054
0.7105902
0.2695908
0.24037503
0.7890311
0.2611592
0.16473283
0.18120414
0.6945261
0.78392667
0.9043709
0.92362213
0.92043823
0.88697374
0.34028023
0.16091906
0.15939473
0.2421632
