0.3500785
0.32323644
0.41851723
0.7140214
0.82801205
0.42072672
0.15924856
0.14095038
0.1807858
0.8087391
0.7269592
0.70872355
0.7342926
0.83746254
0.70161915
0.6202388
0.20413023
0.22585891
0.359726
0.79442286
0.8701208
0.9042827
0.8365591
0.73768365
0.26521972
0.2592535
0.2185134
0.6142725
0.6524595
0.67805403
0.6951641
0.7308315
0.753009
0.7576706
0.8324111
0.15680498
0.10438441
0.10087739
0.13288282
0.12414606
0.20244469
0.16054907
0.53735554
0.15939523
0.14252794
0.16501233
0.623478
0.14937612
0.11017019
0.099983156
0.10766506
0.16471158
0.6285932
0.27175602
0.27644527
0.8715706
0.906903
0.8911593
0.6592839
0.10338563
0.10099074
0.10739233
0.5687596
0.13456948
0.13849376
0.8135238
0.88205105
0.9103587
0.92264265
0.90892667
0.89597297
0.8846131
0.8660929
0.8406032
0.8082848
0.7743843
0.7838745
0.78618455
0.737294
0.18630792
0.2015324
0.7482239
0.24798992
0.31697777
0.4505665
0.8765383
0.9140054
0.9176458
0.9089805
0.870827
0.23822822
0.19948094
0.6453243
0.25797653
0.12567675
0.11004856
0.11434347
0.14624694
0.6233891
0.14873105
0.11821447
0.11461972
0.13501424
0.23012294
0.15616256
0.17302835
0.33115146
0.37099427
0.3285368
0.13279079
0.098909
0.089297615
0.09605343
0.14758965
0.24233247
0.2165274
0.80289096
0.6906165
0.7944089
0.6305624
0.48540732
0.19274916
0.2531302
0.25831667
0.25926667
0.20075478
0.5637244
0.27330053
0.7743164
0.3642144
0.22432853
0.1658521
0.18715091
0.76856124
0.1505083
0.09073704
0.07855733
0.09765553
0.07946978
0.08297837
0.109460235
0.67736673
0.72020596
0.85668904
0.8079776
0.89615315
0.9085956
0.90499854
0.89044243
0.85313165
0.62149376
0.16057521
0.20760015
0.15435322
0.117819086
0.13093114
0.59117216
0.13814159
0.11253039
0.12717716
0.26695853
0.6580052
0.6582799
0.13654503
0.09108986
0.079964854
0.09291107
0.17063935
0.135733
0.11118585
0.13086414
0.6537737
0.6362654
0.21912122
0.2980624
0.6171958
0.16837926
0.13766919
0.16214825
0.7453746
0.14348179
0.09888412
0.1129233
0.109595135
0.21287833
0.30867743
0.7399088
0.7674652
0.85731775
0.7565384
0.7704948
0.8850769
0.9005129
0.888941
0.82704467
0.29336292
0.515319
0.22374935
0.31831342
0.55902964
0.60932535
0.6165502
0.21718544
0.14185512
0.15885204
0.14815271
0.2397278
0.80696535
0.67949224
0.13309415
0.08770395
0.07424644
0.0767947
0.09440798
0.15795869
0.6854569
0.8163185
0.6592794
0.20097479
0.13208744
0.148338
0.7506167
0.1466798
0.1348802
0.16906616
0.16991119
0.16757204
0.12278445
0.14865312
0.81910807
0.124357745
0.06703975
0.06408602
0.10953529
0.115878865
0.81013626
0.7767977
0.28122878
0.82556677
0.8700003
0.89300865
0.92199534
0.9250229
0.9230079
0.9177632
0.8958971
0.86881
0.886305
0.9072561
0.8192273
0.23006576
0.74472076
0.7371841
0.14788993
0.18711174
0.7736546
0.7296872
0.12083807
0.10521546
0.26537195
0.8265458
0.18515429
0.19626473
0.8526264
0.7531766
0.17111465
0.15129185
0.15086383
0.20013641
0.19241332
0.63998055
0.61824876
0.18362966
0.12924126
0.1621147
0.6942868
0.69146436
0.69777024
0.3158629
0.10998221
0.08520636
0.075803325
0.09192836
0.14076382
0.78239226
0.89372677
0.8910278
0.73210645
0.16147551
0.14044765
0.23582155
0.18172985
0.37602684
0.78462195
0.32383424
0.26058188
0.6456377
0.31396672
0.7002509
0.72694224
0.7472595
0.7546397
0.7532159
0.29842046
0.21715903
0.13846748
0.23323976
0.09258096
0.07855315
0.09205476
0.14676149
0.7791723
0.28631154
0.6886601
0.35869175
0.3421434
0.84592706
0.7527177
0.24162745
0.1201515
0.108271845
0.148769
0.0925776
0.09259423
0.085556835
0.09195612
0.14058211
0.10071364
0.09392595
0.09510576
0.15714844
0.14223553
0.34432682
0.19229187
0.1022874
0.09527392
0.095170245
0.10709989
0.2743507
0.1369157
0.16090009
0.659361
0.23237735
0.6296122
0.14330132
0.118602976
0.13644683
0.26362696
0.75807446
0.27249274
0.59514517
0.19293286
0.21825118
0.22983113
0.25139755
0.28005543
0.78824973
0.72951317
0.76504314
0.86587065
0.85156727
0.22118744
0.17972927
0.11828779
0.10645332
0.13007069
0.10923591
0.11857983
0.17140664
0.46719941
0.19358444
0.24243724
0.28530562
0.64834994
0.77856594
0.1837778
0.12392067
0.098637015
0.088620216
0.085103534
0.091882885
0.11614883
0.22334233
0.8307015
0.68246526
0.16846046
0.20338987
0.13021772
0.0983328
0.1159145
0.74136186
0.78507483
0.91092753
0.913714
0.78466564
0.6932556
0.09798284
0.08541646
0.13663435
0.14936155
0.19942546
0.6622568
0.68589216
0.71354395
0.8199645
0.6994973
0.657438
0.33865768
0.20311749
0.14047292
0.13724437
0.1812026
0.8028197
0.7142713
0.6910238
0.69352657
0.69384027
0.7001507
0.80377203
0.3762622
0.18284644
0.118774205
0.11467879
0.17428227
0.666634
0.8298948
0.172002
0.07666051
0.059559394
0.063226454
0.10418402
0.07840833
0.11977626
0.805516
0.9153101
0.91878176
0.7708695
0.7181607
0.07106131
0.05039493
0.049192395
0.054909367
0.067402214
0.15390773
0.8234258
0.7321821
0.10348566
0.076471925
0.09699269
0.8359823
0.90290064
0.9316182
0.931423
0.89214295
0.81976604
0.8053988
0.8231941
0.76867336
0.07285413
0.04996906
0.047158692
0.05511086
0.08452802
0.8231839
0.8599115
0.88498163
0.8901676
0.8787768
0.8046822
0.13621607
0.13989578
0.7224034
0.75129855
0.76613003
0.8354702
0.8741272
0.87902856
0.8592041
0.820369
0.10611127
0.0585829
0.050346974
0.057071526
0.082954496
0.10492278
0.76457137
0.7974456
0.9094102
0.921919
0.9012146
0.73558354
0.6711036
0.2587433
0.15365133
0.202324
0.21106985
0.74708945
0.23712635
0.22707725
0.54206896
0.8476901
0.8107882
0.85641724
0.370125
0.1278555
0.10378572
0.10822109
0.14879766
0.16208024
0.32028598
0.45753658
0.8361087
0.79186773
0.72346747
0.6798561
0.64155585
0.589573
0.25885257
0.29001936
0.32379562
0.7684727
0.7126312
0.73839456
0.8177286
0.7455208
0.7009508
0.6885166
0.7189422
0.771824
0.8619568
0.84816486
0.22621472
0.14648026
0.14955942
0.54247427
0.10930071
0.08474863
0.093707964
0.20224592
0.65398705
0.11467051
0.09101363
0.1398602
0.7054619
0.22355546
0.7041865
0.10755792
0.0836426
0.060144965
0.06414117
0.09367698
0.72264314
0.15858027
0.31519407
0.85804254
0.8685571
0.8811201
0.9201182
0.8965845
0.87317944
0.8791671
0.2182074
0.20873794
0.88158625
0.88170904
0.8303644
0.093415685
0.056829423
0.053364813
0.06891592
0.09176861
0.6901691
0.65629023
0.6655783
0.6880997
0.7944654
0.9092198
0.9250748
0.91978776
0.8655884
0.87459594
0.1414717
0.07277696
0.07026472
0.09480634
0.82367575
0.89541924
0.9289081
0.9024715
0.108362325
0.08048942
0.098086864
0.26348546
0.85447305
0.7785227
0.7528522
0.75974077
0.7115597
0.36568195
0.81146663
0.368463
0.16384068
0.17923953
0.6531617
0.20831236
0.113340996
0.094185136
0.093146645
0.0971938
0.112117484
0.14620623
0.6117391
0.53857166
0.19173442
0.18160604
0.20139076
0.63851345
0.65071464
0.23954137
0.14006361
0.109069526
0.10029313
0.10784864
0.14273164
0.7544969
0.8853416
0.89109755
0.81135464
0.88444734
0.88527083
0.8376789
0.1448919
0.10093384
0.09902705
0.11596114
0.32181588
0.8798825
0.90869284
0.88622594
0.7203344
0.8048925
0.12694687
0.09809254
0.12874353
0.18901582
0.24683912
0.8627048
0.8206531
0.81894904
0.90334404
0.7950856
0.73341894
0.071975246
0.05156449
0.052622475
0.05602918
0.057752214
0.0585996
0.06368015
0.09306412
0.7427608
0.14911829
0.2709797
0.8598176
0.8993931
0.9236366
0.91154397
0.92322266
0.91682816
0.9192548
0.89208764
0.24127918
0.18438494
0.85494184
0.9176878
0.9340837
0.8677645
0.07170911
0.047693115
0.046890825
0.050474983
0.053392723
0.056064323
0.06591392
0.094125174
0.7646362
0.7481773
0.7417205
0.7472927
0.73023856
0.70628774
0.21617638
0.13179298
0.09124642
0.09486758
0.16326113
0.88312125
0.91331345
0.89142984
0.23028995
0.10840056
0.094295025
0.11095306
0.16961652
0.8332833
0.7363854
0.72583514
0.14038722
0.09092399
0.09042216
0.12866345
0.13512364
0.3195016
0.70213705
0.6780968
0.36208144
0.7666109
0.24613532
0.23562725
0.6581314
0.66978943
0.7136424
0.84338015
0.76621795
0.7591002
0.85972655
0.7458989
0.3008014
0.67307645
0.172632
0.16747165
0.3284098
0.41875255
0.860551
0.7647954
0.75390255
0.12762411
0.07780065
0.06922148
0.06856318
0.068437316
0.082290165
0.11208181
0.27158004
0.8439397
0.7526146
0.8381338
0.5570436
0.41634288
0.2491736
0.6310497
0.63807565
0.22811054
0.17965809
0.1213683
0.121845566
0.16638105
0.18173572
0.7126281
0.798621
0.8487281
0.86220163
