0.7982788
0.8314932
0.8471273
0.8836293
0.90616965
0.9073976
0.8841988
0.8619058
0.8509832
0.48597297
0.26334238
0.20714016
0.49697167
0.21258317
0.18590297
0.17950132
0.21436302
0.14176056
0.16571783
0.76553524
0.28014854
0.66579163
0.69587934
0.72916675
0.8509051
0.70834666
0.6315924
0.17372985
0.5498845
0.10510159
0.0859504
0.12977204
0.20952308
0.24841999
0.26755008
0.29484302
0.2300514
0.09763087
0.08466203
0.11803259
0.67571044
0.09583831
0.06426202
0.06202828
0.07390169
0.08938753
0.11172607
0.8518595
0.91276777
0.8476118
0.8250402
0.88247615
0.08324893
0.051236607
0.047316797
0.050597914
0.052426897
0.06563882
0.113875054
0.87431955
0.89406294
0.9096307
0.9017117
0.90518516
0.8638157
0.08681973
0.07776125
0.05164229
0.05929955
0.051927954
0.055215802
0.07882758
0.7994031
0.8757601
0.9236441
0.9196908
0.8023683
0.27739608
0.7883541
0.8880452
0.80294913
0.74681336
0.7592198
0.2742807
0.17635864
0.087519996
0.083058044
0.11455973
0.61162686
0.13310489
0.11576752
0.12777834
0.19679058
0.2834677
0.7170025
0.80414796
0.72938764
0.6896502
0.67567873
0.7615162
0.19392878
0.14610058
0.13367097
0.14998113
0.53044635
0.19707584
0.16394217
0.119043924
0.12352142
0.190019
0.6668487
0.6799275
0.6706248
0.66961825
0.65762204
0.20620872
0.25729272
0.20371883
0.100831725
0.089100026
0.10406907
0.26461673
0.8454623
0.71246696
0.6644879
0.14808352
0.14215611
0.70465267
0.83428633
0.11200443
0.07483276
0.0821783
0.30824763
0.9046186
0.92773634
0.90616435
0.24466035
0.1265328
0.30605385
0.8896538
0.875906
0.89880055
0.14573039
0.06705459
0.06777239
0.11279825
0.89451003
0.92372996
0.9123838
0.8600093
0.0777225
0.0556423
0.059808087
0.094639346
0.8088526
0.8026721
0.8801431
0.15714958
0.096561804
0.13432722
0.7806747
0.777275
0.87553
0.15313242
0.07992263
0.080211185
0.12340711
0.8556692
0.7944555
0.73279625
0.16893816
0.17286114
0.7634587
0.80558854
0.8992221
0.80117637
0.15513672
0.08253621
0.06822471
0.07792096
0.12807259
0.14167283
0.09577173
0.0877298
0.08434104
0.103454426
0.25124046
0.16547807
0.6349578
0.1461224
0.12040316
0.13574338
0.20691633
0.8452936
0.86332554
0.7788222
0.8026207
0.8672676
0.8091869
0.7839032
0.7699401
0.7621486
0.17035161
0.10184686
0.1623437
0.08142418
0.05763908
0.05487175
0.05481127
0.0621123
0.11724621
0.88859475
0.9088623
0.91275465
0.85870373
0.08213013
0.057152808
0.05957457
0.09250552
0.6769092
0.11353895
0.12220776
0.10479275
0.10110988
0.27743763
0.8795789
0.86622804
0.22581095
0.2720152
0.30955127
0.69017315
0.83661306
0.9071434
0.9167471
0.9124738
0.9018748
0.9075488
0.90796524
0.9002285
0.87517786
0.87164116
0.8825781
0.867411
0.870715
0.88771766
0.9012684
0.9094068
0.9058289
0.8666412
