0.83831304
0.8628792
0.7170769
0.32049155
0.4205909
0.632346
0.18783224
0.19227222
0.24061188
0.123914815
0.13797492
0.11083143
0.19441059
0.09682001
0.09561044
0.16470833
0.11529884
0.08430772
0.089336075
0.14788519
0.7722891
0.89622855
0.89742696
0.72422767
0.6287195
0.16532886
0.0935635
0.0978821
0.19283196
0.6067527
0.61840105
0.7577789
0.3278885
0.18120031
0.2120188
0.5022535
0.3182194
0.34612513
0.6116432
0.64115214
0.6432591
0.62952614
0.5626289
0.23587969
0.22268198
0.49682567
0.24827087
0.21377131
0.23518442
0.60785586
0.60588264
0.60047
0.14017554
0.10810321
0.13638218
0.13967738
0.11160329
0.1936175
0.09186113
0.082483925
0.09684127
0.2051779
0.27115485
0.8613696
0.8117039
0.83990085
0.9094558
0.9140057
0.88636595
0.7038552
0.67465454
0.80465335
0.89963394
0.91324514
0.9066792
0.88190424
0.90093774
0.90203464
0.88308525
0.8759502
0.82241255
0.8226224
0.858519
0.81958514
0.7783226
0.8012266
0.8404
0.8795054
0.8499223
0.83326584
0.8493499
0.36254898
0.14895992
0.11988713
0.10913514
0.13390836
0.12259841
0.15268227
0.67949665
0.7075745
0.81939507
0.6801695
0.19114724
0.21561192
0.11493904
0.10789103
0.15902556
0.6264963
0.2642857
0.22992058
0.14304955
0.09455708
0.092698626
0.1326608
0.17382842
0.8668055
0.8868279
0.75798076
0.6891238
0.65152407
0.6360276
0.63018185
0.62332565
0.6362512
0.775783
0.48016
0.29494587
0.74857944
0.29693517
0.14916527
0.13737944
0.18210453
0.8585911
0.9019855
0.89715034
0.8598632
0.6274768
0.16495033
0.18189266
0.20171456
0.56581354
0.16380979
0.19761154
0.10883115
0.10348778
0.12728782
0.65982294
0.6601189
0.6519769
0.633687
0.6283615
0.60038966
0.18353136
0.22100022
0.16011104
0.14342678
0.110464334
0.12551226
0.5871181
0.1557
0.1470747
0.61444783
0.18142283
0.12608492
0.13445377
0.29606584
0.8476404
0.8300176
0.13353072
0.09397261
0.10088199
0.20788592
0.68499744
0.6822061
0.26445547
0.19803576
0.10762737
0.13182883
0.7720916
0.1260589
0.10482987
0.11202227
0.75735563
0.77474266
0.90047985
0.8399393
0.9065911
0.74803853
0.07454671
0.057512503
0.06399355
0.10434108
0.8083912
0.7716916
0.10658509
0.096142754
0.06545227
0.061860472
0.096761785
0.889697
0.9343886
0.93759245
0.94112307
0.88970053
0.07199393
0.052378632
0.073638834
0.06280217
0.05566617
0.056882124
0.06869736
0.061845783
0.08515245
0.7799179
0.80979997
0.8886154
0.79110116
0.7892193
0.834267
0.9091467
0.86227375
0.80531794
0.14839539
0.18666068
0.13755597
0.6652414
0.10016604
0.07811618
0.10860067
0.17526436
0.7727332
0.72575694
0.3720984
0.7065431
0.15103143
0.11541861
0.14019498
0.737135
0.8622739
0.74488765
0.24473645
0.13208555
0.121614635
0.26776958
0.09604323
0.078317
0.08206477
0.12457338
0.11991066
0.26642647
0.27207023
0.44541147
0.8476624
0.72747296
0.15379924
0.11761286
0.12066315
0.172306
0.21819133
0.6095478
0.5980728
0.27426338
0.39141
0.39161497
0.8056709
0.7788052
0.7314235
0.72704625
0.7536055
0.7668438
0.7860016
0.8628652
0.8442259
0.27993998
0.19814707
0.23897308
0.4799439
0.21381833
0.25197574
0.8059557
0.7192968
0.6829835
0.6740512
0.6577512
0.2222077
0.2336677
0.7583807
0.29625994
0.17067134
0.18423955
0.6437658
0.70181006
0.8162806
0.700062
0.2309983
0.31654933
0.1906784
0.66596764
0.119714245
0.10194497
0.08498095
0.123747125
0.07465515
0.06923208
0.067184195
0.06426855
0.060817022
0.059547137
0.06660133
0.12687477
0.8195271
0.3491352
0.8972496
0.9036297
0.8855204
0.86664367
0.82352084
0.306286
0.85930055
0.17579836
0.061628897
0.049969975
0.053478226
0.06250238
0.0963005
0.7082323
0.7048749
0.75033814
0.88718873
0.8969074
0.8433073
0.88726145
0.8715795
0.87249094
0.88500667
0.8363488
0.7795871
0.7483837
0.6990672
0.6875324
0.69456285
0.7441953
0.7745723
0.76748896
0.7743018
0.8381568
0.14354779
0.10682285
0.07623135
0.078172356
0.12778695
0.87219995
0.8367317
0.798803
0.7290561
0.08366716
0.058619566
0.060599856
0.10423546
0.13687839
0.8871252
0.8958944
0.87821007
0.87082267
0.90483886
0.9269446
0.8997404
0.83087355
0.13225956
0.16804428
0.7491672
0.08641782
0.055905722
0.05347583
0.056442898
0.061596986
0.08301652
0.2022567
0.22085732
0.8730256
0.8866568
0.7895761
0.7616576
0.8016308
0.84628105
0.8995388
0.90581834
0.89017105
0.8710425
0.85718334
0.8597945
0.855073
0.83120716
0.8051595
0.7883941
0.75428045
0.75462556
0.7443489
0.6851389
0.16654345
0.19127181
0.13207568
0.1129006
0.21971253
0.8171378
0.8758606
0.17067692
0.09728187
0.11465304
0.80791473
0.8826025
0.9016319
0.88960147
0.81499004
0.08352986
0.064156994
0.092552125
0.085080266
0.08038724
0.14436346
0.14439245
0.1564345
0.7307542
0.8381125
0.7344291
0.69021666
0.68452394
0.65437996
0.6423247
0.5527535
0.12645921
0.11669091
0.103207655
0.08656531
0.110734366
0.76882964
0.8836444
0.72788435
0.12967882
0.143691
0.6375911
0.1083284
0.089246154
0.16645166
0.8350256
0.13732189
0.07195765
0.07263958
0.18360515
0.8850614
0.91708595
0.9390664
0.9309842
0.91639864
0.12728754
0.06651009
0.07684808
0.21873392
0.8521771
0.10357439
0.06079078
0.057389908
0.06922259
0.12720175
0.8603162
0.7394543
0.10937036
0.089020655
0.14843164
0.17536704
0.15430315
0.6912113
0.68682855
0.6904045
0.68132085
0.13638023
0.10596799
0.14836444
0.09815481
0.124086924
0.8611945
0.9187697
0.92700785
0.9145517
0.914032
0.86986774
0.8512719
0.90603954
0.879975
0.104023755
0.07659199
0.09690537
0.09604447
0.1319735
0.76205987
0.8842484
0.8959193
0.85458475
0.9018708
0.9041044
0.8657979
0.16270475
0.12402781
0.15317602
0.14017528
0.23325065
0.18714869
0.5711448
0.19117488
0.20831297
0.1871049
0.50968355
0.18975475
0.18043154
0.21090144
0.71249413
0.27307034
0.30291018
0.34131855
0.83543974
0.8720354
0.84538
0.6091356
0.13032702
0.10113976
0.09511154
0.1087411
0.17480531
0.28620306
0.81549937
0.7016162
0.6763103
0.66790414
0.6487383
0.63164943
0.62728965
0.5503302
0.13965464
0.13451973
0.120616674
0.08921718
0.09805813
0.2128606
0.6546147
0.13158831
0.12583512
0.65904444
0.13323648
0.117678754
0.077365294
0.11010823
0.11393864
0.66981536
0.13275993
0.13525438
0.7558757
0.7791747
0.1045183
0.061616182
0.0636489
0.055054463
0.06147163
0.1456828
0.24342182
0.91452277
0.93277234
0.92472464
0.88432175
0.07465067
0.052215114
0.04836358
0.049235
0.056553874
0.06982391
0.24735732
0.9099329
0.9120246
0.17999795
0.13848555
0.7022115
0.090942174
0.06365133
0.060205095
0.071718484
0.10154528
0.68417037
0.17090182
0.17997764
0.8207018
0.15356518
0.08269997
0.083516166
0.16643326
0.21410449
0.18872885
0.793894
0.15991454
0.16129369
0.08123962
0.060921527
0.06041521
0.06808412
0.114179686
0.7488582
0.24371135
0.6988528
0.23488766
0.7399409
0.7219394
0.73545533
0.7595008
0.35173538
0.77886283
0.52996916
0.8508123
0.10130537
0.061218202
0.05865249
0.075482704
0.16605094
0.17312951
0.19376747
0.7972859
0.69219816
0.6850805
0.77672714
0.20728964
0.16355771
0.23197101
0.23842373
0.17294765
0.25157064
0.79190075
0.64546186
0.6308631
0.6656808
0.8262997
0.6996518
0.682131
0.66909295
0.68378717
0.10390456
0.060659084
0.05392982
0.06219513
0.06810894
0.16791628
0.8789381
0.9348093
0.9355868
0.82087797
0.08084212
0.0796196
0.06618776
0.050038997
0.05235543
0.057563353
0.09662421
0.8957583
0.9337047
0.9438784
0.89872956
0.070698015
0.04660989
0.04280673
0.046783574
0.054594643
0.06858124
0.11377027
0.899509
0.9245442
0.920695
0.9252613
0.88993806
0.86404604
0.8833849
0.14606348
0.083117455
0.11079391
0.08097735
0.09277313
0.26607317
0.89037097
0.92055416
0.9234909
0.91566676
0.8890952
0.66891664
0.1205785
0.12560576
0.11311711
0.20674972
0.79473114
0.8683838
0.9231797
0.9295457
0.9188506
0.8388856
0.21976914
0.15830722
0.23667517
0.24483685
0.83826095
0.8421274
0.839287
0.8745142
0.8998793
0.89444786
0.90866166
0.91280454
0.9111221
0.90126175
0.9032329
0.8571773
0.7824597
0.7624002
0.726846
0.13139689
0.12006411
0.09744903
0.13242401
0.8190476
0.42300904
0.8952719
0.9196065
0.8874121
0.8459668
0.8626823
0.87636006
0.2727205
0.72851294
0.114644326
0.09899848
0.21090703
0.15360509
0.67299205
0.12904027
0.09343544
0.13044122
0.13383883
0.1047557
0.13516116
0.7167574
0.77840894
0.89679855
0.891273
0.61581576
0.3723982
0.106899716
0.0829901
0.08579833
0.11105186
0.5800992
0.24764174
0.15790947
0.17893407
0.7098833
0.7392345
0.78049916
0.8687569
0.7466754
0.1516505
0.12756716
0.17648333
0.88980025
0.92829937
0.915096
0.24317077
0.06831095
0.059497543
0.06959571
0.19938725
0.8788595
0.8923673
0.8648088
0.099542454
0.055419397
0.04932772
0.055249967
0.09048905
0.85548735
0.91924983
0.92025155
0.93390244
0.92310774
0.79910517
0.09268459
0.08341546
0.11343088
0.6999729
0.6836334
0.645498
0.16578224
0.15801565
0.30046153
0.83111894
0.71394634
0.6589374
0.21842872
0.32736042
0.20563845
0.621265
0.17923692
0.15261249
0.2098088
0.8332254
0.7773423
0.8708762
0.7421768
0.16371983
0.16096403
0.10810338
0.13627297
0.11882817
0.1903992
0.65302837
0.701157
0.7403062
0.8292142
0.91258407
0.9278403
0.9312836
0.9258567
0.8953057
0.108337305
0.07088949
0.06347164
0.06390194
0.0870255
0.18128495
0.3201402
0.82919544
0.39937788
0.14043859
0.123784125
0.1719774
0.18155628
0.68984956
0.6893398
0.6622694
0.18052669
0.14854196
0.20489512
0.14524722
0.16444637
0.5072103
0.25025263
0.48392305
0.7487235
0.86717886
0.88810825
0.87828887
0.82024133
0.82029814
0.38874567
0.58090365
0.20050703
0.24944954
0.12835321
0.11118052
0.1335287
0.10866792
0.1364847
0.11494984
0.15571152
0.15772878
0.6484908
0.18822443
0.27066547
0.12290449
0.114279516
0.22336914
0.101581395
0.085085995
0.080508836
0.08251208
0.087582305
0.119186535
0.108683765
0.15697733
0.24660641
0.64453244
0.23655465
0.25578845
0.18127206
0.2874285
0.65959966
0.6733304
0.6718188
0.110395014
0.06874782
0.06396761
0.06387827
0.0652286
0.074504845
0.11852957
0.2056174
0.23846233
0.18248588
0.20261118
0.8873693
0.9204484
0.9188766
0.873323
0.88896215
0.7796181
0.7183263
0.7808448
0.86778563
0.91823226
0.92554414
0.9125846
0.79289615
0.67808
0.11746923
0.15289974
0.14893384
0.18510869
0.33332044
0.7994997
0.13995218
0.09576494
0.094622605
0.12464747
0.5930728
0.6157082
0.58029914
0.5169398
0.22558175
0.31519035
0.3359073
0.3286175
0.21488969
0.6187869
0.15017289
0.11938781
0.17999539
0.112960644
0.12129465
0.24368626
0.6962865
0.70934117
0.8271989
0.38586825
0.21949703
0.53781307
0.20928584
0.2597562
0.7501653
0.87693524
0.8027636
0.85952234
0.32947114
0.17234245
0.55404687
0.15553474
0.19767797
0.6781522
0.17380545
0.09138731
0.08481807
0.107851565
0.08555707
0.083632976
0.07730069
0.07289188
0.06864346
0.071937494
0.08973999
0.20280558
0.8718988
0.7853252
0.7541929
0.8677833
0.28543818
0.1286382
0.15308543
0.75438726
0.12469547
0.08653909
0.092343494
0.12826546
0.7144482
0.8361006
0.8384219
0.71569294
0.15165405
0.10796196
0.1161132
0.08572783
0.08284853
0.09015643
0.1363508
0.15850872
0.21909142
0.1263442
0.15569492
0.14357117
0.6237971
0.13915884
0.108201094
0.124871954
0.6215374
0.21142623
0.33192703
0.86145484
0.87290144
0.69440913
0.62663025
0.57157373
0.6178968
0.62429315
0.6195236
0.5907288
0.15494023
0.122154795
0.14106308
0.68740994
0.7256743
0.7745402
0.86844337
0.74232894
0.64415264
0.15980235
0.15166906
0.24369715
0.78062826
0.6840943
0.6595482
0.6332426
0.6004095
0.47507632
0.14736149
0.1431496
0.13167317
0.5459625
0.17420325
0.15583794
0.15354446
0.151989
0.7447238
0.75878227
0.75890017
0.7448433
0.71346503
0.66140807
0.1519681
0.1925057
0.20476392
0.2327983
0.557699
0.1549632
0.20277117
0.1592878
0.564666
0.563537
0.16529408
0.14555624
0.18968152
0.29359418
0.6646895
0.67924076
0.71963876
0.86887074
0.86769646
0.6680484
0.20739384
0.20716646
0.14101538
0.16431142
0.62088454
0.66280204
0.677776
0.6670369
0.16146266
0.1132709
0.0980975
0.10715165
0.21498175
0.14684787
0.09274889
0.08391985
0.09010383
0.12089016
0.74379414
0.8393546
0.6991934
0.7014569
0.75242156
0.87028253
0.86353904
0.7025197
0.64363354
0.63042897
0.6215863
0.66338927
0.77537984
0.19292858
0.14179902
0.16074815
0.14725406
0.57824403
0.13980913
0.11465933
0.15450867
0.19455275
0.6617343
0.65119916
0.6779095
0.14625347
0.07455902
0.061498538
0.06838205
0.10088837
0.73954296
0.7178455
0.7431507
0.71575934
0.10542505
0.093997225
0.066808805
0.06759524
0.10354622
0.7871226
0.78129745
0.75657
0.08893403
0.058341738
0.054892447
0.058969703
0.060464185
0.06328616
0.12388792
0.1457015
0.8735692
0.8799439
0.8896295
0.1978215
0.080900535
0.059334777
0.08605307
0.09608689
0.077067286
0.19196016
0.8499725
0.3846103
0.90279746
0.92846185
0.9012725
0.9237912
0.85263634
0.08553212
0.06995209
0.12588672
0.107483655
0.12998535
0.73346585
0.0998608
0.065939315
0.06366137
0.06684049
0.07859425
0.16908874
0.17475814
0.082850635
0.07600936
0.0932123
0.21051982
0.64378107
0.20225342
0.22953346
0.8088636
0.7757821
0.88529783
0.89987636
0.8810655
0.53725386
0.24991848
0.09293861
0.07454111
0.085794725
0.08609645
0.16541813
0.85916615
0.73319185
0.15950738
0.2334302
0.7075586
0.14424494
0.15390165
0.74305063
0.7014991
0.10423245
0.08009345
0.10613723
0.86164963
0.9166983
0.9170621
0.9277421
0.92657983
0.91253495
0.91927797
0.8858942
0.10677185
0.0841
0.13101637
0.88010025
0.9233743
0.91968197
0.81979674
0.26247358
0.21293397
0.8075044
0.25505492
0.19244155
0.70299846
0.7112289
0.27612928
0.12008354
0.17262709
0.082742065
0.08225887
0.12391879
0.18514675
0.67148936
0.14837153
0.21438977
0.084796555
0.07273405
0.07943935
0.1425824
0.7518596
0.16922547
0.10402014
0.14355087
0.84327424
0.86688495
0.90554583
0.23691165
0.08976033
0.12837097
0.12646286
0.08665088
0.11954249
0.79258627
0.15817602
0.16322266
0.19731869
0.8704606
0.8932736
0.77336365
0.77598345
0.8959031
0.8770004
0.14783806
0.14424628
0.09551387
0.09818436
0.22167872
0.1608543
0.10594769
0.14801879
0.10920639
0.12468471
0.31497177
0.103922926
0.08529952
0.08603817
0.08551161
0.10810787
0.21401112
0.15797627
0.25821188
0.70043045
0.695523
0.7078964
0.7347797
0.7538242
0.84380907
0.6259061
0.3340934
0.12622556
0.09542495
0.08725578
0.09510788
0.11214486
0.1745699
0.5063188
0.51275116
0.5675069
0.5197403
0.29384434
0.52004623
0.2627358
0.2562975
0.25045434
0.7910612
0.6739439
0.24704474
0.21571834
0.76991534
0.14449725
0.11790506
0.2470385
0.81392884
0.14135341
0.11291377
0.32209575
0.8936424
0.88050866
0.7967
0.1424657
0.20382729
0.7004665
0.10050917
0.077553004
0.10645718
0.88317204
0.9352391
0.9424322
0.94240725
0.8896823
0.06838808
0.047251098
0.04825282
0.05602868
0.060709115
0.06863142
0.07641907
0.11701525
0.7356748
0.113608345
0.06601503
0.062360946
0.070243
0.1276749
0.8753992
0.8620869
0.1782305
0.22226243
0.24198097
0.630527
0.33669794
0.68865836
0.7011451
0.22584374
0.08911653
0.0761821
0.10977858
0.6759234
0.09398171
0.06406173
0.0565206
0.059779655
0.09541456
0.8821713
0.92219913
0.92140913
0.9165949
0.9314178
0.916441
0.893416
0.8482624
0.073772214
0.05406446
0.058155946
0.11118003
0.15415053
0.7573132
0.10432088
0.07068605
0.07704083
0.1663028
0.8386366
0.34997115
0.82695204
0.15452398
0.14858913
0.1627122
0.18484871
0.19583684
0.79099697
0.1509187
0.10272234
0.13319315
0.12111932
0.19421944
0.3347104
0.66241866
0.31175783
0.35739645
0.17583801
0.2413349
0.15105186
0.16416524
0.6173514
0.7106358
0.7617215
0.8452034
0.89731234
0.888161
0.78902495
0.7534034
0.7474327
0.7920584
0.82295924
0.8345044
0.83855677
0.84111303
0.21522662
0.20200658
0.22888863
0.69018865
0.71794045
0.705959
0.6955992
0.7110786
0.7058969
0.7382628
0.83837247
0.5093225
0.38199803
0.2826504
0.74790615
0.7986597
0.80234855
0.79164225
0.76654994
0.12664898
0.0841227
0.08243501
0.1344645
0.14846666
0.6689816
0.18593699
0.23339352
0.1895201
0.68938667
0.15296753
0.111581676
0.10957676
0.269357
0.106166996
0.089208275
0.0814416
0.090564564
0.14636225
0.15010773
0.66056013
0.19276683
0.33070543
0.17456105
0.10604261
0.096634544
0.10183016
0.13707925
0.13073145
0.16856098
0.68450403
0.7695996
0.39593938
0.20722072
0.20290059
0.33039117
0.28475934
0.74496317
0.32330352
0.21862693
0.27762973
0.1791016
0.18267351
0.5943792
0.5982923
0.17852403
0.1583471
0.27723503
0.6349149
0.13822266
0.09573393
0.096407816
0.17029467
0.13488775
0.5976999
0.19882834
0.3963583
0.8778812
0.873853
0.15638927
0.09440525
0.108032286
0.67488706
0.7160176
0.76376694
0.8005655
0.82208204
0.89037126
0.107441
0.05606514
0.053831294
0.057768688
0.061562646
0.063251674
0.06406111
0.074388534
0.120371826
0.07153707
0.11105135
0.1031156
0.8171253
0.82881606
0.8646935
0.89955705
0.9282894
0.9164343
0.9118936
0.9258843
0.8557635
0.08748594
0.07737137
0.11042407
0.76502585
0.1339273
0.1227021
0.06844444
0.066229716
0.06792907
0.069229655
0.06919168
0.07042326
0.09026232
0.06965469
0.07488219
0.15564415
0.7688528
0.7145128
0.21988842
0.21152659
0.8281169
0.13143231
0.097419515
0.06909116
0.0756857
0.108135805
0.7342422
0.69722766
0.25935066
0.18008286
0.23053071
0.8633077
0.8583116
0.14216122
0.11673508
0.14776182
0.14447546
0.36118117
0.8055235
0.18693955
0.1851287
0.16374819
0.14292558
0.10660714
0.13507181
0.112134665
0.21943681
0.16705522
0.6476758
0.272359
0.35275707
0.2814085
0.668089
0.19029263
0.119752005
0.14954314
0.1986944
0.0838297
0.06971565
0.06867561
0.0806209
0.16822319
0.19905779
0.8548064
0.87265897
0.86985046
0.8464838
0.8005633
0.7928002
0.21150082
0.10573191
0.067304865
0.062443424
0.07182043
0.09402535
0.19893178
0.80215484
0.8683247
0.9014792
0.91102195
0.88705
