0.7129133
0.19560778
0.120203115
0.10644908
0.1356031
0.131249
0.26037332
0.6644302
0.6530043
0.36733916
0.28336108
0.5945603
0.29901835
0.4958892
0.15211475
0.15062857
0.80816174
0.91162395
0.92769706
0.9288095
0.9258189
0.9132063
0.813516
0.6759536
0.15422794
0.14142457
0.4832162
0.24732526
0.6265665
0.35611483
0.34473547
0.7219896
0.8487554
0.21182199
0.09699044
0.079879686
0.08007557
0.09360558
0.1305102
0.5643453
0.17039827
0.1534576
0.17551115
0.64153475
0.676833
0.7054797
0.7184559
0.8096082
0.187628
0.11909109
0.093127415
0.08582521
0.09551771
0.13223746
0.69361
0.7060864
0.70461756
0.69199485
0.68380576
0.6700986
0.11518646
0.08240972
0.09719127
0.5425243
0.10796044
0.09509277
0.21672489
0.8517386
0.87826484
0.8891394
0.87888956
0.837309
0.12742312
0.081582904
0.10039923
0.61940336
0.10314201
0.08455332
0.11840518
0.7123436
0.7185613
0.09778158
0.061820198
0.058670793
0.059712205
0.06394225
0.0685059
0.115270235
0.78450733
0.3893946
0.8166814
0.77330655
0.78674656
0.7426424
0.07879737
0.051569633
0.04740487
0.05016714
0.058435936
0.12364411
0.89413077
0.92495096
0.9148887
0.8917688
0.9096449
0.932547
0.9015559
0.12945251
0.051849697
0.045622397
0.04949354
0.06342559
0.13607948
0.8596339
0.4251397
0.84215784
0.21058153
0.08491685
0.113974415
0.06120254
0.059576783
0.06689394
0.10305063
0.77145875
0.75702655
0.72629833
0.108707994
0.07418808
0.0750092
0.111233175
0.11075982
0.1718713
0.8483974
0.85162723
0.9035145
0.9099968
0.8990726
0.85010797
0.8223812
0.8249832
0.2501422
0.19489063
0.22024402
0.62355316
0.7550841
0.37228534
0.19302501
0.17759119
0.1966055
0.5841988
0.715662
0.8224708
0.7606389
0.842602
0.82746285
0.19557391
0.13788983
0.12993546
0.14808674
0.31149682
0.6613824
0.36025512
0.122414246
0.087566726
0.077733174
0.08206361
0.09898258
0.20669578
0.5937005
0.2293128
0.1986662
0.6667754
0.693222
0.8461712
0.8413777
0.64591205
0.17062426
0.20994183
0.15210304
0.121853955
0.2075677
0.21330918
0.1402757
0.091055885
0.086343355
0.10005261
0.17694157
0.7011341
0.8356302
0.19891684
0.08229931
0.062118385
0.058900755
0.059841406
0.062235784
0.07637157
0.18990195
0.17453095
0.8668201
0.79658014
0.7953023
0.79523915
0.7906189
0.88526404
0.13832733
0.079012915
0.059982352
0.06835887
0.061442073
0.06300097
0.06678924
0.0863026
0.21533431
0.70029914
0.70712143
0.71578366
0.11625838
0.07186995
0.066278666
0.07151998
0.09811803
0.14545187
0.09814173
0.08477742
0.078275554
0.13168803
0.87834156
0.8117647
0.7505961
0.08331348
0.05466243
0.051018458
0.058999494
0.1094446
0.89143485
0.9052188
0.9079062
0.9125514
0.9201615
0.90379477
0.8930833
0.8953112
0.90655977
0.92164224
0.930619
0.90708053
0.07831632
0.048707485
0.047689658
0.056717966
0.102356195
0.80996794
0.7890943
0.7712872
0.1451868
0.14157222
0.702391
0.13483275
0.16976918
0.09607498
0.064616054
0.059466403
0.060907084
0.07477458
0.13514125
0.8688183
0.87209165
0.71430284
0.16532372
0.1599741
0.33187857
0.82597834
0.33881232
0.18182491
0.15843599
0.7485028
0.7911744
0.788901
0.73646694
0.7042742
0.67775726
0.16733769
0.2503638
0.3043729
0.84473354
0.19781606
0.08883376
0.085994266
0.14698108
0.08921788
0.09066788
0.12882644
0.11662957
0.16682701
0.18952553
0.1789159
0.62459487
0.1810289
0.17738496
0.13651113
0.14715506
0.17665257
0.6454667
0.7627991
0.40015513
0.19739021
0.18664147
0.2667078
0.21223508
0.34801906
0.42578945
0.65691835
0.71424896
0.8200363
0.72135377
0.6854627
0.7140494
0.82008594
0.76302207
0.71243954
0.6530461
0.6334425
0.5093295
0.21374658
0.21450315
0.6416369
0.79876816
0.43596438
0.41619948
0.79330564
0.15750405
0.11011517
0.122888096
0.69711363
0.78173584
0.83650595
0.8646579
0.8950513
0.9168735
0.88381016
0.12342881
0.09776335
0.12723956
0.5761119
0.37760085
0.56887865
0.8467826
0.83688956
0.30358782
0.29938665
0.7504073
0.63851625
0.5492106
0.49339348
0.24571319
0.19902281
0.27279165
0.20039749
0.23403147
0.74657154
0.34563848
0.6408161
0.67840195
0.73418415
0.84110016
0.71658486
0.6702527
0.11621252
0.087201715
0.09008984
0.13159959
0.14507776
0.35818833
0.8187276
0.817195
0.6662377
0.17731012
0.1418522
0.14111115
0.17056535
0.4355611
0.8290177
0.8356153
0.18641654
0.111758314
0.091674805
0.08536999
0.08256199
0.084516235
0.0829964
0.08192368
0.08437391
0.09572338
0.14286703
0.16683637
0.24215443
0.21591221
0.1153624
0.10586622
0.13818693
0.16846168
0.5638525
0.5729838
0.62385046
0.622879
0.64020395
0.11838079
0.07818633
0.07087636
0.089546405
0.07893055
0.090523936
0.14729786
0.8771454
0.8949101
0.81071043
0.8783583
0.73889846
0.6930706
0.64761615
0.109669425
0.08866046
0.11831901
0.6715642
0.120835
0.081286274
0.08168739
0.10979248
0.091238186
0.0828833
0.091857806
0.13661829
0.1752337
0.18674523
0.8092676
0.6673494
0.14665839
0.109682046
0.13351189
0.1710049
0.112900354
0.13853428
0.14011654
0.7046296
0.83352506
0.71555007
0.6945134
0.8227872
0.6880542
0.6530194
0.77451736
0.6139339
0.58247304
0.5823636
0.6415935
0.6945145
0.8484481
0.83898914
0.15329674
0.12380336
0.09387444
0.121324636
0.1942573
0.68809474
0.6883268
0.68952316
0.08813952
0.05747895
0.05667159
0.05726951
0.07215159
0.28705347
0.8952225
0.8686322
0.8070523
0.77462536
0.7220915
0.20607361
0.7066483
0.1484167
0.08856505
0.11095534
0.85191745
0.9054261
0.9182417
0.91159624
0.8925008
0.09713402
0.073689215
0.10499501
0.70230895
0.28539905
0.88885874
0.92280483
0.92311895
0.8935023
0.8917453
0.91890174
0.8780446
0.8359385
0.12361747
0.067575365
0.06613028
0.11777702
0.0864202
0.11425587
0.68845934
0.27106005
0.3125758
0.15384258
0.22575314
0.16343822
0.61269677
0.12710403
0.108045675
0.115094684
0.1707994
0.23636633
0.1775526
0.2080763
0.72494274
0.25175622
0.2258698
0.27683234
0.78169817
0.7184965
0.7393857
0.8236021
0.73809433
0.66409606
0.28303438
0.30282766
0.314662
0.81718874
0.8305791
0.20694965
0.18205489
0.62413234
0.643775
0.18776573
0.09978136
0.10914023
0.14512525
0.8326774
0.19585429
0.081277065
0.09470744
0.074941054
0.07556267
0.22046414
0.88954043
0.9229728
0.8097867
0.08426045
0.06792514
0.10368379
0.13795339
0.8682211
0.8887609
0.90242094
0.88701504
0.16670263
0.07998801
0.06801555
0.09486006
0.7986846
0.83463246
0.83661383
0.103228495
0.05767916
0.050937388
0.06120798
0.08343256
0.18293034
0.90212125
0.91591966
0.92977864
0.89719266
0.13591848
0.15659663
0.116499186
0.21511398
0.84901553
0.71884716
0.1537976
0.16522862
0.6422139
0.590441
0.19896972
0.28367102
0.23169716
0.75641054
0.89431053
0.9168122
0.9172496
0.9015672
0.8028554
0.74424493
0.6346426
0.15570267
0.15065975
0.1967474
0.7850797
0.70063543
0.66512686
0.27749217
0.27473298
0.15980098
0.19521026
0.86443585
0.88126653
0.41697133
0.24991986
0.17265578
0.7196766
0.781154
0.8456879
0.9234734
0.9280687
0.8948114
0.1333239
0.13509949
0.18625581
0.69952744
0.694817
0.09095651
0.06582205
0.07559652
0.068722345
0.0765705
0.11219216
0.13753179
0.22256866
0.2672426
0.6953197
0.15278825
0.1439266
0.8037906
0.86967504
0.9172524
0.88960814
0.8708886
0.9054403
0.80094564
0.12657213
0.13188307
0.6355882
0.19605356
0.19371916
0.26278767
0.29183453
0.26956925
0.8549475
0.87576044
0.7385344
0.67449373
0.67048895
0.6705507
0.6831567
0.27082682
0.14645098
0.10643293
0.068081856
0.0696839
0.10498149
0.8043482
0.81175405
0.79314435
0.09206863
0.058204006
0.056861892
0.06326147
0.08745639
0.08960666
0.10013532
0.3061415
0.8601869
0.11201451
0.06185058
0.053894598
0.055866897
0.05976367
0.09162997
0.8632656
0.90227175
0.9168342
0.9005093
0.15662484
0.15928198
0.81974787
0.8679399
0.8099782
0.080397256
0.05257601
0.048426453
0.0554554
0.07822706
0.12618762
0.8845391
0.90137494
0.79579777
0.8903093
0.747317
0.07651742
0.05281365
0.04911665
0.058460064
0.06984574
0.23070449
0.8999363
0.92259955
0.9209655
0.12992191
0.06385251
0.072025076
0.055406664
0.06379486
0.106513925
0.7367707
0.8516042
0.3315904
0.18784691
0.19357644
0.86871153
0.77155644
0.096787944
0.08712858
0.054255858
0.05375433
0.06249958
0.058520336
0.083466865
0.8318079
0.87910825
0.9148012
0.9416407
0.94135475
0.91484606
0.08092878
0.05542882
0.06332621
0.088330634
0.62439436
0.104509965
0.10313288
0.11511187
0.6590968
0.5985741
0.13665904
0.13040045
0.21076855
0.7552709
0.88415045
0.8960385
0.8592773
0.6766491
0.5872923
0.6208733
0.6732707
0.8058077
0.7786789
0.8820632
0.89590913
0.8652836
0.14030658
0.10491832
0.072212055
0.07006995
0.094722055
0.13801396
0.87773913
0.8857906
0.16989861
0.13066712
0.61331314
0.1091156
0.12715583
0.14621823
0.14606196
0.14884311
0.88294196
0.9037459
0.92465615
0.9109512
0.913568
0.9343653
0.93575275
0.9138623
0.08505532
0.06380134
0.064006016
0.060806513
0.055320855
0.062431272
0.09508495
0.740158
0.6987381
0.117767885
0.127203
0.0807443
0.08720915
0.18761557
0.30048913
0.8827302
0.8973249
0.8066753
0.82123595
0.8867349
0.8382984
0.8850275
0.7804636
0.17844021
0.29764873
0.22958224
0.12596145
0.07945501
0.07214029
0.07687058
0.080629915
0.09632886
0.08041918
0.08271089
0.11569687
0.68952924
0.11125929
0.08702623
0.12527563
0.71383876
0.11372684
0.07062943
0.07289789
0.10849943
0.7074947
0.13847655
0.14520463
0.7219796
0.10792054
0.07956106
0.1316017
0.1740419
0.9086452
0.9217244
0.87850195
0.08022231
0.054549173
0.050993327
0.058211364
0.07670675
0.11161177
0.72542614
0.107953355
0.08289056
0.106013775
0.24767381
0.79630786
0.12107927
0.08630424
0.11506634
0.7658211
0.7487717
0.102574125
0.065234855
0.06487481
0.11145943
0.08377834
0.12434956
0.8439031
0.72997016
0.7289425
0.75455123
0.78622985
0.83648366
0.9174086
0.90872777
0.26818663
0.07896526
0.06296679
0.06937176
0.11544753
0.15984617
0.25679728
0.26717037
0.16433355
0.20644525
0.78850216
0.4825915
0.84330314
0.7954473
0.7743796
0.79600126
0.8713757
0.7938169
0.7620177
0.72770846
0.7212495
0.73604625
0.15277787
0.15528564
0.09096188
0.07323131
0.07862707
0.102798216
0.16455515
0.8036868
0.24566334
0.12249522
0.112018965
0.121039264
0.21161631
0.7072867
0.7289145
0.76533765
0.8830827
0.87970847
0.7284364
0.2268652
0.1714656
0.11976282
0.13307723
0.11177999
0.124064155
0.19390213
0.5824974
0.65437996
0.75321877
0.3469558
0.4011033
0.81103265
0.8100681
0.8626857
0.85103047
0.69600296
0.2611218
0.4944758
0.18779641
0.18857844
0.63938075
0.27462506
0.106788024
0.083258055
0.09435076
0.0933721
0.07989236
0.124593295
0.88558656
0.90291536
0.9140783
0.92326057
0.9161251
0.8809393
0.86648244
0.9021993
0.8912092
0.87242234
0.8594357
0.8749754
0.91168797
0.9192017
0.91300434
0.8502248
0.79076296
0.7867323
0.8461409
0.16239303
0.13102676
0.24098912
0.20376576
0.105862655
0.10019187
0.12755539
0.11318661
0.14533402
0.5418841
0.28738505
0.75676614
0.64800334
0.6334864
0.37003323
0.22776541
0.2339138
0.6835904
0.84663945
0.84839404
0.1406325
0.08819109
0.07421451
0.07600923
0.10125611
0.6801348
0.7230218
0.7512601
0.79841995
0.91076416
0.9136419
0.8128139
0.7016613
0.104518354
0.0921032
0.119957276
0.5577534
0.18831779
0.20811683
0.7407822
0.22853968
0.21012142
0.32381773
0.771477
0.69617754
0.7738723
0.6170345
0.17643864
0.14739509
0.1528187
0.24603398
0.20115882
0.3546126
0.6247855
0.60774493
0.21376604
0.19774373
0.33704278
0.65811837
0.6723886
0.6655895
0.6296725
0.62220657
0.2136775
0.14448696
0.15382177
0.50143087
0.5027667
0.47393653
0.469392
0.49167004
0.1701728
0.14632185
0.16315967
0.6034742
0.747484
0.27541488
0.18579446
0.1964186
0.7245959
0.88071245
0.89935774
0.8740108
0.73386306
0.66331273
0.1192602
0.08361751
0.07349392
0.08147873
0.10396467
0.23563625
0.6743085
0.66797334
0.6588368
0.25341874
0.23679352
0.11384273
0.09609088
0.10642849
0.15555345
0.77951276
0.31119785
0.6851323
0.66137934
0.10621511
0.0678281
0.061239373
0.06471183
0.08099525
0.15219086
0.7929292
0.8833755
0.7415253
0.12088491
0.11328262
0.15126684
0.8436928
0.18098776
0.06995215
0.056586202
0.05797077
0.06235342
0.07742923
0.21423143
0.83939165
0.27141818
0.12170448
0.06002353
0.055187434
0.06529895
0.11891138
0.11768299
0.87174284
0.900498
0.9127255
0.86724037
0.111473165
0.10784851
0.23567726
0.8279168
0.11190696
0.062133547
0.063005865
0.06881946
0.07167904
0.07576956
0.114408806
0.7243347
0.1093153
0.070066124
0.07363529
0.12589486
0.8359926
0.8784911
0.12667689
0.086925946
0.110112496
0.6609457
0.1053364
0.07709411
0.089095056
0.14211686
0.7709986
0.20318428
0.18630905
0.6462768
0.6169667
0.22245078
0.61424005
0.16405287
0.16086146
0.634757
0.14243639
0.1205193
0.17613447
0.2342974
0.11697482
0.09427911
0.07942484
0.074304014
0.075546265
0.08802255
0.1416907
0.87571764
0.8830333
0.6985271
0.6357444
0.15839818
0.15531214
0.77315485
0.8927609
0.8833903
0.9164271
0.9187568
0.906611
0.9169919
0.9129473
0.87053746
0.18736722
0.17862965
0.70387876
0.8887395
0.9124908
0.9030945
0.8271743
0.8226643
0.8749611
0.7861484
0.68042386
0.13740206
0.19048545
0.16705035
0.101356715
0.17249623
0.6424978
0.10527895
0.08390521
0.12858887
0.8607495
0.78850794
0.14064988
0.13987902
0.80482566
0.87012815
0.887355
0.88794273
0.8725409
0.86597294
0.84247637
0.78788155
0.13240552
0.14696984
0.78684855
0.7975425
0.10504086
0.07889255
0.10262823
0.68470407
0.12350756
0.082371354
0.108877435
0.15084906
0.18446739
0.8710918
0.75856185
0.09784229
0.06610608
0.062386915
0.06644698
0.07536002
0.092348784
0.17140757
0.84991074
0.7902943
0.8726262
0.76248103
0.70307446
0.68326646
0.6968508
0.20578644
0.12161063
0.13448527
0.10270314
0.10947821
0.21706486
0.7170649
0.7234958
0.73396873
0.7425827
0.17140532
0.13871314
0.28672504
0.10168392
0.080231436
0.084472835
0.12037283
0.09797213
0.12098137
0.09963419
0.107720815
0.16249366
0.77110976
0.14629614
0.09618874
0.09134285
0.12634106
0.1438811
0.17224057
0.8553239
0.77852035
0.76910794
0.85804236
0.11944489
0.09267798
0.07850613
0.06839074
0.12508528
0.16256237
0.1776883
0.90733856
0.9349647
0.89825666
0.10495227
0.07304041
0.064210914
0.060863335
0.11080721
0.16034286
0.16789366
0.8955755
0.89936197
0.10297942
0.06980788
0.09538008
0.06760361
0.076336406
0.1338171
0.87838405
0.8891355
0.7140211
0.23336095
0.37480256
0.6443484
0.40325105
0.7242074
0.7411454
0.14323764
0.088364646
0.07283593
0.07744671
0.102018185
0.20654999
0.68526417
0.20655802
0.12075942
0.10864903
0.11732214
0.18600613
0.84136283
0.8502017
0.708526
0.725216
0.8327511
0.7571694
0.76974636
0.793762
0.81720024
0.22702746
0.18745062
0.23278917
0.34639135
0.8142877
0.898492
0.8850962
