0.13473327
0.06910778
0.06216113
0.0677632
0.10133624
0.22008915
0.81955314
0.76200575
0.117871515
0.09165963
0.13747758
0.8804784
0.90564996
0.7964417
0.7344215
0.7124492
0.767414
0.8782309
0.9234312
0.8994489
0.10490566
0.0797643
0.118305564
0.7934014
0.09509835
0.05748019
0.053701032
0.060692366
0.1112542
0.87482375
0.904123
0.91312915
0.91304576
0.9161541
0.93010217
0.8919609
0.1342713
0.05472974
0.048694327
0.05444307
0.08263497
0.79402584
0.89594907
0.81938237
0.7960246
0.75992924
0.086600326
0.057862237
0.056748845
0.058719918
0.087800466
0.85341114
0.8974411
0.9126304
0.92203134
0.93948555
0.9365985
0.8804462
0.07387966
0.05452939
0.076250605
0.056737497
0.062030643
0.09068493
0.14984024
0.076461926
0.07389517
0.088286206
0.14418319
0.82761335
0.73297006
0.7862284
0.880885
0.9131329
0.89034563
