0.33965912
0.33625856
0.29748684
0.290729
0.27001446
0.80548
0.41314894
0.11448287
0.08107537
0.07404271
0.093103774
0.07337649
0.075674534
0.10247661
0.71433336
0.7092542
0.7434778
0.86377394
0.6649458
0.11369008
0.099332444
0.1282701
0.7286716
0.87135965
0.8748234
0.76272845
0.83105975
0.7209403
0.7850723
0.23789136
0.14102219
0.13535053
0.23272085
0.27186716
0.5853952
0.1812744
0.11807288
0.1169966
0.20568685
0.24158664
0.5730604
0.16554213
0.14938639
0.2340677
0.8354399
0.8260435
0.21844444
0.25064746
0.15994027
0.18703575
0.83579046
0.86532354
0.74310297
0.8718399
0.8657367
0.6269967
0.106642224
0.10780418
0.09932509
0.076656505
0.08318805
0.12064483
0.12805024
0.104739726
0.14021331
0.15828426
0.18632235
0.56856066
0.6079088
0.60002023
0.5490325
0.28051084
0.175648
0.18795925
0.7399639
0.16692558
0.13568524
0.08799543
0.08113418
0.08947909
0.123080045
0.67271006
0.78889525
0.61531943
0.17087469
0.15389274
0.46423563
0.22722653
0.216106
0.7839042
0.6749627
0.7269099
0.86269295
0.8519375
0.681495
0.13716711
0.12445844
0.08815718
0.10059489
0.08535986
0.096227914
0.14581321
0.84816355
0.8555482
0.38404962
0.23585624
0.6276029
0.6253678
0.64819324
0.11684503
0.09811942
0.07718841
0.12134625
0.08825211
0.0788642
0.118652575
0.78674704
0.20714936
0.6107738
0.12417447
0.124424286
0.7630418
0.8728054
0.30521277
0.4787535
0.8627554
0.10312646
0.07004657
0.07906099
0.05617888
0.06286204
0.09837106
0.8937816
0.93964314
0.9459271
0.9234602
0.07468038
0.047344394
0.0447104
0.053332556
0.07692699
0.095657565
0.7536766
0.21484138
0.45414034
0.9014357
0.89974326
0.8804404
0.14085306
0.1321916
0.55026984
0.25597933
0.86531425
0.8810974
0.9198607
0.9092016
0.7461729
0.10361753
0.10287548
0.11507145
0.8039145
0.89292747
0.9228485
0.89094347
0.14508118
0.15129218
0.1360146
0.7927471
0.91682506
0.93267584
0.9223895
0.7962512
0.11396691
0.05450128
0.047160238
0.05143136
0.06195465
0.10807438
0.8223736
0.16456366
0.16207626
0.88169384
0.9194861
0.9146858
0.8538252
0.07412087
0.050374787
0.05100504
0.0566873
0.0648091
0.06880322
0.089538805
0.15966739
0.78321844
0.11266975
0.07468564
0.10740004
0.081398815
0.066606365
0.073867604
0.12975748
0.84954125
0.71952987
0.16203581
0.20010568
0.66567844
0.10825966
0.08173121
0.09419942
0.192031
0.123893574
0.20565094
0.13019861
0.08788101
0.0802087
0.089534216
0.17048116
0.15812352
0.21706003
0.8122599
0.14652994
0.109452344
0.19463357
0.8783204
0.77808684
0.10517272
0.07927927
0.055085376
0.053973
0.05393178
0.05244975
0.055975482
0.085139394
0.87508464
0.91917086
0.940382
0.94216335
0.92283785
0.8800178
0.83458424
0.071895786
0.05572882
0.05565093
0.088976525
0.06379069
0.064277105
0.07228549
0.08791764
0.063582696
0.06480667
0.094396204
0.82354057
0.905613
0.8039217
0.12564947
0.15066025
0.09014814
0.06601656
0.073408075
0.113580436
0.76654434
0.8580495
0.11690287
0.06570662
0.061204102
0.055622537
0.05572395
0.0653279
0.092950515
0.8553162
0.89161146
0.922229
0.8955516
0.91477025
0.847602
0.8499984
0.91391057
0.8446651
0.0978118
0.10525814
0.057407245
0.05530555
0.0818459
0.06966321
0.09696792
0.7780498
0.8753362
0.77429867
0.8529745
0.13171686
0.107605666
0.087156005
0.12873152
0.8289063
0.23056807
0.08823037
0.08854828
0.12658255
0.8949689
0.92417884
0.94174093
0.9286557
0.91422546
0.07519528
0.047897168
0.046656184
0.053780813
0.057245202
0.06455378
0.10241093
0.14281033
0.8201738
0.12446452
0.08948513
0.07662054
0.11076508
0.8739815
0.9238888
0.87616247
0.75803185
0.07990976
0.06193642
0.07804393
0.09812533
0.7276458
0.74637705
0.86039865
0.11043984
0.06803442
0.08102143
0.058589943
0.06356888
0.08690635
0.8025754
0.82291985
0.891434
0.93534136
0.9207669
0.16525804
0.1197287
0.075521424
0.06592844
0.06733865
0.11052137
0.8147825
0.20267533
0.4142351
0.8632608
0.11918297
0.060237594
0.051833365
0.057327375
0.09038289
0.8798432
0.9307662
0.9438768
0.92339545
0.08380403
0.052507263
0.05219448
0.069350705
0.12939902
0.841515
0.14780757
0.076909654
0.07779447
0.1693427
0.7657233
0.1670683
0.18960468
0.8533659
0.17197445
0.07139705
0.05714808
0.059394687
0.06749715
0.097278684
0.6853527
0.19419616
0.16149493
0.30810952
0.84537596
0.70731723
0.22232239
0.36694667
0.2872825
0.1687107
0.33198962
0.26857272
0.10625487
0.08783562
0.0831252
0.09472159
0.15394963
0.14688067
0.09874681
0.10262995
0.13081852
0.5780959
0.22773755
0.22476055
0.1975058
0.2879315
0.58581483
0.83787394
0.8476845
0.7396308
0.7512092
0.8120716
0.6887433
0.35890493
0.3194285
0.3079236
0.28033385
0.7659607
0.15827478
0.092086725
0.07582331
0.077833325
0.10344441
0.68850905
0.80209357
0.27140272
0.70543766
0.85362446
0.23306347
0.13527581
0.6037177
0.0873129
0.0739097
0.059749402
0.0726253
0.12687135
0.14880683
0.14813246
0.13114361
0.8714466
0.9179011
0.93659467
0.9396589
0.9361759
0.9359375
0.88414896
0.068604566
0.052926783
0.05339688
0.055239487
0.053707235
0.056790452
0.06894151
0.11376951
0.82877773
0.22970496
0.2063071
0.8109609
0.8575301
0.31027046
0.7825978
0.84042877
0.86423314
0.8894114
0.106086604
0.063965134
0.060399022
0.07434962
0.124202244
0.7760473
0.21273902
0.29993102
0.3095257
0.2659974
0.8299282
0.82999367
0.15384133
0.1188886
0.16699654
0.1009354
0.112168886
0.62627965
0.669593
0.7303109
0.81214935
0.9158246
0.9028304
0.107538365
0.07591563
0.05451871
0.054837827
0.057890747
0.060502768
0.060439426
0.067327075
0.11381326
0.8295411
0.17028137
0.18230149
0.8955538
0.9088652
0.90146166
0.8497075
0.075922415
0.051740866
0.0500891
0.060771592
0.15937553
0.91429436
0.94017565
0.9122937
0.17393985
0.058417384
0.052714307
0.059294153
0.079430684
0.06772302
0.06660793
0.06752602
0.077644445
0.08484194
0.15089817
0.8567137
0.30823278
0.0866784
0.066858366
0.07789695
0.1317009
0.18883063
0.3360602
0.37227008
0.28537288
0.32549354
