0.82583946
0.8305028
0.8348161
0.20490442
0.12396962
0.117313325
0.18056162
0.11536927
0.12313753
0.24156602
0.23946024
0.85673225
0.8728132
0.6798891
0.23035304
0.17505476
0.25539303
0.2348115
0.8078458
0.74167264
0.8405807
0.69191223
0.69737977
0.81294745
0.14082703
0.11459313
0.091205366
0.14042401
0.105850376
0.18040802
0.10705072
0.116011076
0.23143631
0.28677076
0.8529444
0.84750956
0.27535716
0.2827876
0.8487509
0.8789046
0.7869041
0.87884986
0.87267506
0.735615
0.8347779
0.20390204
0.081379905
0.06936526
0.07979638
0.19714104
0.8341711
0.87058824
0.88396895
0.8801187
0.8540432
0.8059199
0.11724939
0.0677458
0.06285469
0.07531499
0.13881592
0.64828974
0.6935466
0.73456246
0.8373428
0.73120433
0.7090316
0.70265627
0.801061
0.15046734
0.10731561
0.11484903
0.2792584
0.8277064
0.29970485
0.7518669
0.76227385
0.12562358
0.07564788
0.05860127
0.059544493
0.07038581
0.05651723
0.053968377
0.059804425
0.11304879
0.8885392
0.9234612
0.9283673
0.90518224
0.88534504
0.8975665
0.92640907
0.9342707
0.9354273
0.92242837
0.24377826
0.054642208
0.04637151
0.048839763
0.06612025
0.11685266
0.85771704
0.74070245
0.15768144
0.2332078
0.2867074
0.72493595
0.69972134
0.23765482
0.7050783
0.16078427
0.085972495
0.07273961
0.078513965
0.0997762
0.14015222
0.671005
0.63367784
0.36535966
0.2673488
0.21838789
0.5284969
0.215864
0.25337186
0.25639704
0.7461392
0.65302247
0.3171338
0.24102557
0.5070307
0.16790682
0.14326404
0.15762371
0.5718711
0.3796387
0.31885585
0.83458894
0.83758533
0.17032623
0.13793127
0.22891684
0.62206566
0.20578286
0.6614346
0.17144068
0.15061301
0.09287126
0.07656121
0.112596236
0.7999728
0.16498855
0.18120581
0.8848277
0.91837347
0.9011636
0.92641497
0.9205134
0.9275265
0.8771037
0.7657607
0.06455373
0.048382968
0.047798336
0.061547723
0.12681149
0.14306943
0.23951872
0.6450085
0.21584679
0.6202961
0.20132002
0.14786166
0.18057337
0.80481595
0.810858
0.12060169
0.07686031
0.07142177
0.0998028
0.62686074
0.1271772
0.15087296
0.14289097
0.6428868
0.15673646
0.24995865
0.84951526
0.8926468
0.12061869
0.067448094
0.0674987
0.10795672
0.801505
0.14924985
0.17268118
0.15511288
0.8804908
0.92947054
0.9355026
0.9079051
0.8512229
0.8025107
0.092187434
0.08687341
0.12928237
0.7471467
0.09641956
0.064888924
0.07043002
0.1564453
0.85926235
0.8869424
0.3111327
0.24992225
0.87937796
0.84182036
0.8192867
0.23144822
0.11809209
0.06585076
0.059964802
0.06416474
0.074565515
0.1127899
0.67773783
0.1542794
0.1714928
0.127908
0.13954367
0.18942243
0.75739807
0.32573637
0.5154021
0.70922565
0.75950706
0.8641118
0.8573791
0.85786515
0.866055
0.7879486
0.68968123
0.3423725
0.34049186
0.43987128
0.859999
0.90317506
0.89251864
0.8114864
0.75792485
0.8058499
0.8817273
0.8825383
0.76882577
0.33005217
0.3785549
0.3189032
0.75062627
0.6214634
0.19598904
0.17671329
0.21656656
0.44689822
0.19497186
0.26552308
0.19627342
0.24532825
0.81391543
0.83585376
0.66897583
0.1691237
0.15933295
0.1258092
0.16603948
0.20418163
0.626881
0.78386855
0.21118395
0.121081576
0.12446844
0.1037436
0.18049872
0.14930408
0.13606039
0.24860036
0.6554907
0.64815015
0.15793642
0.17756738
0.094095275
0.10102003
0.08724269
0.11260753
0.7023512
0.7194601
0.73263395
0.7748328
0.87240016
0.78665686
0.7463263
0.76072526
0.8467413
0.7278437
0.66803575
0.693193
0.7139512
0.7190089
0.7010991
0.68282676
0.67994773
0.61957204
0.09243484
0.07314069
0.06661799
0.10942465
0.10559298
0.18720159
0.87863964
0.8510338
0.84242195
0.87817335
0.91759336
0.91949487
0.90495557
0.91672975
0.91414297
0.9254902
0.9244254
0.8945969
0.12691875
0.13380057
0.10691624
0.095523156
0.17473803
0.17646304
0.8375277
0.76217276
0.7516817
0.78358704
0.9027955
0.8994126
0.7412868
0.11773525
0.10909231
0.20039506
0.1574841
0.1548561
0.10300615
0.1419258
0.11799767
0.23124246
0.14127217
0.09178271
0.086957194
0.09568509
0.16381678
0.80420905
0.43851957
0.3107274
0.16945085
0.2561655
0.17482734
0.6746928
0.16739579
0.08682426
0.071899794
0.08690306
0.07479596
0.09779036
0.69699556
0.15185182
0.22788507
0.89081204
0.9300638
0.9398352
0.87799054
0.07601998
0.050905503
0.05272933
0.06153427
0.08956356
0.07289308
0.073103175
0.08375573
0.16082668
0.09985687
0.070816986
0.0629441
0.06556577
0.06852716
0.15004209
0.28114945
0.8945294
0.9081328
0.89208084
0.11984569
0.07519469
0.056776967
0.07400998
0.060131073
0.06304096
0.086126044
0.115560174
0.6893018
0.12059425
0.13066319
0.10136234
0.4530579
0.9172918
0.9332716
0.8642012
0.10080903
0.072107084
0.09303017
0.1873584
0.84333444
0.11732612
0.077043
0.09236909
0.14232664
0.8216279
0.12739944
0.08549293
0.10738643
0.6563632
0.13379386
0.15063876
0.14643183
0.11355455
0.14269009
0.120368846
0.14407404
0.24444777
0.7052543
0.71757966
0.742186
0.7924226
0.8392587
0.89821666
0.90673095
0.8962601
0.85954523
0.86725014
0.88851166
0.8824512
0.8133708
0.74300325
0.70521885
0.70776635
0.72985405
0.7984031
0.8545451
0.78498167
0.8108923
0.20664623
0.14907293
0.14596985
0.18349414
0.7985068
0.6856443
0.1148049
0.08421574
0.09689455
0.09739566
0.26479763
0.8920888
0.887989
0.1229526
0.11334669
0.08803922
0.14797229
0.85903984
0.8791232
0.83254224
0.08632469
0.057908215
0.06418935
0.06420876
0.084164925
0.07911653
0.13246909
0.09262959
0.11385882
0.65632623
0.67486006
0.69558483
0.77937365
0.24422969
0.20588279
0.31054842
0.2675907
0.7825593
0.675336
0.6347172
0.58576113
0.11868312
0.09605247
0.15219234
0.10455453
0.077687345
0.08492084
0.15313889
0.8257954
0.9003794
0.8223168
0.7547437
0.7095503
0.16415481
0.09433067
0.10574053
0.2660263
0.86056685
0.76670986
0.16038492
0.0773576
0.0685373
0.072033405
0.088298015
0.07577023
0.07262865
0.07547499
0.08600851
0.13432594
0.18589936
0.65723866
0.16333218
0.14932922
0.6606531
0.67043376
0.694992
0.69849324
0.6686637
0.14116552
0.1326998
0.565027
0.14150468
0.17494166
0.12730703
0.16272806
0.7488121
0.32810813
0.29665184
0.5721815
0.37923816
0.42550257
0.68892646
0.8389883
0.7736543
0.8439483
0.70726204
0.24243487
0.23429348
0.5915789
0.63979244
0.72300255
0.8790267
0.8893673
0.8016935
0.75686556
0.77562577
0.8598932
0.8378897
0.792688
0.73686534
0.7210462
0.6719614
0.23760928
0.23351622
0.6214475
0.68806344
0.8023023
0.73460174
0.79953116
0.43284872
0.3488916
0.5944827
0.32760686
0.26359656
0.17284803
0.21448737
0.13999869
0.14271365
0.2509084
0.643044
0.6988962
0.8265107
0.20594959
0.119511396
0.15090862
0.10261252
0.14225158
0.86561495
0.86896324
0.15057294
0.17258738
0.16414927
0.16546388
0.8698205
0.88527
0.88618755
0.9189019
0.91518813
0.92257184
0.9065699
0.8864622
0.87021136
0.88918495
0.096303664
0.07768231
0.07255216
0.05666238
0.058359556
0.0681607
0.103473365
0.10873095
0.21576034
0.64215183
0.6651291
0.68858653
0.6965491
0.798138
0.64966154
0.21171825
0.14700784
0.14804578
0.20660554
0.23821512
0.764666
0.67720765
0.38024703
0.17762296
0.14492793
0.15512758
0.12661426
0.1407734
0.27086097
0.6290315
0.62486476
0.18579285
0.18918782
0.21969648
0.12079802
0.112445645
0.1315807
0.6420766
0.6626109
0.2990084
0.12398446
0.118599266
0.07934645
0.07419258
0.07922882
0.11893473
0.14132524
0.14170888
0.7275989
0.81977755
0.23542266
0.17750672
0.14157675
0.29092333
0.84478307
0.76857203
0.8790316
0.7521966
0.703061
0.15780233
0.11226057
0.1770466
0.2222099
0.62152815
0.14855438
0.18312518
0.17116174
0.11255274
0.12396314
0.57862204
0.62186086
0.1977817
0.12044948
0.10562228
0.113612816
0.16077155
0.7748517
0.17602013
0.116681844
0.110273555
0.20511012
0.11789883
0.1491519
0.15125535
0.15352222
0.18622383
0.09543003
0.08437118
0.09658305
0.18248567
0.19630991
0.70940006
0.8499386
0.8324443
0.27693507
0.38687092
0.7748213
0.15448686
0.12948735
0.097765274
0.10932376
0.22141849
0.7331781
0.8456128
0.7305429
0.72860926
0.835356
0.6840646
0.61897916
0.52876884
0.50698185
0.116660215
0.07440535
0.07496068
0.12228684
0.6636327
0.21760625
0.63490534
0.13453709
0.14322005
0.69930345
0.16143462
0.08615819
0.07602868
0.1201455
0.85036254
0.71338564
0.14781338
0.17231463
0.878729
0.87804925
0.8186612
0.104168236
0.07598027
0.09656185
0.83175445
0.9077895
0.93454504
0.9311327
0.9269394
0.916054
0.8743013
0.069052204
0.047088455
0.048054066
0.053253036
0.057612106
0.060090486
0.061576433
0.06888823
0.108583055
0.72440577
0.1369835
0.1331779
0.7632319
0.55060816
0.8780879
0.33696416
0.101920836
0.11944007
0.1589102
0.097506404
0.06841383
0.07689634
0.1551706
0.15295956
0.81334734
0.28530225
0.21221453
0.7180594
0.8329021
0.6767079
0.60305816
0.21224385
0.2661916
0.38297766
0.82681316
0.73267275
0.72060573
0.81066626
0.235329
0.25936717
0.29205713
0.6627878
0.36488515
0.31703335
0.23389922
0.11972439
0.12549639
0.10560944
0.13660261
0.67421985
0.3380494
0.8399078
0.73990875
0.714109
0.13839169
0.09339388
0.083752386
0.10521635
0.22854356
0.1302562
0.24743538
0.155874
0.23361555
0.67230177
0.6455476
0.1353579
0.0979282
0.107476786
0.17501566
0.30079326
0.33976182
0.7398733
0.8369458
0.34255072
0.23186825
0.14337446
0.19835512
0.1221183
0.12891774
0.22013438
0.72787654
0.79115796
0.8704014
0.8221032
0.7748472
0.8114001
0.85968417
0.9087336
0.9203449
0.92272973
0.917319
0.87497187
0.7829001
0.13906062
0.11336102
0.12573548
0.17857836
0.7964518
0.7370886
0.7456051
0.84631926
0.79396546
0.79406774
0.81945056
0.8728706
0.7966504
0.73196137
0.13232222
0.10708176
0.15234917
0.09856107
0.115501985
0.79752976
0.8547288
0.9215376
0.89838684
0.10862456
0.07796399
0.09845501
0.09658763
0.14503552
0.830842
0.78981245
0.828482
0.9056173
0.91723573
0.91600573
0.91926706
0.9174855
0.88936377
