0.71962804
0.2231624
0.14725356
0.16296887
0.13132678
0.23306243
0.16453113
0.13776186
0.08592206
0.0765281
0.08177333
0.116489895
0.11999519
0.35354498
0.8874863
0.90873253
0.8903038
0.7437721
0.73793817
0.85510033
0.84157276
0.67082447
0.661583
0.6349399
0.1447889
0.13274853
0.08790648
0.07971064
0.0840239
0.097896226
0.16401598
0.63863707
0.16580743
0.14481209
0.23357934
0.6145298
0.21136725
0.15513504
0.171613
0.7427035
0.20854592
0.18459876
0.32420313
0.6814558
0.8128911
0.16843742
0.10262005
0.089583434
0.114327885
0.092503265
0.09763225
0.13863383
0.14205284
0.09718104
0.09433868
0.11385631
0.09996726
0.15685649
0.08237665
0.072859615
0.07309184
0.08071768
0.119761676
0.7084728
0.09951847
0.06385695
0.063526005
0.06259919
0.09392631
0.8594191
0.9023448
0.93298656
0.9370686
0.9317397
0.8871538
0.8150763
0.11020093
0.09379493
0.11175346
0.77433074
0.7628781
0.7683514
0.8042492
0.7815378
0.7501601
0.14489813
0.18377478
0.2892927
0.87910426
0.9294605
0.9352025
0.91287875
0.88847965
0.84911263
0.0786976
0.053448662
0.052727997
0.066924945
0.110418126
0.71707916
0.09947914
0.06375533
0.058721468
0.059350975
0.06768592
0.12903532
0.8465093
0.90702754
0.8087497
0.1450775
0.18930554
0.08641961
0.08894321
0.17452928
0.15248771
0.6504812
0.18226366
0.18217221
0.6280572
0.15130733
0.11835019
0.122900635
0.15307951
0.59633803
0.68345326
0.73541605
0.8154263
0.6789315
0.33607018
0.41970477
0.8504
0.8948879
0.88345236
0.80342007
0.8125136
0.3989194
0.40324342
0.78008986
0.70838255
0.6640597
0.63868636
0.29521337
0.22142297
0.29851687
0.22293603
0.19991477
0.17693566
0.13467918
0.13860986
0.17570068
0.76585555
0.6428371
0.64346576
0.23044868
0.59960866
0.11969436
0.08520974
0.085053384
0.09907201
0.14357138
0.7589988
0.16170886
0.11553569
0.120919354
0.24294159
0.4152771
0.87565
0.89476156
0.86204284
0.56406116
0.2022817
0.3007171
0.32585707
0.82526374
0.71912766
0.70818055
0.09520879
0.06070712
0.05645596
0.065590926
0.06331053
0.07686069
0.17632641
0.8816629
0.8004976
0.74315625
0.08827121
0.06053133
0.0620048
0.098091654
0.78376865
0.79866296
0.899266
0.79919654
0.33665666
0.88143367
0.87493396
0.10495713
0.08266505
0.124848194
0.87016356
0.92605215
0.9257956
0.9102209
0.29022518
0.103513025
0.13955475
0.83995485
0.777449
0.33464232
0.89793485
0.92143655
0.8426426
0.12448306
0.06608883
0.06548817
0.09564528
0.81766075
0.86190444
0.8659716
0.8354593
0.09399334
0.060715243
0.061083537
0.109997265
0.07047302
0.07303528
0.121527545
0.20384894
0.17904472
0.17986453
0.7359963
0.74618214
0.85115135
0.3392121
0.19764341
0.108949706
0.08731152
0.08573006
0.090662554
0.09345945
0.102703705
0.12272593
0.19205031
0.5896063
0.19756211
0.27991787
0.16314705
0.15818053
0.2252806
0.16968796
0.19652148
0.7055375
0.8275528
0.8249582
0.25055405
0.19675586
0.30660117
0.27293128
0.11760686
0.09373575
0.093540296
0.12645003
0.114184596
0.2126755
0.112843916
0.12589215
0.10006537
0.12777266
0.13585725
0.6360486
0.289316
0.82031786
0.73629236
0.8288823
0.6657996
0.14738902
0.13630499
0.1082505
0.18145183
0.11882603
0.20770422
0.108728714
0.11012485
0.20400411
0.13285892
0.08516903
0.07413807
0.07275147
0.08268108
0.10808004
0.32969502
0.8880613
0.90831196
0.89834535
0.8553789
0.5286982
0.13520302
0.12583347
0.16399887
0.8377637
0.8593903
0.25703225
0.23054452
0.11758127
0.07216028
0.06775278
0.08192972
0.17568326
0.700213
0.6650186
0.246345
0.7156613
0.7411666
0.8617765
0.74745125
0.6969075
0.74160355
0.80138123
0.8849873
0.81969976
0.78264207
0.7628959
0.7586289
0.7345122
0.12547682
0.12298154
0.66447306
0.08750654
0.059558883
0.06888341
0.056294795
0.06140814
0.11923868
0.8843067
0.90971434
0.92017794
0.92707026
0.9353912
0.9246652
0.9047995
0.88193107
0.11113896
0.051270902
0.04702207
0.05261201
0.055420928
0.057079356
0.058964036
0.06883723
0.13214831
0.899611
0.9052758
0.1405759
0.068587705
0.059493784
0.07001158
0.15303959
0.14349338
0.18180196
0.10683916
0.10878919
0.14640674
0.75090384
0.8624014
0.83123934
0.8542965
0.87433064
0.88800156
0.8971471
0.8723919
0.82559544
0.7884948
0.7407392
0.7431365
0.7969447
0.8439244
0.8804302
0.85216117
0.7881087
0.7602912
0.81822085
0.27327967
0.164596
0.21536976
0.15485722
0.2683808
0.8663777
0.8640177
0.8531757
0.9022929
0.82685375
0.76918143
0.73252386
0.11174617
0.12536545
0.07798974
0.063812494
0.09714467
0.077880844
0.2059096
0.9087052
0.9367074
0.93200076
0.91328496
0.8853388
0.11573553
0.05453147
0.051425196
0.052991986
0.083188444
0.083772145
0.105610505
0.84964675
0.90574306
0.7984926
0.7455375
0.1710432
0.09768219
0.11943067
0.1216161
0.37058422
0.83228403
0.2227982
0.11215029
0.09359389
0.10104567
0.123742625
0.22913556
0.731113
0.77740115
0.83730114
0.8717263
0.8900077
0.9001909
0.88101435
0.8443341
0.79168814
0.7568343
0.77714694
0.8323976
0.881461
0.8748512
0.85912544
0.85945314
0.614259
0.20360488
0.18433739
0.25444317
0.19467597
0.3174279
0.39874882
0.6023069
0.838326
0.7685951
0.70550853
0.7085666
0.73682785
0.83366007
0.74036425
0.699605
0.6960794
0.6941085
0.11737753
0.07752384
0.07782181
0.062848605
0.065202065
0.08769888
0.114387035
0.79580677
0.77968335
0.7530321
0.72506285
0.14561082
0.16757001
0.13952702
0.5844536
0.23881662
0.7851488
0.28617525
0.15185234
0.16744703
0.6237538
0.6289714
0.6120568
0.17198907
0.13966729
0.1500947
0.34337628
0.8099829
0.6771222
0.64276576
0.5528778
0.14558356
0.12578578
0.16577794
0.8246121
0.71952546
0.66093224
0.15026295
0.1290819
0.17274906
0.83416235
0.86324745
0.7244233
0.68746156
0.17453793
0.10304599
0.091924
0.12155321
0.60805714
0.1565965
0.16013259
0.14199577
0.09660502
0.09320593
0.11763542
0.105811305
0.19085547
0.16704805
0.15977876
0.33034927
0.8185739
0.6828372
0.65514207
0.1342379
0.09483104
0.103907175
0.089367345
0.10678631
0.22340149
0.34640017
0.8255221
0.6901859
0.654032
0.5779105
0.1302603
0.104814835
0.1711636
0.102164276
0.123042956
0.105915
0.18131882
0.11740108
0.13146938
0.29908055
0.7970413
0.172097
0.13271251
0.08336005
0.0773781
0.08997585
0.18553175
0.18001248
0.22871876
0.74055666
0.8388765
0.7073813
0.6785645
0.6884479
0.81875545
0.67117846
0.16230339
0.18881011
0.09633647
0.08891343
0.1572602
0.16212958
0.10517053
0.11841614
0.75622267
0.8902972
0.8950164
0.72177017
0.7152583
0.8316508
0.11881487
0.101808794
0.100988455
0.10431275
0.11244331
0.12613802
0.14773045
0.16360724
0.7717961
0.6723021
0.6647058
0.14848462
0.10318966
0.09982418
0.13354145
0.69268304
0.71561414
0.1704068
0.090399526
0.09527244
0.085682556
0.14583479
0.09022074
0.0714864
0.06824539
0.06582913
0.06404183
0.06688222
0.117647275
0.096064255
0.098052986
0.13840723
0.8950943
0.9130961
0.859173
0.84276146
0.83184874
0.82249635
0.88000286
0.91645473
0.91203105
0.9298636
0.9350633
0.9302314
0.85341424
0.07640723
0.07488259
0.05057812
0.05205114
0.053497102
0.063176595
0.11286319
0.8659597
0.8024664
0.7890534
0.781984
0.7248593
0.10230234
0.08366077
0.13234466
0.11067576
0.096522965
0.15367466
0.11799615
0.1513333
0.6790644
0.69510597
0.69725335
0.66449785
0.16336848
0.13029587
0.13098745
0.20175385
0.64091295
0.14494433
0.10390877
0.09115409
0.090910345
0.107268766
0.21813153
0.63458514
0.13930051
0.112529054
0.15451719
0.86799
0.8623059
0.8769651
0.9081178
0.8462827
0.85148424
0.15508091
0.14145873
0.2889163
0.87289417
0.88309103
0.18425761
0.09108354
0.08023958
0.08212027
0.10303436
0.14802247
0.67572147
0.68436414
0.69080245
0.1829147
0.12708317
0.10137492
0.088247366
0.07965516
0.0736619
0.074534886
0.083132595
0.12679026
0.8558497
0.796107
0.9088789
0.9135138
0.82314336
0.8550807
0.12277673
0.09600521
0.13642314
0.79185575
0.23650311
0.6761479
0.1335667
0.14480938
0.13060121
0.80035996
0.85085684
0.89061534
0.92426574
0.917579
0.92394656
0.8927356
0.2079676
0.6717092
0.08872584
0.07579242
0.108527124
0.8804227
0.9345944
0.91743064
0.83843154
0.07149686
0.0497232
0.05058043
0.05544319
0.061337035
0.074041896
0.0744957
0.103429295
0.6502165
0.13066384
0.118624225
0.17154834
0.83505046
0.8534872
0.7642409
0.7703785
0.8660039
0.8579545
0.72128564
0.16045375
0.12413519
0.117962465
0.18670903
0.12339451
0.1284606
0.18075202
0.8099118
0.70189
0.6588478
0.64090514
0.61238104
0.24103108
0.16803126
0.1733841
0.62876606
0.81813884
0.7258049
0.7306449
0.8333518
0.7090495
0.15826005
0.13855296
0.08869584
0.08289044
0.106606275
0.088779666
0.10002676
0.1948407
0.17675577
0.17265168
0.7436935
0.17693667
0.14222261
0.1919213
0.64642817
0.6295706
0.6035674
0.50760466
0.22156684
0.337542
0.7134449
0.8696321
0.8504546
0.11940018
0.07904202
0.083867304
0.08080323
0.13227057
0.81506467
0.201796
0.14532946
0.6452056
0.09906172
0.072531395
0.08396349
0.2773172
0.8861306
0.769433
0.08839304
0.062177822
0.06485287
0.10530251
0.8503022
0.89551926
0.133895
0.07729684
0.06895497
0.072811574
0.1000702
0.86417127
0.8999876
0.9111688
0.87977666
0.1113808
0.13210885
0.1355403
0.12621252
0.08517346
0.054830063
0.05255026
0.056804042
0.08576624
0.85678387
0.9207498
0.9035968
0.87835276
0.8426051
0.11532547
0.06553377
0.0631379
0.08636152
0.78588045
0.8429094
0.89132243
0.9278165
0.9227166
0.833047
0.19510044
0.38945377
0.8297459
0.118198
0.08984424
0.14930294
0.1371383
0.14461371
0.68181974
0.66334003
0.6617339
0.37314937
0.3612527
0.85073674
0.771538
0.75660145
0.3779719
0.110238105
0.07897493
0.07356115
0.093402624
0.18337068
0.6801235
0.23328279
0.16651464
0.30484334
0.10920919
0.08830423
0.088578925
0.09400132
0.107624464
0.14237295
0.3698849
0.8133635
0.76583016
0.8693859
0.88020307
0.85318744
0.43610352
0.15454264
0.12257893
0.11477437
0.12698406
0.20521154
0.86050767
0.90051687
0.8875875
0.7407738
0.12571706
0.08864338
0.081014246
0.08760449
0.12045799
0.70037967
0.7072246
0.7410209
0.8802288
0.8807259
0.7713732
0.84475535
0.7741911
0.85809517
0.7930632
0.7232846
0.32626304
0.7658341
0.14737652
0.10911494
0.12215214
0.1880293
0.6538329
0.74943507
0.6138157
0.5137645
0.41876963
0.14289378
0.12348878
0.14722238
0.13998212
0.22602008
0.70854837
0.7344769
0.74259865
0.73725975
0.30239058
0.14737065
0.17697635
0.11926938
0.134275
0.47764748
0.58356035
0.7412485
0.6195881
0.18055482
0.16234219
0.28043216
0.6416667
0.3109424
0.8342894
0.24089392
0.17339744
0.068093486
0.059981614
0.06210919
0.06652193
0.078166224
0.13973384
0.83139515
0.10960584
0.064364396
0.056315728
0.06279238
0.12042347
0.87383074
0.8974939
0.9022121
0.89788777
0.90220535
0.88628614
0.17722026
0.08008693
0.06460914
0.095979154
0.1073441
0.66665226
0.09350776
0.06728603
0.074869834
0.13895923
0.7059241
0.7013712
0.698659
0.6625049
0.144337
0.122845754
0.17303416
0.3123173
0.77471066
0.29487088
0.632062
0.23120049
0.15884827
0.16952452
0.61987257
0.5985991
0.15007268
0.11769772
0.10748143
0.12026483
0.23953997
0.113855034
0.09821
0.10398199
0.13290192
0.6599766
0.14043112
0.09788695
0.09712313
0.17047456
0.11626289
0.15671054
0.6522122
0.6492228
0.69001895
0.8556199
0.27643663
0.098042235
0.09483029
0.069592685
0.07350419
0.09781666
0.58215773
0.14631934
0.14481087
0.64800704
0.6453102
0.79185283
0.13965529
0.09312491
0.107865915
0.11923773
0.6897935
0.6839145
0.10142284
0.076128475
0.12206566
0.1434839
0.13446145
0.08449954
0.076365836
0.124030925
0.835657
0.28755292
0.7654084
0.22307165
0.71549404
0.0896029
0.058801476
0.05647781
0.056740385
0.054990694
0.053866457
0.059911646
0.11117908
0.9054274
0.92552656
0.9409499
0.9383278
0.9085538
0.12268216
0.12117447
0.68159235
0.13137291
0.15498178
0.8336837
0.12559038
0.069024414
0.06836001
0.10778897
0.77586764
0.3320083
0.86106014
0.11244531
0.066340975
0.06882533
0.12846464
0.1196526
0.12633073
0.111339584
0.07137777
0.06451871
0.06569907
0.098018706
0.074036434
0.09651125
0.8034546
0.8969946
0.87448615
0.23471689
0.2521583
0.8678678
0.90264845
0.8605859
0.8399539
0.857856
0.9044545
0.88209957
0.87569517
0.9107105
0.8353377
0.09791966
0.06316386
0.060856912
0.066973
0.09488647
0.07842476
0.07825322
0.0843787
0.1258568
0.6724928
0.15642397
0.22378866
0.094776765
0.082597815
0.09023182
0.15376303
0.85306066
0.7310514
0.10177226
0.06859787
0.06787107
0.09387608
0.8254243
0.87809956
0.9240252
0.8897494
0.832626
0.8263688
0.77137995
0.07742462
0.051763795
0.04812103
0.05382923
0.06930701
0.14829181
0.24096453
0.89327455
0.8984586
0.88163
0.85628605
0.82642
0.7991395
0.82872695
0.8635711
0.88580734
0.8922154
0.6094845
0.2898198
0.24481457
0.79910713
0.13134462
0.09011076
0.08493272
0.09844172
0.15122849
0.1647685
0.6924834
0.8088822
0.71564114
0.7289661
0.7385182
0.76048005
0.76110244
0.8065187
0.8342851
0.8576404
0.89066434
0.89190286
0.85504204
0.83729625
0.86970127
0.79543763
0.39352858
0.14455912
0.12491563
0.13675882
0.3371291
0.8240301
0.13178691
0.09249337
0.07138637
0.08508858
0.11167525
0.6773256
0.09617452
0.07104132
0.07062111
0.09920758
0.67267936
0.13889283
0.15931678
0.83747226
0.32030794
0.2002186
0.80967194
0.115840204
0.08704948
0.10462587
0.84004575
0.8969296
0.9207185
0.9326437
0.9362039
0.90969026
0.09401747
0.07110678
0.10273829
0.72058076
0.13983302
0.16470462
0.76450616
0.099389516
0.065600656
0.06454454
0.069368385
0.06775999
0.068151794
0.0758872
0.13171044
0.102605775
0.19464195
0.15761194
0.6741417
0.19784819
0.14683828
0.09482077
0.08618895
0.1142853
0.109689035
0.13355036
0.38034713
0.88057274
0.9035248
0.878482
0.2211848
0.10194397
0.08569047
0.089282885
0.105956525
0.22210477
0.17533566
0.6650742
0.6631513
0.13312092
0.09132215
0.09671023
0.08395541
0.11456117
0.14080349
0.22072877
0.6943884
0.6814423
0.66319406
0.7083798
0.8319615
0.20713851
0.64894867
0.08056319
0.05767623
0.05865512
0.06106469
0.068072386
0.100017674
0.70366263
0.12187775
0.14272316
0.101196036
0.12149954
0.87919676
0.9238082
0.93173337
0.9267857
0.89934886
0.90022945
0.9202699
0.93322206
0.91522336
0.10139042
0.09992498
0.063492455
0.052160595
0.054518294
0.058545016
0.06849501
0.09401497
0.06810611
0.08818157
0.69126415
0.18134359
0.8096482
0.9129577
0.91713256
0.8055389
0.7808511
0.25311568
0.30863202
0.24791637
0.11678925
0.2083997
0.079704285
0.06954989
0.075811595
0.11686684
0.112846896
0.15543047
0.7512852
0.82868814
0.17573737
0.11587167
0.10006699
0.101672955
0.122712046
0.19060168
0.5792608
0.61005884
0.3181296
0.28155795
0.6543997
0.8640847
0.8759236
0.89193076
0.86169076
0.852763
0.8938703
0.9006917
0.87236863
0.6039401
0.35400027
0.6086637
0.7919235
0.7118022
0.69779176
0.7722773
0.392708
0.4187898
0.35101867
0.37667334
0.787165
0.7592017
0.8370288
0.7958871
0.8781402
0.8801916
0.7884802
0.819951
0.21578144
0.24024637
0.14875044
0.17852908
0.8323323
0.7164488
0.15203284
0.1685197
0.81032157
0.09872874
0.059624612
0.057044342
0.08399861
0.07901316
0.35502663
0.9040734
0.9185535
0.9187332
0.9218146
0.93086034
0.9313058
0.90964866
0.8650421
0.84826654
0.09067742
0.053801402
0.053215478
0.052815236
0.061270427
0.09311301
0.6939389
0.13633974
0.13752669
0.7773067
0.768499
0.8487768
0.13518776
0.09734147
0.121080935
0.1306739
0.62429315
0.6746706
0.7317597
0.86269784
0.8276862
0.8539793
0.907706
0.8981924
0.7505578
0.17964257
0.23428094
0.1825429
0.17379433
0.6684201
0.75046074
0.88105106
0.8721057
0.21358295
0.10531551
0.09308536
0.111406095
0.7787533
0.89344215
0.8606647
0.85563564
0.91953695
0.9128873
0.75807863
0.0962281
0.08984132
0.11527463
0.36835468
0.8623672
0.73863775
0.11766683
0.08383856
0.07389482
0.10118841
0.08858749
0.103151344
0.16869785
0.8759622
0.91064674
0.91697586
0.89961284
0.7817286
0.74065304
0.10220234
0.07315298
0.07115317
0.1257012
0.08383841
0.120792046
0.8306342
0.8777368
0.9317986
0.93160164
0.8637519
0.26753187
0.16922155
0.76921564
0.15011434
0.075414635
0.06620316
0.06915328
0.07638019
0.0749883
0.0743886
0.077693425
0.08129933
0.09313579
0.12645677
0.6731043
0.19597258
0.2082132
0.7074411
0.71670026
0.7404582
0.7954255
0.8849162
0.821144
0.86040235
0.12364223
0.07491851
0.06672374
0.0740024
0.13423039
0.89189416
0.89162445
0.83303136
0.09865829
0.076754496
0.062142976
0.069361374
0.12367329
0.8865978
0.90812457
0.81059253
0.7702926
0.75762504
0.74449444
0.11714168
0.08645017
0.10401893
0.076465376
0.07375426
0.10417647
0.09265184
0.120102875
0.691109
0.71231943
0.756339
0.88930935
0.8854589
0.7337804
0.181165
0.11264663
0.10043082
0.15025476
0.15622947
0.65326065
0.27772138
0.1408063
0.16364618
0.14238563
0.20342678
0.85141706
0.87745893
0.8462394
0.14864853
0.11355314
0.113029
0.17313506
0.87675685
0.90877366
0.8681549
0.8254608
0.8166307
0.8846897
0.7963449
0.7195774
0.1257414
0.10653787
0.117109954
0.19946657
0.71889937
0.8315105
0.7183575
0.69638467
0.6283549
0.12070081
0.091850266
0.0930138
0.1274638
0.8451004
0.9183166
0.91757417
0.8009856
0.1874
0.21586986
0.7550116
0.25127462
0.29189733
0.85978866
0.89528775
0.85389316
0.26900414
0.25274032
0.72435725
0.88597715
0.90104586
0.8621505
0.8826237
0.82822305
0.8652642
0.7520588
0.19869605
0.2127437
0.6915071
0.8438789
0.71665555
0.11198627
0.0807127
0.0799625
0.1365759
0.09445235
0.13746697
0.8723771
0.84624827
0.82172287
0.90224904
0.7900632
0.20462072
0.6861199
0.10184918
0.0854695
0.07133751
0.083930284
0.13768384
0.8283186
0.7442576
0.7712623
0.85725796
0.12203687
0.07566766
0.06899289
0.08866671
0.08886412
0.07724223
0.06193209
0.05889728
0.054809995
0.061804395
0.14864723
0.88531166
0.91099197
0.9275828
0.93509007
0.9379723
0.9186711
0.12636529
0.06135001
0.06659421
0.13028261
0.73449033
0.11508225
0.12541506
0.13083963
0.11103072
0.07558434
0.09062986
0.1361536
0.887316
0.91738343
0.91433984
0.83833283
0.7746142
0.7325118
0.7203878
0.70077854
0.71875006
0.72409904
0.70360756
0.139596
0.10942848
0.12997162
0.835437
0.925655
0.925843
0.7770566
0.073964745
0.057226446
0.07126757
0.07816931
0.06166488
0.05958574
0.06703186
0.06856942
0.12529916
0.9048955
0.92627686
0.8993901
0.15081672
0.14666413
0.7519763
0.78948367
0.763444
0.78162223
0.7241942
0.15479365
0.1800552
0.88920593
0.93194413
0.92884725
0.82984364
0.080724634
0.06445936
0.09674035
0.07297671
0.08765407
0.30407688
0.8965512
0.92319363
0.92421204
0.9079318
0.7849794
0.7699001
0.85488635
0.2901359
0.18946905
0.104386635
0.09533079
0.18802507
0.08926856
0.08163862
0.12204295
0.1123847
0.23160319
0.1952591
0.17133118
0.45666322
0.80550903
0.16608326
0.1318263
0.18908784
0.13179682
0.16362338
0.74582756
0.1720618
0.14664614
0.24135421
0.2168781
0.6441288
0.20070437
0.13247596
0.17424406
0.883061
0.9175476
0.8974477
0.90577793
0.8040447
0.7563762
0.7435925
0.6982973
0.13006896
0.119423196
0.20676547
0.20971526
0.17167698
0.14835861
0.1896891
0.79475784
0.7150456
0.7154413
0.8255206
0.68675876
0.24090415
0.20414004
0.16860452
0.11508993
0.13366328
0.0987756
0.098493524
0.121941976
0.103097074
0.105844356
0.12655629
0.19429238
0.8208462
0.73937476
0.7218122
0.691094
0.66478115
0.6524982
0.13671169
0.10622131
0.11478432
0.15941872
0.7792964
0.64571357
0.13021265
0.12225307
0.08952607
0.113206774
0.12143951
0.15947488
0.10520604
0.112489246
0.6515953
0.09917764
0.07763597
0.107245035
0.68548316
0.21171899
0.68405706
0.13440633
0.12791947
0.67767566
0.089967385
0.05750551
0.05404493
0.058875296
0.10074322
0.8692558
0.90075046
0.9347119
0.9283516
0.91802615
0.9172776
0.16504289
0.05637915
0.051281966
0.05961235
0.11119351
0.8834062
0.8897318
0.15109695
0.14313912
0.7129409
0.26858076
0.75900215
0.116054244
0.08487471
0.11578283
0.7008514
0.104391806
0.07633945
0.10369337
0.15726352
0.07108984
0.060885273
0.065165475
0.09454737
0.7749356
0.87166286
0.78665257
0.77107614
0.79489607
0.8980238
0.89923906
0.7960972
0.78433007
0.7825372
0.7818756
0.7675022
0.14238843
0.12829298
0.07628759
0.07573729
0.10555629
0.09270516
0.15085779
0.19257388
0.31643614
0.3424703
0.74081844
0.84220755
0.68129104
0.17816313
0.16230899
0.23474896
0.17785627
0.2679954
0.2454199
0.73508877
0.86680835
0.8743584
0.79519534
0.8074826
0.29391208
0.2526254
0.36935702
0.73087937
0.80618936
0.86090124
0.7768864
0.7408147
0.71177745
0.7110595
0.7075354
0.67571944
0.23912705
0.20927258
0.30021715
0.850918
0.8905308
0.85080343
0.7955175
0.81651443
0.8350404
0.8517518
0.8829306
0.8799081
0.87629
0.88202554
0.9015209
0.9020376
0.8597601
0.77636963
0.74535346
0.7495111
0.7192731
0.114278816
0.078914665
0.08131153
0.067333914
0.07315414
0.10654055
0.6755388
0.12462165
0.11978305
0.6488487
0.094236456
0.06615259
0.07225567
0.12105548
0.8917303
0.90964425
0.9134085
0.9157155
0.9231217
0.9146658
0.9278828
0.9291664
0.9337503
0.9120208
0.076378666
0.047238216
0.04427397
0.049104217
0.061408672
0.10581382
0.85005903
0.895329
0.1173427
0.06676589
0.06635648
0.12981978
0.07361705
0.07229263
0.11482442
0.12648034
0.4148278
0.8283388
0.15871051
0.10641789
0.114168465
0.18229555
0.64321625
0.23132375
0.17965066
0.25275645
0.8786253
0.92072153
0.9216482
0.8925957
0.14723884
0.102166995
0.13005821
0.08520026
0.07971583
0.11286956
0.08396944
0.08116291
0.08913202
0.11341647
0.23349874
0.25274566
0.2030433
0.16725795
0.19680366
0.7399206
0.87393004
0.89850086
0.89345795
0.8624776
0.8713637
0.8223289
0.7860944
0.8168915
0.29913548
0.27348703
0.13687845
0.113678865
0.11878953
0.20912752
0.16941257
0.6047622
0.21197937
0.23842192
0.8340528
0.7863039
0.73680574
0.73953575
0.7594444
0.832817
0.89472634
0.88673604
0.775893
0.69170946
0.70778173
0.78114194
0.87800115
0.8938079
0.8732805
0.89538825
0.87968576
0.7173077
0.6799418
0.20715457
0.11612719
0.08997802
0.07914693
0.081802
0.096469216
0.15886353
0.6650918
0.7949429
0.33631042
0.29621407
0.32584274
0.8033796
0.653337
0.16120106
0.09488302
0.085824676
0.1012394
0.29415563
0.8800614
0.89457494
0.74946827
0.70890933
0.8586248
0.69866985
0.08575039
0.0626854
0.063337125
0.08642905
0.8170211
0.9131601
0.91916525
0.9359456
0.93256646
0.8996346
0.08474315
0.058565207
0.06498367
0.096119635
0.6686442
0.6574262
0.6443136
0.64732766
0.1669473
0.10472592
0.09974646
0.12506448
0.28710002
0.7860296
0.6790288
0.6677718
0.6086794
0.16229235
0.15840803
0.13562296
0.08909093
0.0778736
0.08194679
0.11076438
0.109695576
0.24880882
0.2610381
0.84284765
0.68499154
0.10304689
0.07558364
0.080805056
0.19251755
0.8983776
0.92797077
0.91838324
0.7548844
0.118590884
0.14957362
0.15604404
0.83996654
0.79264843
0.8113908
0.82806075
0.79280096
0.72449994
0.67612445
0.14630571
0.19672783
0.3391174
0.8835134
0.92560905
0.93016887
0.91840553
0.9166397
0.9263954
0.879201
0.10978303
0.07417839
0.05135798
0.050661437
0.066956826
0.09813011
0.85426193
0.9174657
0.89570355
0.12144439
0.09782948
0.15169859
0.1806866
0.83871645
0.41862124
0.16862155
0.08860284
0.070838824
0.0693029
0.08024816
0.10026603
0.23998432
0.30488345
0.26117298
0.82702297
0.74332356
0.7229747
0.12374235
0.07924409
0.06730555
0.07227876
0.09949706
0.6508456
0.121968694
0.10272282
0.2727499
0.89061356
0.9296991
0.93720436
0.9352006
0.9084113
0.8698103
0.83086276
0.103749886
0.057648517
0.05433185
0.066062674
0.06455575
0.066820696
0.06889265
0.07112147
0.086794615
0.15182638
0.091734275
0.110815935
0.12103998
0.15911284
0.81799424
0.9171665
0.91922235
0.7920744
0.7029561
0.085946575
0.06698645
0.07234599
0.19032128
0.88643795
0.93106925
0.93837404
0.9306706
0.86187446
0.112365104
0.07690806
0.10005009
0.14285994
0.7831545
0.78155524
0.7672891
0.79447824
0.89929795
0.87487566
0.20222194
0.2550448
0.22317058
0.14079277
0.19300784
0.23230582
0.8603568
0.88340265
0.74690074
0.6779654
0.48843372
0.54229385
0.6584403
0.8770862
0.7976528
0.1230592
0.07452178
0.061349794
0.062168147
0.07135952
0.092434876
0.2220212
0.6888836
0.33931768
0.71697295
0.17384143
0.08266525
0.066879846
0.06536105
0.06679082
0.078395545
0.08004191
0.078305945
0.17679298
0.77180743
0.16868737
0.2902796
0.87352735
0.9049903
0.906198
0.91737145
0.1318796
0.060898084
0.063532054
0.0653699
0.13435441
0.13343488
0.06631202
0.061083436
0.066162504
0.09914031
0.30783057
0.8554732
0.17366478
0.14856993
0.6811974
0.12644629
0.11919244
0.10963086
0.08159887
0.084503286
0.13077237
0.14611322
0.71936554
0.77438265
0.8433752
0.9021547
0.90068614
0.8467744
0.83498347
0.8929484
0.8919319
0.8000138
0.7410397
0.21589018
0.31676042
0.812015
0.1258902
0.09749304
0.079284064
0.10853426
0.86575234
0.92324483
0.8644339
0.7854481
0.074247114
0.05108223
0.048299816
0.05678295
0.09483849
0.099436425
0.7355165
0.78933346
0.9094962
0.9250945
0.91645724
0.8743534
0.13986784
0.1344575
0.1600123
0.8118731
0.1463027
0.13909581
0.7128681
0.09320583
0.06133455
0.06883391
0.056401346
0.059765175
0.09333095
0.8677925
0.89498895
0.9128987
0.9086895
0.88106596
0.0910365
0.05285108
0.048946902
0.05771588
0.070093
0.1271591
0.8265774
0.106897116
0.06413025
0.06253462
0.107295446
0.16233851
0.88307524
0.9282955
0.93836147
0.9383642
0.92855686
0.8433368
0.10210985
0.059374627
0.054515783
0.061288685
0.09282584
0.32575136
0.8304071
0.28147423
0.15723184
0.17340481
0.6479783
0.263341
0.122899406
0.103926934
0.10775025
0.13106076
0.24826258
0.30036262
0.7016793
0.72070324
0.79128736
0.37401685
0.23332101
0.2759538
0.1885537
0.2040171
0.59963495
0.48274228
0.6478451
0.6423414
0.32679763
0.28409532
0.60301584
0.21061303
0.1460544
0.24357492
0.15360151
0.09893155
0.10274201
0.21063645
0.18940017
0.07667148
0.06381444
0.062066875
0.07219916
0.15490027
0.19617434
0.73194385
0.7317494
0.7515198
0.89674956
0.74879634
0.07363495
0.050098166
0.04630015
0.050811794
0.06594688
0.40421963
0.9160024
0.93487185
0.94630736
0.9415231
0.8693279
0.070399135
0.047141172
0.04816152
0.054602265
0.06265954
0.06634663
0.08596814
0.06458978
0.06299226
0.07825599
0.1395985
0.90004545
0.8833296
0.82760805
0.09870743
0.081109524
0.060606636
0.07103467
0.12968361
0.73234785
0.28101447
0.18620968
0.10388018
0.10330018
0.07249793
0.071631916
0.07296425
0.07378163
0.07066303
0.06713469
0.06438692
0.065310396
0.08050194
0.3210976
0.85268706
0.13663554
0.099616684
0.122628205
0.8773338
0.9253424
0.9061497
0.13716604
0.14437667
0.14289181
0.8481862
0.89339477
0.18422373
0.1475288
0.7123154
0.12969035
0.13488266
0.7291392
0.09962554
0.068792805
0.08491282
0.06536756
0.06294382
0.066072695
0.09136147
0.14916587
0.13986507
0.17675376
0.69031036
0.66376776
0.6193694
0.13856311
0.11936521
0.21271315
0.8423703
0.91549915
0.9255741
0.9207117
0.90439105
0.90114194
0.91169906
0.91148597
0.90137786
0.8996045
0.9110245
0.91311324
0.9065614
0.9117633
0.89881295
0.88040096
0.87121874
0.2702087
0.135191
0.15972425
0.61710596
0.73955226
0.8830374
0.88531077
0.92210656
0.9242911
0.89867884
0.30456123
0.15714207
0.08876958
0.08071182
0.085996315
0.12550476
0.75740504
0.8622299
0.73859346
0.2635712
0.19222106
0.11020912
0.11014229
0.19309755
0.16139035
0.14960048
0.27004656
0.6267861
0.44453987
0.5457386
0.693932
0.6793978
0.4325894
0.6102739
0.21891029
0.23197958
0.23409371
0.22055814
0.46007842
0.7785045
0.68390834
0.64496887
0.64718825
0.61029017
0.3151309
0.25039688
0.29048404
0.73897535
0.87473327
0.8903019
0.856762
0.4480656
0.26057032
0.35597953
0.3249962
0.5970132
0.6008969
0.34268034
0.31661946
0.79986256
0.80853057
0.1986932
0.1900196
0.21063279
0.1304514
0.14023119
0.5462877
0.21621512
0.38063192
0.83028126
0.69594747
0.66250044
0.14225443
0.16604099
0.11620381
0.11851944
0.6396941
0.14728838
0.17520164
0.8316394
0.11281991
0.06825611
0.07955483
0.06415158
0.06919586
0.10137001
0.70732206
0.10960203
0.08334176
0.13249455
0.86385304
0.9102234
0.8843221
0.8578326
0.89781904
0.91996884
0.9168065
0.8819438
0.8382209
0.8570372
0.8930583
0.9265077
0.92386556
0.8449534
0.092270896
0.07744715
0.11533058
0.79562175
0.15642124
0.15571159
0.8141709
0.8797812
0.11791825
0.08674846
0.07183711
0.09804655
0.644841
0.12901288
0.13053116
0.65060765
0.181094
0.2650002
0.22459795
0.20728853
0.75150335
0.85952365
0.7189857
0.28222212
0.20574173
0.6188717
0.15916786
0.14476582
0.22793062
0.6783244
0.44773266
0.32608765
0.8176409
0.67075217
0.20221043
0.3302256
0.26313263
0.17531589
0.12945008
0.1831534
0.13086581
0.15085672
0.41034833
0.8576356
0.87251556
0.7519322
0.18532038
0.10112699
0.08100307
0.07961041
0.10035741
0.7590694
0.89092183
0.87928414
0.9163886
0.91211724
0.8452136
0.7752341
0.73904294
0.79346514
0.8959181
0.90395176
0.83320236
0.7909862
0.7584727
0.6900181
0.13512723
0.11344864
0.119659126
0.14665425
0.43010768
0.8531733
0.8428594
0.86486614
0.8934645
0.8781974
0.88097095
0.8941705
0.8882006
0.8880687
0.90243655
0.9092633
0.909017
0.8947986
0.7961455
0.3125116
0.3931725
0.8588954
0.90247035
0.91065025
0.88867605
0.8421838
0.7335986
0.2858621
0.37925556
0.8577063
0.90135807
0.8860565
0.85071397
0.83446
0.8357964
0.87083626
0.89215416
0.88717145
0.8827274
0.8920867
0.88574064
0.9094612
0.9188521
0.9141308
0.8511519
0.81154156
0.7634383
0.08570212
0.057887435
0.057309363
0.06279313
0.06988276
0.068730064
0.06743335
0.064683296
0.061913487
0.06261064
0.101133056
0.08306002
0.10190827
0.8725086
0.9083616
0.92940325
0.93603826
0.8514111
0.0819173
0.077393
0.06936008
0.09104127
0.6775732
0.10382201
0.083918594
0.1621013
0.90174335
0.9261062
0.9399747
0.920612
0.11356526
0.11583639
0.054764308
0.051489376
0.053604566
0.055904973
0.060232505
0.09636465
0.074221715
0.12810843
0.9079368
0.93327945
0.9114924
0.8366183
0.086215846
0.065754436
0.08012393
0.12613203
0.8889282
0.9170777
0.82623744
0.8852673
0.16872789
0.099385746
0.16946262
0.10314384
0.06931908
0.06815941
0.077939615
0.109237544
0.26315773
0.7989098
0.1766533
0.12987472
0.12486198
0.14946704
0.5901528
0.7011508
0.76404005
0.87910455
0.9165116
0.9181048
0.8824544
