0.79199857
0.73117393
0.2731186
0.22832865
0.58204466
0.8781326
0.9018522
0.9110157
0.8946761
0.8935637
0.9089768
0.90039873
0.8070506
0.27904063
0.19520263
0.26148736
0.839035
0.89230704
0.88058513
0.7803505
0.8331559
0.40891036
0.16474342
0.16578852
0.5761654
0.18959826
0.13088709
0.17105086
0.8858126
0.9262847
0.9254826
0.8858227
0.11668062
0.09021393
0.12159931
0.8510053
0.9188405
0.92620313
0.9331462
0.92848647
0.89369714
0.10026499
0.077678
0.106538124
0.66627675
0.6696885
0.6909993
0.66644907
0.1391595
0.11204847
0.13553248
0.5202879
0.17992912
0.17844103
0.3208388
0.81869453
0.788913
0.87636685
0.8787065
0.8175269
0.8411381
0.76869094
0.73255134
0.75833714
0.78586715
0.83258885
0.7303447
0.6447312
0.24885689
0.25289539
0.22003663
0.33649397
0.5918542
0.56238717
0.23424613
0.2739181
0.29593265
0.8297317
0.8447986
0.19797887
0.16109623
0.0844826
0.06622623
0.063800074
0.06530178
0.07700757
0.13730557
0.9006313
0.92636013
0.90962183
0.119998254
0.067873776
0.057957657
0.06408364
0.06852644
0.07341393
0.07701414
0.08021654
0.07818982
0.07824794
0.073503986
0.07015587
0.06990144
0.07242175
0.102421954
0.71375424
0.10977484
0.08407002
0.14939676
0.9086653
0.93990004
0.9406532
0.87528026
0.08446336
0.069693886
0.10295409
0.70904714
0.08788494
0.058753558
0.058576
0.06664616
0.10750064
0.28098983
0.8397977
0.16525126
0.15759836
0.086741716
0.089416154
0.18239152
0.1137472
0.1260813
0.26889905
0.7074229
0.7177434
0.7210442
0.7208851
0.7251612
0.774369
0.8612695
0.7843991
0.8302541
0.21338502
0.121383265
0.11985845
0.17920318
0.5728667
0.6143131
0.64738554
0.7391207
0.23156801
0.1959708
0.2302574
0.76296896
0.6741892
0.6499276
0.6234383
0.26735622
0.20591573
0.6447978
0.14174423
0.09902245
0.087033875
0.09001742
0.09443404
0.115726754
0.26731837
0.16554144
0.09690268
0.07927423
0.07504097
0.07420717
0.08211601
0.10664577
0.3066666
0.8154468
0.19602154
0.22315192
0.14932635
0.12542586
0.25835764
0.77002877
0.79937
0.8946753
0.76907474
0.13519259
0.09005089
0.12773344
0.12686212
0.14282061
0.77971077
0.61371386
0.1840694
0.23461875
0.17823644
0.71431315
0.8716219
0.83719105
0.8858397
0.7915785
0.7342607
0.8131912
0.16595878
0.15991288
0.15695636
0.6168757
0.619375
0.6287554
0.17301263
0.10862121
0.10273913
0.13100696
0.60281223
0.6067134
0.22376128
0.15644327
0.15784143
0.2761697
0.62140435
0.61115825
0.23727767
0.36871782
0.64567095
0.14674449
0.10132014
0.09461762
0.1030678
0.14419441
0.6817658
0.14313613
0.09294961
0.08214828
0.08022032
0.07865153
0.0878472
0.11250654
0.21753164
0.8351606
0.6865407
0.13277228
0.09526425
0.09441954
0.12554096
0.76361275
0.8634044
0.7392513
0.6849234
0.63333434
0.14257914
0.12106805
0.15587227
0.77231085
0.67828983
0.7780872
0.59829676
0.17261614
0.2498122
0.22499466
0.09726717
0.07891784
0.081002936
0.107201576
0.084868
0.09234403
0.17755947
0.16229098
0.19613798
0.715725
0.70985705
0.71737826
0.71676666
0.7154076
0.09948335
0.06005067
0.058441103
0.061288845
0.064282544
0.06889913
0.06932441
0.10443756
0.10958065
0.7120629
0.12121484
0.11481706
0.1775194
0.88333106
0.9247549
0.9152899
0.9145133
0.93401986
0.90598065
0.19820331
0.09643815
0.052789014
0.051487613
0.06352602
0.07811924
0.18692821
0.70292485
0.10097859
0.065637894
0.06429822
0.07716084
0.11963542
0.72862715
0.8121778
0.68159986
0.6403983
0.27021536
0.3070488
0.8612925
0.90666044
0.89927304
0.77630335
0.12871502
0.07254507
0.065864325
0.08265021
0.11953746
0.79548347
0.16992603
0.18039109
0.8608888
0.807867
0.77081597
0.7215258
0.10572444
0.0914322
0.10890888
0.7633843
0.7199173
0.25476006
0.83175814
0.897312
0.92315036
0.92416084
0.9154898
0.9208166
0.9185422
0.88910395
0.85371953
0.8047142
0.36752784
0.89555955
0.9032135
0.13152416
0.14674865
0.0610255
0.05465445
0.056785576
0.057845302
0.061672557
0.069258444
0.105358064
0.38414484
0.8568084
0.7358122
0.7237292
0.82317114
0.22836976
0.2036175
0.6402961
0.18394794
0.23938616
0.16173734
0.12402763
0.14035931
0.36288998
0.7905632
0.39117265
0.7787678
0.2170092
0.2193774
0.22256151
0.23760898
0.26185483
0.8089848
0.76916945
0.8482782
0.77200013
0.73685414
0.7259828
0.8212197
0.22825016
0.22418939
0.807724
0.11242047
0.07008392
0.07221869
0.0646519
0.088632554
0.8218339
0.8709101
0.9014826
0.93100744
0.90577024
0.8930563
0.111849256
0.08994037
0.18786271
0.6660933
0.12513372
0.119300924
0.58601165
0.14682122
0.16940527
0.8275555
0.7078267
0.17657791
0.113513656
0.19234656
0.084215105
0.09045584
0.0813067
0.15112554
0.87272424
0.8727695
0.815174
0.08199146
0.05308785
0.04940382
0.053804267
0.06425326
0.08041752
0.26624405
0.88324726
0.7815498
0.2691062
0.76417017
0.74586225
0.10361297
0.067265116
0.06176464
0.0757612
0.12298097
0.1441163
0.76332307
0.86450684
0.80324924
0.90490776
0.91949147
0.9093183
0.817042
0.7751011
0.20075807
0.18608344
0.67710793
0.11913768
0.08928891
0.08515739
0.108979575
0.17003016
0.80871874
0.66749233
0.2845004
0.23041946
0.60861474
0.6039726
0.237043
0.17294742
0.16882473
0.25927854
0.8565965
0.89081055
0.85455495
0.8013128
0.7956917
0.844662
0.89681983
0.9078126
0.90463054
0.89124286
0.88473934
0.89070094
0.89976907
0.8903217
0.86508346
0.8166678
0.7720103
0.7131905
0.68819314
0.1578917
0.0973877
0.09699114
0.17820153
0.6562249
0.1796398
0.34139234
0.8314936
0.123068415
0.08590738
0.11040657
0.8278215
0.87497
0.8625705
0.8157952
0.74163735
0.0785938
0.055928063
0.05763763
0.08487032
0.8487775
0.9042696
0.9218741
0.91766644
0.90432996
0.086780965
0.05858763
0.064154595
0.11057925
0.8873779
0.89894146
0.8838296
0.8189367
0.08106906
0.056816876
0.05767136
0.085571274
0.18445763
0.8392395
0.18026777
0.092170484
0.09667188
0.20031375
0.7989242
0.8939152
0.8711305
0.88662374
0.9211707
0.9192272
0.88123024
0.14530142
0.11195833
0.12427629
0.22131926
0.23148328
0.28406173
0.8190355
0.794966
0.76213557
0.7592752
0.83331376
0.7730154
0.797973
0.8642458
0.80933785
0.763655
0.7233514
0.15231784
0.11167986
0.10918441
0.12426911
0.17484538
0.74021435
0.28874615
0.42487904
0.62238294
0.6317873
0.5903662
0.1575618
0.12530099
0.1230472
0.16062342
0.118905336
0.10756407
0.10155768
0.097209945
0.09924439
0.11999052
0.09391608
0.09787068
0.1507272
0.17774196
0.83547276
0.7270818
0.7100043
0.22236197
0.09442284
0.087580375
0.07693264
0.12520176
0.11724431
0.80854756
0.90056086
0.86095256
0.92641765
0.9236235
0.7625855
0.06553263
0.04882867
0.04351721
0.04726588
0.055052698
0.10315528
0.88723207
0.9307235
0.9399647
0.9341456
0.8826828
0.14658609
0.08537687
0.12415896
0.78537637
0.77321327
0.74513394
0.10072611
0.07982446
0.11375942
0.8367046
0.86940944
0.8697558
0.8794056
0.88260883
0.90922135
0.19991168
0.058652706
0.047274213
0.04759947
0.0547838
0.082644984
0.82496536
0.8882199
0.9261764
0.9145098
0.92342126
0.8568215
0.7736652
0.10209398
0.09795165
0.079820946
0.13252105
0.10594287
0.17953016
0.72931916
0.83596295
0.6691389
0.11266868
0.08855806
0.09242939
0.1450183
0.87020165
0.8639757
0.85531455
0.8484641
0.84824216
0.9064778
0.843652
0.7842292
0.12072451
0.09167687
0.09895088
0.16050549
0.8151849
0.14075574
0.09682763
0.09023634
0.103560634
0.27537578
0.09903264
0.08990757
0.08759764
0.10440665
0.1832511
0.34847245
0.76994455
0.8663471
0.838079
0.9038206
0.9132356
0.9047108
0.8612877
0.8330432
0.845173
0.8759022
0.9091719
0.9014061
0.91495425
0.8879074
0.19028576
0.19791807
0.08978356
0.092210986
0.18808699
0.21012898
0.10838985
0.18390116
0.08705265
0.085362986
0.16624007
0.8928977
0.9339452
0.9161944
0.090795
0.054963265
0.053646035
0.07226307
0.086673446
0.24118854
0.88384145
0.82635945
0.87862694
0.14085181
0.0967636
0.123552024
0.11201659
0.07804614
0.078931086
0.09768097
0.1681021
0.84828055
0.83182687
0.30468804
0.43298966
0.25729796
0.62833476
0.28596762
0.22383471
0.3151607
0.32835796
0.824902
0.81835884
0.838135
0.8541466
0.8819745
0.9002187
0.9088558
0.87817824
