0.7973062
0.76487947
0.37619522
0.20414627
0.19071695
0.2590727
0.642943
0.7555232
0.20358045
0.16158217
0.20517138
0.5743415
0.7423555
0.17387414
0.13391885
0.14698045
0.63152623
0.6360412
0.15620159
0.14345992
0.10447431
0.1288285
0.17081083
0.13795665
0.11601475
0.14665137
0.8163578
0.7308674
0.8672423
0.7721406
0.8691775
0.7265417
0.08874376
0.062931724
0.068615265
0.071820684
0.10460203
0.6777881
0.09267609
0.0615185
0.05941088
0.07473263
0.41104352
0.91538817
0.9388323
0.938335
0.9102977
0.09901657
0.06129787
0.07047453
0.10175175
0.88264996
0.93329215
0.9385267
0.9110686
0.094015285
0.07484867
0.06373597
0.08661538
0.80382097
0.8779917
0.9297696
0.91243184
0.107982345
0.05725405
0.05297272
0.062126003
0.11373992
0.79204446
0.9039691
0.90687007
0.77214295
0.17046566
0.08925843
0.12506995
0.13580856
0.12660094
0.07439666
0.06208443
0.092399836
0.07580336
0.095507
0.8733262
0.9238267
0.9305774
0.93798405
0.93568087
0.9375837
0.91439444
0.070682555
0.04595851
0.045935277
0.051597085
0.07524053
0.07198533
0.0758388
0.08482878
0.104932874
0.21277349
0.91130006
0.9278856
0.828253
0.09037742
0.06952106
0.107722715
0.07650836
0.10102618
0.64489186
0.11618388
0.09952281
0.18114777
0.18695994
0.79446286
0.7978335
0.79933906
0.7728215
0.1324155
0.12224286
0.097520314
0.12473952
0.79614824
0.8892247
0.7795132
0.71296096
0.13299127
0.11768574
0.2167278
0.18524294
0.24299097
0.1448817
0.23895434
0.17531326
0.61875576
0.18522196
0.17140949
0.38116997
0.8804623
0.9029202
0.86155385
0.2109746
0.18564552
0.2897255
0.64541626
0.6512435
0.3595474
0.19958664
0.19861217
0.36739266
0.7573788
0.8327457
0.88279283
0.9149366
0.9158031
0.8792501
