0.8471756
0.88840395
0.90254617
0.8690601
0.78675246
0.3994066
0.16684443
0.18175521
0.15717673
0.24843267
0.8026921
0.21146394
0.12443063
0.077418275
0.07850238
0.14260283
0.15438308
0.8549675
0.7317358
0.21012746
0.7162725
0.12481393
0.089656875
0.11498101
0.0869583
0.06544895
0.06320126
0.061423723
0.057684097
0.055826485
0.06156641
0.11247449
0.9000667
0.9050665
0.9050212
0.8957844
0.8960328
0.9013884
0.8675059
0.07260974
0.04906712
0.04984384
0.05396498
0.07577591
0.06783858
0.06766087
0.110691845
0.7769639
0.7562434
0.74436104
0.7576382
0.8600523
0.18836713
0.15181729
0.08747135
0.103519484
0.78312236
0.8506432
0.9096246
0.7805763
0.6896756
0.07874511
0.060515136
0.066786855
0.1697128
0.9022272
0.9239064
0.91562414
0.9158571
0.17342539
0.0666619
0.067067675
0.10484647
0.79330707
0.10974387
0.078785524
0.103460975
0.30766332
0.8971698
0.91826534
0.89157045
0.9018687
0.8166133
0.79566765
0.7975503
0.7742159
0.74846363
0.76586086
0.7562631
0.7524963
0.8344182
0.30064237
0.20145978
0.3728513
0.65356416
0.26840568
0.66463184
0.633109
0.15179963
0.15090546
0.11714778
0.13925964
0.30127844
0.59910095
0.86382216
0.8602335
0.3838022
0.1568913
0.14352007
0.16016932
0.2659789
0.71019346
0.8005345
0.6923547
0.64360726
0.3136985
0.36485714
0.7918331
0.7556524
0.7964284
0.24405362
0.19939855
0.22341281
0.68244416
0.760198
0.853427
0.75205487
0.6835622
0.16897814
0.14333592
0.1626906
0.56084645
0.64808875
0.66616327
0.6350353
0.1514281
0.11686786
0.111096635
0.1333724
0.10970891
0.12186747
0.21640424
0.1827929
0.65289885
0.69243616
0.72062933
0.76195014
0.85145986
0.7410602
0.63106734
0.14428122
0.14904238
0.14506967
0.12811719
0.21216926
0.17335692
0.61259234
0.17392743
0.16779707
0.12473661
0.12427535
0.15348648
0.6427598
0.19247441
0.26830846
0.10932025
0.085791014
0.083684176
0.09937436
0.17368391
0.36916593
0.8592273
0.84285045
0.13695364
0.085862204
0.0739452
0.08718764
0.17847851
0.09942532
0.10130105
0.17852785
0.124854214
0.20783183
0.16727744
0.69929916
0.7175671
0.85357445
0.78285116
0.8537582
0.69790524
0.5963884
0.46460515
0.15914884
0.15200816
0.27984157
0.7092577
0.77382857
0.87323654
0.78946656
0.74723125
0.8244546
0.20771413
0.124598034
0.13492408
0.47563222
0.6145976
0.63902134
0.6543405
0.65111566
0.15130249
0.11173896
0.1523583
0.09699605
0.10158381
0.20408525
0.8854842
0.90566224
0.78114444
0.74321616
0.8728548
0.21789266
0.0767391
0.0670268
0.08685492
0.08355878
0.11434449
0.6798838
0.27096224
0.10175485
0.08377744
0.1040591
0.58560014
0.12192568
0.108169585
0.2504531
0.8498429
0.900262
0.78882277
0.26634946
0.7729161
0.8960668
0.8698629
0.8685785
0.34643364
0.82119024
0.91025424
0.8448882
0.1154744
0.06140342
0.052197784
0.054534398
0.06313399
0.082650565
0.16181049
0.71424246
0.73028183
0.74377805
0.83847034
0.28526744
0.15833054
0.087482445
0.073816895
0.077849954
0.1221374
0.79404604
0.25141755
0.7293726
0.7916135
0.88648677
0.82917094
0.91491574
0.91611063
0.8175418
0.86936456
0.08505487
0.054393593
0.05355573
0.06135027
0.0827821
0.18625002
0.20085023
0.09002359
0.08141834
0.09381246
0.084854096
0.13279608
0.65985256
0.11654369
0.10557096
0.11794806
0.77644795
0.76612335
0.7546895
0.77890754
0.8335622
0.8855888
0.12197669
0.10732127
0.061348617
0.05804
0.06837237
0.12008933
0.09201641
0.12170367
0.6039139
0.6886922
0.7980248
0.72313505
0.72189575
0.8319629
0.82052165
0.16565496
0.13306245
0.090042196
0.09000873
0.17588376
0.15937993
0.1953758
0.6689767
0.10456828
0.06855754
0.06735989
0.09526557
0.748935
0.72406936
0.7469251
0.7888057
0.9090029
0.8933959
0.9227462
0.89312094
0.085786045
0.06088762
0.067611426
0.11376361
0.8279234
0.73389506
0.71583784
0.08809175
0.06135333
0.0677381
0.073428236
0.07460668
0.072052926
0.07203177
0.16422063
0.24445328
0.9077468
0.9052613
0.09244763
0.057182968
0.055009387
0.06907673
0.434059
0.919679
0.9289719
0.8958907
0.086934604
0.051783096
0.047675442
0.055446032
0.0884268
0.8306181
0.851716
0.8458974
0.85573924
0.16117139
0.08687308
0.06916823
0.11443657
0.13885595
0.14233656
0.116482
0.07506027
0.09245084
0.71866584
0.78116256
0.88303816
0.80150634
0.7590028
0.7878203
0.8708896
0.47324327
0.26403534
0.1455319
0.090671204
0.08824794
0.15032524
0.08864657
0.09127684
0.10056504
0.1399664
0.77883714
0.89166456
0.88240707
0.9143913
0.90201056
0.74946237
0.106741026
0.08592094
0.08559629
0.108073294
0.21061254
0.24094418
0.7541652
0.8920021
0.8937523
0.761297
0.71720785
0.65211314
0.24602927
0.26901674
0.29242814
0.795446
0.8881532
0.8888144
0.8903906
0.8577573
0.8727769
0.8999494
0.90800965
0.9076287
0.90144545
0.8858183
0.880989
0.8881411
0.89890575
0.8978256
0.90017265
0.90844095
0.88618183
0.8471147
0.7847975
0.15041076
0.21141939
0.09265828
0.05813979
0.054241605
0.054265924
0.05439392
0.05892114
0.08720295
0.80707866
0.79934746
0.8287068
0.88782394
0.91296536
0.92203325
0.92125314
0.9159611
0.11335409
0.052662756
0.047519766
0.05478107
0.056257293
0.06772341
0.13522518
0.14366268
0.17724995
0.85128874
0.8629416
0.76907957
0.8694561
0.87090087
0.7945528
0.83670044
0.72373945
0.66625667
0.2384202
0.19311687
0.16905943
0.6173999
0.6542879
0.2702793
0.807612
0.111269265
0.07149425
0.09262509
0.07214882
0.0687494
0.0956712
0.6833638
0.13272344
0.13782962
0.8429173
0.88746345
0.28120455
0.114292555
0.15233026
0.88256574
0.9214011
0.9102905
0.9213417
0.9370107
0.93277586
0.8409633
0.064591244
0.048424784
0.05063569
0.061637506
0.09883243
0.699262
0.114738084
0.11150905
0.16307299
0.10484711
0.07629083
0.08185818
0.118107945
0.671042
0.6483242
0.2611914
0.38956758
0.51158
0.8021386
0.7154113
0.6766439
0.6603431
0.1715392
0.13219717
0.12733427
0.22258067
0.11333075
0.10204616
0.11254072
0.22534202
0.23207347
0.11884902
0.1330149
0.10836175
0.12661867
0.64481366
0.6146587
0.18456526
0.17278284
0.65700406
0.71188575
0.8301791
0.67299336
0.605346
0.24175934
0.32685655
0.82165277
0.8376403
0.6666152
0.20140783
0.27453458
0.26858923
0.24104314
0.10370933
0.07940665
0.078621276
0.08986368
0.1269052
0.7492541
0.85658824
0.738179
0.71261615
0.69568014
0.12168081
0.08384396
0.09806794
0.08684735
0.11721567
0.13802375
0.7016584
0.10819823
0.07534588
0.07731243
0.071782105
0.07423683
0.06820382
0.06933144
0.081636064
0.18727888
0.85024315
0.13756855
0.07037917
0.067059934
0.12266711
0.14796282
0.88259625
0.8828301
0.35667953
0.86958355
0.9234864
0.92888635
0.90774995
0.88061506
0.7984553
0.23418526
0.80565214
0.77340394
0.08102432
0.059544872
0.05461459
0.06708098
0.15170597
0.79439217
0.22227722
0.11151425
0.14177044
0.88005805
0.9119298
0.87432784
0.9272834
0.929991
0.9038709
0.1213409
0.12629063
0.07700757
0.121363185
0.08753097
0.06716973
0.07718182
0.14497119
0.122148484
0.61984247
0.2391658
0.18087329
0.3008099
0.8117423
0.72357076
0.7151235
0.69380575
0.16804914
0.15589157
0.64430666
0.10746901
0.08216043
0.1359915
0.08518569
0.067944646
0.076965936
0.10289088
0.7711345
0.7082076
0.12399474
0.10541175
0.46824554
0.90900826
0.9340652
0.9275903
0.91396165
0.90773374
0.14778008
0.08571408
0.12685348
0.82407427
0.09610586
0.058714133
0.057828195
0.08568357
0.08242825
0.084645584
0.16918394
0.8521236
0.69497246
0.1703221
0.19926496
0.82588965
0.7326891
0.70863545
0.094770215
0.06194716
0.058594145
0.06931393
0.12259248
0.82983696
0.22821026
0.20469387
0.85377514
0.24812692
0.085543424
0.10384774
0.07424716
0.10815183
0.88483965
0.9324374
0.91649276
0.08544034
0.053704716
0.05288348
0.061439175
0.13386501
0.889285
0.88471997
0.8411833
0.8132261
0.77861935
0.16194117
0.25524753
0.77093583
0.7392087
0.08846972
0.060044736
0.06116135
0.07355486
0.112915926
0.6901407
0.09937564
0.06393749
0.059861973
0.06355201
0.0949343
0.80670303
0.82061595
0.85105693
0.88525844
0.9214641
0.8494174
0.8021677
0.7717003
0.079322025
0.056200333
0.06151961
0.06048464
0.06272209
0.06728156
0.07673572
0.068700105
0.08724522
0.11058858
0.8045145
0.80098724
0.7952414
0.7870859
0.7509541
0.7460088
0.7388238
0.7251415
0.08889289
0.06455085
0.07382045
0.14763847
0.11729353
0.0851352
0.08354802
0.11007633
0.092302874
0.100475974
0.14337927
0.16459464
0.16550083
0.124699436
0.13402216
0.20488583
0.13094683
0.13635463
0.17765869
0.77490085
0.3401399
0.37053674
0.28128207
0.19981836
0.09845046
0.09778339
0.085804835
0.13009624
0.7995052
0.8605255
0.9231928
0.918558
0.78436565
0.7065627
0.14225996
0.08842754
0.07247049
0.09408922
0.8258147
0.90776455
0.9040212
0.90107524
0.91978806
0.9170973
0.89383763
0.8647101
0.87430483
0.8944067
0.9117445
0.9004782
0.8886243
0.8908432
0.91397494
0.86818224
0.7722282
0.09479317
0.07823284
0.09441019
0.24073051
0.88100904
0.8893631
0.39157736
0.18916789
0.36894995
0.684412
0.16235626
0.18028489
0.17866394
0.16346999
0.098794244
0.080093466
0.0838889
0.08513408
0.12461078
0.09335436
0.08979297
0.097720124
0.20883338
0.14510742
0.22446038
0.40152988
0.8715268
0.88410515
0.7850221
0.79278606
0.8866675
0.89385384
0.8633921
0.9025248
0.914051
0.9158238
0.9085737
0.8437412
0.7779261
0.76826775
0.75516367
0.7407855
0.7417684
0.11185929
0.08048967
0.07518311
0.1036945
0.08840272
0.10413314
0.20227762
0.66686803
0.16174775
0.16024137
0.11576755
0.13694921
0.122190125
0.14769559
0.3240865
0.8511568
0.861055
0.7383451
0.6741133
0.2847116
0.51392996
0.21274251
0.20797971
0.28974926
0.81429374
0.84552294
0.7531876
0.74315953
0.8266736
0.4618218
0.14928895
0.111036815
0.096886784
0.11379482
0.091270186
0.09545261
0.12763803
0.69479567
0.6863074
0.6915577
0.11722642
0.08821246
0.12254253
0.19466867
0.13465483
0.087971404
0.0891142
0.118574835
0.13091208
0.09011363
0.08179786
0.08950182
0.1209014
0.7370183
0.8444808
0.7208769
0.718877
0.100476846
0.0643453
0.06411412
0.05616901
0.056406394
0.06657703
0.14859791
0.8805955
0.91719395
0.9093968
0.90792966
0.915594
0.8930061
0.88200235
0.906335
0.8965747
0.8974239
0.90869385
0.8990409
0.89215964
0.894713
0.90233475
0.91080904
0.90203965
0.8940313
0.9009582
0.92384785
0.92701143
0.8961227
0.81608015
0.08973388
0.07338388
0.10110509
0.0919562
0.23181166
0.09208557
0.076152235
0.07490889
0.079615496
0.095648386
0.12754306
0.29993522
0.7489304
0.84120154
0.7802061
0.7651152
0.79348683
0.8459488
0.4729206
0.3316464
0.13028666
0.10283241
0.09590381
0.108352154
0.15618668
0.18650217
0.261411
0.17569159
0.21103612
0.22072425
0.24060068
0.3237464
0.28101552
0.6140737
0.6198776
0.19861414
0.31820923
0.120681964
0.09204024
0.08574409
0.08266677
0.08127748
0.08111411
0.09035559
0.10837715
0.16610289
0.8246749
0.70610875
0.1863864
0.09754724
0.078336306
0.09502402
0.079947785
0.08928136
0.18011746
0.16015562
0.1880402
0.7040447
0.7731746
0.87978655
0.85270464
0.9058251
0.91247785
0.9061456
0.8803563
0.7515769
0.7220241
0.8484096
0.84583753
0.6557024
0.1495842
0.12809141
0.1480401
0.5326347
0.23958342
0.36037713
0.81733775
0.7084857
0.67335707
0.65554035
0.15204348
0.10811805
0.10212499
0.121970534
0.55140364
0.52470964
0.1744165
0.17218146
0.57779986
0.42203754
0.7945547
0.6477889
0.65205514
0.65657485
0.14022318
0.10326823
0.12494933
0.12652965
0.09261548
0.08737272
0.09627196
0.17101395
0.09837511
0.09619814
0.1232243
0.6926447
0.7031879
0.84434634
0.8286381
0.60297096
0.55029094
0.4515522
0.39663684
0.12508783
0.122969344
0.103366576
0.13941404
0.17837597
0.57565224
0.20595099
0.6112662
0.20002858
0.14355734
0.18555933
0.6016603
0.19086824
0.2584733
0.2626591
0.23021941
0.64917636
0.65867674
0.10547697
0.08532274
0.064639315
0.06297197
0.07047807
0.06858903
0.09365187
0.6732509
0.1863276
0.7514117
0.7506277
0.77432823
0.75728494
0.10192108
0.062945366
0.061634082
0.10452887
0.16310552
0.90603536
0.91217554
0.09474162
0.056582827
0.05309159
0.056054115
0.05840037
0.05655209
0.05549459
0.05991822
0.093454316
0.8796936
0.91486233
0.9326029
0.9239284
0.08505887
0.050333194
0.045836724
0.05088431
0.062243234
0.11791068
0.8940432
0.8990486
0.13353935
0.1206826
0.13023591
0.7947656
0.8070639
0.12507111
0.08059049
0.061762888
0.06548225
0.07967689
0.14429246
0.7596558
0.108604915
0.067089885
0.06224164
0.061024424
0.06143155
0.07186299
0.13806082
0.898392
0.9066118
0.33549953
0.14209527
0.09824856
0.06219556
0.060899284
0.07289844
0.18336125
0.73378617
0.22765528
0.7114071
0.25874725
0.21841694
0.13409874
0.24747187
0.22669569
0.8841973
0.885579
0.11951586
0.08331218
0.107346654
0.104278795
0.08466566
0.1013858
0.20710227
0.7171689
0.6992978
0.47813836
0.36455894
0.14571695
0.12916237
0.19676962
0.60568225
0.20833252
0.2558651
0.80626506
0.67471504
0.15336727
0.12341118
0.12824845
0.1633358
0.66338664
0.6751766
0.65714
0.6505284
0.2828838
0.15189703
0.1340886
0.14517559
0.19215609
0.74045396
0.638315
0.63934505
0.68465656
0.7004655
0.70340216
0.78493136
0.19765732
0.14486557
0.15454067
0.123187914
0.1425973
0.62440324
0.13115533
0.116354585
0.08795128
0.09680383
0.2082265
0.7414378
0.72153366
0.70884657
0.8199763
0.168562
0.1507081
0.7415209
0.8516751
0.92050177
0.9158981
0.76011676
0.12536809
0.1361335
0.7255646
0.88441706
0.7852753
0.7610737
0.083707206
0.055819385
0.056205288
0.062019233
0.061714467
0.062852226
0.062286396
0.07466105
0.13761249
0.89832467
0.896038
0.10114219
0.063802704
0.06473706
0.111316115
0.8980103
0.9294465
0.9399052
0.94227165
0.91899514
0.08185744
0.05540457
0.061020624
0.10361783
0.7305607
0.09356068
0.06301975
0.06077027
0.064258724
0.07634451
0.16560294
0.7633148
0.12533942
0.09103195
0.12230287
0.8023
0.8217139
0.15402664
0.07648093
0.063115835
0.07498395
0.11779259
0.73167706
0.127554
0.095942736
0.22095922
0.09173087
0.09386586
0.21539368
0.110821694
0.1453729
0.1133484
0.12409278
0.4202377
0.11599041
0.09061593
0.0894252
0.08214057
0.09154555
0.09906597
0.16142224
0.7115207
0.17995806
0.19914503
0.09933346
0.0874894
0.08845521
0.13703644
0.14197186
0.6599848
0.32587096
0.24910925
0.3111244
0.22006525
0.1139946
0.10498111
0.13481285
0.12432335
0.21698469
0.17455141
0.14299901
0.21281102
0.8838325
0.9131707
0.87701946
0.177645
0.15432683
0.23288105
0.2199198
0.2296376
0.73348486
0.8399416
0.7772902
0.7948846
0.8832928
0.8973697
0.882788
0.80364424
0.7273623
0.6894764
0.70910364
0.78459793
0.86375386
0.8392031
0.2257056
0.17930381
0.26300955
0.2245947
0.7741664
0.24472983
0.16906153
0.32613638
0.85668194
0.70627666
0.0947132
0.07229138
0.08299707
0.30330926
0.90963054
0.9150228
0.14102526
0.092287295
0.051399827
0.04747014
0.049540263
0.05653818
0.110121936
0.90307754
0.9289608
0.9341796
0.9233259
0.9164057
0.9178159
0.91845727
0.90825987
0.07283982
0.04608169
0.04261513
0.046748877
0.05204103
0.062050633
0.09550948
0.7986058
0.7802964
0.7964883
0.14111091
0.082304224
0.08077354
0.12739937
0.87277544
0.8803044
0.2836416
0.19503598
0.489508
0.8813424
0.86825323
0.16584928
0.16710395
0.1334363
0.17827272
0.79702646
0.6698118
0.64325607
0.1897136
0.1962839
0.17159015
0.26464054
0.28640395
0.8441466
0.91260505
0.92121804
0.89338136
