0.69498765
0.2735704
0.23364656
0.21548055
0.17148878
0.19268678
0.74601525
0.26813346
0.2693249
0.825051
0.8203775
0.19426239
0.2294678
0.18469891
0.106865756
0.12148762
0.13731523
0.19383124
0.16359578
0.7542372
0.87003666
0.75121796
0.721938
0.21743171
0.096475355
0.08432332
0.10815535
0.7346716
0.736583
0.7438906
0.7533197
0.7920611
0.9053261
0.8835474
0.10449637
0.07552885
0.08627863
0.14470346
0.6487409
0.6631483
0.66144574
0.716833
0.8360176
0.7806436
0.83768785
0.72404355
0.6624794
0.60168135
0.19917151
0.19562955
0.6274524
0.66073155
0.6729167
0.15578538
0.14300373
0.6281812
0.10876811
0.07677754
0.08080006
0.13045238
0.79688686
0.1275223
0.10168242
0.10260312
0.13574925
0.85012907
0.9063947
0.9313653
0.9349998
0.933391
0.9241407
0.84613127
0.15219888
0.11475384
0.08359343
0.10693352
0.79267913
0.911072
0.8934591
0.09311171
0.05978535
0.05738151
0.07011529
0.1258208
0.1531384
0.1928159
0.8596813
0.81400025
0.80011916
0.78801507
0.7512406
0.6933865
0.26495418
0.35905623
0.5835408
0.8552341
0.85288304
0.8546375
0.88289744
0.7983472
0.72337604
0.15580341
0.15178603
0.123508565
0.18411404
0.12414722
0.16181566
0.16317695
0.13506506
0.15630521
0.26701403
0.27236953
0.20635326
0.48750892
0.2253565
0.30071032
0.8568229
0.9013982
0.89428043
0.84871316
0.19714054
0.15684566
0.18198895
0.6444333
0.70000523
0.8248722
0.6421058
0.14472027
0.12889078
0.15040123
0.68653804
0.86412966
0.8956902
0.8901471
0.85515386
0.14280565
0.095796876
0.08507989
0.0964869
0.08542872
0.11748564
0.1434702
0.26258415
0.8957297
0.9252057
0.91900605
0.8262193
0.74892503
0.6896732
0.68845916
0.18460496
0.11718071
0.17050147
0.15512632
0.6723121
0.6972403
0.69996244
0.110042356
0.07317903
0.067681484
0.073720984
0.09387486
0.14469709
0.1632764
0.77743876
0.20235619
0.19997564
0.2061243
0.86264676
0.8826275
0.6858514
0.6636682
0.71319425
0.8361002
0.14228725
0.12563607
0.6431781
0.10412871
0.06994899
0.058882322
0.06851626
0.11457878
0.8949155
0.91594046
0.92356753
0.9315534
0.9215244
0.9111094
0.89403045
0.84139526
0.07284668
0.053371467
0.05635674
0.09161301
0.13257092
0.87484914
0.8694521
0.15630156
0.14702176
0.713676
0.7632896
0.9002371
0.9069582
0.8200266
0.8785275
0.7346472
0.15050139
0.19676521
0.110789835
0.113341235
0.24719578
0.25983956
0.8745216
0.9017946
0.86457056
0.17958564
0.15453492
0.5034318
0.1437414
0.17007114
0.19519281
0.22706033
0.83202916
0.8275861
0.22331397
0.3095003
0.19353703
0.16414684
0.5979308
0.22473444
0.75389683
0.84319973
0.89818794
0.92834336
0.9282373
0.89795506
0.31048292
0.745466
0.14879005
0.21284178
0.1200887
0.07422265
0.06819317
0.06974041
0.08386769
0.112351865
0.26372588
0.30120897
0.23729338
0.70215136
0.70870596
0.7604215
0.8708749
0.8698533
0.9020752
0.91719395
0.9160769
0.88329875
