0.8168967
0.8274182
0.7590504
0.4289841
0.46871218
0.74419665
0.8803768
0.8995254
0.88241225
0.89835346
0.892541
0.8287553
0.8184792
0.27085844
0.202205
0.2384051
0.7340796
0.2545025
0.30899608
0.20044483
0.6009674
0.5878041
0.12865108
0.10508258
0.12861133
0.6598725
0.14303379
0.16844778
0.071036704
0.061588183
0.06449478
0.09477827
0.7817679
0.8148307
0.888879
0.77489114
0.7513591
0.73262876
0.7370691
0.8397926
0.24747983
0.19849719
0.83491623
0.90584874
0.9240888
0.9246592
0.917975
0.9204552
0.9122048
0.8313545
0.19343814
0.37230247
0.8698275
0.87671214
0.8572523
0.87959373
0.9238201
0.93398243
0.93209285
0.9065695
0.094757
0.05888366
0.054264583
0.062192436
0.09118866
0.077221185
0.09306503
0.14834185
0.18463843
0.82033557
0.76358515
0.8737353
0.8696289
0.70203525
0.15218607
0.14986014
0.10902671
0.109696105
0.12940736
0.20082556
0.8110511
0.8185163
0.66245157
0.20146528
0.1927936
0.14719811
0.16192551
0.58352417
0.6558593
0.6908469
0.8186736
0.16411969
0.12021182
0.16850981
0.093453884
0.087580204
0.093564264
0.117631644
0.26615652
0.71345013
0.71643883
0.69488776
0.7015989
0.7001153
0.6898636
0.24332835
0.15659152
0.14814883
0.17591079
0.70174974
0.8558308
0.86674833
0.76935035
0.76189667
0.8474861
0.8224156
0.7920343
0.75688845
0.6884392
0.19883347
0.1573291
0.17220065
0.14252558
0.16253254
0.63369066
0.7328573
0.86358047
0.83323133
0.8357072
0.8866612
0.875759
0.8781157
0.81419194
0.75815046
0.73643506
0.68242353
0.45660996
0.5755042
0.39499956
0.27016354
0.34580678
0.8323129
0.861004
0.71050215
0.30702737
0.21766971
0.25001997
0.75791854
0.6602982
0.6284984
0.6840139
0.80579686
0.7432298
0.8421908
0.83096063
0.3445065
0.22812223
0.17147008
0.19150934
0.74372023
0.14993013
0.09841668
0.09080432
0.106857225
0.23197258
0.36987373
0.8303565
0.7339996
0.83307105
0.7403141
0.855844
0.85348207
0.7074159
0.69066054
0.8242676
0.80561817
0.26522675
0.31118053
0.28547394
0.20757963
0.5171708
0.22122824
0.23963934
0.8103802
0.8169868
0.6258931
0.5878634
0.12724286
0.09918557
0.11838019
0.1095905
0.20157476
0.22065075
0.15832677
0.25390688
0.607926
0.22497174
0.23222093
0.81605065
0.8165535
0.16276081
0.1373046
0.083159834
0.073911324
0.07401433
0.08147125
0.101066224
0.1709503
0.6807568
0.6426523
0.66361445
0.65642774
0.1274432
0.08308933
0.071328215
0.078647606
0.09769907
0.1476905
0.82602113
0.7151148
0.698875
0.8340928
0.6848166
0.60370916
0.21473728
0.101176396
0.08254566
0.08611266
0.11660743
0.6758724
0.6791543
0.6734251
0.7343366
0.85979146
0.7577565
0.73335236
0.83572847
0.17961727
0.088983685
0.07820983
0.093530595
0.18683673
0.7953755
0.48889428
0.32598466
0.110485226
0.07999052
0.08273431
0.10886635
0.092485875
0.12379697
0.12659736
0.1221121
0.10153453
0.12958436
0.7427679
0.7565003
0.8576322
0.6827889
0.17766711
0.17316471
0.6310809
0.62580293
0.66844434
0.79446626
0.1947425
0.19039777
0.7687848
0.63753074
0.61943954
0.66268486
0.6703291
0.12826736
0.122145586
0.66461635
0.08737094
0.0627577
0.061515715
0.058284763
0.05771875
0.06440227
0.14471264
0.17591186
0.87663674
0.8951258
0.8874199
0.15727256
0.15073739
0.80809456
0.86947393
0.9050831
0.9244944
0.9029337
0.8678168
0.8636167
0.81565154
0.13048021
0.14446701
0.78421587
0.7760553
0.116419576
0.10519472
0.1468877
0.82908946
0.11946068
0.084304415
0.15111108
0.13308531
0.15025207
0.75050336
0.1080414
0.06784507
0.06456712
0.06929416
0.0829061
0.19012278
0.19238417
0.08860939
0.07894686
0.082215205
0.10562341
0.17282504
0.23640785
0.40314594
0.8376237
0.811294
0.86937785
0.8540149
0.6950423
0.21584679
0.24495317
0.15089455
0.1456674
0.21957414
0.16788593
0.24247868
0.6913215
0.77229184
0.8910697
0.91052574
0.9104615
0.9050624
0.89149
0.8447104
0.32536793
0.18404108
0.2018469
0.62810403
0.7819016
0.6821694
0.6705042
0.2059613
0.10836795
0.08315609
0.0767735
0.081354976
0.105642
0.24832802
0.22291648
0.8241549
0.7066145
0.67358744
0.15431994
0.13149135
0.08630656
0.08324364
0.10438844
0.5678728
0.15004268
0.1447283
0.7487616
0.88978535
0.9028264
0.8602028
0.15631074
0.15285447
0.69991755
0.8595
0.19125792
0.08958745
0.099666774
0.60181874
0.09751776
0.086023815
0.094481505
0.14293282
0.89763135
0.9287011
0.9282391
0.8885957
0.16600733
0.19243301
0.88027835
0.92539895
0.93364555
0.9320041
0.9025503
0.8123551
0.10269417
0.11271013
0.670527
0.11225939
0.1344184
0.14703175
0.1267263
0.6805687
0.21839392
0.69230324
0.19061899
0.30136794
0.86673605
0.79345834
0.18508579
0.21577622
0.8458898
0.7586512
0.7227441
0.19730623
0.21102612
0.7965644
0.13314903
0.090801775
0.10351616
0.20692085
0.17748617
0.70237315
0.68544835
0.6681971
0.65712357
0.19827709
0.22472727
0.1855248
0.64723146
0.1520024
0.11609972
0.1483545
0.1292706
0.21817248
0.15013812
0.17515564
0.48424557
0.84793603
0.85618764
0.7148264
0.6795087
0.30813873
0.1618489
0.17303775
0.1380631
0.15398501
0.52456313
0.23517355
0.2070477
0.5941667
0.20568883
0.20194486
0.62174886
0.14942625
0.10823171
0.09358483
0.09346089
0.109418735
0.28000247
0.8237455
0.91477543
0.92633367
0.9091117
0.78364563
0.21797457
0.15765454
0.19637507
0.7691777
0.62910074
0.1461929
0.13192157
0.15581661
0.62313616
0.623173
0.17850071
0.1542396
0.21197584
0.14131299
0.14526458
0.2409571
0.23361415
0.23949903
0.7523751
0.35552028
0.67501503
0.8096374
0.38373214
0.116098054
0.079473145
0.06994391
0.07054579
0.08003194
0.102369934
0.21281752
0.8405706
0.7122562
0.65724087
0.6231231
0.6421603
0.6633752
0.7771591
0.22223796
0.49811673
0.13835807
0.14714777
0.21642104
0.8590811
0.8046739
0.7485517
0.7279155
0.68637985
0.1212349
0.13892487
0.14623715
0.7397487
0.11590014
0.072902076
0.104354516
0.086982906
0.10499068
0.86852366
0.9136886
0.9315873
0.9419578
0.9376043
0.8791424
0.07751526
0.07399277
0.057724193
0.055052437
0.089649245
0.10890663
0.089980796
0.105423234
0.78036404
0.7515243
0.7263925
0.73325926
0.32247844
0.28451908
0.22232589
0.7758404
0.29926655
0.73572767
0.79628897
0.83987164
0.88561285
0.923774
0.9105362
0.3613174
0.101880915
0.10580579
0.06966294
0.06383379
0.07421838
0.092967406
0.18088977
0.68906516
0.6540284
0.32392693
0.7787458
0.24868385
0.2927345
0.19663066
0.14387226
0.1538202
0.22675635
0.63836634
0.6471377
0.62995374
0.60948306
0.19219308
0.18015769
0.2962567
0.8461372
0.76717
0.14804885
0.072421156
0.056968372
0.057462834
0.06798275
0.15836497
0.8503349
0.8869623
0.9040693
0.8990323
0.90839577
0.11079253
0.057899393
0.054481126
0.07333458
0.08692689
0.20463231
0.22550666
0.09212266
0.07978839
0.07932786
0.077203445
0.08235003
0.08976051
0.10483566
0.16245347
0.20060793
0.21911293
0.2754233
0.18019152
0.12642103
0.12165619
0.20509867
0.21089162
0.13295203
0.16450149
0.1921658
0.21287139
0.84342796
0.8594432
0.33208895
0.11043226
0.07971774
0.07051941
0.07922094
0.10172655
0.22670351
0.66168225
0.2975128
0.80141044
0.6618231
0.55119085
0.16107571
0.1882707
0.12183121
0.1376852
0.67928076
0.7159847
0.86816204
0.763108
0.74331105
0.111460835
0.07612723
0.09206216
0.07369953
0.07264736
0.07015515
0.07008551
0.07074512
0.086132705
0.079656824
0.110024385
0.76472056
0.726403
0.74232054
0.73500806
0.7167116
0.69823945
0.103311084
0.07899164
0.10349596
0.63268757
0.10727544
0.082892455
0.0955988
0.17224668
0.695482
0.70670795
0.8109619
0.2854867
0.16823058
0.2249547
0.13408948
0.14159063
0.6245576
0.24266593
0.12720278
0.12402216
0.24260119
0.3010448
0.8856694
0.9016324
0.74060124
0.07959393
0.054391053
0.051612187
0.061026406
0.1061807
0.7699317
0.7868494
0.8935672
0.82244563
0.7771619
0.73838615
0.7051834
0.68722725
0.15651181
0.09911845
0.16665164
0.7053178
0.15830392
0.2097946
0.83575815
0.14731957
0.13010247
0.6724824
0.0933542
0.06541759
0.07123488
0.20044921
0.9114433
0.92494404
0.88358945
0.083386436
0.057902165
0.060757305
0.09530408
0.7158832
0.14541008
0.16558926
0.846851
0.20366144
0.073582724
0.06794289
0.070672914
0.14544493
0.88370067
0.86805946
0.85823405
0.8727461
0.88020664
0.903155
0.22652352
0.06921201
0.05789817
0.067244224
0.12977311
0.79108334
0.7542962
0.7295591
0.11742163
0.102698915
0.07936867
0.09383922
0.19738463
0.70155615
0.13904765
0.100627385
0.12151452
0.094329536
0.10225906
0.13470367
0.6877747
0.26380652
0.17967881
0.21808277
0.7656767
0.17405449
0.12748098
0.13538343
0.20785871
0.6992549
0.81223893
0.88497424
0.86436486
0.8367866
0.8144557
0.84557253
0.9010729
0.9121047
0.9083389
0.88997215
0.88827753
0.9089135
0.9093761
0.8617902
0.7937445
0.7323005
0.33501497
0.37269408
0.27350265
0.13448589
0.15410474
0.13793582
0.098094925
0.09834672
0.116135
0.18026009
0.28398192
0.3792157
0.6588185
0.66322196
0.7670783
0.35115507
0.16519736
0.1453104
0.17954342
0.25016603
0.19169596
0.17359267
0.14610681
0.09811315
0.091845036
0.10709296
0.20156424
0.8294537
0.70347935
0.65691876
0.69189197
0.74411005
0.8659718
0.8388097
0.8933127
0.8872267
0.7632756
0.70325863
0.69430435
0.20509833
0.10157427
0.117729716
0.07563496
0.08943295
0.09975421
0.13539143
0.8764173
0.8694009
0.87339157
0.9111461
0.8691339
0.8414716
0.9045929
0.83926505
0.73237056
0.10421774
0.12848423
0.118328206
0.080508456
0.10154454
0.10485449
0.2092405
0.83058995
0.74601823
0.8518531
0.7067579
0.1066967
0.076076135
0.076005474
0.11425505
0.19382915
0.8635319
0.75203675
0.6896685
0.09631137
0.089602284
0.066898204
0.10154236
0.10351057
0.20934772
0.9040584
0.93066823
0.94190246
0.93972296
0.914478
0.08840877
0.07326648
0.057854444
0.053960547
0.07176882
0.12147348
0.8645773
0.77003396
0.7403322
0.109476045
0.101865
0.06998334
0.0797752
0.15115388
0.7071154
0.23157836
0.08154518
0.06906235
0.077288315
0.1363313
0.15348038
0.10332153
0.11798379
0.6834187
0.09818134
0.06968542
0.07034718
0.11525858
0.7474824
0.13702746
0.13504383
0.8525966
0.90776205
0.93133855
0.9225785
0.9077368
0.8950881
0.8308302
0.11673671
0.13142009
0.7811083
0.15341261
0.06769973
0.07257746
0.05648024
0.060928017
0.10733468
0.19273171
0.89769185
0.8860167
0.8528636
0.83488643
0.12308663
0.06614424
0.06154222
0.07479617
0.20371728
0.89769673
0.91167104
0.7669834
0.21072468
0.08567123
0.076763056
0.087385245
0.20112912
0.2196258
0.14600061
0.2262249
0.6807676
0.33223373
0.13717729
0.12278975
0.20528463
0.31652898
0.10235396
0.08563968
0.080193415
0.07909818
0.10487803
0.23899388
0.17284736
0.69906455
0.69485223
0.70115757
0.79927504
0.23420125
0.2191739
0.6104178
0.26450312
0.23723255
0.7022491
0.8302874
0.70473015
0.24574687
0.18403938
0.110645674
0.10783464
0.12921628
0.31085423
0.87536865
0.90008
0.86673963
0.1682857
0.12497983
0.12493195
0.1680079
0.19271025
0.20251173
0.7157683
0.86347806
0.8949198
0.8975412
0.88476396
0.8411847
0.287382
0.22797647
0.18550956
0.26232702
0.20157455
0.24416001
0.763332
0.66490096
0.61263555
0.57907563
0.24622254
0.5577801
0.19565596
0.2493473
0.22199553
0.12727575
0.117698506
0.15969259
0.82986504
0.7585641
0.7694008
0.88067454
0.8755405
0.7838303
0.88206655
0.90429103
0.899033
0.83872616
0.87880576
0.781897
0.1102938
0.07093774
0.057394654
0.0561744
0.059997022
0.072051816
0.13520129
0.9000659
0.9239934
0.89455324
0.13104758
0.10726313
0.15398389
0.8147772
0.7437916
0.8604796
0.71054333
0.10764322
0.080307424
0.08279055
0.115884274
0.62000066
0.7735536
0.6710527
0.6381736
0.61874926
0.23513187
0.23848325
0.73984927
0.2333385
0.30839738
0.24909033
0.12339675
0.13297866
0.1295446
0.10514297
0.14734802
0.78387064
0.14098787
0.11238337
0.08948981
0.12602566
0.6759562
0.66825616
0.6554777
0.31904882
0.3850936
0.85156375
0.7592525
0.81478924
0.9224286
0.9255668
0.8151087
0.07577918
0.049066726
0.045170315
0.05173408
0.0646976
0.3549839
0.9123016
0.9298849
0.93266517
0.9282925
0.9183013
0.09918787
0.048933357
0.043446645
0.046938118
0.05765537
0.12468405
0.85096383
0.8650461
0.8735268
0.90671235
0.797041
0.69453204
0.20759125
0.23045668
0.77275324
0.887291
0.8055403
0.868782
0.28272775
0.13072053
0.19778688
0.15195604
0.64966685
0.15993004
0.09275081
0.08305005
0.09114917
0.113236114
0.18987587
0.6279553
0.25258175
0.20959692
0.535239
0.47031862
0.2081663
0.22210117
0.6382333
0.6999023
0.79942274
0.69438183
0.18967977
0.1525587
0.17592746
0.18641007
0.24411534
0.0934558
0.074741066
0.07741216
0.1196074
0.08163193
0.12813736
0.10664813
0.1161731
0.774004
0.7634333
0.7505171
0.74725205
0.86842424
0.22516872
0.12094831
0.24234533
0.8179057
0.113613605
0.08402929
0.09985287
0.82090265
0.89362794
0.9272125
0.92042124
0.9332106
0.92628086
0.8329117
0.10433914
0.13387346
0.14739189
0.83532786
0.1260862
0.0642156
0.06289837
0.06608329
0.10881409
0.11721113
0.16316395
0.7390332
0.83275956
0.120327026
0.07624258
0.07738357
0.1283009
0.86106694
0.78670806
0.7462387
0.14021775
0.10465357
0.09184508
0.23990092
0.8848438
0.9221987
0.92972714
0.87008053
0.11552056
0.08602058
0.13577174
0.24474101
0.87034553
0.9211806
0.871811
0.7588483
0.087809175
0.06979915
0.07782655
0.120439745
0.8183788
0.7535821
0.8759075
0.8728373
0.72880644
0.7266653
0.7320924
0.7301083
0.7220294
0.15730076
0.087652996
0.07847158
0.10910343
0.7179821
0.6974395
0.1348228
0.12937924
0.6797536
0.090999894
0.05973301
0.057136904
0.059244886
0.06481056
0.11683065
0.9059153
0.9384577
0.92484236
0.08868073
0.053732775
0.054537203
0.05145556
0.060659386
0.11706378
0.8944706
0.9346156
0.9177507
0.08546205
0.052163564
0.047844216
0.05480752
0.073697045
0.21545246
0.8838817
0.8825753
0.17234361
0.11131187
0.17458399
0.17380986
0.8335129
0.11529338
0.0805915
0.058967754
0.058615107
0.0608128
0.06877533
0.115975596
0.76829475
0.13815698
0.09605608
0.2085594
0.8750198
0.90504164
0.91801953
0.91391677
0.8786214
0.13731284
0.10078392
0.2277658
0.8691341
0.838586
0.08518137
0.05663871
0.0585117
0.062086906
0.06525158
0.06721032
0.063401885
0.0620624
0.067931674
0.082368694
0.31670675
0.9161519
0.9174917
0.14872436
0.06483766
0.056336872
0.06467219
0.09908665
0.20978856
0.16937298
0.07126063
0.062569
0.06058552
0.06435371
0.09681572
0.16839834
0.88341486
0.9180937
0.8284318
0.7470864
0.107498035
0.11228752
0.082338154
0.10260171
0.7125608
0.7502383
0.8874441
0.87835616
0.3216103
0.23098001
0.7910267
0.1181686
0.08480499
0.10044115
0.76736
0.85356206
0.9177083
0.92204034
0.89471215
0.91541713
0.89273304
0.88154006
0.9076446
0.7904108
0.0828326
0.06390503
0.0720544
0.09709553
0.41990358
0.8413377
0.14675923
0.09960393
0.0872648
0.13938673
0.15249582
0.11313204
0.13661917
0.66187066
0.20952953
0.23049015
0.79476017
0.27377203
0.18010464
0.2926673
0.19586813
0.6640886
0.23466413
0.19425368
0.107797205
0.08013955
0.07517517
0.08028155
0.08604536
0.11921687
0.3061551
0.5278791
0.8430808
0.771123
0.85576874
0.7196651
0.152027
0.124915786
0.17353922
0.11475315
0.12327139
0.18966043
0.6258135
0.26186043
0.14785527
0.14588657
0.22227223
0.17027475
0.20376989
0.747921
0.36613607
0.18551517
0.18176356
0.6252901
0.27503037
0.15802874
0.103594765
0.11772538
0.10528384
0.07955793
0.09856084
0.1256709
0.08416252
0.12191745
0.81508225
0.18509163
0.120207325
0.32464406
0.89045745
0.9029061
0.9239966
0.91237026
0.91206706
0.92283356
0.8827943
0.79034895
0.11293527
0.09147112
0.1671046
0.64914405
0.1367454
0.14089255
0.7456074
0.872014
0.73903334
0.1363536
0.08775744
0.08965197
0.16837713
0.19148315
0.13946734
0.22952957
0.21449357
0.57978934
0.15304704
0.13674897
0.17744023
0.20557947
0.25773177
0.15899037
0.15167874
0.1676655
0.5628464
0.5756531
0.24523824
0.35664633
0.26900405
0.7282786
0.22174887
0.18440081
0.2843076
0.56462175
0.5897344
0.6342374
0.15695608
0.13682666
0.09025437
0.083834134
0.097450376
0.20375054
0.24676721
0.22021112
0.6301287
0.13578172
0.105958745
0.13818608
0.2288589
0.6415213
0.16973066
0.17717698
0.7914087
0.12700024
0.088728525
0.11775038
0.70322204
0.17346136
0.0784942
0.060115263
0.064528696
0.09909626
0.32790166
0.8962527
0.7976593
0.08377705
0.055164132
0.053259328
0.05974962
0.121606156
0.88571936
0.9198683
0.9362927
0.9303061
0.9241384
0.9171036
0.21069768
0.065129556
0.077668145
0.0664101
0.09970867
0.85302544
0.9005786
0.19541118
0.15434441
0.06869936
0.06485854
0.11405669
0.1458167
0.73860836
0.14110702
0.13684027
0.69913125
0.27343243
0.81470186
0.15993349
0.14754252
0.6781159
0.22621405
0.26862967
0.25733146
0.7410726
0.24705249
0.7293755
0.1380888
0.13385004
0.12862338
0.074141845
0.06606269
0.06644202
0.08019302
0.12597863
0.7565541
0.73777896
0.85277814
0.29704556
0.1300624
0.09028344
0.093265116
0.12801813
0.08460708
0.07901968
0.08793696
0.10838311
0.18965116
0.5262531
0.8942198
0.9218576
0.9244103
0.9135457
0.8902099
0.6800959
0.4588706
