0.70519155
0.38377634
0.39342594
0.391777
0.32520077
0.19591913
0.199411
0.7096244
0.84883857
0.7620822
0.72703826
0.7293495
0.7395881
0.75168467
0.7882749
0.87474424
0.8693702
0.7386487
0.59416956
0.1968412
0.20805438
0.1930633
0.5290055
0.25037462
0.6027343
0.35877016
0.25289539
0.6107931
0.30799606
0.7740031
0.3047057
0.12488613
0.10106239
0.11038106
0.15777065
0.8323168
0.82803607
0.22771373
0.20483294
0.56023407
0.6234198
0.64282227
0.6466542
0.65307444
0.18628566
0.22346446
0.096829765
0.079833426
0.086410366
0.12237755
0.7212015
0.7276388
0.723352
0.10319582
0.06585788
0.06418975
0.061228007
0.068853706
0.12037873
0.74522805
0.24176611
0.8045789
0.87942606
0.11596375
0.065519996
0.06387238
0.093734294
0.74967635
0.24105138
0.12362342
0.28111812
0.9018197
0.9328381
0.939089
0.9392212
0.9324628
0.8616356
0.08035495
0.06820737
0.104950435
0.7306268
0.093911365
0.06756585
0.068275034
0.13181083
0.80828416
0.77892905
0.824313
0.8222483
0.26276374
0.75996214
0.0958283
0.062180143
0.06174205
0.10632222
0.079843104
0.11895249
0.78453577
0.76404583
0.11289746
0.0839503
0.060319528
0.06457138
0.091272235
0.11637841
0.7798942
0.8216649
0.91613847
0.92162514
0.8865013
0.21808618
0.2070533
0.6877789
0.7032497
0.12413545
0.0834139
0.08121803
0.08340533
0.13072355
0.09099588
0.10478674
0.17020027
0.1660604
0.6878566
0.21547055
0.34905782
0.11605923
0.095784254
0.104397155
0.15657987
0.19121222
0.2208868
0.24335423
0.8144509
0.89753395
0.9065097
0.8820766
0.90143305
0.915387
0.9148992
0.88246083
