0.36954615
0.21789947
0.21154292
0.6014697
0.65723497
0.6618035
0.64811
0.5947098
0.2573294
0.21996601
0.19065788
0.71253234
0.88134193
0.8855361
0.91568476
0.91842544
0.90218025
0.78587675
0.68313324
0.20778981
0.3027305
0.4423038
0.8392545
0.75168127
0.7268578
0.14651725
0.079645656
0.07470197
0.06467182
0.072871864
0.12352614
0.72677743
0.14447963
0.08979864
0.10799433
0.80781704
0.8592645
0.3381139
0.8444114
0.9159902
0.9155797
0.9210889
0.89183736
0.40664268
0.8819484
0.87831056
0.11446575
0.09843427
0.21433103
0.7399874
0.20915732
0.08497537
0.07233208
0.08187286
0.11116883
0.2770434
0.81502485
0.7271155
0.7496581
0.8274003
0.74146014
0.6847757
0.40040937
0.7555104
0.2515335
0.3066398
0.21202244
0.1612038
0.29122245
0.18685716
0.15223928
0.0926134
0.08250908
0.099303685
0.07547102
0.07246905
0.08100569
0.1219199
0.7666509
0.7615095
0.12523255
0.0668855
0.061808527
0.059115767
0.060121868
0.06802071
0.11821152
0.8399353
0.3356067
0.84243983
0.19003296
0.14779858
0.70586365
0.18321195
0.19292478
0.88848764
0.9262934
0.9279447
0.9309332
0.9104735
0.8491551
0.1546469
0.30735588
0.84816396
0.12836955
0.11762743
0.12279178
0.7386129
0.10414911
0.061514735
0.0566485
0.05696419
0.05904662
0.071523055
0.16286276
0.762784
0.71900475
0.71485907
0.7083743
0.71413535
0.76954865
0.8221939
0.8379768
0.827178
0.77515084
0.10461693
0.07284172
0.07425381
0.09473073
0.28614822
0.88373154
0.9153387
0.92194825
0.9194541
0.9062406
0.79178417
0.088167235
0.065856285
0.07498895
0.07254881
0.06546934
0.06712004
0.070650496
0.069180146
0.082125105
0.06596388
0.060081817
0.069273606
0.18941307
0.9159705
0.9257202
0.8836748
0.08326673
0.0566913
0.062124494
0.11075388
0.09622083
0.1441627
0.902743
0.91711473
0.22341876
0.06762796
0.061183173
0.10465766
0.11120233
0.07408972
0.09487661
0.58896804
0.12911865
0.1558471
0.2302533
0.32271165
0.75872695
0.8892061
0.9097775
0.90210986
0.8686611
0.21422474
0.11214235
0.10599737
0.13616233
0.14430219
0.50759864
0.20083122
0.5451673
0.17522293
0.1606957
0.23006658
0.16069342
0.215484
0.32983986
0.24764511
0.7835451
0.14406157
0.08514093
0.071540534
0.080877244
0.1702317
0.113237776
0.16159403
0.8540267
0.75969523
0.68587905
0.14377868
0.12541428
0.22373573
0.8765117
0.9155864
0.91706306
0.8962029
0.7803256
0.7085761
0.7015985
0.7063482
0.71808535
0.7558709
0.8766501
0.8932304
0.8587137
0.23973036
0.16905782
0.26762933
0.24468961
0.12400374
0.111001045
0.18287314
0.109820865
0.11430101
0.15791574
0.81421435
0.695703
0.6527868
0.24759755
0.5690919
0.16578905
0.16641425
0.19751535
0.16816282
0.15698285
0.7264919
0.88325906
0.8906091
0.7372894
0.6760483
0.6282355
0.15075453
0.18163335
0.15464215
0.1893422
0.1446354
0.5906326
0.11949782
0.09832528
0.11580241
0.633204
0.1749092
0.14120023
0.11468455
0.1951054
0.2511189
0.66998637
0.24723256
0.6800935
0.11837375
0.07266819
0.057502773
0.059277717
0.07350485
0.10843488
0.8587411
0.9195457
0.8364285
0.09189758
0.058387518
0.05184358
0.05830386
0.07246527
0.16251478
0.851642
0.13785855
0.06961781
0.06813405
0.14281888
0.1725676
0.9102976
0.9245057
0.8871316
0.08248598
0.058201514
0.058821432
0.0635169
0.10980086
0.11796394
0.06817597
0.067749016
0.073192455
0.14185192
0.3419112
0.86973506
0.11220185
0.0621879
0.055951506
0.063699365
0.10908717
0.19362804
0.74371856
0.23354213
0.73749894
0.16825268
0.11981755
0.083608076
0.13893215
0.12174767
0.07984636
0.09638268
0.7284026
0.7757849
0.88858974
0.79209954
0.7458626
0.09501207
0.065708555
0.07058664
0.07503223
0.28779534
0.90439576
0.9226279
0.9387287
0.93552357
0.87131864
0.83144414
0.09620186
0.06399736
0.103046656
0.058754306
0.055634636
0.056342922
0.05652185
0.063300274
0.10117555
0.16646004
0.89762026
0.9147102
0.8816484
0.15335524
0.14719741
0.12357371
0.09660264
0.117742024
0.5567213
0.20083529
0.38304192
0.43264067
0.84547615
0.73384047
0.6753291
0.22419557
0.2518329
0.2700367
0.8271421
0.7993839
0.77597797
0.81110626
0.8971068
0.90474635
0.87089175
0.8470632
0.83850676
0.85067326
0.9062675
0.8771317
0.8422418
0.8183079
0.1177964
0.071220435
0.06264424
0.06839396
0.07537758
0.10953237
0.0854338
0.08485484
0.12151041
0.114592426
0.15914336
0.7728071
0.33768472
0.20848118
0.34687296
0.72095394
0.8718156
0.87324774
0.31207916
0.112354256
0.099792585
0.1379519
0.8179348
0.23185438
0.09636243
0.09997576
0.12046516
0.8718348
0.92346954
0.915937
0.8933893
0.8707292
0.8059183
0.10802318
0.12283025
0.08783157
0.1350953
0.7318003
0.66618115
0.109261535
0.089854054
0.12711135
0.18039973
0.6992608
0.73197424
0.76588356
0.8466989
0.2918111
0.15275675
0.16698778
0.13625586
0.15988226
0.37983143
0.8071812
0.73539925
0.813797
0.24409397
0.14066318
0.13199233
0.18787791
0.16640933
0.77996844
0.9053394
0.9224726
0.91861296
0.9012976
0.8966083
0.9095378
0.91205764
0.9089972
0.8986842
0.90617925
0.9031427
0.87817466
0.858331
0.86392534
0.8934152
0.89011544
0.89484143
0.91614956
0.92373544
0.91966593
0.8690178
0.78762287
0.117527604
0.10486874
0.07401852
0.07663472
0.109830245
0.68765867
0.71881115
0.83455515
0.1287082
0.080622114
0.07843357
0.11921798
0.22024171
0.176964
0.07537679
0.07360345
0.10342639
0.67903954
0.093852006
0.06454894
0.066984564
0.13719985
0.90795165
0.9426647
0.93781364
0.32759196
0.05771522
0.047678873
0.050955534
0.05491418
0.057215124
0.05898854
0.07058529
0.106013566
0.2238601
0.7848927
0.7006743
0.13868885
0.11750556
0.16022025
0.8412087
0.81841516
0.8489136
0.90600836
0.90827274
0.88620806
0.90488786
0.90525776
0.89358824
0.9018553
0.9122009
0.910807
0.8754009
