0.7076124
0.30666387
0.27280492
0.7424311
0.23830754
0.26518387
0.2698674
0.25472322
0.23779488
0.8802285
0.9192865
0.8976926
0.9187408
0.8905171
0.118551195
0.10816185
0.114364035
0.120035455
0.12119832
0.5015218
0.16333586
0.17325255
0.65805525
0.70550126
0.75118893
0.8494235
0.8345957
0.278999
0.14575917
0.12716094
0.18461126
0.13878739
0.103343315
0.102472395
0.1278015
0.7232842
0.87504166
0.888075
0.8530145
0.6565124
0.12205204
0.09349307
0.1054618
0.09020741
0.10687351
0.224296
0.24482928
0.7627548
0.22177787
0.22193497
0.57032955
0.22224748
0.13193996
0.13399233
0.559157
0.14333102
0.1248543
0.17412542
0.22729458
0.7926793
0.34624022
0.19060963
0.20094079
0.7915772
0.28745785
0.11756093
0.10921558
0.074243546
0.07270548
0.08436034
0.13728146
0.17209266
0.85160583
0.8036287
0.8882432
0.8766134
0.7022355
0.64123464
0.63827974
0.7482975
0.2212308
0.261039
0.24598731
0.23487115
0.18694459
0.1616927
0.5447085
0.3274503
0.2924677
0.8636966
0.8976494
0.88134164
0.30130506
0.091275185
0.06879601
0.07470076
0.061999604
0.06458874
0.08388983
0.26510748
0.89020395
0.8805617
0.254025
0.73078936
0.12842636
0.11290908
0.07028014
0.061107196
0.094331525
0.07311018
0.14459789
0.89415586
0.93553007
0.9351659
0.8323383
0.07178605
0.054204274
0.05865592
0.09808715
0.87053865
0.9201139
0.91972613
0.91845816
0.92873544
0.93960077
0.9372143
0.878687
0.0649501
0.04543576
0.04744215
0.05381597
0.06000317
0.065430835
0.072509564
0.079904586
0.14969292
0.14378323
0.22782713
0.08572994
0.08682176
0.07135242
0.07605576
0.11319071
0.73610806
0.1817859
0.084123716
0.080045365
0.13468784
0.69123
0.16172513
0.21696255
0.6872468
0.1646072
0.21743062
0.15836896
0.15564947
0.15995698
0.15572649
0.7127147
0.8443132
0.800552
0.872889
0.77873635
0.7469776
0.15883543
0.09153834
0.098883614
0.09434416
0.085755266
0.18214545
0.7148886
0.10559153
0.07673871
0.09861493
0.7613201
0.33946174
0.90436697
0.91170156
0.8754427
0.80527335
0.07787249
0.05685243
0.06071146
0.0942609
0.8638944
0.92153746
0.8705027
0.123462595
0.08047141
0.122823134
0.13567686
0.10600683
0.2719056
0.85192204
0.14880995
0.14744186
0.073075056
0.065727
0.080015354
0.18131076
0.1341191
0.24810351
0.7773725
0.19792558
0.17845815
0.2658705
0.73382396
0.8605822
0.8522171
0.14147647
0.09539848
0.08740683
0.107251346
0.5679813
0.17737454
0.37651098
0.8543181
0.91371596
0.88518167
0.849827
0.82219845
0.8820052
0.185301
0.076279745
0.06341626
0.06379571
0.07631274
0.100055285
0.19945155
0.22295314
0.16058178
0.18814589
0.6550884
0.6686478
0.75367355
0.2848703
0.26353455
0.611328
0.61022747
0.1850144
0.15395674
0.1598286
0.56162673
0.14203304
0.1131631
0.1178443
0.22777638
0.25017846
0.7596946
0.8896824
0.87926227
0.1608407
0.08677675
0.0813925
0.11521948
0.8539515
0.83113176
0.92023045
0.93277407
0.9286438
0.8998647
0.1105359
0.06484518
0.06954361
0.11360911
0.88399905
0.9064299
0.89513516
0.86896145
0.76219064
0.077963725
0.05876466
0.06453858
0.1245834
0.77659047
0.91188717
0.9288125
0.91796887
0.77018577
0.10445361
0.095991634
0.056471653
0.056812294
0.06218575
0.0650811
0.07326874
0.10885812
0.70065147
0.105582654
0.079646744
0.108192496
0.71276486
0.11225558
0.08580768
0.13925423
0.8994687
0.92254466
0.9062654
0.11362112
0.08719601
0.14215976
0.86197394
0.88721323
0.12128503
0.089660294
0.13691853
0.9031992
0.9385548
0.92661077
0.11141406
0.053703416
0.050789673
0.056023937
0.062310293
0.06997828
0.091193385
0.15651035
0.07833073
0.06894281
0.0746532
0.11615311
0.76129186
0.24695188
0.12170021
0.07846217
0.075830065
0.115854256
0.8015256
0.8858247
0.752448
0.14384167
0.12678641
0.14518164
0.6663567
0.63892466
0.2364966
0.25608438
0.79915434
0.7056715
0.7394682
0.79969007
0.8792578
0.7850475
0.7222579
0.1846456
0.21153265
0.23708218
0.65766966
0.12320753
0.08719259
0.094507426
0.13515891
0.10646437
0.12119182
0.2217534
0.17066863
0.23481043
0.8137715
0.77274513
0.8294709
0.8835561
0.87612504
0.8901452
0.8737106
0.7522113
0.25432286
0.23655607
0.33780637
0.40752214
0.86122006
0.89484644
0.84636647
0.78223234
0.7757592
0.80718446
0.89250576
0.90957487
0.89406025
0.7583394
0.17731349
0.18249932
0.15724292
0.18461217
0.6453095
0.7718206
0.2015537
0.1598557
0.21940228
0.106029235
0.085307844
0.08216174
0.09235974
0.15318237
0.8876589
0.91661763
0.8898654
0.13406564
0.1187819
0.56622094
0.08112607
0.057615653
0.05863239
0.08665361
0.25862554
0.8842214
0.90971357
0.9202686
0.9275569
0.92581695
0.9189682
0.926211
0.9223363
0.9258121
0.8695876
0.08765278
0.052987672
0.051105406
0.061642013
0.112061456
0.8124075
0.26913583
0.22080694
0.79977316
0.18453744
0.10574448
0.10267423
0.12456701
0.27243203
0.85534346
0.8810797
0.8600715
0.7215199
0.6959481
0.71443355
0.8051185
0.6646259
0.15647268
0.11915394
0.10639977
0.1103735
0.14265276
0.7597201
0.89245135
0.8948692
0.7458625
0.69642353
0.109140836
0.09945429
0.07826962
0.08845226
0.13932359
0.7527794
0.17594835
0.17178184
0.18870585
0.092101075
0.0875221
0.13708764
0.6516189
0.12976165
0.11981085
0.15486419
0.8911532
0.91565126
0.7860977
0.7333436
0.08601526
0.07575947
0.054283876
0.057066083
0.09230346
0.8829097
0.92569894
0.9353738
0.93518746
0.92941356
0.93122834
0.90988547
0.10417347
0.05331129
0.05247714
0.06589193
0.11092214
0.89272183
0.9232538
0.89327294
0.90926045
0.7572352
0.12603757
0.1918746
0.14956515
0.6647118
0.20588908
0.102232516
0.09966387
0.15521863
0.25481758
0.21835679
0.7937121
0.6733583
0.69559574
0.8177591
0.707159
0.7075734
0.79976195
0.17403716
0.13615762
0.16194832
0.68811566
0.6875306
0.6756631
0.6662073
0.1706492
0.15352938
0.19728899
0.82609236
0.7962309
0.82536995
0.89116186
0.8666428
0.30947474
0.18841197
0.24094278
0.84770626
0.875259
0.7431556
0.12029209
0.110715486
0.08570474
0.061093315
0.06259239
0.095404126
0.10284254
0.85455287
0.9151423
0.9158486
0.91385764
0.9219092
0.89937544
0.89396155
0.9226698
0.9024312
0.099292986
0.082122065
0.06569538
0.07394394
0.20296782
0.20958783
0.08544677
0.079413936
0.08497963
0.108819894
0.17353748
0.7957635
0.65774554
0.26938963
0.1934875
0.19869778
0.31434876
0.6064311
0.5939288
0.2793966
0.31419742
0.3520647
0.8246258
0.8556415
0.75765777
0.81852305
0.17406704
0.12637813
0.14674525
0.13549015
0.10268252
0.16548786
0.08507399
0.09176407
0.08897205
0.08381791
0.081241965
0.16237035
0.7258243
0.26420555
0.8343828
0.10242961
0.05963063
0.053238813
0.060963802
0.11885718
0.9043175
0.9341849
0.9372651
0.89734375
0.80254936
0.086052775
0.08853146
0.072750054
0.11663108
0.8935276
0.92904854
0.9059437
0.8820494
0.81632364
0.07623582
0.05678579
0.063650556
0.091183946
0.86381716
0.92596287
0.9167383
0.9262068
0.80602163
0.07376484
0.059126567
0.053108945
0.061006695
0.10572367
0.8474444
0.71796596
0.33180904
0.8913297
0.9132344
0.81683093
0.1767511
0.120367646
0.19757071
0.20653017
0.20805234
0.14314911
0.2347786
0.72464556
0.75615853
0.85295105
0.6793362
0.24545787
0.36137983
0.38898736
0.61147463
0.2625718
0.3349793
0.8565589
0.8874582
0.80598277
0.72452694
0.6359376
0.2735707
0.3343247
0.35607496
0.83966506
0.91104877
0.91874546
0.88944006
