0.79504204
0.8053775
0.7550304
0.72273153
0.65613896
0.1691312
0.12755758
0.114407
0.121204026
0.15565479
0.69065607
0.80477756
0.7036665
0.14255935
0.09359303
0.0831997
0.1068828
0.08816569
0.09383923
0.17272328
0.10651234
0.13463937
0.13067615
0.2316108
0.83260065
0.72116745
0.7986179
0.16320151
0.11912254
0.13338639
0.63049996
0.68567395
0.83426684
0.71947676
0.84109145
0.6800253
0.65003306
0.11478299
0.09167642
0.11082376
0.61926425
0.2640907
0.2176307
0.10920581
0.11381529
0.09784492
0.14108713
0.75694853
0.8918646
0.8894503
0.6917825
0.64689934
0.72302014
0.8605582
0.81591
0.8996581
0.9030171
0.81920654
0.82103986
0.87392277
0.28329042
0.10401362
0.13366699
0.09794727
0.13378756
0.19545887
0.7625377
0.15519775
0.116247915
0.13454302
0.76163137
0.89331716
0.8767768
0.13391827
0.1051157
0.1521185
0.87665075
0.87969166
0.09753535
0.06521159
0.06910913
0.123235166
0.7413953
0.102606274
0.060698304
0.055831015
0.055565715
0.06291872
0.09611947
0.86832136
0.90366834
0.9155755
0.91862845
0.101307586
0.08072347
0.05617707
0.052937683
0.06037258
0.10201642
0.12701048
0.099237345
0.08676697
0.14105232
0.72680825
0.8679347
0.86650604
0.69985396
0.71642584
0.85972357
0.8401201
0.15149343
0.122093074
0.14835222
0.6162429
0.7643351
0.6121979
0.17574717
0.16483442
0.22015674
0.8225306
0.85585755
0.8358521
0.2101403
0.15402928
0.16914345
0.14879693
0.09639793
0.08530961
0.08583689
0.1118484
0.10159565
0.14750479
0.16270794
0.80805707
0.6779462
0.709084
0.8706749
0.87420106
0.76054734
0.8244104
0.703768
0.69689167
0.83194506
0.81635123
0.21208033
0.19638228
0.1834074
0.16401742
0.2791699
0.32565346
0.79783666
0.68074226
0.6307715
0.746169
0.47556853
0.1561754
0.14612506
0.22021991
0.779899
0.62167025
0.1382163
0.1439766
0.1922431
0.12896216
0.09675454
0.17274812
0.15254253
0.0863843
0.06555233
0.069124885
0.1277104
0.13783875
0.77967024
0.85412353
0.118962616
0.090499245
0.09393639
0.12665923
0.84210634
0.89883196
0.9263533
0.9240862
0.9282844
0.9268031
0.9155655
0.8957715
0.3369687
0.21064442
0.20778309
0.18927658
0.8895662
0.92610836
0.9008958
0.098498344
0.07533449
0.0709571
0.09724645
0.78565425
0.8395926
0.8480801
0.8315469
0.8049625
0.7772218
0.8054266
0.8672478
0.9229605
0.9264463
0.89606
0.12773015
0.11373703
0.10318321
0.075440004
0.08057302
0.14064981
0.25894606
0.21108761
0.8057911
0.6354774
0.31658804
0.2301185
0.40280464
0.86761504
0.87078255
0.38743472
0.20993064
0.15091616
0.2353994
0.20827642
0.11184312
0.10254702
0.18983121
0.13857342
0.25970224
0.27558357
0.70397854
0.7004641
0.8165325
0.27268368
0.1775101
0.24294
0.21639818
0.14177765
0.16205099
0.7351608
0.87499785
0.874225
0.39936692
0.17635338
0.25706893
0.11295759
0.12898637
0.09593879
0.09780696
0.20327468
0.17818643
0.20688386
0.20393224
0.75261045
0.7882479
0.88755774
0.7955135
0.11051476
0.07014015
0.06090547
0.0626627
0.070730336
0.0932325
0.20447402
0.65208924
0.62828565
0.17559738
0.119016804
0.13707384
0.13827309
0.80095726
0.9144735
0.9247228
0.88665456
0.21037449
0.26008734
0.19497846
0.37777334
0.7971476
0.64270663
0.31576437
0.30256394
0.7703059
0.68496686
0.7244294
0.83315784
0.78707486
0.86336595
0.83527416
0.24656495
0.2441327
0.26808855
0.85695845
0.87080353
0.89998883
0.81212974
0.80400527
0.8621423
0.106805556
0.06575666
0.06149529
0.0774113
0.108811036
0.8632165
0.8995814
0.8946763
0.82470375
0.0903671
0.079552576
0.05531617
0.058314025
0.085159965
0.790411
0.90248626
0.8978677
0.67197967
0.13520779
0.17635609
0.14784376
0.59673625
0.6854906
0.85034376
0.83924675
0.20264943
0.27597243
0.22042659
0.13584258
0.22621883
0.8682438
0.74795896
0.08726434
0.061234612
0.06290572
0.09855397
0.86700714
0.9072845
0.90361094
0.8170174
0.079976715
0.05789526
0.06114632
0.093174614
0.8488709
0.9247548
0.9088271
0.095513105
0.06299668
0.072060406
0.098978974
0.16208117
0.84995025
0.27318096
0.07368492
0.06287142
0.064039916
0.06561731
0.06587498
0.06637464
0.07625462
0.13670947
0.09673948
0.13230437
0.074870735
0.10345463
0.8885523
0.93442386
0.937706
0.8751378
0.09712657
0.086221375
0.17324422
0.8951363
0.86825925
0.09125403
0.06693795
0.0820406
0.06250545
0.06334798
0.06464413
0.065025106
0.06392191
0.06961438
0.10702004
0.72454333
0.67247605
0.14388633
0.16776806
0.16017751
0.80480754
0.113507554
0.07662091
0.102659814
0.12066564
0.86412114
0.89983034
0.8945318
0.80909026
0.09056951
0.076354586
0.078633726
0.15574957
0.8111117
0.15886396
0.14279622
0.15878738
0.8388783
0.9108239
0.8979273
