0.85741407
0.8890278
0.8817157
0.84709895
0.7523864
0.1338539
0.12576377
0.123547934
0.13891603
0.22715187
0.77223426
0.7228772
0.0950652
0.06579873
0.06795666
0.1378593
0.8963026
0.9381674
0.9374242
0.92850447
0.17211583
0.053806677
0.04533057
0.048732754
0.057528917
0.05883195
0.0726534
0.15245038
0.17465365
0.8611065
0.874106
0.777808
0.7966927
0.88671035
0.9011377
0.89214677
0.85469407
0.2581963
0.12878202
0.11408746
0.12822041
0.24134807
0.24328604
0.80168396
0.70058167
0.65990686
0.6562653
0.65968144
0.65717864
0.6502494
0.30817357
0.1491318
0.14666578
0.12186319
0.19651355
0.18221357
0.52022946
0.14680842
0.13569115
0.23378442
0.8630263
0.8776785
0.71170306
0.13275559
0.07647811
0.07211013
0.1336056
0.15126978
0.13455181
0.0797235
0.094559886
0.13560893
0.87934947
0.87693745
0.14622773
0.13869838
0.7104758
0.76568216
0.1330103
0.06683921
0.06279436
0.0857306
0.8180414
0.8726519
0.9083339
0.932919
0.9230311
0.9236761
0.8092323
0.074257836
0.061691266
0.081967585
0.12747498
0.7822087
0.84815747
0.1861853
0.19502036
0.8160059
0.6728184
0.18343039
0.6448492
0.10595393
0.08157395
0.10780623
0.12524484
0.12963344
0.10730369
0.15683544
0.22563648
0.24948564
0.11689184
0.098874785
0.118137226
0.10194829
0.12276726
0.68336153
0.77489877
0.89372516
0.90604377
0.8802661
0.7414322
0.8133191
0.67251384
0.6480493
0.6637
0.6232086
0.12609006
0.101313315
0.1515907
0.09290957
0.09621121
0.13702066
0.15281175
0.62844443
0.2540805
0.20763516
0.64783686
0.1933544
0.10696014
0.08477914
0.08443466
0.11382914
0.104339026
0.1569259
0.61653876
0.6232289
0.5665144
0.5759118
0.62521654
0.6381715
0.6486737
0.72856265
0.88494164
0.8907704
0.7384016
0.12320495
0.10769736
0.14746095
0.83391774
0.7242528
0.26371163
0.8010656
0.12053493
0.08553872
0.10703959
0.8341928
0.9151887
0.92731875
0.92224866
0.89806676
0.8762109
0.89543587
0.9130874
0.91127026
0.9129025
0.8976734
0.88005364
0.8857355
0.9149263
0.90343004
0.88668156
0.19033688
0.106869675
0.13414326
0.64767855
0.32421628
0.8571507
0.85010463
0.16865684
0.13248183
0.16070494
0.6524889
0.72839457
0.87012553
0.8731598
0.7463397
0.7262078
0.7482035
0.7897545
0.89962006
0.8994097
0.7668302
0.13668357
0.11709248
0.19613738
0.107367404
0.10139465
0.12086491
0.22858346
0.18875968
0.37228972
0.65923
0.43351668
0.7818927
0.70668226
0.6553097
0.65176034
0.6482111
0.6108361
0.49698365
0.16683792
0.15686758
0.11320546
0.10735636
0.1160469
0.18788898
0.87942284
0.91671604
0.917252
0.89113384
0.7283769
0.62080806
0.56867063
0.12120667
0.10597275
0.15518318
0.14278218
0.7671086
0.8200305
0.85305685
0.91939515
0.92136216
0.85756093
0.7926884
0.7365719
0.11748502
0.11110025
0.09448429
0.116689116
0.48726317
0.5257759
0.6229975
0.6528735
0.7301215
0.8493913
0.81401294
0.79653305
0.80044323
0.86452806
0.742088
0.1104734
0.08031978
0.07748389
0.09659412
0.14669958
0.8917784
0.9244955
0.92501545
0.886265
0.8365056
0.8110368
0.7848337
0.7228335
0.16110805
0.16361529
0.7619622
0.82243663
0.8650852
0.8931934
0.90864444
0.81595325
0.16293733
0.16620992
0.7237232
0.802313
0.9111128
0.9258523
0.9181838
0.8386257
0.8680415
0.20933461
0.34080043
0.15622456
0.078839734
0.0684826
0.06789211
0.06900016
0.08194651
0.10639373
0.28009123
0.23777479
0.82793915
0.75152946
0.80971885
0.8841061
0.8598761
0.8905005
0.8569642
0.8549211
0.89560765
0.84806585
0.7838483
0.44485185
0.23298857
0.17488047
0.5522466
0.15210132
0.1637262
0.137919
0.22346565
0.16928002
0.24777295
0.6735708
0.71067524
0.75479877
0.8740445
0.8740066
0.7295579
0.1724499
0.16977666
0.12854771
0.14076875
0.20632502
0.32963443
0.63676536
0.6273895
0.37083316
0.38246393
0.26527905
0.3099447
0.7615767
0.6136348
0.85555047
0.8861633
0.85223734
0.5095616
0.7995697
0.40343958
0.1837874
0.1180288
0.12193469
0.10131744
0.16414717
0.115371585
0.1592061
0.87083507
0.89461297
0.7471709
0.72111154
0.71958274
0.1481601
0.07387601
0.05116375
0.0498852
0.05252897
0.067973
0.43518296
0.91433656
0.9365423
0.9420055
0.9423396
0.93720156
0.8851171
0.081941284
0.047637116
0.043416783
0.046424035
0.05333767
0.06715677
0.12666152
0.69164604
0.6847717
0.704845
0.74770653
0.88403386
0.90197736
0.8826299
0.78571165
0.8300874
0.7110744
0.69489425
0.7804187
0.20268561
0.18309852
0.5488886
0.63776386
0.6770811
0.7147992
0.72959435
0.84100753
0.13048291
0.103836246
0.07143936
0.0713187
0.09902217
0.6499267
0.13776805
0.11351572
0.11966406
0.7408769
0.7289408
0.7122353
0.15315834
0.16830029
0.83111167
0.1151647
0.060615566
0.054048322
0.061744638
0.12260292
0.900963
0.9372756
0.929071
0.24413587
0.061952557
0.054714408
0.065114416
0.15922396
0.818148
0.14602116
0.1271404
0.77336824
0.8490805
0.92215776
0.9334357
0.93344647
0.92254364
0.8256724
0.13082314
0.18751398
0.2141355
0.6589069
0.0854417
0.059792843
0.062054366
0.07614912
0.13253662
0.8279198
0.4105935
0.29460523
0.22401549
0.117072925
0.15715854
0.86611915
0.9268498
0.93246955
0.8893224
0.89934015
0.16834313
0.07438726
0.08765153
0.10803794
0.14739145
0.70585996
0.668798
0.18048851
0.19689924
0.8020845
0.14284584
0.1093418
0.13588493
0.11091609
0.21532704
0.13924411
0.2453513
0.20991367
0.19366509
0.71433955
0.82378834
0.6799088
0.27590397
0.6078316
0.20388505
0.19751747
0.29697698
0.6116939
