0.74052745
0.119927965
0.07751936
0.06550012
0.06678679
0.07279749
0.072332166
0.09686553
0.069977954
0.060087904
0.06305752
0.09520425
0.83807075
0.8397035
0.86345166
0.840182
0.3256432
0.8508402
0.116449304
0.06730145
0.06987303
0.12293608
0.82582444
0.879127
0.10588135
0.06295313
0.05848554
0.075042024
0.15834613
0.14037149
0.65667295
0.6417868
0.6181498
0.20244879
0.18750377
0.6136168
0.75342906
0.89498883
0.9069038
0.85360545
0.83651197
0.25974566
0.24391422
0.61062086
0.75250405
0.87252665
0.87902594
0.8168715
0.79664236
0.8730502
0.8834615
0.8409098
0.29939145
0.23223774
0.31226414
0.81269115
0.83453023
0.6525132
0.21734275
0.24496374
0.24327752
0.77382994
0.5391967
0.46482334
0.40754887
0.2926218
0.10158002
0.081921674
0.09516382
0.075020015
0.074223205
0.08201027
0.11880101
0.7021436
0.10486944
0.075828575
0.062694736
0.07090147
0.07438487
0.17641671
0.8972063
0.8937312
0.9284728
0.90119886
0.13971253
0.15368064
0.8183282
0.11368421
0.12031849
0.12014146
0.094540924
0.060705774
0.06983269
0.11560998
0.8993979
0.9177237
0.91677505
0.89512956
0.8861795
0.8246205
0.07138472
0.050192542
0.052815787
0.06291465
0.075096145
0.07593501
0.07057799
0.07727638
0.115155086
0.71433866
0.101532295
0.06927109
0.073577754
0.11687175
0.7800895
0.39870313
0.19694073
0.74061275
0.10593572
0.06414082
0.0616202
0.07223731
0.13809916
0.16862062
0.7103005
0.12137745
0.110839315
0.12529124
0.15497342
0.24565284
0.82867146
0.1308102
0.09101665
0.11192615
0.6547372
0.1195262
0.10730574
0.090782546
0.070273235
0.08061946
0.28258327
0.9010502
0.9004068
0.86888665
0.827928
0.8004493
0.12895077
0.09227353
0.073924296
0.11263627
0.12889603
0.11730161
0.69819236
0.77585816
0.904561
0.912236
0.87149143
0.14145017
0.12671566
0.10196973
0.14628118
0.884513
0.92409956
0.9256357
0.88302344
0.8236436
0.82321155
0.8830504
0.17888373
0.08539174
0.12063315
0.06181467
0.05734014
0.06067534
0.0716394
0.1325749
0.8877124
0.86772454
0.81754583
0.7476865
0.11447789
0.097097315
0.13421398
0.18981697
0.8860678
0.9169428
0.8879859
0.11473153
0.074777566
0.06911895
0.07655592
0.08884578
0.122279674
0.683788
0.7178794
0.7319909
0.7494554
0.84537363
0.7279112
0.6901728
0.66248137
0.22205977
0.19386233
0.27683175
0.8659235
0.9122026
0.91749215
0.91182655
0.90007246
0.9053926
0.90047604
0.8912049
0.8496433
