0.70008886
0.21179473
0.14113279
0.1364818
0.17464699
0.78976256
0.6436605
0.18362296
0.23725314
0.1460801
0.18804707
0.8784322
0.91776097
0.9118303
0.82691664
0.87534463
0.733254
0.18473607
0.11378529
0.14332855
0.36720112
0.903664
0.92319953
0.8364663
0.108962454
0.074736245
0.08311091
0.14437291
0.76369214
0.8703358
0.76472664
0.69849664
0.6732645
0.66575855
0.5645745
0.12746179
0.11724804
0.18707994
0.6531623
0.32571495
0.8299324
0.71339786
0.1183037
0.08478553
0.07914865
0.080900826
0.086001575
0.081821166
0.07955104
0.087722525
0.11601636
0.760713
0.88842666
0.87246263
0.9045558
0.83513445
0.852406
0.14189129
0.10183858
0.10056905
0.11800259
0.18738748
0.56578726
0.6422497
0.6636025
0.6618264
0.6982587
0.72139174
0.7644569
0.83829385
0.7313167
0.15966725
0.1124683
0.092166126
0.08702612
0.090895414
0.123090185
0.65766674
0.108891755
0.0757554
0.076068126
0.10779511
0.82246625
0.9057404
0.8841829
0.1639714
0.15300328
0.70145434
0.71842706
0.8003277
0.91333085
0.8967637
0.1261911
0.1125011
0.62905383
0.08045734
0.055725157
0.05215795
0.053208515
0.064322285
0.11907361
0.9081682
0.9319352
0.94073325
0.94183224
0.8823263
0.06573821
0.045446042
0.04356868
0.048800085
0.062509485
0.06150111
0.06260491
0.1063642
0.895537
0.9254087
0.93226594
0.9225909
0.8747176
0.11870892
0.11324419
0.4645317
0.12047628
0.12894826
0.82361907
0.8988224
0.92623055
0.9253298
0.8957166
0.8636443
0.8450097
0.86258215
0.16624758
0.1785789
0.7871567
0.16859762
0.1769437
0.7785405
0.1307931
0.10069566
0.1529347
0.12870665
0.738176
0.7843644
0.9054963
0.8830392
0.12302505
0.10467236
0.09679866
0.14051236
0.86721987
0.91144025
0.9144076
0.89355326
0.7619581
0.7144768
0.13221002
0.13321269
0.6710025
0.09356941
0.0718136
0.060179446
0.058800288
0.057603523
0.05974991
0.09706983
0.08825042
0.11728921
0.8989748
0.934935
0.9432605
0.9373391
0.87440675
0.08981884
0.094862744
0.085195065
0.10710453
0.75008875
0.30312836
0.84847265
0.10589333
0.06406459
0.06320604
0.09170376
0.6388289
0.12462941
0.1234834
0.7313077
0.7823604
0.85984707
0.9095525
0.8885879
0.89215094
0.9184851
0.91037077
0.808949
0.180618
0.20615843
0.7718625
0.1423696
0.10854314
0.124316014
0.17170157
0.75763357
0.3188551
0.22989686
0.2776772
0.78042334
0.71510625
0.74872
0.86563104
0.8769779
0.8330647
0.85209596
0.7703045
0.6554914
0.21823904
0.19921307
0.27822673
0.2101434
0.28309795
0.83341235
0.8566161
0.6861922
0.6318819
0.28579092
0.2536667
0.27075607
0.8675132
0.91214937
0.90211725
0.77637315
0.71873206
0.7027244
0.81544757
0.13933173
0.14200889
0.10676955
0.09568977
0.22331254
0.86911935
0.9017633
0.8948736
0.8465762
0.12500235
0.084577754
0.11828934
0.11620713
0.14798929
0.8615049
0.8631364
0.9007885
0.85285217
0.8405399
0.9016522
0.87932765
0.2035419
0.21976978
0.17274699
0.09877866
0.09334482
0.12481765
0.12692581
0.18024218
0.76962024
0.6801803
0.64736617
0.630677
0.30008507
0.33861262
0.77799463
0.5980945
0.50253916
0.3861488
0.14618008
0.108093284
0.10236347
0.12857394
0.09587716
0.09060673
0.09575158
0.12996309
0.12877652
0.09136516
0.08796337
0.100719675
0.16091906
0.6911986
0.6927707
0.7068071
0.8527755
0.84417367
0.6881083
0.11648383
0.081776254
0.07447692
0.092591025
0.19503859
0.1722332
0.23634186
0.21015275
0.10701731
0.09591186
0.11582325
0.58704865
0.18198517
0.26774016
0.30331612
0.33537582
0.82259446
0.74421126
0.8320463
0.6769093
0.63507456
0.6121007
0.4998042
0.14474754
0.12589277
0.19807476
0.15120445
0.55597943
0.13647035
0.11567299
0.13769342
0.63130796
0.28709355
0.8064666
0.67179924
0.23864228
0.23856038
0.15696765
0.13047475
0.098019995
0.102576524
0.14562361
0.7616182
0.17513351
0.13053772
0.14323954
0.67877793
0.8088642
0.6523529
0.6498864
0.64690834
0.63582313
0.61934304
0.5911158
0.15992753
0.13301316
0.21522021
0.5673908
0.17530882
0.1755171
0.7653461
0.8773139
0.79053336
0.7259951
0.69280356
0.6639226
0.5929722
0.1330283
0.12958522
0.56447667
0.17051333
0.12311413
0.14105858
0.6141251
0.63781816
0.65026444
0.6464607
0.634566
0.21184433
0.2675637
0.22884034
0.13188235
0.19370084
0.1640396
0.08731525
0.080578215
0.10635412
0.7620126
0.7812723
0.8283128
0.91834843
0.9254609
0.90974414
0.7176728
0.14341602
0.59327716
0.074301854
0.05225104
0.05177954
0.052049965
0.056882966
0.085591756
0.8371768
0.88140255
0.89906526
0.9006619
0.8913157
0.87101066
0.84795374
0.8626918
0.8695329
0.86798906
0.85907876
0.8675776
0.8827255
0.9138942
0.93129283
0.91183186
0.0878506
0.054813266
0.05949287
0.058541425
0.071881086
0.1376429
0.83268785
0.11345332
0.06948045
0.07055334
0.105653144
0.13181466
0.13158923
0.095116794
0.14022486
0.16537087
0.1688019
0.75969887
0.8556975
0.73142475
0.12491635
0.09399987
0.09308306
0.18186882
0.20509218
0.16461678
0.85362005
0.9149294
0.903926
0.9315102
0.93061155
0.9014688
0.10847969
0.095361
0.08872003
0.06636093
0.06863384
0.102964066
0.6981433
0.72216284
0.76361793
0.8713963
0.77673817
0.7245451
0.689669
0.6687368
0.13096114
0.11269531
0.13480687
0.6426127
0.13550436
0.110540465
0.11719946
0.28741217
0.31357837
0.27855703
0.41298255
0.21529704
0.6705955
0.12329865
0.07944451
0.07619113
0.087229915
0.13832326
0.1797175
0.21247856
0.8375986
0.83303845
0.18400104
0.21867333
0.08454549
0.06756061
0.07114921
0.10066094
0.6816021
0.1665057
0.11657921
0.22602627
0.8879802
0.9015279
0.8882846
0.8691859
0.8551468
0.8718381
0.88679624
0.89523375
0.8983038
0.40185082
0.1496668
0.32413438
0.72749716
0.102211356
0.071431406
0.06998298
0.109667614
0.13333482
0.13461107
0.68431455
0.73446834
0.8723693
0.87396944
0.7404413
0.7178652
0.7123194
0.7651961
0.8669072
0.8200967
0.77591383
0.7510016
0.70661896
0.36781287
0.26803643
0.27465418
0.2479177
0.81898344
0.12055004
0.07003279
0.066295065
0.06643915
0.06911957
0.07902468
0.11494538
0.15470834
0.8173853
0.13659793
0.09675418
0.12935188
0.8606239
0.8987812
0.8679033
0.09071494
0.055961415
0.050937295
0.053193476
0.056303646
0.061407216
0.08012469
0.14139251
0.8797568
0.91118366
0.91850996
0.9093069
0.87139773
0.5331261
0.25728673
0.19800341
0.2181599
0.715853
0.839191
0.90170854
0.8938308
0.89180183
0.9059737
0.89344895
0.8005955
0.7223991
0.69355
0.7099478
0.7381532
0.7716587
0.79204446
0.8576492
0.7482066
0.20306826
0.19043888
0.30445507
0.43871287
0.85515773
0.8825583
0.84518397
0.17472298
0.155631
0.13905337
0.54910254
0.19504298
0.1231646
0.17947525
0.2243736
0.66775614
0.21961552
0.7715347
0.88271534
0.9233142
0.92658955
0.9122502
0.9127042
0.83404666
0.32539633
0.8156871
0.21676111
0.14919256
0.12107354
0.17393892
0.5163367
0.20725493
0.3069333
0.30406654
0.79801714
0.7500505
0.7805635
0.86882067
0.8676605
0.77494836
0.72573656
0.71103954
0.7467183
0.8247263
0.16193458
0.102607735
0.08860787
0.102386974
0.09080467
0.1405282
0.8826525
0.9092656
0.86815834
0.91309774
0.90832394
0.8092411
0.7853019
0.78626007
0.85360825
0.11025797
0.07197333
0.06935627
0.07829097
0.100876585
0.16613953
0.8114868
0.7560025
0.78282976
0.87756145
0.8891821
0.8675792
0.7551493
0.6329356
0.4482229
0.18390739
0.19094515
0.16667765
0.22303805
0.24417388
0.75376797
0.6488825
0.32691696
0.5705633
0.15661934
0.1282292
0.14774875
0.6522634
0.21495336
0.11677213
0.10112543
0.1238636
0.098882176
0.12643781
0.10246549
0.12262334
0.64910585
0.12500775
0.106529206
0.19111286
0.16439189
0.25041756
0.67470914
0.11288817
0.08688312
0.16230801
0.18071339
0.17269677
0.13120212
0.07198727
0.08113227
0.06514258
0.0715795
0.12423638
0.83665836
0.20887743
0.23974854
0.21232155
0.17581733
0.8383624
0.11828636
0.06340386
0.059829064
0.09682267
0.12398321
0.8932618
0.9289642
0.92204535
0.09343732
0.059685614
0.054635298
0.069364525
0.15275104
0.79632616
0.10843181
0.07277183
0.07625905
0.11020241
0.7198849
0.1380957
0.13887282
0.7559994
0.73207164
0.10107092
0.07428736
0.066532545
0.09199497
0.15049379
0.776668
0.75286263
0.1450181
0.098365895
0.068268724
0.07260538
0.11327355
0.16372995
0.12471894
0.10084301
0.1254937
0.59632945
0.6853224
0.72787887
0.8297128
0.74266213
0.8003589
0.19227542
0.13652717
0.12759142
0.15018882
0.73414844
0.8950351
0.9131769
0.88762456
0.889309
0.8009703
0.729727
0.6826224
0.69316775
0.7534997
0.8595585
0.85963863
0.8505614
0.84165096
0.82556456
0.7945628
0.79957587
0.87463695
0.8536008
0.17051573
0.12273384
0.12945905
0.1677867
0.7211568
0.17484887
0.13482623
0.15263335
0.1359275
0.18015899
0.83291453
0.8402946
0.15442567
0.13163224
0.102684
0.14338797
0.89094
0.9333821
0.9350061
0.9011203
0.07379458
0.0477216
0.04393608
0.04881681
0.06682743
0.13930635
0.15207729
0.8958784
0.91632867
0.9246994
0.93332005
0.9290429
0.89693683
0.16807154
0.23655471
0.8921149
0.8702746
0.11156491
0.05603741
0.053669773
0.05518601
0.0579844
0.058604624
0.058558136
0.06667459
0.11051659
0.09865999
0.1591916
0.8955644
0.92677516
0.9092035
0.8674643
0.85098356
0.8521197
0.21189624
0.14318517
0.0810405
0.060445264
0.06735054
0.12231842
0.8719443
0.8101412
0.111565076
0.09200844
0.17276521
0.1707162
0.80994225
0.13866752
0.10448517
0.18496953
0.13220836
0.17766033
0.8256665
0.7388617
0.7297043
0.71032685
0.6904991
0.664618
0.14054757
0.111119844
0.12571359
0.73509884
0.7920835
0.843128
0.865678
0.86087865
0.833187
0.11269469
0.06882696
0.062353447
0.07246878
0.0895179
0.24680634
0.1001982
0.08617384
0.08109114
0.10285381
0.22346683
0.10520871
0.11671116
0.20006919
0.6687857
0.4238961
0.6723229
0.6243393
0.25648895
0.3960365
0.6349958
0.25950083
0.4125925
0.31536165
0.8257129
0.71559584
0.2942598
0.26741776
0.31486607
0.16654128
0.09072449
0.08351441
0.090435036
0.139969
0.764392
0.14601941
0.11030257
0.11213902
0.17359003
0.86415094
0.84582436
0.8657092
0.9075279
0.8484099
0.81873393
0.8056902
0.7803694
0.09927009
0.06386682
0.053563032
0.05679456
0.06661584
0.08954802
0.22186968
0.87758
0.8067441
0.8907468
0.7443814
0.09445394
0.07051641
0.08327365
0.078070864
0.13782488
0.8969215
0.89650756
0.84457505
0.088587925
0.062674634
0.09033517
0.06015452
0.063649185
0.11318004
0.087207295
0.17005254
0.8004492
0.7865424
0.8931008
0.77643853
0.114565365
0.07678713
0.075608484
0.092704415
0.21892554
0.23138455
0.1392026
0.17052615
0.71229106
0.7555882
0.8610186
0.76708037
0.7383259
0.7305198
0.7031557
0.1861216
0.24132194
0.14271271
0.095322214
0.0954517
0.15128432
0.20472355
0.31141803
0.77851653
0.25878158
0.2448131
0.6787985
0.6889706
0.78242344
0.2659211
0.22607787
0.31525755
0.866748
0.9118198
0.91817015
0.9162122
0.9128574
0.9160915
0.9126508
0.87790877
