0.8330624
0.851044
0.84636766
0.34761214
0.15619749
0.14890915
0.23754114
0.2778067
0.31416783
0.30713624
0.24584013
0.77775854
0.89369327
0.89411336
0.9130224
0.9128853
0.9002251
0.8523685
0.8771424
0.8593068
0.87275773
0.81008404
0.7882767
0.83309084
0.6960413
0.17653468
0.1521791
0.19357607
0.511344
0.16802934
0.1837161
0.16411841
0.635037
0.18908882
0.11624324
0.1084192
0.20211093
0.15855277
0.12897296
0.23673391
0.22903042
0.10342883
0.08458946
0.08413276
0.095009975
0.13927005
0.16816415
0.26536757
0.25590074
0.14434327
0.085898764
0.07408905
0.0723236
0.078967966
0.11173138
0.10571565
0.23030101
0.2868287
0.31098804
0.8406349
0.72707075
0.67778975
0.6420001
0.6109021
0.5988346
0.15924571
0.15737924
0.70867616
0.75196105
0.8747569
0.7232029
0.15014246
0.15482414
0.718089
0.86415267
0.796195
0.7691356
0.8134212
0.8819326
0.77465737
0.24822786
0.15263945
0.13539913
0.1169212
0.19319294
0.5134097
0.16766526
0.16729535
0.5877165
0.7594714
0.6795929
0.6915216
0.7006441
0.7050375
0.7005857
0.1728278
0.12407461
0.13667068
0.089797504
0.080042414
0.074342966
0.07653777
0.08538004
0.14125907
0.68378615
0.108714774
0.086901344
0.081318416
0.15369785
0.13758005
0.77854794
0.7904495
0.15078926
0.066572666
0.05642894
0.06664223
0.09783805
0.83714134
0.8651292
0.92816716
0.84307873
0.075387605
0.050808158
0.04983239
0.051745374
0.05383376
0.052982338
0.059337027
0.106935345
0.89884746
0.90354
0.9182381
0.9196345
0.90542257
0.84199387
0.07934166
0.062231883
0.07631646
0.26695153
0.8725892
0.11843264
0.07521141
0.06017234
0.060600277
0.061612286
0.06070092
0.06115397
0.06989603
0.126693
0.8294498
0.77753955
0.25836292
0.7552906
0.13229847
0.07338819
0.06877596
0.094998375
0.72375554
0.39976403
0.8111623
0.8133904
0.812078
0.8919874
0.18482673
0.07252708
0.06125822
0.06422114
0.08410228
0.20076571
0.08240381
0.07154217
0.07327048
0.086687505
0.13812172
0.80323946
0.14808051
0.10677163
0.13341516
0.86190754
0.9202174
0.88297343
0.80750155
0.105882876
0.084756814
0.110360354
0.688506
0.6889539
0.67188156
0.16926281
0.13867863
0.20154347
0.86221105
0.88511914
0.75640005
0.8314458
0.1916814
0.21122359
0.22809464
0.16955324
0.15618715
0.12977482
0.22073749
0.20847958
0.23789738
0.81360745
0.71913946
0.69361633
0.67411333
0.6448577
0.6225598
0.18644466
0.16779721
0.2663053
0.6812588
0.7009312
0.73079497
0.74637496
0.767086
0.8527695
0.33542025
0.17429392
0.31989715
0.18043877
0.10521361
0.10417044
0.21587479
0.091864884
0.08828324
0.10180919
0.1852847
0.13510501
0.17078976
0.69139814
0.7086825
0.7239934
0.7261216
0.7426869
0.72472775
0.11478455
0.07438772
0.06366447
0.06638535
0.075166255
0.12282019
0.67886686
0.09481575
0.064757355
0.06568674
0.12175913
0.9008106
0.92917186
0.9303061
0.9328581
0.89753103
0.8358838
0.8132968
0.09755862
0.0620673
0.06340676
0.099331595
0.6958451
0.18089627
0.07702373
0.065968946
0.073882855
0.09313992
0.15610002
0.8059254
0.7179089
0.70715433
0.7263864
0.7505867
0.8249417
0.70353216
0.21029533
0.19005406
0.5194689
0.17356123
0.26394847
0.2262456
0.11714353
0.17154521
0.101317056
0.07270598
0.077996306
0.15439531
0.6871079
0.13691492
0.13715385
0.8429032
0.91802573
0.9036048
0.88861656
0.8718542
0.80617946
0.078672305
0.05645692
0.0649337
0.06252302
0.07622291
0.14527538
0.11894518
0.09106947
0.12183191
0.13003014
0.12954313
0.61120576
0.14044182
0.14968076
0.6376349
0.16822776
0.16664697
0.11994086
0.15464377
0.15245168
0.117449775
0.21037619
0.08690822
0.07437604
0.07815159
0.09823944
0.296184
0.8249634
0.32876626
0.734914
0.71962905
0.7324429
0.8665222
0.72153187
0.26724774
0.7747238
0.18935932
0.12158206
0.13925889
0.61358404
0.70168895
0.8497364
0.8492973
0.6854027
0.59158903
0.5827531
0.48656458
0.22087623
0.23133065
0.6474649
0.68948954
0.70343584
0.7028864
0.69213724
0.6980636
0.7279668
0.76009125
0.7943904
0.86154926
0.76196545
0.1358481
0.0935882
0.08632673
0.08549886
0.10115502
0.1952861
0.15903832
0.14437418
0.62856364
0.19625817
0.14971596
0.60176975
0.11610032
0.092271656
0.12838992
0.705097
0.745497
0.8877499
0.80408114
0.87208796
0.11663575
0.066481546
0.06549418
0.09367705
0.8374535
0.90696025
0.8588098
0.7674081
0.7610697
0.84929353
0.11773229
0.09162907
0.13890411
0.8853037
0.92281336
0.9046925
0.8644469
0.8128798
0.7663795
0.7007961
0.0881436
0.07259651
0.0956943
0.7343532
0.84465086
0.17324634
0.18575862
0.76653194
0.16435629
0.07168813
0.06505731
0.08726493
0.8261002
0.88349515
0.9032585
0.91957474
0.9379219
0.9331689
0.85505944
0.06775477
0.048618846
0.049066834
0.0671112
0.12762333
0.15489589
0.9017674
0.93336034
0.9272789
0.8031822
0.08639451
0.0731261
0.08556717
0.21184695
0.763999
0.898015
0.90224856
0.7840993
0.85412216
0.34396625
0.15080169
0.15556788
0.6248977
0.18378974
0.29539123
0.22110893
0.29432848
0.16060527
0.09243695
0.091639295
0.117569864
0.6584693
0.15021858
0.08975172
0.08230885
0.09519146
0.21559376
0.87847245
0.86007637
0.84251267
0.8597246
0.921593
0.92699933
0.9061701
0.33156738
0.09908272
0.09651088
0.15489455
0.27798718
0.6667537
0.1269734
0.09765911
0.12515894
0.11689517
0.24456692
0.23173164
0.14824907
0.22682667
0.17439897
0.5983112
0.18221648
0.20830001
0.21516906
0.22767453
0.24664211
0.5287218
0.21843065
0.23042654
0.5122193
0.8111326
0.8187093
0.67198193
0.20553888
0.19005033
0.2944967
0.2212015
0.19726706
0.121378504
0.099818096
0.09020849
0.085191004
0.08247162
0.080126695
0.0877301
0.106128596
0.16205443
0.82547563
0.6963139
0.65228176
0.5743557
0.20644873
0.14676964
0.16334562
0.72426635
0.15531512
0.11404048
0.12375915
0.22433946
0.85691
0.8651917
0.67948985
0.61195695
0.13358343
0.11119329
0.15592669
0.8644672
0.8758304
0.12853336
0.120154075
0.068833694
0.072166175
0.11527223
0.7301051
0.18927772
0.08509589
0.069408305
0.08699571
0.061967872
0.05671261
0.05492703
0.061249018
0.11352061
0.89744216
0.907642
0.91879284
0.92791504
0.9261238
0.92176986
0.91080236
0.92362905
0.9266608
0.908215
0.8690225
0.80296904
0.07510779
0.058234844
0.06663898
0.13087392
0.8972778
0.90946215
0.10788712
0.07092891
0.058387652
0.06247523
0.07110388
0.06745548
0.06595251
0.06721973
0.08474372
0.11829035
0.7408155
0.19373487
0.13277456
0.18044467
0.84782827
0.40299818
0.10120644
0.07979936
0.07278195
0.079990506
0.09759009
0.1363001
0.7126281
0.77844435
0.89269763
0.9118493
0.9058698
0.8794183
0.89671034
0.8969919
0.9018969
0.89426863
0.8617153
0.85706276
0.8691611
0.8871007
0.90551555
0.91334164
0.9137517
0.89988613
0.8994536
0.81126726
0.114190914
0.08191664
0.08127847
0.1046606
0.71524656
0.7535525
0.8879117
0.7796766
0.7302072
0.08862727
0.06425362
0.073248945
0.10562557
0.072746456
0.09982908
0.8604181
0.89884275
0.91005147
0.91403097
0.9251266
0.8459464
0.8002307
0.76514965
0.07431469
0.05258332
0.053111468
0.054862298
0.06291928
0.09938947
0.79604435
0.88261056
0.78655934
0.7326935
0.19055429
0.120788015
0.11636012
0.14997318
0.77446353
0.8963637
0.915888
0.91117287
0.88886684
0.8853309
0.83674085
0.83717835
0.86308384
0.8960863
0.8988333
0.87195426
0.8299686
0.78623974
0.80381256
0.84588647
0.815009
0.82576805
0.8760059
0.8834404
0.89876705
0.8993976
0.90105486
0.88682675
0.88993233
0.83480275
0.8093247
0.8297035
0.16734567
0.11571558
0.112743236
0.12748513
0.1732019
0.74914956
0.8723037
0.89848924
0.8996399
0.8864565
0.844013
0.20633835
0.14928518
0.16001299
0.12644206
0.13186504
0.16699876
0.66826236
0.69321084
0.7955136
0.4391944
0.18870023
0.17298384
0.5343312
0.15922426
0.13970366
0.19161926
0.5780521
0.5930239
0.6365998
0.1447586
0.10202653
0.09067962
0.09901999
0.12696418
0.64607143
0.647538
0.13969772
0.09993479
0.09493153
0.12158833
0.6463057
0.12979592
0.10197873
0.13173488
0.13699132
0.14093703
0.12359517
0.1573213
0.77070135
0.23038843
0.15684879
0.21869522
0.19415012
0.19211604
0.74525195
0.28640547
0.63644814
0.62018603
0.61310995
0.22703487
0.22541666
0.75578547
0.22834718
0.24795692
0.6574468
0.12293141
0.08474583
0.10187981
0.082463406
0.09193321
0.1914623
0.18218565
0.09281827
0.122774035
0.07123307
0.06777774
0.07947478
0.1692812
0.8387708
0.153898
0.09015986
0.07649805
0.11936721
0.86449
0.9254124
0.9152282
0.15928395
0.06751902
0.06806587
0.11485486
0.87531805
0.9179863
0.93199724
0.9340049
0.86180234
0.07179015
0.053223055
0.05795701
0.09232661
0.8745886
0.93118376
0.9389028
0.9205877
0.24641949
0.088226445
0.13401903
0.1325259
0.79179615
0.77113014
0.08906673
0.05586589
0.051985674
0.05613491
0.07082016
0.0956262
0.79329795
0.77826667
0.8384115
0.9285208
0.93046033
0.8460763
0.1448365
0.107688345
0.059531398
0.056029323
0.059223242
0.0631237
0.06954735
0.12686785
0.07855562
0.08397499
0.13003053
0.76556796
0.7673216
0.84235394
0.35491046
0.68888086
0.19859426
0.25113615
0.18650702
0.1575265
0.27914363
0.6262561
0.22899532
0.1797863
0.291567
0.31056032
0.62365645
0.2966706
0.18686573
0.20225404
0.74862266
0.18946986
0.15251824
0.21522076
0.262819
0.87372315
0.9154102
0.92502093
0.9269125
0.91977227
0.8850161
0.14460938
0.13623405
0.09133517
0.08995432
0.12821767
0.6742337
0.1289114
0.08972178
0.0762802
0.08110022
0.1085891
0.22208275
0.75128525
0.8486929
0.72633886
0.71631616
0.7055934
0.1486113
0.10277474
0.10759957
0.19013439
0.14056121
0.18864347
0.81284404
0.72202563
0.7294222
0.8114887
0.16339315
0.12361124
0.12904046
0.340754
0.86355644
0.8153173
0.8461619
0.8958384
0.92813677
0.9141065
0.21760397
0.077596456
0.058326
0.054582477
0.05971368
0.066710345
0.08196404
0.118203335
0.7422127
0.85867095
0.8627295
0.7802644
0.8681927
0.85820055
0.6975134
0.4126924
0.6460991
0.19589758
0.65785843
0.094376355
0.061174724
0.0570333
0.06451116
0.065992855
0.12570842
0.16187592
0.9115595
0.93923956
0.92474085
0.8652387
0.08186527
0.06437947
0.06275717
0.09844964
0.6787017
0.09276585
0.06371234
0.06718042
0.09751853
0.6861206
0.29238325
0.8108571
0.14332199
0.11642562
0.117627524
0.1562106
0.8713569
0.77917695
0.10121824
0.064652815
0.050975047
0.053631153
0.057134487
0.088242784
0.87819004
0.9257025
0.9442424
0.93129873
0.8799648
0.07345551
0.05224676
0.060886357
0.060226537
0.09202887
0.13612431
0.8287502
0.11558229
0.076110765
0.104863726
0.11245096
0.7014859
0.23554768
0.20083533
0.14181
0.113742076
0.15565655
0.8484239
0.8356752
0.87298846
0.91201866
0.8892028
