0.84214467
0.8809468
0.8876302
0.82328355
0.5608558
0.48418793
0.8413171
0.84740067
0.17732127
0.13634625
0.09251456
0.08944445
0.109612264
0.6957625
0.83264637
0.35282275
0.19294083
0.42300832
0.9015839
0.9316054
0.9246084
0.8182295
0.12778065
0.08923629
0.13155197
0.6415501
0.099396035
0.08908261
0.081606045
0.1262734
0.07821018
0.08267662
0.10824663
0.11750267
0.6809345
0.6774621
0.730703
0.86771935
0.7520682
0.7189023
0.09416062
0.062775955
0.05934159
0.0715738
0.16247605
0.8820898
0.8584866
0.81635845
0.8678407
0.89163357
0.90417874
0.21569553
0.068441555
0.06045547
0.06756515
0.09973145
0.720127
0.778085
0.8915544
0.89240736
0.77560693
0.6746027
0.21268636
0.27019826
0.22035453
0.61330414
0.63645077
0.6341115
0.5635361
0.1309636
0.102254726
0.11348499
0.2577998
0.29054633
0.84980905
0.15161736
0.0679291
0.06032557
0.0641657
0.06313557
0.064586736
0.081177056
0.07785965
0.14511622
0.90117013
0.88487023
0.17324826
0.068572216
0.05255417
0.054220483
0.06136187
0.055257875
0.059778903
0.09695383
0.89065546
0.92948186
0.94437337
0.8992161
0.07534427
0.05096691
0.048134647
0.05282434
0.055741087
0.058225233
0.066632375
0.11266991
0.8265772
0.7662246
0.13343951
0.12587066
0.2259609
0.8447074
0.12135373
0.07839723
0.11131409
0.07605916
0.08376322
0.141248
0.802511
0.39467585
0.21878554
0.1778082
0.64280236
0.11537785
0.080652714
0.080957405
0.086038314
0.10183686
0.16046181
0.82973737
0.71248525
0.691143
0.79930913
0.1545245
0.12370388
0.16422236
0.20077404
0.82207793
0.8426976
0.7034925
0.6860236
0.2431167
0.15984431
0.2478328
0.14243902
0.08995481
0.10036617
0.082643755
0.105147555
0.6487479
0.10991868
0.09103801
0.14842306
0.8665113
0.76423514
0.104355566
0.09520582
0.062545985
0.058231562
0.065110385
0.10443767
0.847894
0.8762041
0.12226467
0.08651456
0.1151899
0.8709645
0.9277227
0.9228236
0.8987206
0.101616584
0.08062326
0.12126439
0.8570238
0.8288307
0.8251996
0.8873573
0.09997874
0.054382745
0.047826275
0.054103736
0.06863348
0.46317118
0.92018086
0.94129866
0.91953886
0.8826218
0.087497346
0.054044716
0.06075973
0.051960886
0.060783666
0.12044308
0.83560634
0.8245267
0.82968926
0.7983356
0.094448045
0.06597538
0.078316204
0.13392155
0.12388557
0.15142214
0.86698294
0.80025315
0.75908494
0.72927576
0.11783424
0.100415975
0.14257722
0.7840467
0.14370161
0.11010132
0.1777768
0.120653786
0.1885433
0.16037762
0.15116592
0.27388766
0.65502286
0.6570123
0.6151652
0.11844782
0.086869255
0.09081382
0.17018239
0.20563129
0.21722338
0.18114446
0.6959259
0.16881783
0.082014225
0.083014555
0.11659613
0.8047237
0.16348769
0.17252634
0.8804826
0.89031845
0.90022033
0.9025892
0.23255657
0.1761073
0.8211249
0.11000146
0.092060834
0.076022595
0.1261455
0.70956177
0.20718835
0.12348203
0.111626506
0.10028745
0.078602344
0.08773542
0.13203128
0.75338936
0.14412335
0.10141777
0.1026115
0.17407349
0.8047781
0.8747414
0.9196451
0.91926706
0.8748103
0.89786834
0.8139373
0.74681777
0.17676134
0.09914956
0.104525246
0.1957087
0.8006634
0.1876417
0.10900236
0.13916893
0.088215224
0.135945
0.1389146
0.09693557
0.1862355
0.8922753
0.89637417
0.88041997
0.88577515
0.11368339
0.09349079
0.11492009
0.80257034
0.86909705
0.120880425
0.09044665
0.13614616
0.8905347
0.9181475
0.90052915
0.110724814
0.085434906
0.13017437
0.8669247
0.8756727
0.15147898
0.16099572
0.17401412
0.8762497
0.9093863
0.83308643
0.76996726
0.7394438
0.7387557
0.7540575
0.19985245
0.09735608
0.10758203
0.107053384
0.09247026
0.124660425
0.1181145
0.21755105
0.18387021
0.46278152
0.8386001
0.8028854
0.8292677
0.86005723
0.8802302
0.85013837
0.8268834
0.84795743
0.8725828
0.81827456
0.77102154
0.7163716
0.25033236
0.13716868
0.10741493
0.09564124
0.09928158
0.14136216
0.14332624
0.3544325
0.84987956
0.8445743
0.37031084
0.5797811
0.8731959
0.88933414
0.84348655
0.12489013
0.085200876
0.081424065
0.11278711
0.14218287
0.20163676
0.78655326
0.88052726
0.825263
0.8256129
0.9017059
0.9140627
0.9137776
0.90693957
0.8777711
0.72807795
0.5803268
0.14993395
0.1343713
0.2182186
0.16295484
0.20745428
0.80187786
0.6998165
0.65739214
0.6597361
0.6586918
0.66833884
0.6760041
0.7761763
0.16573408
0.11493158
0.12636086
0.10920004
0.15656953
0.26166722
0.64264196
0.16621433
0.21848735
0.12340486
0.07624264
0.06856911
0.07606628
0.1254614
0.8897826
0.9232953
0.93048346
0.9208332
0.87468636
0.08489669
0.06272031
0.07337028
0.16413185
0.7765314
0.766525
0.8116096
0.8228587
0.8114264
0.78474194
0.09384173
0.056389943
0.0546655
0.059533212
0.06708317
0.082172126
0.17762719
0.733536
0.10125312
0.06636949
0.06570476
0.06656407
0.06765572
0.071189456
0.09372561
0.8586382
0.90222526
0.9367803
0.93611884
0.9015997
0.09882241
0.08017066
0.12543897
0.8921848
0.9272367
0.9206897
0.87199104
0.071327
0.04749066
0.046302572
0.05052422
0.05660583
0.083089605
0.12075076
0.12219802
0.090179674
0.108002014
0.87737274
0.9364275
0.9444755
0.9288526
0.14866106
0.05636447
0.04718574
0.049455598
0.053024735
0.057083488
0.06820533
0.14837667
0.16445027
0.20307958
0.87225217
0.8727021
0.35854882
0.2630584
0.121974654
0.10757661
0.11536849
0.14949454
0.6871417
0.8219807
0.80058867
0.86717135
0.8560517
0.7327563
0.6688621
0.18355991
0.15180497
0.14939502
0.24877647
0.2635699
0.16127871
0.19809853
0.18293725
0.66421574
0.14444537
0.09134745
0.079382285
0.076129876
0.07765153
0.09099129
0.12095066
0.70169276
0.79880095
0.2547819
0.23015258
0.66998816
0.7825976
0.24480495
0.27943462
0.20202203
0.561784
0.5641461
0.5352891
0.21571982
0.28826606
0.5835196
0.5723401
0.1914216
0.23718561
0.22060972
0.14941812
0.1877503
0.53607035
0.28254256
0.25356567
0.61061466
0.5630989
0.21726783
0.10693569
0.08669911
0.09137746
0.12181532
0.31443742
0.85851085
0.8550206
0.21131314
0.10104816
0.07560512
0.07377551
0.09482416
0.08044235
0.08907619
0.13949306
0.19351465
0.69554305
0.6788392
0.65887064
0.12552166
0.08557181
0.08472792
0.12153312
0.7593792
0.7564101
0.85148466
0.12731752
0.079275765
0.0759929
0.10030676
0.5710829
0.6318983
0.7147217
0.8498133
0.84271276
0.7028857
0.12839244
0.08858134
0.082122885
0.106863365
0.09979331
0.17845008
0.15177895
0.1624176
0.15997623
0.6760043
0.69279313
0.84735185
0.8263389
0.19464494
0.2157511
0.11468707
0.12597667
0.12765203
0.11315927
0.17080757
0.62580603
0.15961015
0.16385187
0.16605581
0.18877439
0.6400284
0.23442475
0.14286572
0.091985814
0.10468601
0.08975361
0.11640219
0.70636207
0.700738
0.14856106
0.09085496
0.10612701
0.14837888
0.6868
0.110123135
0.095976464
0.06373635
0.06744396
0.12617445
0.9080506
0.93600804
0.9208266
0.09220831
0.05256634
0.04902314
0.054201603
0.06238263
0.10470036
0.8144685
0.1505028
0.1488458
0.8724751
0.9230077
0.9150342
0.8953168
0.8967651
0.8994991
0.13217668
0.1288318
0.75635815
0.08621261
0.057624288
0.06370072
0.05804427
0.064052425
0.099626884
0.80024916
0.7911909
0.7832354
0.100651465
0.06966837
0.08107385
0.10670418
0.14250305
0.79188925
0.24386582
0.083817214
0.07620161
0.12466974
0.07453762
0.071065284
0.10345682
0.06846699
0.0696226
0.11278376
0.69774336
0.20481025
0.80992883
0.90923625
0.9246906
0.92298913
0.90521574
0.9156594
0.89430887
0.55628717
0.4773529
0.72868043
0.2515575
0.71186346
0.22423412
0.09846595
0.0888075
0.14731327
0.09738933
0.13110508
0.1415169
0.67557234
0.6902321
0.69814664
0.6782571
0.23993942
0.3219209
0.27298564
0.20022103
0.16782957
0.5259912
0.16828689
0.16824447
0.6287784
0.63030726
0.6239437
0.2311415
0.27095315
0.8763038
0.904576
0.8088261
0.8610115
0.10416409
0.07284969
0.053406306
0.05310434
0.06544328
0.25222555
0.9081518
0.94026333
0.93051255
0.89688325
0.099376
0.05194251
0.04552931
0.048959557
0.057987366
0.08916809
0.8047754
0.88833106
0.7418793
0.14213149
0.14215355
0.56753635
0.16992757
0.18519437
0.71260184
0.7582023
0.85833687
0.75028795
0.7168952
0.16871981
0.09668462
0.0878781
0.110507615
0.7915587
0.8612294
0.8774998
0.87612146
0.8871558
0.92311597
0.9311572
0.92923677
0.8929176
0.8300281
0.09226916
0.0692644
0.08158304
0.22063158
0.2202794
0.08370838
0.075746566
0.07345564
0.07701833
0.072796665
0.06816044
0.06484691
0.06418966
0.0717884
0.13424599
0.9017632
0.9245175
0.9281738
0.9159825
0.9160601
0.8931962
0.8767553
0.87432426
0.8767533
0.8906082
0.91231585
0.8237613
0.11030845
0.10815714
0.07335848
0.09097559
0.07457877
0.08309189
0.11388619
0.70058984
0.6510843
0.21931991
0.38196492
0.21546975
0.65877306
0.19730069
0.36364734
0.115566224
0.09279151
0.10982963
0.23258434
0.16773205
0.14768176
0.101097286
0.10160836
0.124317214
0.27939916
0.8191454
0.6951579
0.42760697
0.2940117
0.55810386
0.15607512
0.13863686
0.18426795
0.214331
0.2180437
0.6553767
0.65459234
0.431548
0.45551616
0.8239415
0.84463376
0.7508686
0.80005425
0.51234657
0.27228492
0.20426773
0.233632
0.48852855
0.19236165
0.13428605
0.13265236
0.17903489
0.81311584
0.73302394
0.84705734
0.3782148
0.1280653
0.12334165
0.61242086
0.08778485
0.06083515
0.061128717
0.07075144
0.12979983
0.87062854
0.8106845
0.19078639
0.0988904
0.11385076
0.8182103
0.8968373
0.92776394
0.897792
0.10892544
0.08690081
0.13502894
0.71285266
0.7066472
0.7331798
0.86847323
0.7961739
0.793857
0.904988
0.9179851
0.8925157
0.9017815
0.7876708
0.11168577
0.076614164
0.08276409
0.2442722
0.8907239
0.9137596
0.9282624
0.92975885
0.9276465
0.91214967
0.9201771
0.8619019
0.12147157
0.07512231
0.086853325
0.23021255
0.7057356
0.10591288
0.074924685
0.07527182
0.093481064
0.15446667
0.7619926
0.19275054
0.16456194
0.22182812
0.57351637
0.2821769
0.33566016
0.22289746
0.28997126
0.8348196
0.8192103
0.82854795
0.8390423
0.8509468
0.8819662
0.8190643
0.6993578
0.19018207
0.17936555
0.24548027
0.5174604
0.84559816
0.86488706
0.7935463
0.86112016
0.831643
0.8630641
0.7497822
0.19188006
0.13229379
0.16350201
0.21319331
0.752748
0.8728996
0.11879188
0.08263587
0.072601534
0.0634142
0.06691232
0.08655739
0.06709154
0.076247305
0.05851129
0.060104895
0.09001549
0.8620636
0.89227575
0.91330534
0.91796684
0.9067215
0.8304844
0.10921333
0.113601364
0.65626454
0.09602998
0.0811113
0.10055654
0.8161472
0.8718271
0.9205217
0.8624252
0.80077225
0.7829735
0.10531254
0.06469512
0.064654335
0.11694165
0.14223313
0.12312262
0.65733457
0.6363564
0.223251
0.13946764
0.15093756
0.33149633
0.8025375
0.6967788
0.68279326
0.6487995
0.16761284
0.13658324
0.15662913
0.75543576
0.89802754
0.88820344
0.0991276
0.058751542
0.053580374
0.05745173
0.06558346
0.06609477
0.08336859
0.31162664
0.85592186
0.116131015
0.06813638
0.07028052
0.09771887
0.8588429
0.896652
0.9066748
0.90052843
0.8932846
0.836503
0.14164792
0.20420593
0.70850533
0.13155997
0.13606545
0.8172941
0.8730694
0.90012616
0.21531823
0.15004943
0.7178039
0.10217614
0.089273594
0.056555714
0.0568448
0.06590164
0.12118473
0.83791053
0.9170936
0.89872813
0.10401012
0.06687407
0.061658338
0.068452135
0.09033531
0.12976249
0.3515893
0.7977596
0.41754213
0.20532839
0.2510266
0.19776852
0.17277576
0.21841624
0.23115487
0.7025238
0.81722164
0.8149527
0.31380826
0.32403067
0.6365125
0.21413517
0.12164728
0.094001584
0.08370004
0.088840015
0.105171464
0.15435281
0.802324
0.63193524
0.19507192
0.21240376
0.22014295
0.29155904
0.81688637
0.73952854
0.76137644
0.87953025
0.87673616
0.8260611
0.14960155
0.11173659
0.11820279
0.24261312
0.6387001
0.168349
0.2637237
0.09940298
0.0826637
0.09747757
0.071792364
0.0687386
0.078437254
0.13616961
0.78310376
0.89349574
0.8837029
0.18499644
0.12706311
0.2276608
0.7345205
0.7594734
0.77049255
0.10464102
0.06139208
0.0653839
0.053925674
0.053691536
0.059013307
0.11586194
0.1453272
0.90627956
0.9252796
0.93861735
0.88509554
0.8246492
0.07103492
0.051607713
0.04645782
0.05038682
0.058637816
0.090419926
0.1334645
0.2372095
0.72053236
0.75121266
0.84710294
0.7473136
0.7614155
0.84723616
0.78650975
0.83421224
0.7181734
0.6440918
0.15845037
0.12502716
0.1350567
0.25912702
0.44251722
0.83765024
0.740694
0.706025
0.6909365
0.6899374
0.6759011
0.1936335
0.13558657
0.089332044
0.088162385
0.11408886
0.57828206
0.64550793
0.7739114
0.2675534
0.18621792
0.12730475
0.1854496
0.12759207
0.099146485
0.16414773
0.12721933
0.154501
0.10505698
0.087520696
0.13409396
0.8671041
0.78598475
0.79269594
0.11668518
0.07246465
0.10646339
0.09345241
0.060575433
0.0565207
0.055877298
0.05458421
0.066718645
0.3132955
0.90819514
0.9147191
0.9316632
0.9206531
0.9137723
0.9077857
0.89302385
0.84631675
0.08661661
0.061724886
0.05463733
0.07542652
0.09730484
0.6752241
0.12647426
0.13301831
0.6745095
0.14924233
0.12031379
0.2904692
0.86642694
0.7668546
0.72546536
0.7029321
0.10363208
0.08725208
0.14551385
0.13777769
0.18332066
0.12495791
0.088582166
0.096308485
0.14018247
0.17347203
0.25314176
0.28247046
0.23507762
0.45464388
0.7821737
0.37582928
0.15887547
0.14863455
0.10713978
0.107840784
0.1596129
0.21703634
0.4124295
0.80345875
0.1802767
0.11322915
0.11602869
0.08631626
0.090487264
0.11935393
0.6618905
0.17706974
0.1032733
0.09402259
0.11489618
0.7207276
0.7785171
0.9048963
0.9080554
0.7520376
0.078511715
0.05312137
0.049338426
0.0573815
0.08891301
0.80981016
0.83896106
0.86406726
0.88582027
0.90910184
0.8016791
0.19068086
0.40375185
0.89526683
0.91162866
0.9291454
0.89985156
0.074336745
0.04938047
0.048818607
0.06170563
0.12273957
0.88597333
0.9168554
0.92644507
0.9360737
0.857867
0.067794375
0.04804321
0.046797425
0.05758866
0.0948344
0.7576978
0.6965907
0.15338802
0.13650866
0.7087449
0.73369014
0.85759574
0.26528332
0.11682141
0.12941036
0.8361663
0.9208413
0.92963046
0.8887285
0.8313555
0.7461604
0.09843259
0.08906495
0.1451701
0.785167
0.8635948
0.11762511
0.076215915
0.07631626
0.09562241
0.15293732
0.7933832
0.6828321
0.690974
0.69531894
0.6967538
0.76888764
0.8622591
0.84960186
0.90871185
0.91901046
0.9063266
0.41158932
0.08250899
0.066652685
0.08190247
0.08070748
0.07019696
0.093054004
0.06419994
0.06301171
0.06403679
0.112186305
0.13028398
0.8304029
0.7758021
0.26048926
0.8203112
0.8728855
0.8888356
0.9070205
0.92596096
0.90208334
0.31956637
0.83623886
0.8539466
0.13689226
0.07674505
0.06526742
0.057001147
0.059841115
0.0672315
0.073017165
0.13479555
0.16673198
0.1417753
0.7095388
0.10830916
0.07862391
0.06593336
0.07086585
0.10052174
0.40169087
0.8850766
0.8658157
0.16055036
0.117021866
0.11758324
0.15005933
0.6710699
0.7410726
0.87287164
0.88310045
0.8110294
0.75435346
0.71148795
0.6717181
0.6996313
0.79186624
0.89621544
0.8961541
0.3539867
0.08255699
0.06362739
0.064892784
0.097812876
0.6652873
0.09021498
0.06109894
0.0607161
0.09272869
0.87631184
0.92365885
0.9337381
0.9321434
0.9211264
0.9202401
0.9319183
0.9012802
0.8341943
0.0666214
0.046800572
0.04723858
0.05198672
0.05939765
0.05688336
0.057343934
0.065872855
0.12762149
0.8223966
0.88888353
0.79136527
0.74394935
0.7082549
0.18367368
0.18648143
0.65943635
0.28280276
0.4009305
0.3055789
0.10688016
0.081443705
0.08678494
0.10400935
0.23908916
0.79587775
0.33147347
0.26330936
0.6820197
0.66785306
0.68250525
0.79719704
0.36148557
0.27977103
0.5626525
0.84779024
0.7603815
0.8290605
0.16015126
0.117737785
0.11868756
0.21122107
0.6793188
0.67831194
0.6814851
0.6949436
0.1347678
0.093750656
0.09013323
0.13275948
0.13811354
0.6431176
0.18016641
0.11847985
0.11388237
0.1383594
0.7485846
0.88641924
0.9110723
0.9037447
0.81957644
0.87118363
0.7375161
0.20560077
0.3944675
0.2783364
0.10278252
0.0815634
0.07489054
0.077948235
0.08697316
0.0969398
0.1276961
0.26979327
0.6415126
0.20791863
0.20293061
0.6170355
0.20106122
0.2597851
0.14330305
0.13602352
0.1578554
0.13343827
0.14657442
0.2526342
0.54020137
0.22423205
0.30981606
0.86791134
0.9011236
0.85713124
0.80618566
0.7570348
0.7073932
0.7188323
0.76742584
0.8239873
0.89482343
0.8934218
0.7745828
0.13195246
0.10159711
0.10178964
0.14937256
0.8702243
0.8909196
0.89675885
0.91967946
0.91486573
0.84896344
0.78705746
0.7270952
0.23433065
0.6474071
0.18676905
0.12595479
0.1407731
0.51793516
0.5830662
0.587572
0.58769566
0.17113495
0.14925492
0.20110732
0.7128771
0.85551405
0.7313699
0.4555291
0.8592421
0.85616875
0.8529034
0.8726069
0.89322186
0.7898804
0.34896773
0.7299429
0.76396835
0.86410725
0.3074641
0.089489
0.067759074
0.0654247
0.074318945
0.09589476
0.2281295
0.8692938
0.78107303
0.723178
0.1395621
0.11148296
0.118001774
0.18859778
0.866245
0.9039195
0.89587426
0.81216353
0.774163
0.7751796
0.84286684
0.78258556
0.73949873
0.7315285
0.80495256
0.224138
0.18908727
0.512881
0.19506203
0.14362857
0.15396148
0.25865182
0.24204014
0.74759156
0.4437141
0.26751772
0.32197562
0.77855146
0.6978801
0.6399057
0.25691032
0.23728606
0.3369498
0.7316234
0.87481475
0.88205576
0.7685203
0.30172715
0.128486
0.10922281
0.11939488
0.2788708
0.83428544
0.7255131
0.6970982
0.69923425
0.8447077
0.6677669
0.1353305
0.15256876
0.6223168
0.61624706
0.23435587
0.81443167
0.12519035
0.07404721
0.07789036
0.1760387
0.8909249
0.84512234
0.08772122
0.058049876
0.06437932
0.05576883
0.068536244
0.39599124
0.91555244
0.9302154
0.9217474
0.8972162
0.87713265
0.08274996
0.05054213
0.05067954
0.05698398
0.060155194
0.06138052
0.060032904
0.058563273
0.06218498
0.103007205
0.13851091
0.89087534
0.8907366
0.33740014
0.2036257
0.77013195
0.82293665
0.91682523
0.9055903
0.14925998
0.069279104
0.06289849
0.07667934
0.15938732
0.763732
0.7616137
0.8642483
0.34580973
0.12869951
0.1318914
0.5943068
0.10897405
0.08650784
0.11854307
0.12113763
0.23555101
0.8256935
0.33331493
0.40806678
0.22022526
0.07747142
0.06135555
0.067266464
0.1113017
0.823448
0.22190543
0.17144401
0.86508775
0.9249093
0.9272139
0.9268879
0.85109425
0.1368114
0.19721243
0.7226283
0.13583472
0.15077502
0.8086542
0.10588302
0.06947368
0.08347022
0.11357642
0.1619228
0.87602353
0.8713518
0.2095298
0.2174196
0.7804994
0.17022248
0.17932674
0.16147475
0.6184759
0.6095295
0.22543216
0.27453458
0.83140063
0.8245445
0.21333416
0.19516999
0.59376633
0.24540088
0.19579794
0.39201033
0.8864802
0.9182859
0.9103596
0.82434386
0.8492943
0.44620106
0.24790572
0.48312256
0.82427686
0.75538
0.8177795
0.9157793
0.9327808
0.9311028
0.90440744
0.112277724
0.062243234
0.05852961
0.06660686
0.0758883
0.10892986
0.088808894
0.08074153
0.07757832
0.0753711
0.071082756
0.06686743
0.062312033
0.05995953
0.06560589
0.115754984
0.9072481
0.9383431
0.9253129
0.09474313
0.058666687
0.052533943
0.062052473
0.101990074
0.7864245
0.75249285
0.13680735
0.12806731
0.6772869
0.09421192
0.06516809
0.06641528
0.09466973
0.08140352
0.1339781
0.10770593
0.14177041
0.82492226
0.16665322
0.09387858
0.11217891
0.84720105
0.9172316
0.91671705
0.90633076
0.8949223
0.87658864
0.12764506
0.11387805
0.31037793
0.8919829
0.9117828
0.7842302
0.14702293
0.20436715
0.18623738
0.20881692
0.8077225
0.7264615
0.71636707
0.75555676
0.78257227
0.7848775
0.7888609
0.8637853
0.75068164
0.18790415
0.22283271
0.13391757
0.15657313
0.14915515
0.12091172
0.13327089
0.17467824
0.72249514
0.8237349
0.8202963
0.49837133
0.26146635
0.32583866
0.61815137
0.34866905
0.77687645
0.2044102
0.14065452
0.14973523
0.09707431
0.084740736
0.08573774
0.09085694
0.12222176
0.64460814
0.13789752
0.108822964
0.12519945
0.66788864
0.68697035
0.688508
0.7043483
0.83542037
0.72328186
0.68728095
0.7227622
0.88830984
0.91833335
0.920758
0.9081114
0.7735093
0.078485504
0.060952384
0.088206515
0.06743934
0.0885112
0.067788675
0.070549764
0.06934824
0.06381326
0.058156665
0.07339701
0.12414433
0.88569754
0.9233838
0.92514336
0.8623579
0.8448222
0.88848567
0.90370923
0.90034705
0.84996665
0.0911063
0.09127983
0.06566444
0.11223951
0.14541437
0.1384875
0.0897062
0.14418311
0.7019103
0.10642355
0.08719388
0.06972884
0.06703819
0.07213016
0.08463939
0.13010874
0.70710224
0.69605374
0.7907758
0.18773249
0.1421059
0.15232822
0.5706818
0.15914124
0.14187333
0.23759732
0.19301996
0.16948242
0.64256436
0.12371743
0.08857322
0.102147035
0.58370674
0.10315917
0.08315195
0.11767078
0.82522035
0.92378795
0.9360834
0.9181116
0.21276411
0.11003802
0.07503852
0.103187785
0.74650073
0.18715736
0.12077134
0.06513587
0.055348944
0.06393323
0.09495923
0.877803
0.91355926
0.92877394
0.92690396
0.9155469
0.8611741
0.07159311
0.0514343
0.059121374
0.1052886
0.078877605
0.06932832
0.060368985
0.061291717
0.07362602
0.1292448
0.8403196
0.7685365
0.123207256
0.09712165
0.17210175
0.88409865
0.9281328
0.8618929
0.083994135
0.056421082
0.05746149
0.072633386
0.16534759
0.12493925
0.07918572
0.073676884
0.077563345
0.0878272
0.19695862
0.09375967
0.0849889
0.094224185
0.17758572
0.13039327
0.20748597
0.70016104
0.81958723
0.70901793
0.17935683
0.104528725
0.097779535
0.16234756
0.68742687
0.11180904
0.09079311
0.07585778
0.1179644
0.07230774
0.09544547
0.064258754
0.07237923
0.2667649
0.90772635
0.9298969
0.92225844
0.10470276
0.053274047
0.04764828
0.0537647
0.07653258
0.7854561
0.8461712
0.9023481
0.93586487
0.93549216
0.8823445
0.8244392
0.09775533
0.05763859
0.052837
0.061721932
0.115056165
0.084498085
0.10176104
0.20460625
0.6632862
0.6776119
0.76557285
0.8879059
0.9020441
0.8846821
0.40406442
0.14718002
0.09810302
0.11057423
0.655334
0.09453868
0.07582851
0.06699971
0.057232823
0.060718987
0.09676019
0.8845808
0.9319475
0.9286188
0.90950644
0.8448106
0.07962645
0.0632169
0.060243264
0.10903527
0.11321245
0.067230225
0.06468129
0.07508019
0.1519255
0.16542171
0.57283723
0.56644887
0.6478447
0.665869
0.81133515
0.6835663
0.1285792
0.101010695
0.120371066
0.6789879
0.6821149
0.09745415
0.0673143
0.07215313
0.112516716
0.7065799
0.23569757
0.74379754
0.10671189
0.06519195
0.06139364
0.06139388
0.06055958
0.059217356
0.063006565
0.1167158
0.18410163
0.20264488
0.19007784
0.9128494
0.9358044
0.93095815
0.14652447
0.07241695
0.0627928
0.0607442
0.058960482
0.061064094
0.062274948
0.060635433
0.06303018
0.08424564
0.30362618
0.8726298
0.3222839
0.77988887
0.103219695
0.07006442
0.075161666
0.14858826
0.88558936
0.8297087
0.096327946
0.059250116
0.056983147
0.06011122
0.06338592
0.07310147
0.07670845
0.11483814
0.7778533
0.40549138
0.3370981
0.21256998
0.083699785
0.07290769
0.09798381
0.6847032
0.66090935
0.27808747
0.2542756
0.812735
0.27523407
0.15107515
0.2125069
0.11152869
0.10891498
0.15015301
0.15516987
0.48360437
0.88651466
0.9158553
0.9176375
0.9217959
0.9183959
0.88646173
