0.7738102
0.8084021
0.82395774
0.8593626
0.88993627
0.90395206
0.90627176
0.9023652
0.89956826
0.893927
0.8932533
0.9011095
0.90551865
0.90466946
0.8950887
0.87761104
0.83796793
0.4481172
0.41445747
0.7796348
0.88513017
0.8972233
0.86878014
0.8942553
0.884017
0.7686845
0.6428546
0.13913187
0.11293958
0.11451645
0.12653203
0.1578186
0.34650743
0.68332624
0.6955052
0.6999092
0.7715717
0.29341555
0.2946351
0.52429223
0.27836138
0.23632976
0.5176976
0.86475813
0.8866933
0.8422305
0.14386661
0.102181375
0.10197352
0.15461421
0.5695004
0.20989071
0.32864064
0.86411154
0.8786356
0.713268
0.73058265
0.8561006
0.80918914
0.8920126
0.89004385
0.747654
0.18218331
0.20719638
0.81297374
0.29643115
0.09381982
0.072016105
0.073626116
0.08649848
0.10517265
0.07696054
0.074723005
0.08429526
0.14806937
0.75855225
0.7830991
0.88891906
0.7842248
0.75045615
0.86750144
0.10624049
0.05767535
0.053791415
0.058604993
0.07056751
0.093213804
0.06415483
0.06724314
0.074384086
0.08541873
0.1257789
0.9031116
0.9232804
0.9335044
0.93649936
0.90847725
0.10301894
0.10389527
0.11965167
0.12594889
0.12563397
0.84306705
0.8987303
0.16597787
0.11549038
0.059187066
0.05516791
0.06449085
0.1315848
0.7514777
0.77474195
0.8437215
0.90046513
0.85023344
0.7931261
0.81377727
0.9030834
0.9054814
0.80237705
0.7550526
0.7287736
0.1150982
0.08711027
0.08571472
0.10978066
0.22746342
0.26495737
0.85640854
0.8838971
0.8479682
0.29718184
0.27565435
0.631878
0.63539654
0.6474587
0.63694876
0.28980306
0.3299003
0.7965336
0.7833571
0.8486718
0.8102433
0.8894524
0.89921707
0.8631083
0.16579589
0.12605418
0.18458846
0.15557583
0.16436012
0.29538855
0.89483714
0.92156255
0.8673356
0.76531106
0.23147452
0.1956732
0.17690422
0.14112882
0.124953635
0.1740203
0.83315015
0.85160375
0.70526123
0.67563117
0.7011818
0.8233215
0.7238447
0.656698
0.13581567
0.1247455
0.10431564
0.1488346
0.85263085
0.76348096
0.74684834
0.095258996
0.06903174
0.059015464
0.07410279
0.055846773
0.053222552
0.057875324
0.10047384
0.8813299
0.9165237
0.93564034
0.94574046
0.9440415
0.9207826
0.07256487
0.046626184
0.047822803
0.05234404
0.061544992
0.06591844
0.09917315
0.080187045
0.063817345
0.07101315
0.13385141
0.16170603
0.89066
0.9179936
0.92252356
0.91647625
0.90181816
0.8561993
0.8991821
0.9093328
0.8918632
0.75298876
0.7008984
0.12971954
0.08404214
0.08455878
0.1629871
0.6596346
0.12238702
0.11123456
0.14705823
0.88926005
0.9102427
0.9045117
0.23063363
0.09942567
0.12547529
0.86933345
0.92965126
0.9428282
0.9240823
0.081950784
0.050543074
0.052854206
0.056722723
0.08008983
0.060738243
0.062184356
0.058720652
0.06801905
0.1653549
0.86169094
0.90316874
0.8093281
0.86305314
0.24041386
0.1609624
0.2728945
0.30461323
0.30569497
0.8784816
0.9148787
0.8978105
0.74713916
0.20179173
0.13812278
0.13788778
0.17724311
0.77903944
0.8879509
0.9204103
0.92209214
0.8918497
