0.51694924
0.45739868
0.7649063
0.636393
0.4780152
0.38777122
0.27697545
0.6220959
0.76286817
0.37267417
0.33281144
0.6289903
0.7835382
0.30227372
0.13091557
0.13239056
0.12166164
0.099717945
0.16685793
0.12511195
0.1021265
0.17447942
0.16311121
0.17640296
0.8498788
0.84573853
0.14175376
0.123121716
0.10303401
0.17821993
0.82673
0.32745042
0.837488
0.10035936
0.06337729
0.06984912
0.113815956
0.09845998
0.1493338
0.14164338
0.7052433
0.13443296
0.13072999
0.7596533
0.25221342
0.18043931
0.85697687
0.9111251
0.9311169
0.92026013
0.8929076
0.1756873
0.2784533
0.89617074
0.90171456
0.09139357
0.06174957
0.08477168
0.09421407
0.16352372
0.17306784
0.73334736
0.09767215
0.06338313
0.06169611
0.07131339
0.12150489
0.097318076
0.16838966
0.14314401
0.6784647
0.6517014
0.16377063
0.22579975
0.14231923
0.09585363
0.0933608
0.10394028
0.1825658
0.13877916
0.25989395
0.27371326
0.7421237
0.7683473
0.79197675
0.8563196
0.7008032
0.60234267
0.57738197
0.61564034
0.62864274
0.6536086
0.23966442
0.15429941
0.11543812
0.14473723
0.17128286
0.21830128
0.8432851
0.8835975
0.87559444
0.7778341
0.73165405
0.7028889
0.25306952
0.13967568
0.107670054
0.092689686
0.09207804
0.10456618
0.14029013
0.6909372
0.8049755
0.30315748
0.18308365
0.279707
0.14626992
0.24986182
0.109487355
0.09188514
0.09631587
0.13228543
0.10150627
0.10000327
0.13168454
0.10023669
0.0966671
0.12091249
0.08987318
0.08506466
0.093315236
0.12417877
0.69490093
0.6921396
0.8208849
0.6949212
0.68503696
0.83691615
0.8321248
0.32189533
0.1429033
0.20145959
0.09715955
0.09304829
0.13117595
0.13794379
0.09432506
0.087024175
0.08430677
0.090543404
0.12052012
0.115287885
0.08131272
0.0775947
0.09270837
0.16423477
0.7808252
0.8610892
0.72501373
0.68231356
0.638224
0.13779345
0.120881066
0.20636201
0.8410243
0.7578812
0.69830394
0.6756302
0.70886725
0.7211277
0.73726404
0.8690268
0.16622284
0.06554741
0.05515545
0.06648062
0.12628442
0.18362722
0.6578505
0.19362807
0.68139046
0.62491757
0.12014373
0.11153584
0.15354171
0.8884577
0.9236611
0.9276394
0.9200555
0.89342463
0.881614
0.9086145
0.9043616
0.9094076
0.921897
0.91997784
0.88687825
0.17353696
0.20439167
0.19955269
0.87486297
0.88563144
0.2635611
0.7425434
0.14991634
0.115231365
0.06768649
0.063765176
0.06480104
0.0796192
0.110934794
0.4585319
0.8679656
0.7489273
0.13888915
0.091223955
0.09071718
0.13112399
0.12515941
0.27614194
0.26122114
0.13404837
0.17042898
0.16771056
0.1425298
0.21607383
0.65913033
0.6849794
0.70162857
0.6899665
0.23646893
0.13915944
0.12575233
0.14022548
0.26332444
0.67874455
0.73202074
0.867049
0.8837451
0.8262404
0.8712025
0.7478595
0.11865201
0.09422508
0.14626811
0.083600365
0.117815524
0.07249103
0.07569358
0.13785218
0.17678356
0.16523297
0.10347811
0.059842907
0.055605438
0.06264187
0.13640039
0.84960854
0.8467879
0.82493424
0.8617159
0.9088845
0.9303951
0.9392519
0.92276955
0.10661343
0.04983958
0.045003645
0.049899973
0.064360805
0.093953304
0.20087504
0.8584266
0.15709257
0.07721745
0.07387314
0.1258325
0.65529835
0.12221629
0.12369118
0.1157979
0.18245529
0.68290514
0.691045
0.74191993
0.79747534
0.8691869
0.9015062
0.895093
0.89775187
0.8825167
0.8842358
0.89476776
0.893815
0.896977
0.8882349
0.8735656
0.8521271
0.837384
0.8073804
0.78778064
0.73329407
0.18543385
0.19511594
0.10061592
0.090643615
0.11190025
0.7085802
0.73685014
0.869244
0.6847977
0.0962854
0.078562446
0.10602295
0.7580854
0.78458613
0.7455444
0.09678865
0.066223435
0.06965216
0.13069595
0.89300036
0.900757
0.10078279
0.06577089
0.0932285
0.1005584
0.06974079
0.10207315
0.8918459
0.9400626
0.9447118
0.89765716
0.07313729
0.050531246
0.051779114
0.06322917
0.07582113
0.14266255
0.8469692
0.10928816
0.062057745
0.056712512
0.05796291
0.05721114
0.06753205
0.15533116
0.9012258
0.8928605
0.92125803
0.80828863
0.08161304
0.058275744
0.061457627
0.091557175
0.16941752
0.85378146
0.90954757
0.8548021
0.8303171
0.8195233
0.79279166
0.10495035
0.06709527
0.06266483
0.07135231
0.09396405
0.2224825
0.22278878
0.83052504
0.7744185
0.79070765
0.8913469
0.90150154
0.87863475
0.9090818
0.91529936
0.8999185
0.7777265
0.14663285
0.12588848
0.16301318
0.16356763
0.51488966
0.2616866
0.2360544
0.56022704
0.86450547
0.8978534
0.8910194
0.85021776
0.34209242
0.19436274
0.19632687
0.37253255
0.8695788
0.90205634
0.8585163
0.8287919
0.8665147
0.7455055
0.29184622
0.16667512
0.17927317
0.33597332
0.7486212
0.23003076
0.18684408
0.20562676
0.7183709
0.8838705
0.90796727
0.9001965
0.85854495
0.87035334
0.8092772
0.7319991
0.7218821
0.7048131
0.721704
0.7487256
0.8365427
0.14928007
0.101099715
0.10185806
0.21003453
0.08716333
0.07466684
0.07038405
0.07302587
0.08991191
0.1959521
0.8546196
0.15255621
0.073358886
0.053639553
0.052812655
0.058750816
0.10567897
0.88286865
0.92105967
0.9216186
0.92027706
0.92607236
0.9137186
0.90691304
0.9014007
0.41671988
0.19380128
0.80986106
0.10900577
0.08466152
0.15487887
0.23338939
0.7783076
0.2697982
0.16105543
0.61737067
0.13349487
0.13024431
0.54303765
0.14762136
0.1491312
0.2944862
0.864291
0.89264715
0.88085985
0.7420188
0.18501915
0.20028071
0.78829885
0.11781741
0.08244485
0.12350818
0.08377188
0.07200388
0.1159332
0.14415371
0.86994535
0.9056799
0.931645
0.93425435
0.92541915
0.9277456
0.88271517
0.17544053
0.0926701
0.06858624
0.10683875
0.089788176
0.08212661
0.119703494
0.7797977
0.20923655
0.26154345
0.68918985
0.7160603
0.8395444
0.7483679
0.7244191
0.7895388
0.9009976
0.9138378
0.87770826
0.85047066
0.8254419
0.7949834
0.105649084
0.072875895
0.062180255
0.0616615
0.07296048
0.09571406
0.24293807
0.25072664
0.181502
0.16998093
0.13830705
0.22833782
0.21414468
0.2613685
0.6948762
0.79128677
0.35900226
0.60231197
0.81735533
0.6458711
0.1882008
0.2175803
0.22026399
0.23965147
0.49994472
0.20132925
0.21348841
0.72812617
0.88216615
0.9043441
0.889998
0.89609396
0.9037682
0.89763075
0.89529043
0.90266764
0.9112866
0.91086644
0.88034284
