0.816641
0.8681579
0.89337385
0.9092232
0.9135283
0.9063831
0.8621685
0.36768904
0.24456796
0.50596136
0.87376237
0.91362125
0.9166612
0.9083213
0.88588274
0.8780875
0.8845756
0.8328573
0.7620829
0.7117743
0.66001487
0.2898779
0.21060525
0.27898833
0.20738892
0.26764426
0.62085897
0.62693536
0.60832596
0.23409581
0.29735845
0.25036547
0.57948864
0.15780336
0.1276665
0.1428364
0.62851703
0.6353985
0.19917329
0.18286231
0.65687084
0.2770672
0.09774868
0.07118439
0.066943556
0.07182587
0.10639591
0.108864695
0.3305384
0.8984334
0.9250292
0.9240748
0.90824234
0.72065026
0.0731493
0.05652513
0.060940597
0.10187229
0.6624938
0.13867104
0.19444044
0.20716739
0.8643482
0.91941404
0.81505144
0.080726564
0.06271545
0.04997997
0.05443349
0.08702467
0.8727266
0.9194916
0.92009145
0.9173108
0.9220422
0.93371516
0.9336864
0.9350687
0.88827884
0.067105606
0.046777245
0.04887357
0.06021782
0.070178375
0.12040424
0.097545154
0.08180468
0.107404396
0.07843205
0.07577572
0.08461358
0.092557155
0.087051325
0.13390677
0.09473134
0.12719081
0.7157905
0.11125516
0.0814983
0.096239045
0.074810766
0.07471422
0.08109112
0.1052234
0.17163676
0.79346585
0.46594802
0.3036861
0.2539949
0.634435
0.6259459
0.6475874
0.32272446
0.17454799
0.18134002
0.14589608
0.20607969
0.13773282
0.15503754
0.12128698
0.14103387
0.114409484
0.13092138
0.26728874
0.2256434
0.78041184
0.6550892
0.19560853
0.12724388
0.18810971
0.11569479
0.07839091
0.08657433
0.07507138
0.09240488
0.2950122
0.8722472
0.77637833
0.71473396
0.7113351
0.1406334
0.08946151
0.097145684
0.1930537
0.6177205
0.5969687
0.6150544
0.6086349
0.59272796
0.6204632
0.63311154
0.6211619
0.6000222
0.5984814
0.21094108
0.2042117
0.13956264
0.1068908
0.14191133
0.854213
0.8066742
0.8791845
0.28690085
0.123581536
0.16160418
0.87671214
0.88511205
0.10957067
0.08230529
0.11833907
0.729322
0.105272114
0.06567681
0.06726125
0.108735986
0.80831033
0.1589456
0.17112263
0.8647964
0.9106742
0.92988205
0.93678576
0.9199608
0.3357439
0.13778417
0.70834535
0.08288938
0.060762823
0.06836664
0.14239022
0.75093514
0.11928679
0.089375965
0.13917093
0.88203025
0.88394725
0.12399959
0.09522078
0.14479123
0.80062103
0.8738705
0.10467103
0.064792916
0.0636585
0.09771713
0.1918204
0.18044871
0.069922954
0.060993165
0.06513846
0.110822484
0.846084
0.8574624
0.91132843
0.8474831
0.83589244
0.8366679
0.8387121
0.8427694
0.1715618
0.067472324
0.057612944
0.06896414
0.13129845
0.6853062
0.10292389
0.06741333
0.06572511
0.09747506
0.8608631
0.92857325
0.9301156
0.8066618
0.080276065
0.06372507
0.07400302
0.14387803
0.8298929
0.87240034
0.91218644
0.8239467
0.7508033
0.16485018
0.23882967
0.16461352
0.12677462
0.24674459
0.6204724
0.14641438
0.15807876
0.1283547
0.18399315
0.24041212
0.18850864
0.3189258
0.31636453
0.8192177
0.8342131
0.7081945
0.68555
0.73994404
0.8399339
0.7383963
0.18304852
0.1092785
0.11310499
0.10779001
0.1057241
0.112753555
0.14519514
0.13019142
0.6849142
0.093761116
0.065256394
0.06588505
0.07078289
0.109347634
0.7146017
0.108759165
0.083313785
0.14337508
0.88632053
0.92381936
0.93627703
0.8914205
0.16066833
0.08901414
0.13714269
0.8523817
0.21938166
0.074174024
0.086672105
0.06318369
0.06317312
0.06765165
0.089266166
0.092392705
0.1713436
0.17919613
0.108431585
0.11714353
0.23780912
0.6550543
0.6571096
0.1568553
0.10467514
0.087913476
0.09016362
0.10588841
0.21127345
0.25756142
0.57781535
0.18226187
0.18063258
0.7131144
0.84535795
0.72313887
0.69359887
0.83688384
0.25039598
0.09256151
0.07542248
0.08519436
0.18264237
0.7018012
0.28291705
0.72600555
0.81993467
0.27995774
0.7317929
0.8307521
0.8867274
0.91539854
0.8818737
0.29235306
0.7177934
0.86082846
0.52481556
0.7423932
0.13298671
0.07359147
0.06703064
0.077473305
0.13695742
0.7300499
0.8773342
0.89725083
0.88041055
0.7333036
0.2217428
0.24513051
0.792573
0.6886215
0.1389938
0.12265843
0.08368943
0.08543541
0.1417635
0.6620103
0.10851442
0.0846874
0.14342865
0.19338118
0.6650678
0.105204076
0.08005903
0.11392075
0.70934933
0.17178692
0.329394
0.84118265
0.13629256
0.13566011
0.10352327
0.14533836
0.9013266
0.9381482
0.9401312
0.89681005
0.103765935
0.12130677
0.09535998
0.1263444
0.79653037
0.116163075
0.066200495
0.06399873
0.06678626
0.070211105
0.07620809
0.08240358
0.083786316
0.12329147
0.73086447
0.112726405
0.08033028
0.105115384
0.16962764
0.093888156
0.11356625
0.10909701
0.074792705
0.069663025
0.07539224
0.09430866
0.16709955
0.68946546
0.73628354
0.83693236
0.77040464
0.7609129
0.8437253
0.79356414
0.75353646
0.72433645
0.6930545
0.4821351
0.77872205
0.4634453
0.21776216
0.27156395
0.18025222
0.22433694
0.6278219
0.6740837
0.69930667
0.8345539
0.26276368
0.11761666
0.122484796
0.11066968
0.16621953
0.544229
0.24435717
0.67606914
0.7951149
0.8036107
0.16160093
0.11051772
0.0985326
0.109317
0.22743356
0.66228294
0.24284749
0.12997007
0.092509344
0.113594286
0.7036573
0.72691774
0.12522958
0.077371106
0.06068917
0.055240247
0.060698256
0.10540763
0.87859803
0.93405616
0.9373539
0.8511972
0.07504901
0.049794186
0.047294244
0.05452616
0.10562784
0.88777506
0.9293902
0.9362127
0.9177188
0.9050919
0.24331143
0.14022282
0.683994
0.10633839
0.09586699
0.32969365
0.912503
0.936049
0.91384107
0.08823689
0.0571489
0.06177234
0.12925875
0.19108643
0.25783277
0.7430082
0.119211055
0.09432636
0.17290074
0.20406173
0.7113645
0.3260492
0.6528785
0.12923303
0.104764774
0.1250091
0.26299608
0.83683324
0.77262974
0.7681606
0.8259754
0.20377493
0.16199033
0.19585681
0.7303971
0.20928718
0.18846667
0.3155897
0.8106501
0.9005588
0.88372934
0.46496218
0.1967231
0.20894401
0.6758973
0.84229314
0.9042462
0.9097813
0.89569634
0.9043709
0.91396487
0.912033
0.877039
