0.82750607
0.8734998
0.89024997
0.89736766
0.8983884
0.8679214
0.83564633
0.8108126
0.77334934
0.7104648
0.68882537
0.69813573
0.14788546
0.07807265
0.059982978
0.05782513
0.06101298
0.077948004
0.29570973
0.9094302
0.9213954
0.9317528
0.859877
0.11269402
0.07614007
0.057207484
0.060248885
0.0874919
0.10139108
0.30121475
0.873251
0.88671035
0.8173801
0.8612427
0.7962154
0.7906211
0.85137147
0.7531132
0.23928799
0.11999911
0.09017162
0.0780989
0.08222866
0.09933348
0.18002318
0.6874075
0.6820215
0.36145124
0.24158195
0.10700656
0.09277539
0.12086959
0.13806011
0.73677266
0.7394116
0.7317343
0.7183498
0.7026105
0.710181
0.7612119
0.86876607
0.77488077
0.72956115
0.71273226
0.13411756
0.14338565
0.08072776
0.08333592
0.13080487
0.19767664
0.6844346
0.119339675
0.074321486
0.064912446
0.06698411
0.0777749
0.13912927
0.8693426
0.7797571
0.7374007
0.0981949
0.07269019
0.065401375
0.10489125
0.1185318
0.8210599
0.82326776
0.8224146
0.783795
0.088529184
0.06324252
0.062042594
0.079257935
0.06625435
0.06550511
0.06659345
0.074230865
0.11593413
0.783537
0.7487355
0.103282556
0.07099282
0.06563475
0.06352872
0.09808582
0.07327509
0.06759907
0.13388844
0.89847
0.9328188
0.9299816
0.9181766
0.89529693
0.8404249
0.072082885
0.051909577
0.06340986
0.06063075
0.060716547
0.06430425
0.07241323
0.10692175
0.68978184
0.102896556
0.07557173
0.08072944
0.12447757
0.7408926
0.8383578
0.7372651
0.7078506
0.8109541
0.23555213
0.16452649
0.121371716
0.13660212
0.75643754
0.85633516
0.9117189
0.87787265
0.82627016
0.7438843
0.15112352
0.1425801
0.23014928
0.4479212
0.8796062
0.91138744
0.901653
0.82846415
0.79878604
0.80016506
0.7957622
0.7741452
0.76332074
0.771322
0.7632011
0.7285519
0.66868854
0.59456635
0.24017386
0.17285942
0.2267109
0.12699004
0.11819231
0.1746875
0.6211514
0.1982407
0.6394554
0.10977717
0.0740697
0.07649852
0.11852735
0.26694882
0.82500684
0.26629648
0.7211331
0.8364846
0.14409302
0.1333151
0.64007044
0.21780214
0.7035673
0.09792096
0.07003611
0.06905316
0.14788848
0.28889173
0.8898484
0.9223817
0.93666565
0.93217766
0.9320277
0.8845859
0.0928675
0.06462704
0.057382617
0.08164786
0.101784974
0.8352032
0.88888437
0.43851537
0.7186378
0.12637413
0.12889923
0.6811751
0.6854007
0.117698066
0.11887676
0.15525861
0.075983696
0.073654935
0.08041501
0.1151891
0.6662651
0.2892781
0.18490791
0.22157583
0.8021834
0.24592254
0.11406562
0.091257125
0.085236594
0.07856909
0.07878745
0.07794617
0.08600951
0.15159734
0.11970782
0.12451256
0.16760884
0.15529905
0.72354627
0.21348503
0.13206552
0.1310027
0.8151657
0.8477991
0.8599346
0.91113394
0.8315048
0.7251561
0.70129746
0.6847718
0.12078168
0.14900714
0.16059114
0.67292273
0.11020554
0.09272856
0.085477896
0.15245739
0.14254647
0.14005598
0.6344266
0.13978931
0.117697686
0.13600673
0.23873381
0.79556054
0.70335186
0.69737643
0.15857579
0.113181524
0.11835481
0.087327674
0.09725729
0.08730369
0.120169796
0.69442576
0.1111488
0.09554718
0.09895745
0.117707916
0.0722005
0.069078915
0.07591917
0.11310127
0.7125473
0.10818608
0.081540085
0.15507665
0.19307539
0.1712879
0.763458
0.099466585
0.06386977
0.06762658
0.11978064
0.11758655
0.87193686
0.90797305
0.92463756
0.9119517
0.85697037
0.07569526
0.053715285
0.053553015
0.06865334
0.11630777
0.7360596
0.103068545
0.06975865
0.06428904
0.0598105
0.058715343
0.06420443
0.093684375
0.7951714
0.7903761
0.80290717
0.81541604
0.79307437
0.09891677
0.06868228
0.08759935
0.13600399
0.07383362
0.07218467
0.09374258
0.11846635
0.14580768
0.07089469
0.06468861
0.073822424
0.12958612
0.70057964
0.72331077
0.7645681
0.87097305
0.77249825
0.7492093
0.7006507
0.09183905
0.06510244
0.073479936
0.08102584
0.084517635
0.10623549
0.69996
0.11778141
0.08073835
0.12738742
0.16182251
0.8944005
0.93833303
0.9330437
0.9123437
0.1732458
0.064244576
0.0493766
0.054279204
0.064775385
0.10950711
0.16733555
0.1445795
0.078971684
0.07842142
0.06963879
0.06937218
0.08143256
0.074055664
0.08360716
0.12705566
0.7608606
0.8675261
0.87651086
0.8357015
0.25223064
0.26835343
0.16449109
0.23495471
0.16489013
0.21218398
0.8560613
0.8900629
0.84191984
0.22749066
0.57159364
0.17323773
0.6436731
0.11855
0.07529112
0.10115698
0.07465278
0.067822546
0.09855712
0.79752266
0.7867129
0.7804364
0.74708456
0.7569917
0.6998069
0.093879566
0.07428853
0.11645306
0.22193784
0.8806758
0.922005
0.9346574
0.8869377
0.10279806
0.069703005
0.063881315
0.09166677
0.77253866
0.8058761
0.9123647
0.8607499
0.81977403
0.77548677
0.07952573
0.055322297
0.054281455
0.07394348
0.08606553
0.20726104
0.6803201
0.28883725
0.6172455
0.23343596
0.63370603
0.6446237
0.6623309
0.6289738
0.12909326
0.105770804
0.1272341
0.1183728
0.16741912
0.17504579
0.6001315
0.6487364
0.6653037
0.6790264
0.6660074
0.6192024
0.21874896
0.19342358
0.20662162
0.595443
0.61448467
0.21342708
0.22857071
0.27201122
0.15289322
0.14521351
0.22043647
0.66177565
0.14179286
0.09079702
0.077703595
0.07932026
0.08877475
0.115784116
0.29131243
0.81689477
0.33978644
0.17036018
0.22352114
0.15067731
0.24991599
0.62356937
0.12962098
0.09363987
0.092988074
0.11816281
0.6918639
0.7455842
0.8771962
0.8709301
0.71210337
0.6772367
0.1186748
0.14005113
0.06945283
0.06598365
0.08245236
0.109064
0.67773104
0.10571599
0.06891597
0.07243992
0.12587409
0.80329907
0.746822
0.1623066
0.22563538
0.21180071
0.84651506
0.88805366
0.8987894
0.90560097
0.91255075
0.9231345
0.925262
0.92480993
0.91206366
0.91767764
0.84112036
0.102645576
0.10541379
0.1603477
0.8874892
0.8503189
0.088035814
0.057645164
0.059568625
0.06715787
0.07767593
0.12422498
0.08489782
0.0801246
0.08645659
0.07795131
0.07346987
0.06983064
0.06725792
0.06885644
0.096927516
0.12347061
0.7147898
0.23759425
0.17547417
0.34918803
0.85736823
0.80859727
0.8890033
0.8150018
0.7805282
0.7611184
0.19790298
0.10272396
0.08325151
0.10255828
0.08932036
0.10172509
0.14511639
0.75296974
0.8274319
0.88355416
0.8426775
0.8240485
0.800645
0.7639262
0.75317055
0.79865676
0.8465384
0.8937875
0.86853623
0.82195306
0.7651598
0.72478944
0.120270155
0.09194932
0.09625614
0.1510407
0.21950646
0.17233734
0.6003438
0.17614996
0.16734199
0.21779387
0.82029897
0.83085114
0.1419119
0.090197556
0.07021164
0.071123496
0.08275851
0.13345632
0.30738056
0.84870285
0.32525244
0.12563154
0.13489273
0.78655136
0.8440913
0.9063504
0.85612404
0.7984762
0.7925278
0.8852461
0.7379062
0.09828747
0.08840606
0.13560781
0.6852304
0.68763095
0.6908456
0.6952124
0.18588926
0.082665
0.0743479
0.10658981
0.7403449
0.7321019
0.108842045
0.06301276
0.05733567
0.070202574
0.40529862
0.9168608
0.9365017
0.934491
0.9230248
0.112719156
0.055160474
0.051852014
0.06358773
0.11624633
0.81241155
0.108521946
0.070504345
0.077232264
0.15784648
0.852899
0.75445706
0.7392505
0.7404386
0.7205002
0.7424033
0.7293377
0.0852169
0.05424268
0.050752908
0.052241217
0.053061496
0.060148623
0.08965438
0.8618841
0.9017765
0.92040795
0.9188902
0.8975761
0.80710506
0.08269939
0.07000873
0.09649383
0.72566885
0.7416297
0.7252646
0.10096397
0.06396181
0.063421644
0.090876654
0.6802441
0.63888127
0.13542977
0.13320154
0.71172535
0.7318494
0.7618331
0.86588925
0.09765825
0.057040546
0.049915366
0.05337634
0.06256581
0.1307396
0.3096148
0.89370507
0.922498
0.90854937
0.8992519
0.9277531
0.9293337
0.89416116
0.8349361
0.111426875
0.076898426
0.060061004
0.06523978
0.10682519
0.7762213
0.17569128
0.17118832
0.8117992
0.894307
0.8214408
0.7640695
0.71194226
0.20439152
0.22750807
0.83320564
0.82476634
0.8913409
0.82565403
0.85629654
0.11537111
0.07997328
0.086127624
0.16695029
0.8303245
0.16980094
0.09417863
0.12213571
0.694353
0.14131531
0.16639148
0.889781
0.9218898
0.93234444
0.901356
0.8487887
0.79220456
0.10442304
0.10900764
0.64348656
0.09050592
0.07148967
0.12326266
0.1515399
0.120911084
0.6446279
0.14248739
0.14293557
0.7589532
0.8281849
0.8967535
0.83805686
0.78405756
0.74609023
0.75714576
0.75379264
0.75116366
0.7312621
0.28340012
0.3020538
0.095443636
0.07265462
0.077016555
0.09339511
0.1619812
0.83438027
0.7416035
0.38051134
0.14136563
0.14236878
0.088004865
0.083473414
0.08271914
0.085856125
0.093431875
0.106135085
0.187295
0.11349428
0.12569602
0.2616014
0.68648964
0.68008953
0.6479258
0.64223003
0.6547041
0.67930865
0.6928754
0.22462788
0.13018508
0.11548716
0.1448883
0.13662365
0.19804919
0.5697928
0.6692869
0.7545908
0.8249389
0.87055236
0.89739925
0.89369696
0.86659336
0.87199503
0.82608914
0.79559594
0.80557656
0.8357963
0.44078964
0.20295368
0.19137596
0.51908064
0.13146816
0.09875903
0.093507625
0.10682346
0.2083477
0.16733779
0.6369521
0.66677326
0.6678274
0.6846397
0.7010285
0.72443676
0.8209899
0.6842703
0.14424418
0.10521824
0.102700405
0.12814422
0.6841685
0.82158434
0.6920048
0.64060134
0.67709446
0.7808188
0.6276907
0.5918348
0.64328986
0.6700632
0.68115914
0.6741029
0.12307283
0.09989568
0.06677274
0.062589906
0.06521819
0.07927037
0.14634317
0.8088971
0.87631685
0.107361786
0.060963992
0.057238847
0.057090763
0.056937877
0.05808903
0.061380785
0.092585534
0.844605
0.86979544
0.89323324
0.89174485
0.1132643
0.08583224
0.12597704
0.8858891
0.9223936
0.93394303
0.9415931
0.92573243
0.8742457
0.06688394
0.047018647
0.049658127
0.058140207
0.073416695
0.10899938
0.0762135
0.07824663
0.0732808
0.07509998
0.09967823
0.14798275
0.08100124
0.07824417
0.09955049
0.0950183
0.17056414
0.15331626
0.70482635
0.8258413
0.8453045
0.7474026
0.71964455
0.15954447
0.11269249
0.119147435
0.0939889
0.11991736
0.662828
0.0963151
0.06689684
0.071234465
0.07372856
0.14777738
0.17238733
0.8415602
0.91427964
0.7733742
0.07694174
0.05434452
0.055919282
0.060204457
0.063022844
0.06338886
0.06414661
0.071690366
0.11821572
0.7721366
0.13506432
0.09781865
0.10964047
0.8348855
0.86024576
0.88262767
0.90741885
0.9222295
0.91635305
0.11809102
0.12911266
0.1456814
0.10880228
0.064393654
0.065225676
0.06995512
0.078001335
0.086617656
0.08631632
0.0746704
0.074918106
0.070056945
0.075769946
0.083878905
0.20703392
0.78405744
0.15835816
0.14574611
0.69887906
0.10894245
0.074467696
0.104404
0.07931381
0.10868438
0.7321704
0.7147197
0.66620374
0.15382946
0.14764811
0.59146494
0.17548107
0.18270741
0.71919
0.7757935
0.8547686
0.91819346
0.9213935
0.8920889
0.15225443
0.12517007
0.08076716
0.069361754
0.0743613
0.08089421
0.09798912
0.12972428
0.2874423
0.68597215
0.7728464
0.40811554
0.18950105
0.16303737
0.1949739
0.2512984
0.20516975
0.19692637
0.19189149
0.18973322
0.1708813
0.5843453
0.20403895
0.20711003
0.76052743
0.27267072
0.19203489
0.6078183
0.15039036
0.1990283
0.09408625
0.08244413
0.09621143
0.19029142
0.1956657
0.6511229
0.2201803
0.31975397
0.6656809
0.6557392
0.23491113
0.12395323
0.11866182
0.22562587
0.7510843
0.8025595
0.8807539
0.7920283
0.77508974
0.8926519
0.89631975
0.8006121
0.6879215
0.37023896
0.87065756
0.910622
0.8941002
0.69251096
0.60789067
0.6576742
0.6787245
0.6878215
0.6794771
0.08099311
0.055983767
0.05671043
0.06837008
0.1353614
0.2657653
0.79666334
0.09874225
0.058921043
0.05292461
0.05692298
0.08663135
0.8679808
0.91066986
0.9343297
0.9435105
0.92663676
0.8688155
0.07086527
0.05170926
0.050356846
0.063494414
0.107445754
0.7379207
0.12023345
0.072875105
0.05832797
0.060041156
0.063583806
0.10749207
0.8831581
0.87909466
0.8993657
0.91965085
0.89569485
0.87036514
0.8452644
0.811596
0.70386857
0.25329068
0.72379583
0.7927868
0.88818634
0.8086447
0.73520803
0.71772826
0.15387186
0.09890619
0.10342259
0.18424323
0.68547946
0.6793246
0.21427804
0.14499499
0.21688093
0.15056242
0.13229595
0.09893653
0.10773645
0.18782559
0.6721236
0.63784593
0.26931268
0.63405216
0.2777485
0.55677253
0.8322258
0.6933213
0.19929878
0.19492832
0.6410436
0.2028079
0.31185442
0.23729487
0.11924168
0.11095774
0.1601632
0.2185477
0.13795568
0.14895646
0.2911221
0.85455555
0.91477036
0.9227905
0.8952071
