0.83919054
0.85439116
0.85590214
0.28035527
0.24111368
0.09938727
0.08002981
0.09308628
0.08036161
0.113183774
0.17362869
0.18247548
0.14415726
0.7319208
0.7168254
0.710758
0.68439883
0.6868701
0.6858175
0.09808582
0.083420694
0.094393775
0.12661606
0.09198073
0.15144427
0.17148817
0.6985561
0.14115876
0.088260345
0.12770006
0.08291161
0.06873251
0.065863855
0.064037025
0.06736136
0.05739775
0.05943756
0.087875344
0.8634248
0.9191257
0.91400856
0.9128798
0.9093786
0.88821906
0.83958954
0.77908367
0.07126978
0.052004725
0.057053376
0.073971994
0.08473337
0.07551452
0.07579106
0.08011137
0.09446331
0.09707687
0.16090472
0.10915313
0.17215613
0.087835476
0.08230511
0.069630034
0.064107135
0.06140489
0.06519011
0.067722775
0.11538858
0.88582766
0.8518031
0.898206
0.9345972
0.90313715
0.8275418
0.07676461
0.056281198
0.07627235
0.058074392
0.0601294
0.06914592
0.1283812
0.096236005
0.14529173
0.16870013
0.80407506
0.785253
0.30604887
0.25027618
0.20693728
0.32022032
0.8297117
0.8417593
0.2614234
0.15891373
0.09355459
0.08174373
0.0925097
0.19698526
0.20394261
0.109953836
0.12714317
0.110544905
0.19503875
0.1625742
0.64836985
0.2619554
0.68336266
0.67493683
0.66700876
0.6683771
0.67500985
0.6791325
0.68789774
0.79048264
0.16219921
0.12773389
0.086303644
0.0861118
0.11224083
0.77806723
0.90250075
0.908347
0.778268
0.72659755
0.10374935
0.07497781
0.07900816
0.14727513
0.12796964
0.6393783
0.13579255
0.118385665
0.22850141
0.15485254
0.11405283
0.1844228
0.099130735
0.09598057
0.122661464
0.77017397
0.86944413
0.7850023
0.7738336
0.85608566
0.706333
0.64892524
0.5959578
0.18938686
0.19095452
0.7100376
0.8723874
0.8787112
0.2921072
0.08423096
0.063987695
0.073160805
0.07191951
0.11581755
0.08516004
0.13275588
0.71683496
0.1372236
0.09254241
0.16412212
0.20229675
0.20112221
0.90586454
0.9291915
0.8357536
0.078488454
0.0603864
0.057823516
0.060340658
0.087105274
0.69398755
0.6745551
0.68847996
0.68923944
0.65547955
0.11167142
0.08776267
0.12433654
0.14723949
0.8838953
0.9063199
0.9159027
0.9300269
0.91075397
0.8801332
0.7995685
0.08236346
0.07049778
0.06648212
0.09228113
0.6843633
0.6949187
0.19087063
0.097548924
0.10279314
0.09181971
0.15325211
0.120254435
0.18311661
0.26178056
0.7934784
0.67043775
0.16044268
0.115690745
0.09999382
0.10844241
0.19729926
0.16773531
0.67971945
0.6998759
0.8419694
0.72635204
0.6809922
0.13122822
0.12480919
0.6212775
0.09324021
0.06706564
0.074534066
0.11962008
0.77883416
0.7572237
0.099931754
0.06452206
0.06608515
0.099751614
0.10417444
0.073651016
0.08396432
0.1969799
0.86473846
0.1328789
0.06292917
0.05260889
0.052616518
0.057950426
0.09473201
0.890884
0.92928845
0.9454671
0.9256382
0.86885536
0.06867761
0.04769337
0.049235348
0.053417686
0.056941237
0.058394745
0.062126745
0.058306735
0.07068748
0.13631901
0.9018913
0.9339488
0.91939026
0.12426982
0.06557803
0.06470598
0.09575451
0.76023734
0.7541454
0.73991495
0.10224508
0.06891338
0.06868967
0.103090584
0.7384581
0.69099367
0.1803186
0.19941922
0.8334559
0.6912717
0.11504866
0.11069163
0.08731869
0.097329296
0.14766207
0.21161751
0.86240035
0.89452904
0.8847984
0.8123647
0.86390126
0.849494
0.7137191
0.6623409
0.6774058
0.6739165
0.6937132
0.7954442
0.67295575
0.6403918
0.21463661
0.2353567
0.8172564
0.27034253
0.088057615
0.06939199
0.07810257
0.13664335
0.75190294
0.74434197
0.10230561
0.07358315
0.06914085
0.08299596
0.07177927
0.07074693
0.066564254
0.06218841
0.05833664
0.057260346
0.067626856
0.2269193
0.9195803
0.93853414
0.9180435
0.24769479
0.091196164
0.12062113
0.78512293
0.7779646
0.0882091
0.05970352
0.059883844
0.06382289
0.0670498
0.07118712
0.07630686
0.11911061
0.15857644
0.74029535
0.10304474
0.06424134
0.061819434
0.0686441
0.11886739
0.6783472
0.1599213
0.20298998
0.8778619
0.9135967
0.91805726
0.9066126
0.8492797
0.8457271
0.89131165
0.8500586
0.82715416
0.85929406
0.12493235
0.10142445
0.085525714
0.15371743
0.21397175
0.7063195
0.09401067
0.062417556
0.06359811
0.09816929
0.83740884
0.8498693
0.85333383
0.8935433
0.09862133
0.06438263
0.06851974
0.124751925
0.8236231
0.14896618
0.09200754
0.077999316
0.120229095
0.123042226
0.6632756
0.10631404
0.083667934
0.07556067
0.10631755
0.7309918
0.7293129
0.72919744
0.09205049
0.059414778
0.05833716
0.05831525
0.060428258
0.07241829
0.13009244
0.87739486
0.79637015
0.11458233
0.094616845
0.2098496
0.9025681
0.92354
0.9053046
0.2664538
0.09714439
0.13662024
0.83122945
0.11213714
0.093016684
0.06445422
0.057733294
0.07328821
0.066244826
0.112506375
0.90274626
0.93323034
0.93402976
0.89579684
0.08838008
0.06351351
0.07097713
0.11604839
0.8785767
0.9201985
0.9208038
0.8839898
0.12650165
0.11806798
0.6535742
0.09039373
0.057427093
0.05446929
0.056308668
0.053901132
0.060050376
0.11348401
0.88354766
0.91124797
0.93476987
0.9285734
0.9231778
0.9181256
0.90816563
0.073100515
0.046393447
0.043242063
0.047992133
0.05499942
0.07107114
0.20664254
0.82421255
0.15509611
0.14130148
0.67879665
0.67826486
0.68754727
0.8319149
0.16889249
0.10989096
0.08829611
0.12234929
0.7940647
0.86676145
0.13447338
0.12733212
0.08541769
0.12488827
0.8942077
0.92925787
0.9414322
0.9363569
0.86422455
0.07202004
0.05401972
0.061469052
0.09196533
0.730196
0.6838134
0.10531024
0.08377543
0.14340618
0.22300044
0.75140655
0.72602415
0.6931306
0.12604587
0.09760592
0.13623132
0.88365644
0.9097738
0.91865367
0.9320711
0.8773791
0.78335774
0.06851791
0.049060274
0.048052285
0.05775961
0.05986245
0.09591706
0.07424296
0.13266227
0.88502914
0.90812534
0.89252424
0.8274366
0.079899535
0.055404242
0.058222696
0.06918988
0.21994488
0.89235234
0.8495415
0.9117214
0.77929586
0.080503345
0.06434836
0.05316107
0.058304876
0.080447264
0.08504504
0.15210913
0.8883795
0.9157996
0.9145781
0.8659416
0.82702214
0.7978369
0.8009298
0.85009325
0.9048614
0.91069776
0.8817662
0.84273756
0.81770104
0.80717963
0.75007826
0.2670725
0.6783065
0.14006741
0.13347417
0.10583542
0.12970346
0.610682
0.16678593
0.18944716
0.18467633
0.15538451
0.18748558
0.7274315
0.81674474
0.89752126
0.90863067
0.8944998
0.8950137
0.8550099
0.797669
0.7222255
0.68472034
0.6552755
0.30103537
0.4007089
0.49206483
0.68274415
0.7913905
0.47481215
0.26568
0.35608178
0.42772055
0.6666459
0.753608
0.86304843
0.86752146
0.42464164
0.117705755
0.08611077
0.076000884
0.09147031
0.07607445
0.0949019
0.08291181
0.12802283
0.87578094
0.86218977
0.90242016
0.82711565
0.8669768
0.9169438
0.87112284
0.78772575
0.07900014
0.05692216
0.0556426
0.07213242
0.15373473
0.17758434
0.6183918
0.15335514
0.14985445
0.21990019
0.6671852
0.75782967
0.6387822
0.5736555
0.15553908
0.12328367
0.13478719
0.11471533
0.12829158
0.22278586
0.7551111
0.88944834
0.90149134
0.8694851
0.44772407
0.22142778
0.33243376
0.36754662
0.6435002
0.65261626
0.13679324
0.098790735
0.1145785
0.11312861
0.092171155
0.12703294
0.18842284
0.17132597
0.19666146
0.8719995
0.8960729
0.8043992
0.79633003
0.8802616
0.824248
0.8746561
0.75440377
0.6672263
0.095912494
0.074803784
0.08144405
0.18111195
0.88012606
0.88028175
0.8614665
0.860289
0.85088974
0.82845056
0.87482953
0.22551773
0.09596547
0.097938344
0.14550175
0.8494697
0.87724465
0.73861104
0.69874823
0.81472796
0.67570823
0.67356944
0.68939203
0.68326527
0.7198535
0.7512875
0.3685504
0.19455376
0.073455766
0.061313935
0.05346728
0.054118015
0.0659965
0.27646908
0.90394855
0.911559
0.9274654
0.9148694
0.92498666
0.9033744
0.9259604
0.8769487
0.81681114
0.07889566
0.051297996
0.052952282
0.061469823
0.066749245
0.07301804
0.08474515
0.095784426
0.093830705
0.07752173
0.0759244
0.068906106
0.078752205
0.06926013
0.09729635
0.780184
0.7720761
0.17643355
0.15552916
0.25654033
0.900544
0.9258467
0.92894864
0.8355465
0.11922112
0.16912143
0.31600428
0.8633025
0.12754247
0.06189708
0.05683266
0.057567507
0.08609819
0.07421615
0.16897723
0.85972345
0.89925146
0.9284264
0.93050647
0.92103153
0.8562558
0.89419895
0.76860607
0.123152345
0.1695919
0.11158622
0.08250592
0.09072679
0.18135525
0.1843815
0.12723538
0.14975294
0.6320716
0.5817869
0.24594674
0.22637974
0.19131428
0.25982246
0.66813964
0.76722294
0.6610619
0.6885152
0.8142134
0.72104543
0.6904464
0.19105205
0.12989426
0.07722918
0.07203143
0.09039167
0.09539809
0.09600498
0.11316661
0.6803559
0.13341092
0.13953099
0.6807008
0.10240675
0.07787963
0.082920596
0.48666278
0.92017996
0.9433481
0.9328359
0.8983834
0.08762163
0.052505832
0.055368237
0.05420725
0.06448137
0.09804469
0.6890145
0.12165414
0.15285504
0.12931079
0.0721265
0.07017964
0.088700466
0.1961161
0.36930838
0.8717636
0.8950305
0.8883585
0.8590386
0.7044865
0.13267593
0.103709854
0.11593958
0.09441188
0.121702366
0.636901
0.114627816
0.08922825
0.124798276
0.6220348
0.11659925
0.09974911
0.20197843
0.8697134
0.8336162
0.7937363
0.78388697
0.83589363
0.8828891
0.9180786
0.90600824
0.9120429
0.93087363
0.9182972
0.14392363
0.052025676
0.04592145
0.05052638
0.05708302
0.057942264
0.05360646
0.05279411
0.061245643
0.16966414
0.9081737
0.9262808
0.9373578
0.9392208
0.93939674
0.9345799
0.8831327
0.10434937
0.05729498
0.060321044
0.09613103
0.6974171
0.10009591
0.0833754
0.06372458
0.06468684
0.07589499
0.070103034
0.09808961
0.7101947
0.13587907
0.18628664
0.21832196
0.8896506
0.92036766
0.91000175
0.12179957
0.09891499
0.13507125
0.82223326
0.10857784
0.07192022
0.08571389
0.14109586
0.8473607
0.31554034
0.10716605
0.11938663
0.6463865
0.11492436
0.09916866
0.16322744
0.12946102
0.17700338
0.7963115
0.70748836
0.7633282
0.8663346
0.8490751
0.89285475
0.88504004
0.7637691
0.12477003
0.09202499
0.081192516
0.08628076
0.09208431
0.10612728
0.14609669
0.122941606
0.14679316
0.118743606
0.14198476
0.12554851
0.18224251
0.2512696
0.81272274
0.6644927
0.1354957
0.1598472
0.10811308
0.0988536
0.11455901
0.6513587
0.12203494
0.12112279
0.66583914
0.09810518
0.07167303
0.09414315
0.11041908
0.6806978
0.095753916
0.06888339
0.0696415
0.17448215
0.28639114
0.91117036
0.938945
0.9450169
0.94214016
0.91806877
0.079375334
0.05467783
0.054797966
0.087595515
0.13015895
0.75950366
0.10614675
0.07426176
0.0799401
0.1431097
0.8374942
0.115553305
0.067617744
0.06830286
0.123313926
0.15831894
0.12082684
0.14618146
0.8007977
0.11250676
0.07008072
0.07313806
0.14637926
0.7584926
0.260683
0.8515014
0.8941937
0.897504
0.87833345
0.8420624
0.7705357
0.189233
0.698579
0.10050946
0.06347948
0.06399324
0.09022317
0.7738041
0.883386
0.8016699
0.77282953
0.746863
0.30297145
0.2173927
0.108188726
0.15525903
0.08584333
0.08441127
0.09849003
0.19397044
0.11963571
0.14323978
0.11223418
0.11973077
0.20316678
0.09208112
0.078136966
0.07875656
0.10670857
0.6831495
0.6814364
0.66995424
0.68709934
0.20650235
0.09404579
0.08457126
0.12914598
0.8297002
0.36456618
0.8627494
0.19755095
0.07293188
0.06785746
0.07328401
0.09892014
0.8709036
0.90900254
0.9262653
0.9355983
0.89318323
0.8320446
0.09408271
0.11059517
0.116062015
0.09043439
0.09767826
0.13034652
0.73717165
0.10346321
0.06984923
0.06863568
0.08143871
0.070045285
0.068631776
0.069869235
0.08416153
0.13830397
0.1526677
0.7398034
0.85661554
0.86343867
0.76154006
0.70744723
0.70283806
0.69064677
0.7378156
0.8332733
0.37817493
0.29398817
0.102511786
0.0762979
0.07939549
0.13950704
0.13240393
0.7226966
0.7065223
0.09360607
0.061922383
0.063867405
0.06811919
0.07228759
0.08128209
0.13363892
0.8876972
0.8260473
0.81446123
0.09024988
0.055442367
0.05036422
0.059281543
0.09336726
0.8778057
0.9278727
0.90989137
0.8580565
0.8205048
0.08020879
0.052618276
0.051197026
0.06246161
0.2773204
0.9170536
0.94331765
0.9398134
0.8433683
0.069415055
0.052146405
0.05773196
0.120516986
0.15518989
0.07538348
0.08061712
0.071078464
0.08696846
0.11161494
0.6722617
0.11645651
0.09788176
0.14491753
0.27003792
0.75773245
0.816255
