0.38570222
0.1829163
0.15317494
0.20718604
0.6054884
0.1357686
0.10626612
0.1353655
0.17976125
0.11429588
0.12659387
0.74736315
0.88475984
0.88575554
0.7194038
0.7107362
0.758957
0.883019
0.856319
0.90615517
0.88205355
0.10952861
0.07729316
0.10276683
0.13582776
0.08767703
0.1097081
0.6166896
0.12846738
0.16010433
0.09071548
0.09998666
0.09369892
0.1627205
0.8093284
0.8369272
0.9094567
0.79548377
0.1315781
0.063920096
0.055638403
0.06489685
0.103781596
0.15021515
0.82633764
0.7064684
0.09772934
0.06469282
0.06183912
0.09312275
0.066126995
0.07536402
0.2924065
0.91267365
0.93788356
0.93863213
0.9159922
0.14311
0.063585244
0.064616024
0.09566054
0.8526656
0.9133238
0.82335746
0.09923683
0.08855228
0.11402082
0.8499661
0.89176655
0.88624746
0.8029096
0.12386066
0.1570879
0.2194115
0.88026863
0.8125398
0.08491047
0.058984946
0.06159899
0.096163034
0.82636845
0.90057254
0.82627475
0.8316794
0.8802343
0.16056693
0.083403476
0.08435266
0.13256542
0.76684386
0.8196532
0.9150152
0.92546
0.90877485
0.77052695
0.7013712
0.15030365
0.13894242
0.18915866
0.81443214
0.7649948
0.85317236
0.7279808
0.70564634
0.68585587
0.22064783
0.108644806
0.10989344
0.20015216
0.26715672
0.6667494
0.15513289
0.08949568
0.09492603
0.07547396
0.115044765
0.07237395
0.09172771
0.23616953
0.90164477
0.9412391
0.9453015
0.92662865
0.10323261
0.050987303
0.045974247
0.053255577
0.059171084
0.09195616
0.081315875
0.15779543
0.63537467
0.23899052
0.67947686
0.7061535
0.8576431
0.84032935
0.1836424
0.16735485
0.5116007
0.16115344
0.17423885
0.8434059
0.91947716
0.9304173
0.9228308
0.8555497
0.7501438
0.16705735
0.18542203
0.5726418
0.2266268
0.3406368
0.82108504
