0.7848901
0.79391104
0.76251954
0.7715395
0.83154345
0.896408
0.9132478
0.9157167
0.90705454
0.8642036
0.3098406
0.2072572
0.26665717
0.37610465
0.43735915
0.4158786
0.7839878
0.21161616
0.17604725
0.1096037
0.12324214
0.08702161
0.08052461
0.082265414
0.10907759
0.09212
0.10564003
0.17686363
0.7142561
0.813363
0.23088095
0.16063231
0.10073788
0.094414696
0.117864676
0.63550484
0.6555083
0.6479702
0.6144598
0.59480244
0.13543598
0.1065747
0.13902071
0.16073714
0.8196012
0.7007861
0.6530605
0.635565
0.15261438
0.18292508
0.13659209
0.21134083
0.7873417
0.6570308
0.62429166
0.18117097
0.15654145
0.24335526
0.21737468
0.7849889
0.65806144
0.66458875
0.68520015
0.20604518
0.13494995
0.07857001
0.06933144
0.07476466
0.08193969
0.10362945
0.15795797
0.80585146
0.6552145
0.13316032
0.10491853
0.15071392
0.10130082
0.1301332
0.139494
0.7815347
0.8993618
0.8901861
0.12605672
0.063769795
0.055350818
0.06417137
0.10194522
0.7589789
0.77888626
0.19546606
0.09713181
0.05703067
0.053935226
0.054494996
0.05445391
0.06684199
0.269763
0.9069944
0.9338489
0.9435514
0.90704125
0.09289287
0.054496698
0.05957263
0.080681995
0.057525296
0.061440043
0.091302216
0.14017327
0.7477637
0.7376118
0.7812734
0.8804647
0.8349432
0.9007026
0.8950563
0.78230953
0.822421
0.12264567
0.098208405
0.12781535
0.13575037
0.33667135
0.8254868
0.7858245
0.86593693
0.8546099
0.71285594
0.61032516
0.28863811
0.14956242
0.13295622
0.2144786
0.10812288
0.098369256
0.12690032
0.127695
0.09701551
0.103156805
0.15690412
0.62307185
0.26529646
0.25204483
0.17907615
0.6022054
0.19802243
0.61596507
0.1398183
0.14613166
0.2116059
0.20380296
0.7427892
0.2419307
0.12988165
0.06330757
0.058157396
0.06005305
0.07836863
0.058131136
0.06283388
0.121663615
0.8848526
0.92624444
0.9358143
0.93416405
0.9204423
0.90978646
0.9012314
0.16606675
0.06867422
0.072521225
0.11467323
0.84047693
0.90629095
0.89183706
0.89187044
0.9144085
0.9136672
0.8999788
0.91189563
0.91413146
0.91108197
0.8989115
0.9075889
0.90271914
0.90993893
0.8942668
0.90322477
0.9195052
0.894995
0.10457241
0.06773366
0.07563673
0.11469489
0.15509792
0.23381627
0.2054052
0.25541416
0.17777306
0.2112194
0.7384211
0.29194668
0.34488112
0.48103178
0.8050438
0.76553553
0.8304235
0.7466176
0.69882274
0.17762557
0.126821
0.105322845
0.10181951
0.13793519
0.14682737
0.1281406
0.22715935
0.16030136
0.6225078
0.2403072
0.15514033
0.105018586
0.10271256
0.15227635
0.8789526
0.91395646
0.9078218
0.797348
0.7646348
0.8619275
0.7191038
0.13017887
0.07962963
0.07865629
0.13996786
0.14475662
0.23091616
0.23150524
0.13720647
0.14521714
0.6258444
0.58997923
0.18743148
0.14949308
0.118215494
0.18411566
0.15868078
0.76350445
0.8902322
0.89371926
0.7884628
0.8985306
0.8987649
0.7420193
0.10176285
0.10052791
0.08741233
0.17834648
0.17706111
0.08922224
0.08460831
0.111749746
0.12066938
0.10133075
0.11006876
0.08200651
0.083018266
0.11233585
0.66664475
0.1396579
0.18228877
0.14818847
0.088597156
0.10560596
0.7198526
0.72921354
0.728869
0.1133164
0.07354301
0.10112112
0.1116698
0.08995782
0.30630475
0.9061527
0.8989353
0.87592494
0.15769699
0.09182788
0.056812532
0.059029758
0.092471175
0.861129
0.89836115
0.90750474
0.84733
0.077539094
0.052437633
0.05024464
0.06366466
0.12353179
0.886906
0.91129845
0.91631067
0.122136146
0.060841743
0.06142219
0.067636505
0.07219257
0.15654093
0.802274
0.7920846
0.7960472
0.7890058
0.7839139
0.7578564
0.097270794
0.07077428
0.09267236
0.10150838
0.07557493
0.07467302
0.08006823
0.09971064
0.17941628
0.16084974
0.14659788
0.17666951
0.64983636
0.63989335
0.6508069
0.62088776
0.25154364
0.25234017
0.6257419
0.64343137
0.73969924
0.3549111
0.27972072
0.23510405
0.5087693
0.5909879
0.521502
0.23336792
0.17528446
0.21447696
0.559268
0.16983797
0.23484454
0.1548349
0.109270945
0.13490911
0.13799036
0.11549011
0.18626076
0.6647446
0.15487885
0.19838761
0.098836206
0.06328856
0.059209548
0.06765107
0.123185314
0.84686774
0.92412865
0.93244684
0.9079406
0.12319009
0.084711
0.12621814
0.8158453
0.0971963
0.061616533
0.06056624
0.06407765
0.06854005
0.07801549
0.11867625
0.72530687
0.09755779
0.06296748
0.05612796
0.056735776
0.07357127
0.60529464
0.9262328
0.944624
0.9196414
0.87747806
0.07903271
0.05062705
0.0522843
0.060740948
0.08125224
0.075340815
0.07032278
0.06896397
0.06402807
0.060539167
0.060687114
0.06862372
0.09966755
0.80408406
0.7892334
0.86487824
0.92448187
0.92424524
0.85203946
0.86252
0.13969229
0.12163109
0.3538754
0.9027028
0.92451
0.83641803
0.79042125
0.07814402
0.052891754
0.050306365
0.05950224
0.112590455
0.1076155
0.119980186
0.76686513
0.75220805
0.7685759
0.87984395
0.733157
0.12956603
0.11719566
0.21253209
0.20863722
0.13531937
0.23477231
0.17044461
0.13383584
0.23429757
0.16954681
0.3218503
0.6317766
0.27254096
0.45491168
0.65136075
0.85307014
0.8613357
0.74304616
0.73152333
0.83703464
0.7358332
0.708802
0.17704146
0.12908342
0.09676606
0.069194674
0.074778415
0.12721069
0.82608026
0.8876031
0.10250029
0.05875738
0.053306334
0.055943716
0.05945985
0.09016839
0.8344989
0.8516651
0.8795242
0.90309805
0.8584803
0.07997437
0.05278458
0.05138873
0.07071613
0.071870476
0.13033456
0.8390871
0.22365417
0.0917343
0.091632836
0.1721698
0.23438305
0.3708916
0.8379642
0.77532375
0.87765014
0.8786469
0.8074306
0.87703013
0.87733555
0.77483845
0.74603385
0.72997385
0.6687046
0.15585619
0.16265684
0.1354484
0.21996725
0.216306
0.13356197
0.15459844
0.1340625
0.15781984
0.6057796
0.60508186
0.22495794
0.2794284
0.18402681
0.21888748
0.29002073
0.25277767
0.22640225
0.64997786
0.6459661
0.1489911
0.10707466
0.095653504
0.111365594
0.23537162
0.10942578
0.0922826
0.09144684
0.10354635
0.19477029
0.098914176
0.087835215
0.09603157
0.12879896
0.6895328
0.66015154
0.631639
0.19115879
0.16687681
0.25704172
0.62524873
0.7962208
0.3753524
0.28893575
0.16618614
0.20036711
0.6244125
0.11840314
0.08018646
0.07349027
0.08222763
0.106242165
0.21096142
0.8512535
0.8354191
0.26110733
0.32994214
0.57945037
0.5269223
0.19702828
0.1929818
0.68084794
0.8605699
0.87022364
0.8286237
0.123575695
0.07972754
0.06949365
0.07983618
0.12156555
0.13628457
0.6909677
0.688751
0.6862865
0.8285058
0.68823665
0.6533288
0.66267484
0.1235261
0.066719435
0.058543533
0.061778177
0.07681792
0.07559192
0.112687364
0.7918449
0.75935453
0.7437843
0.69435537
0.13067046
0.1299273
0.6633978
0.18617459
0.08064475
0.06799633
0.07619963
0.11123654
0.74835974
0.8770989
0.894414
0.8784167
0.830464
0.18175747
0.13680026
0.14782582
0.63848794
0.13602987
0.0979557
0.11447826
0.08131722
0.075894
0.08019063
0.10384248
0.23665456
0.35773438
0.8192967
0.66374105
0.6484155
0.65827686
0.8072339
0.67356646
0.6432392
0.62424785
0.6575173
0.79396456
0.6209124
0.10512584
0.07606908
0.07887848
0.14920262
0.16243622
0.13244279
0.72275496
0.7575981
0.90016145
0.8951608
0.30607417
0.17825162
0.7072738
0.6789288
0.10204671
0.07997239
0.103650875
0.8226734
0.8826174
0.90018857
0.9033129
0.9047764
0.9085686
0.9161896
0.9072999
0.9074192
0.9190157
0.9119418
0.9007671
0.8776021
0.8104864
0.09010638
0.07653061
0.10513127
0.7286129
0.72658825
0.17977786
0.24209888
0.7431385
0.8437096
0.14863509
0.14388339
0.12339401
0.092061855
0.106928535
0.21782786
0.8386938
0.78296274
0.90064913
0.91812915
0.9071902
0.80807704
0.75249475
0.21208563
0.15002757
0.08467618
0.084783524
0.11158816
0.084191576
0.08719572
0.096605144
0.12999183
0.10737704
0.12473165
0.09201361
0.08605266
0.08906878
0.11966638
0.11407523
0.16879375
0.83571833
0.7381828
0.7134554
0.15533845
0.14386307
0.65551263
0.12105431
0.07126787
0.07322141
0.070079856
0.063112564
0.089001454
0.84813637
0.89879555
0.9279368
0.92324114
0.927293
0.9040427
0.8761384
0.8695873
0.8276769
0.08592873
0.0692419
0.11704453
0.122427925
0.07309021
0.104540646
0.07651957
0.099509194
0.7052921
0.7500393
0.88707757
0.8954441
0.8326849
0.90205866
0.91289455
0.89729804
0.7735386
0.7164508
0.65065616
0.1420196
0.12486771
0.18748158
0.1309165
0.15021993
0.55472046
0.6439054
0.64612275
0.69116485
0.80356145
0.27335754
0.17430551
0.24155402
0.18753092
0.18127629
0.809088
0.8814318
0.90617704
0.9194702
0.86950314
0.75448436
0.14783578
0.18905185
0.16348937
0.15875246
0.40493724
0.87280744
0.89039403
0.78621256
0.70867896
0.18163577
0.21188012
0.11661676
0.10798844
0.11743575
0.1531133
0.6236011
0.68175656
0.76120853
0.26435155
0.23682448
0.58344346
0.527763
0.18695836
0.16545226
0.17239586
0.2706982
0.22160247
0.62159276
0.61415386
0.62924606
0.15872769
0.11523876
0.101581976
0.10822552
0.13582264
0.62977517
0.16931328
0.1491363
0.20591688
0.6483235
0.6520603
0.14196447
0.097308606
0.089108996
0.11438021
0.6325888
0.13516557
0.1333323
0.12862322
0.6443266
0.15607007
0.1037357
0.15613185
0.10361182
0.14032309
0.85405093
0.7828172
0.8014286
0.9127318
0.89138865
0.094475456
0.067337856
0.08269493
0.09220195
0.21730308
0.7763698
0.23849341
0.31617507
0.61650544
0.74216056
0.5889405
0.21517861
0.15638542
0.19557199
0.5961884
0.268174
0.22217447
0.111758925
0.107484974
0.1996241
0.1908042
0.85408556
0.7581883
0.71758884
0.09696224
0.07716722
0.06120976
0.06857283
0.10279802
0.15178771
0.6621565
0.22397499
0.13808568
0.23076539
0.64738584
0.12915744
0.096519925
0.14665018
0.101785585
0.08246778
0.10580162
0.70275545
0.68385965
0.15837282
0.10552768
0.14961873
0.883653
0.88883156
0.094185725
0.059887372
0.062834755
0.111288905
0.10282889
0.062431857
0.06959947
0.25303876
0.89172816
0.8653554
0.86726505
0.91241574
0.93344843
0.9284498
0.9216089
0.9154161
0.09894032
0.049167622
0.045062266
0.05283058
0.068135135
0.10832733
0.08502305
0.10085483
0.77586627
0.753745
0.7400004
0.69106644
0.11849763
0.1052631
0.23207334
0.85883707
0.9065743
0.9354408
0.916214
0.093695626
0.056813147
0.055298515
0.07211375
0.06137484
0.06341132
0.07606639
0.12942076
0.8065563
0.18719879
0.18485312
0.8045491
0.8255249
0.8253093
0.79894143
0.1977949
0.22530912
0.8169017
0.14568077
0.105639756
0.12782466
0.66983455
0.1320265
0.0962222
0.103256166
0.15124638
0.70979345
0.16543421
0.11503655
0.1641106
0.10573844
0.08920366
0.104358554
0.15388395
0.0982827
0.09256394
0.12693538
0.09623368
0.10152934
0.13231435
0.7045144
0.6807431
0.6995964
0.71252364
0.34981573
0.24243118
0.673395
0.2871789
0.11450146
0.090770565
0.10301176
0.17398112
0.18353416
0.78186315
0.16859001
0.13139553
0.17770249
0.21740538
0.6513135
0.21732987
0.15223242
0.17322403
0.67285305
0.12984182
0.09485144
0.08436459
0.08748539
0.14291647
0.16706955
0.17186132
0.7077878
0.7440482
0.8554177
0.7847664
0.8687597
0.7612804
0.1696347
0.17802018
0.13571142
0.08160766
0.07595261
0.082199804
0.11595989
0.6463614
0.6524234
0.6391077
0.15080261
0.13827616
0.10897745
0.16612825
0.11130432
0.15237838
0.8724565
0.87480414
0.909226
0.8702689
0.8179644
0.794861
0.80007905
0.8378776
0.914216
0.9204244
0.8859899
0.14299178
0.1321215
0.13081476
0.11612866
0.22771458
0.20449804
0.831765
0.71757805
0.1055279
0.06981414
0.06368079
0.07669821
0.06939106
0.096578404
0.7853382
0.79573447
0.86444885
0.91644114
0.84329444
0.801498
0.1835612
0.097885504
0.07783104
0.06926568
0.10720363
0.8851196
0.9290899
0.883421
0.08359412
0.058276545
0.06256329
0.1218842
0.24010254
0.90342116
0.86044675
0.09332135
0.06424191
0.08601654
0.062268622
0.06141923
0.06032706
0.058686286
0.05807748
0.06579772
0.15452388
0.37941167
0.9031819
0.92248785
0.9199174
0.14915669
0.08105144
0.058172192
0.06067698
0.09535991
0.77770376
0.7616787
0.74800557
0.110236175
0.08232346
0.1224564
0.21973579
0.09028626
0.10464225
0.07227839
0.0709336
0.089717664
0.08093348
0.11368967
0.8235112
0.8574758
0.86957955
0.85076696
0.7975398
0.10555442
0.07458349
0.07852322
0.11085346
0.68219453
0.6741516
0.6936686
0.7169846
0.7481467
0.8613033
0.7731929
0.7420111
0.73252285
0.70065403
0.13208324
0.100174434
0.11432578
0.27032897
0.25510177
0.1134549
0.101665825
0.12655538
0.107776426
0.12369836
0.20319015
0.7094872
0.83940977
0.85233414
0.737444
0.71940523
0.8321289
0.34628892
0.11148111
0.08245721
0.07683994
0.08471604
0.13827199
0.8597785
0.8152283
0.78461075
0.76280224
0.7876233
0.78801006
0.7436014
0.11086058
0.084523
0.10092042
0.0916854
0.11064363
0.18779963
0.646514
0.63613987
0.6559821
0.64258516
0.6697758
0.75378585
0.8687895
0.883269
0.8606492
0.8932176
0.8992224
0.87888193
0.7390433
0.1572124
0.12587473
0.122308314
0.16108721
0.19109234
0.5729593
0.17732142
0.12123694
0.14088964
0.14013232
0.70214903
0.83733934
0.6859723
0.60205066
0.58943856
0.6396252
0.6668457
0.6960889
0.8475718
0.6885994
0.13270006
0.10294855
0.08355254
0.11982147
0.87806684
0.89916193
0.93058956
0.9330612
0.9175112
0.7441557
0.08862158
0.08877404
0.15275668
0.26109958
0.8331054
0.7448458
0.8626481
0.8106397
0.9058954
0.91780716
0.89824176
0.3080919
0.11355455
0.08807694
0.13796577
0.15118662
0.73410195
0.1541798
0.07199856
0.06195709
0.06997572
0.104066186
0.6960447
0.09539135
0.06433019
0.06594399
0.12925193
0.91276294
0.9422957
0.93426734
0.8908909
0.08003476
0.049667794
0.049870875
0.055565264
0.062700376
0.06532695
0.07125496
0.10323114
0.15497328
0.77415675
0.11038409
0.074601136
0.07263917
0.11064432
0.088915735
0.07598291
0.10900362
0.07930067
0.10888359
0.76288813
0.8539631
0.30183658
0.10982804
0.09423361
0.106285326
0.15478267
0.80598766
0.7636928
0.87521935
0.892182
0.87475634
0.80665976
0.86654454
0.86660093
0.7785748
0.694989
0.21182549
0.24577397
0.12587087
0.10272563
0.10078016
0.1183181
0.2107649
0.725574
0.8357546
0.7144198
0.70011425
0.7945339
0.64164656
0.21458252
0.29363278
0.28056967
0.18565544
0.6297769
0.11823833
0.08109591
0.078982264
0.10554717
0.100062236
0.18428841
0.17487717
0.6524317
0.6647383
0.6857569
0.85772806
0.7342841
0.72850275
0.22368793
0.122245066
0.114274666
0.6524882
0.09028506
0.07022057
0.070293635
0.08248525
0.13154979
0.74165344
0.11818378
0.07287218
0.067946255
0.067806825
0.063960694
0.059452835
0.0556759
0.055308096
0.06903155
0.47469333
0.9164055
0.9313339
0.9411832
0.9318555
0.9175081
0.91854525
0.094546236
0.048121426
0.043871187
0.0480101
0.052432027
0.05689681
0.06461305
0.109907106
0.8340655
0.21052626
0.49565744
0.91410667
0.90970916
0.09975271
0.06710536
0.057477217
0.081885524
0.05932364
0.0650399
0.12056927
0.1634533
0.8492349
0.91131175
0.80276203
0.09363872
0.06724418
0.07262024
0.1627726
0.7381023
0.1061706
0.077379875
0.099304505
0.84487647
0.8943377
0.91356266
0.9049211
0.89203423
0.84742695
0.07396212
0.050456215
0.051137216
0.058537025
0.0643351
0.07482873
0.11660632
0.72568613
0.111307874
0.08307561
0.076881506
0.11657026
0.079570994
0.10801771
0.17086515
0.7236538
0.13042639
0.1230969
0.13021329
0.13036081
0.70005405
0.6651576
0.12965806
0.09865124
0.11974382
0.78440404
0.80120134
0.8944985
0.7382782
0.09939807
0.08331335
0.10578829
0.70442116
0.80679476
0.164285
0.13406876
0.1860806
0.8860331
0.9198357
0.8828075
0.84049404
0.8670576
0.13083234
0.09779238
0.13296162
0.6982082
0.7249473
0.30197817
0.09655722
0.069704294
0.06892626
0.08145077
0.114445075
0.10377876
0.20474555
0.12773882
0.24809651
0.2540514
0.19721441
0.08713022
0.08485343
0.07529901
0.12878934
0.9041072
0.93561584
0.93111056
0.79485065
0.081686266
0.07343178
0.12005411
0.13845642
0.79977524
0.1939619
0.14641957
0.13778988
0.12547562
0.215851
0.80493826
0.68177176
0.6461651
0.122699715
0.112958714
0.09076352
0.13198416
0.24543968
0.7073831
0.09673848
0.06643871
0.06490935
0.06395148
0.06485558
0.073267415
0.1067298
0.744752
0.123076
0.0829448
0.1154609
0.8454399
0.8684303
0.91902226
0.9400542
0.92651874
0.9245409
0.18000984
0.06108026
0.071342215
0.061685402
0.094438925
0.0845237
0.079349004
0.12325995
0.097285785
0.082861066
0.09936512
0.12440069
0.07910081
0.07268573
0.06902279
0.06527998
0.060890887
0.059492048
0.066302
0.123650536
0.9013281
0.9211829
0.91540354
0.9164029
0.87119305
0.83024174
0.8727758
0.91221917
0.8991215
0.88686234
0.8823187
0.88534474
0.08826509
0.05584811
0.05472926
0.06783862
0.12624243
0.68791145
0.66811675
0.123367146
0.10829935
0.07503164
0.07708799
0.14784996
0.16028565
0.13722092
0.85096854
0.91476744
0.9186507
0.92327356
0.91015446
0.9115132
0.9267552
0.9253624
0.8947905
0.10848728
0.09596828
0.10520594
0.11218076
0.5773596
0.15813774
0.23960796
0.18482132
0.7251046
0.841113
0.3366504
0.10860805
0.08805467
0.10363766
0.11099432
0.764462
0.840274
0.9004037
0.8429042
0.81144345
0.870894
0.9144397
0.8897596
0.24989867
0.39086917
0.721328
0.112618364
0.08534657
0.1054217
0.1021993
0.20002764
0.12920053
0.1951555
0.2067307
0.76635814
0.3134497
0.66153866
0.5891386
0.15627985
0.13406138
0.14314206
0.18744469
0.6853595
0.7242667
0.73238635
0.7544006
0.74452317
0.7515548
0.7681881
0.84254235
0.83448637
0.88893855
0.90185887
0.8858953
0.77573246
0.26312944
0.14646032
0.12784426
0.13474338
0.20142005
0.6075802
0.34450307
0.7711063
0.666343
0.6394874
0.20500757
0.18769914
0.60743743
0.17490882
0.18853125
0.2406154
0.10182625
0.081187144
0.07678781
0.085498065
0.10890601
0.25295466
0.7936274
0.29253364
0.4336779
0.80742615
0.6698739
0.78316647
0.37484676
0.4894457
0.1522317
0.16237125
0.16740507
0.7791083
0.2739814
0.13068105
0.15687168
0.6412274
0.15274435
0.119937725
0.1284108
0.68442446
0.114515826
0.070022136
0.073628426
0.1078304
0.68465024
0.09875323
0.07100656
0.08835339
0.1722114
0.7940029
0.73991084
0.1696762
0.2239521
0.8599748
0.7525713
0.14992888
0.18054016
0.8878448
0.92798096
0.92510563
0.8293125
0.13329571
0.16880158
0.87487876
0.8993971
0.38247108
0.20508197
0.8353045
0.17406105
0.15328112
0.106456995
0.11500854
0.6786617
0.09613376
0.06728172
0.077494204
0.17651966
0.713424
0.15570222
0.20249332
0.20064497
0.17863256
0.11647923
0.16613267
0.58196205
0.16813807
0.22249393
0.18804125
0.5763297
0.42211983
0.79388124
0.7279446
0.71085316
0.7881552
0.36631063
0.23605552
0.24778691
0.73317164
0.20146045
0.15582593
0.21564989
0.13963285
0.14686872
0.31076017
0.7945151
0.654335
0.6599189
0.69887865
0.85833704
0.8701712
0.8249319
0.17296913
0.14166567
0.21785586
0.16623615
0.5631227
0.17310937
0.22438274
0.18017775
0.18649936
0.557412
0.24743898
0.17641927
0.6614647
0.67946905
0.76373047
0.8909131
0.87216914
0.2608727
0.35201573
0.84268415
0.7330692
0.32863984
0.24990015
0.13599357
0.08171863
0.08009844
0.09969503
0.08056674
0.075967915
0.08212135
0.08245388
0.09924661
0.15406114
0.1773373
0.77455086
0.27775362
0.6309364
0.22001421
0.17882594
0.14067364
0.18733618
0.65188813
0.78970546
0.23941736
0.20922129
0.69105446
0.8549781
0.8118351
0.8929921
0.8935927
0.823937
0.84745425
0.72947973
0.65899414
0.69375163
0.8309965
0.79293466
0.85059077
0.7367814
0.21941221
0.12945993
0.13814668
0.11532058
0.14669256
0.78364503
0.178877
0.09182013
0.084234245
0.11988196
0.8403099
0.7517274
0.77526903
0.9166248
0.9264128
0.8945357
0.100191526
0.09362269
0.078916855
0.10446059
0.71031576
0.09900129
0.05941662
0.05843453
0.060831875
0.12539592
0.15977488
0.8968989
0.9357326
0.9445331
0.94192976
0.9115476
0.14545166
0.062831275
0.051475532
0.064677976
0.06868917
0.14645374
0.794951
0.16466945
0.1621511
0.11598376
0.122136295
0.80158323
0.8696536
0.11252429
0.07456693
0.08266736
0.19769906
0.75101787
0.6924171
0.11957659
0.0955143
0.1500681
0.12804855
0.23369575
0.67944896
0.690819
0.70898026
0.8376728
0.740944
0.71384734
0.82376117
0.13813286
0.104260676
0.12928876
0.17129728
0.83854336
0.1343208
0.06379373
0.05703706
0.05872375
0.069287196
0.057236508
0.06182899
0.10774606
0.8615037
0.85889804
0.8805887
0.90051866
0.92935973
0.9108335
0.882196
0.8647298
0.15188557
0.068699114
0.071489856
0.12426631
0.8389028
0.8132412
0.100336656
0.06903837
0.0759162
0.18617944
0.7397483
0.10249562
0.06735801
0.06974133
0.10384961
0.7330608
0.67124134
0.16810924
0.1686235
0.71311396
0.8256126
0.3728416
0.21969931
0.3528224
0.42510316
0.6747027
0.33597335
0.80050564
0.15219542
0.09639303
0.084891394
0.09957908
0.13766839
0.7180263
0.7321852
0.7559063
0.8289146
0.9063993
0.9123516
0.8755135
0.91173553
0.89461374
0.32178217
0.17231767
0.09518443
0.10320501
0.06923729
0.06699928
0.07118676
0.098589174
0.26786333
0.77041596
0.8803471
0.87918305
0.73784584
0.16944486
0.16827574
0.6474242
0.22569473
0.1165069
0.12816267
0.13873409
0.878919
0.9364165
0.9417907
0.919118
0.087765835
0.05457591
0.05302192
0.07849822
0.06778397
0.07738773
0.1359756
0.14325732
0.718877
0.1912311
0.084454544
0.066863745
0.06911747
0.079453506
0.13139278
0.1972265
0.79265416
0.89463496
0.8134922
0.7726457
0.4533586
0.36156982
0.09801978
0.07019808
0.07022164
0.07149948
0.08978332
0.16061227
0.25856754
0.11375977
0.11621062
0.14704077
0.7131276
0.37399265
0.8464968
0.50482553
0.1287124
0.08730624
0.07086991
0.07329588
0.07879263
0.09740584
0.18362477
0.35073242
0.41573378
0.68384993
0.34577575
0.16303124
0.15395887
0.31321925
0.64418995
0.17633241
0.18192562
0.13129352
0.21774094
0.15124302
0.2595526
0.20725992
0.70143515
0.78925043
0.24047187
0.25236407
0.23476298
0.25030518
0.16689412
0.1831792
0.6201744
0.743619
0.87358713
0.88804305
0.908584
0.9073475
0.8937541
0.9020562
0.9116215
0.9086017
0.8695334
