0.3923644
0.21042135
0.19257037
0.5199585
0.18897438
0.16780218
0.3059968
0.86422426
0.88833755
0.7945695
0.7867423
0.8806744
0.88731503
0.8402718
0.31276298
0.33459705
0.7367028
0.19901839
0.16527171
0.21539684
0.68310386
0.87130034
0.8978087
0.8840113
0.84332085
0.16775583
0.12200673
0.19609894
0.09217411
0.08036069
0.0821388
0.09254463
0.12977022
0.13321696
0.099189885
0.1018852
0.16969039
0.11161469
0.12494799
0.20237352
0.79603463
0.6310646
0.23048897
0.6269867
0.14991273
0.13310856
0.094962366
0.095207304
0.123420514
0.64732724
0.62734604
0.15039389
0.12375651
0.16535412
0.20738615
0.69334835
0.82561374
0.28938484
0.1104021
0.08478976
0.09204312
0.16033614
0.6634856
0.11837788
0.083203934
0.09209348
0.07836077
0.09932109
0.79768175
0.9115196
0.9324893
0.93557805
0.9273216
0.8894033
0.09006663
0.06881186
0.10540731
0.0828617
0.107345685
0.5845119
0.61435
0.6414339
0.6462172
0.62425333
0.60490656
0.48288745
0.1824324
0.17378554
0.57016605
0.67376584
0.8547695
0.8501787
0.13342789
0.10784277
0.09128879
0.07672392
0.10671119
0.70639384
0.69253165
0.100740306
0.07158708
0.06617068
0.09637069
0.78184456
0.784565
0.8618336
0.13688754
0.11775131
0.162713
0.863813
0.9077631
0.92488354
0.91303223
0.91264474
0.9310522
0.93412524
0.9219701
0.38416898
0.11693373
0.053868562
0.047253933
0.05381166
0.088216536
0.11040704
0.8652398
0.91495407
0.81913966
0.09837137
0.08239334
0.14188568
0.16996254
0.1394176
0.7661451
0.81687623
0.9162563
0.90118086
0.11754342
0.06943226
0.06296375
0.06284837
0.078061484
0.10267961
0.2690659
0.8230102
0.45665476
0.33957687
0.18617006
0.1903187
0.67684656
0.65775836
0.2712736
0.6622716
0.17648932
0.14234714
0.23518513
0.1974545
0.6789866
0.41397828
0.86385614
0.8660017
0.348148
0.14010403
0.13606766
0.18809728
0.20964155
0.7918598
0.67555785
0.6536934
0.68049115
0.7334896
0.8747182
0.8624903
0.53696793
0.82898295
0.5552718
0.41320255
0.22760595
0.69053125
0.13070379
0.08889668
0.080149546
0.11651276
0.09745322
0.13293529
0.7141537
0.7538659
0.89773345
0.91394854
0.8911086
0.46928737
0.17771024
0.20348832
0.68969846
0.32320455
0.11278465
0.09176503
0.08199995
0.08762089
0.104943424
0.13657333
0.31166163
0.7010926
0.7268413
0.71685594
0.73158944
0.7924371
0.81879514
0.84447396
0.8604313
0.8905155
0.9040856
0.90300524
0.9062552
0.9115271
0.9077046
0.8698391
