0.8492941
0.8969306
0.9182995
0.91998637
0.8975204
0.619082
0.13321878
0.10453991
0.09661966
0.1062759
0.16731834
0.24356295
0.7691145
0.25127718
0.29961127
0.23801725
0.54766273
0.16456702
0.14280689
0.18264557
0.8373998
0.85158396
0.3373139
0.18684937
0.24898298
0.25598592
0.48987836
0.20157263
0.24165945
0.7068758
0.8536698
0.8454833
0.43206617
0.2998485
0.31466502
0.7565144
0.5259435
0.17731
0.20323052
0.5321516
0.14135772
0.11848943
0.15435375
0.17951722
0.8395723
0.8513606
0.295859
0.17092024
0.122284256
0.15211079
0.16215974
0.75423414
0.23114036
0.25523978
0.65182763
0.64861363
0.62689006
0.23040548
0.5374368
0.1567047
0.15195489
0.64647293
0.30787545
0.8755674
0.89448345
0.73660666
0.6367173
0.090542644
0.0752773
0.11606656
0.19087267
0.8405217
0.92700046
0.9113477
0.083740756
0.052225005
0.050770845
0.05424211
0.059527032
0.06606348
0.095483944
0.6967188
0.10182594
0.07807958
0.12889074
0.8864866
0.92849356
0.9282209
0.9258028
0.9194047
0.9244938
0.18326361
0.054522224
0.050005797
0.051845726
0.05702974
0.066965885
0.05872806
0.057389084
0.061331462
0.09113207
0.80021137
0.78980404
0.78520876
0.87214535
0.19551837
0.13891587
0.10521985
0.16772944
0.8331005
0.8764647
0.29100266
0.7258905
0.1379608
0.1429409
0.67512095
0.22424257
0.7126204
0.102435105
0.06399949
0.060160227
0.066279106
0.08778928
0.2450493
0.2358906
0.69622916
0.6520659
0.19909191
0.32375035
0.15204169
0.16850393
0.64272237
0.25561047
0.14581974
0.15297298
0.32186592
0.37442344
0.82064223
0.3865236
0.15520845
0.17892838
0.16303454
0.13791348
0.20756578
0.6385071
0.5976928
0.14785992
0.12903744
0.1479475
0.5322802
0.2030886
0.251994
0.30651677
0.85049284
0.88779914
0.87246
0.5860184
0.31645143
0.124241985
0.09623845
0.09051764
0.09891345
0.13263431
0.120899975
0.13395746
0.22144122
0.16466759
0.19850346
0.74546945
0.8744116
0.89404166
0.88018715
0.82651085
0.3161923
0.3163037
0.35326672
0.83832693
0.874976
0.845323
0.16315098
0.11386666
0.12584126
0.09987863
0.13368382
0.13934591
0.6675519
0.11505633
0.09701211
0.08241072
0.13323121
0.10311154
0.11937111
0.67858094
0.11398172
0.0917793
0.17608218
0.7285587
0.12460932
0.08219298
0.07868015
0.14083079
0.848144
0.17795078
0.06745964
0.05655743
0.05876212
0.091923304
0.8757461
0.917642
0.93680865
0.94121873
0.9062349
0.097702935
0.05762398
0.07026772
0.06446653
0.10825053
0.8020331
0.7392545
0.0974867
0.07193754
0.10174809
0.16690286
0.74402153
0.13768436
0.096407235
0.14578402
0.8985051
0.93031853
0.90795684
0.093639776
0.06403895
0.07288118
0.07418582
0.14230874
0.15167634
0.79187244
0.2874574
0.7078034
0.7133033
0.70873386
0.24019803
0.11422675
0.10019413
0.11537042
0.1780229
0.815361
0.8082433
0.30671737
0.37306523
0.26048523
0.6200224
0.7344308
0.2427553
0.24565867
0.22616193
0.19075252
0.32556006
0.63210535
0.17047784
0.1614623
0.6763425
0.102734976
0.07075084
0.06801902
0.07100479
0.07964474
0.13378446
0.112646334
0.066295
0.058011495
0.055524826
0.061465986
0.1162459
0.8714392
0.90450215
0.9274073
0.9192205
0.91769624
0.8805804
0.84375983
0.88146156
0.9121303
0.9092455
0.91869783
0.9094755
0.91427654
0.9320558
0.9241433
0.29599342
0.059061985
0.04844708
0.05345155
0.06276151
0.08913924
0.10234503
0.0764588
0.07258602
0.07015034
0.0719473
0.0807753
0.10397211
0.16852279
0.78817546
0.29226765
0.199002
0.28675112
0.25072137
0.16496435
0.22714287
0.13905157
0.13545626
0.16255711
0.6587341
0.6775296
0.6983399
0.7017607
0.2012229
0.11893022
0.1224521
0.12236131
0.6420149
0.11576177
0.104898684
0.14375043
0.6850139
0.11393186
0.10418157
0.0804404
0.12348125
0.71178013
0.097837344
0.065184124
0.069192715
0.10431238
0.88657725
0.92939603
0.92763215
0.9157528
0.90971327
0.87304926
0.08282238
0.07189137
0.05098238
0.054836098
0.06894258
0.06434584
0.07357185
0.10271551
0.6794032
0.12822199
0.16103548
0.1354345
0.637368
0.12743868
0.105298355
0.12582393
0.28539363
0.7892985
0.66666275
0.6216246
0.63161063
0.6551846
0.73405516
0.8495158
0.84768605
0.72312486
0.5394912
0.17538664
0.15638617
0.17650945
0.5961935
0.74544233
0.1790161
0.12744609
0.124120764
0.1750482
0.6108091
0.7621105
0.19884795
0.17398281
0.62945396
0.66022104
0.69658786
0.28370434
0.19890177
0.104528725
0.08004628
0.06515965
0.07144551
0.075387746
0.12737145
0.8156638
0.12633382
0.09390123
0.10684725
0.70594674
0.17796253
0.49865612
0.9091903
0.92742336
0.8941578
0.14726275
0.15722199
0.7841745
0.25193614
0.7990752
0.8513897
0.9038721
0.9291079
0.9024678
0.89011854
0.09637814
0.07504736
0.10482815
0.81081396
0.89205426
0.22515172
0.15629841
0.7403947
0.09271904
0.061012924
0.059056588
0.05995654
0.060241185
0.060317893
0.06781067
0.1325274
0.18060754
0.17484464
0.30920035
0.89586747
0.9159988
0.8801666
0.24320799
0.2505261
0.7887066
0.30853006
0.15539221
0.15838467
0.20954365
0.7930864
0.7935765
0.21231304
0.18174525
0.22543944
0.4694933
0.5014068
0.4589083
0.22703034
0.2948545
0.6780612
0.80361235
0.14751208
0.09743712
0.09561243
0.18215078
0.20876113
0.1875469
0.82134277
0.11590678
0.075757325
0.072734594
0.07351852
0.07844482
0.12001686
0.7272462
0.098006204
0.06303637
0.055973697
0.055125743
0.06520984
0.20470938
0.8869478
0.89483154
0.8998506
0.9176114
0.9226816
0.9146673
0.8807947
0.08086596
0.049300287
0.046110425
0.053343
0.06735763
0.12564553
0.83777815
0.1438717
0.079114854
0.10442183
0.08256409
0.14471984
0.17677666
0.7447724
0.7442304
0.8409961
0.15868118
0.14253311
0.12236988
0.09998178
0.11886935
0.21500959
0.791425
0.67536575
0.41564527
0.28436846
0.7500627
0.1854603
0.13488568
0.12651236
0.18952693
0.12222731
0.12822996
0.23633602
0.62724656
0.6843919
0.71767235
0.8321963
0.6808942
0.32391
0.6338839
0.2563102
0.67862505
0.119351126
0.0656478
0.060789898
0.07374298
0.0898122
0.14288168
0.13890381
0.7091043
0.13182649
0.126199
0.81750184
0.90793276
0.87182003
0.8595152
0.81149334
0.2613742
0.78143996
0.1302625
0.0651881
0.053721804
0.059750345
0.11830246
0.90892214
0.9410859
0.94073516
0.8509691
0.0664435
0.04759722
0.04621445
0.05636066
0.09363499
0.76971906
0.30212882
0.7872043
0.7575584
0.7332353
0.73892486
0.73048335
0.094141826
0.07431184
0.12972885
0.11419699
0.14192128
0.0689519
0.06433847
0.08170471
0.2513092
0.85830855
0.5557888
0.7463117
0.26568162
0.1491054
0.09825254
0.12666357
0.12184281
0.09340161
0.097191125
0.12434896
0.5803747
0.14505343
0.13652165
0.15911727
0.27979586
0.77449805
0.65562856
0.29049414
0.21003428
0.205906
0.27715915
0.6390512
0.6398907
0.65293574
0.6199396
0.16330849
0.1358613
0.14881733
0.27011323
0.6420674
0.64774036
0.581686
0.158715
0.121980585
0.11009979
0.11683337
0.14634478
0.33685115
0.7556064
0.2031772
0.15501747
0.18850714
0.18689485
0.7269117
0.20819198
0.18278296
0.54375774
0.32529873
0.58171064
0.23396894
0.5737736
0.27090788
0.24594411
0.81453323
0.69436836
0.11898254
0.07951769
0.0696502
0.08353749
0.17880479
0.14492634
0.7584973
0.87536645
0.72404796
0.1202252
0.11345245
0.11388308
0.5935417
0.11233704
0.09307911
0.12230942
0.68337685
0.77905154
0.17223799
0.119585104
0.117083006
0.15727855
0.82019496
0.73852974
0.7506371
0.85386306
0.72552615
0.6816783
0.8152072
0.1791016
0.11204248
0.15062696
0.124169506
0.5588987
0.14532955
0.16398922
0.8501652
0.78843206
0.8305978
0.90178907
0.7737606
0.11589113
0.11784527
0.5545148
0.11350959
0.1136589
0.11076623
0.22809236
0.68386465
0.8243195
0.68854594
0.12131154
0.10957035
0.07565195
0.07415827
0.08569084
0.1055776
0.16807444
0.81575733
0.6988792
0.6397778
0.6158888
0.48014694
0.1456624
0.13454774
0.19405904
0.6123792
0.67197037
0.69913214
0.81938994
0.8104102
0.17846572
0.12254371
0.10874817
0.11804117
0.17579481
0.8194739
0.7568861
0.84384733
0.690216
0.20865086
0.13297148
0.14267407
0.13713524
0.5314511
0.603324
0.603105
0.6156857
0.1394013
0.120735265
0.25403932
0.814466
0.122812234
0.081890225
0.098526224
0.6305794
0.2055173
0.81314194
0.9008576
0.80147195
0.7085723
0.08943377
0.07351966
0.11693789
0.20694083
0.86277926
0.910043
0.79253596
0.12781887
0.13406332
0.80602986
0.8797009
0.9033761
0.90497863
0.8943196
0.89085037
0.12884997
0.12410795
0.70684624
0.118405126
0.08238272
0.06989765
0.095116735
0.79115045
0.82715964
0.83896506
0.8814686
0.3349702
0.6812093
0.1054374
0.08846134
0.13025555
0.7890836
0.19692583
0.12086385
0.13937357
0.6347304
0.6430196
0.6357983
0.24590488
0.25418782
0.15490013
0.21684752
0.15468733
0.11175107
0.1086933
0.12702006
0.18095994
0.74550354
0.24586268
0.3164321
0.13803504
0.111673094
0.10665256
0.13586557
0.12766604
0.23031618
0.29555434
0.61805505
0.32848087
0.832818
0.78184354
0.7854677
0.8919801
0.89256215
0.76060814
0.70994973
0.6795345
0.61787146
0.08355288
0.060323972
0.06109936
0.083337925
0.1331771
0.8587972
0.73787993
0.13430908
0.135168
0.7498644
0.78408545
0.8022096
0.85595685
0.18131751
0.18997537
0.86486113
0.900078
0.7971151
0.89656717
0.793164
0.74862206
0.075690314
0.052264635
0.05127913
0.05893715
0.06808037
0.11857768
0.81811434
0.11866994
0.082891546
0.11566046
0.8578434
0.89433277
0.933129
0.89669424
0.83235836
0.09372728
0.080649905
0.13317037
0.85049987
0.14333482
0.066501535
0.07186812
0.059145365
0.05822593
0.05840122
0.06430606
0.09854637
0.8109759
0.8060542
0.8199996
0.7788001
0.086416826
0.054479804
0.050033223
0.051223688
0.051971264
0.058548458
0.11094674
0.8986532
0.9364369
0.9455555
0.94000137
0.8718301
0.0682642
0.048056353
0.04741456
0.056438755
0.09788433
0.8555067
0.79171556
0.8938343
0.81407356
0.8218358
0.90484196
0.80312973
0.07968387
0.055519268
0.056719624
0.061886035
0.06815786
0.071541585
0.07071065
0.07151628
0.07741277
0.11091612
0.24871452
0.73318875
0.107334726
0.07011551
0.07285253
0.11268655
0.76755476
0.16943727
0.076939136
0.07626115
0.10007379
0.8559544
0.89204526
0.8992747
0.9119223
0.90508866
0.8534002
0.10268366
0.10884823
0.08543891
0.1781775
0.8896836
0.8446908
0.09288855
0.06526275
0.07328894
0.11901643
0.7516189
0.117731914
0.06491064
0.058731135
0.06572906
0.07087267
0.12498554
0.8955161
0.911465
0.8002759
0.74577415
0.09205723
0.06459999
0.06480485
0.09672509
0.8768562
0.929645
0.93367225
0.93326485
0.85937196
0.076570526
0.056958824
0.06189272
0.09272085
0.80470026
0.8649228
0.27553117
0.7250168
0.18010314
0.14945759
0.10334117
0.19077136
0.09531882
0.11166491
0.08754685
0.10816167
0.08998515
0.10704172
0.2545651
0.68470764
0.46627548
0.8316146
0.501485
0.7255331
0.15455797
0.10676216
0.1092982
0.26793933
0.10967755
0.09268615
0.13165395
0.09358604
0.08697444
0.12916939
0.11675656
0.20104688
0.64978385
0.1509235
0.13018171
0.1489066
0.7357287
0.8561349
0.749081
0.8230911
0.19253999
0.1517511
0.18291965
0.66211575
0.68262625
0.70499426
0.73263407
0.76005536
0.7591918
0.73237395
0.25422972
0.15290885
0.16736585
0.13922855
0.16360463
0.67665565
0.7712066
0.88407457
0.9190863
0.92117727
0.89081186
