0.8319458
0.68699014
0.17698519
0.14059705
0.16282421
0.66621345
0.67481923
0.64578074
0.1421509
0.11948887
0.1604771
0.27775282
0.8570183
0.8809417
0.8100343
0.86260635
0.83281827
0.37295964
0.23897398
0.30596218
0.8465429
0.8949923
0.8801601
0.743294
0.1187526
0.08200791
0.07658632
0.096642084
0.56625485
0.14946015
0.18257628
0.8802895
0.88227284
0.10161628
0.06725299
0.09199876
0.07821782
0.090396866
0.062602624
0.06108711
0.08204409
0.0737242
0.17384237
0.3248838
0.88909745
0.82807
0.1861696
0.192422
0.87296253
0.8753102
0.82545686
0.76921684
0.17733586
0.38907802
0.90790063
0.91469747
0.12402389
0.065219715
0.0507242
0.055848606
0.0651449
0.109794825
0.79391766
0.7606644
0.14900331
0.15507944
0.08086563
0.056795646
0.054776963
0.060006153
0.08952366
0.8386346
0.89221346
0.9202488
0.8843526
0.8526978
0.8711316
0.8797355
0.8670372
0.813566
0.08792015
0.061662737
0.063913874
0.09439273
0.6426942
0.11140724
0.091387466
0.10996144
0.1589768
0.7438031
0.8186093
0.6669698
0.25282326
0.2578288
0.56450593
0.84116507
0.8485519
0.68227
0.20716491
0.18303049
0.19736128
0.48856673
0.8514046
0.8254814
0.78985137
0.8356752
0.27314273
0.15628044
0.1578852
0.20561902
0.7787383
0.7343546
0.75125134
0.7932882
0.8573897
0.8302032
0.24093829
0.17578009
0.18099312
0.2787684
0.7415837
0.31676477
0.4244587
0.62610245
0.61997473
0.20835967
0.266065
0.20032895
0.24479818
0.1684696
0.1417307
0.10299911
0.16048379
0.08422721
0.079107225
0.09033745
0.15912323
0.7959667
0.8864925
0.85451126
0.90277016
0.8884151
0.74420625
0.6717069
0.7453531
0.8809195
0.9064166
0.9085574
0.8968529
0.86132306
0.5809592
0.13263886
0.1398095
0.13240997
0.11042208
0.14522102
0.17220844
0.22466508
0.73069876
0.86526567
0.8553396
0.69011074
0.5588633
0.114588365
0.0889666
0.09566118
0.1951544
0.21965505
0.18210903
0.22962853
0.21906298
0.17567104
0.20884709
0.14611296
0.17285576
0.80115753
0.6698654
0.6388874
0.54502916
0.14291725
0.1740037
0.14321685
0.15287744
0.17077786
0.83526343
0.73076785
0.68941456
0.6437457
0.14863169
0.18256381
0.19535768
0.19168031
0.2634857
0.7992672
0.70769095
0.7327278
0.8628508
0.8664937
0.82389885
0.15764703
0.113881074
0.12874623
0.10996757
0.12818171
0.6175082
0.5960253
0.15684915
0.1414863
0.23045671
0.81368876
0.23197244
0.1370674
0.07526574
0.06578069
0.0798899
0.07725478
0.12639435
0.8882546
0.91158634
0.8758475
0.14747117
0.14728172
0.71940386
0.7332952
0.41261512
0.87145567
0.76308036
0.71507025
0.697149
0.077775024
0.05385991
0.054534663
0.06274674
0.10696069
0.8299046
0.31990564
0.77053577
0.3437492
0.89030766
0.91506433
0.9219047
0.92671657
0.8988776
0.30181828
0.80802435
0.47360277
0.8628121
0.08954868
0.053250253
0.048440363
0.054575924
0.06874836
0.17913415
0.8558253
0.82464445
0.15117873
0.14627993
0.73598903
0.1364499
0.08405109
0.1400976
0.078177944
0.08459306
0.18284003
0.19331063
0.08359969
0.07343006
0.073570244
0.09054132
0.15583648
0.23371136
0.10554914
0.08966935
0.096736014
0.1140202
0.17768769
0.26778498
0.21517329
0.19784558
0.14611499
0.17671013
0.16332234
0.116428964
0.10542011
0.10187562
0.10841153
0.11356408
0.14307168
0.1266866
0.14839254
0.24560863
0.71171814
0.8105237
0.7224672
0.68231523
0.17344378
0.1288391
0.1161178
0.14596869
0.10750686
0.10247033
0.12783486
0.09635018
0.092264324
0.101121485
0.17006013
0.6426174
0.16413747
0.21673135
0.14562339
0.10834209
0.13461636
0.13373291
0.6476261
0.21086788
0.09980042
0.085409805
0.09222883
0.14379247
0.84537464
0.76934105
0.78588384
0.8822542
0.7546806
0.7124285
0.09359391
0.065106824
0.061655503
0.07782307
0.1406656
0.6474078
0.13101621
0.1402933
0.11844318
0.14065622
0.65462124
0.6422129
0.32682607
0.21192525
0.15557398
0.22640501
0.18348536
0.6286294
0.6263142
0.61801636
0.5774127
0.15842415
0.14993161
0.12664641
0.21367858
0.20795594
0.6103511
0.6332059
0.17162353
0.098794535
0.08640981
0.11101345
0.101851895
0.1758612
0.14087412
0.120921195
0.2065271
0.19653411
0.621537
0.14796683
0.1399077
0.11918627
0.15254313
0.7832091
0.3455525
0.2730361
0.20985276
0.18240416
0.6552882
0.6859012
0.7359324
0.87395716
0.86950433
0.71040374
0.24696183
0.10044477
0.07688434
0.07763857
0.09332219
0.14553349
0.818144
0.7043023
0.68344307
0.69367164
0.8468327
0.8323098
0.13117443
0.091686115
0.1343076
0.07227228
0.07761546
0.07265874
0.10189751
0.75493693
0.73506933
0.73039484
0.8438463
0.1281394
0.09515454
0.1393597
0.889781
0.9238091
0.84304804
0.76456624
0.07061498
0.048790094
0.046328768
0.05033564
0.05214544
0.06625092
0.12303781
0.9075413
0.93396175
0.93662924
0.934546
0.8814796
0.13525885
0.20792864
0.77883977
0.09011841
0.06862937
0.054718845
0.0634479
0.11367131
0.8471853
0.8532502
0.7908935
0.109168015
0.08739983
0.12418804
0.8224366
0.70081824
0.6241898
0.19979548
0.5818493
0.19040905
0.49997064
0.8970086
0.9243261
0.9235662
0.9023057
0.9169441
0.8952523
0.8824229
0.2282595
0.17222224
0.6910485
0.31806785
0.8766624
0.8052251
0.10181848
0.07048281
0.07129503
0.07782163
0.12856625
0.09297315
0.080215186
0.08419623
0.09205137
0.13088493
0.09867233
0.092564076
0.1411304
0.12723282
0.25985005
0.21367088
0.24943124
0.6392779
0.17068818
0.15956189
0.33475462
0.31847036
0.7135619
0.44363147
0.22870919
0.113014646
0.10291799
0.13525258
0.08491833
0.08193659
0.07669609
0.08669004
0.13360849
0.71192825
0.6736612
0.40724024
0.28581718
0.28231645
0.36126074
0.12008473
0.09851776
0.12439572
0.09457633
0.099806845
0.13647218
0.12596531
0.15732615
0.34681654
0.6959189
0.7028639
0.69232285
0.69690174
0.68976307
0.7301826
0.7744677
0.836493
0.7455148
0.6401203
0.15679485
0.14801313
0.113086075
0.13229655
0.66655236
0.24248496
0.127457
0.09736442
0.080061585
0.06808653
0.05829641
0.06754423
0.22892715
0.8991384
0.9313137
0.93515974
0.91177946
0.88648295
0.87031853
0.837786
0.09464597
0.056482807
0.055624146
0.08872357
0.077676944
0.14551993
0.1827214
0.18697324
0.6228877
0.1483574
0.13862915
0.2325864
0.30494165
0.82617545
0.8291948
0.41304794
0.21333724
0.14269604
0.15239689
0.12678875
0.17045127
0.5066738
0.16701528
0.19633763
0.2320584
0.66409624
0.7854022
0.27528152
0.21124388
0.16965096
0.523105
0.18392265
0.18667
0.7289932
0.19952956
0.1996555
0.21024162
0.5991995
0.25430173
0.18754825
0.15447679
0.48407853
0.21048257
0.21504061
0.5740421
0.24559356
0.45404136
0.8751399
0.8910347
0.86451316
0.18939386
0.08477932
0.0663678
0.06562339
0.07528735
0.11049417
0.120513715
0.121752076
0.11816485
0.1258712
0.6904784
0.12051021
0.074333526
0.08841873
0.1327066
0.102706306
0.13849919
0.11148266
0.1535772
0.13170427
0.8490709
0.89963657
0.92367035
0.912898
0.9143815
0.881341
0.89248306
0.9165756
0.91770065
0.92787665
0.9294111
0.906231
0.83218664
0.08267071
0.08003515
0.111608185
0.09445422
0.12924653
0.10610804
0.14484245
0.09903218
0.22027917
0.8493283
0.8182745
0.12305332
0.14306022
0.06687749
0.061326623
0.061894476
0.062310636
0.062352
0.06521481
0.08634516
0.16158693
0.8697772
0.8589647
0.44040194
0.3655761
0.81200993
0.46692497
0.4000944
0.62698835
0.15666501
0.15087831
0.234893
0.66178083
0.4286809
0.39152417
0.21085499
0.63829714
0.13787214
0.09913365
0.10708774
0.22473183
0.17366377
0.66077507
0.64431334
0.45230734
0.47029224
0.32282478
0.8083337
0.34304124
0.15406485
0.19051231
0.10519817
0.10795468
0.17294435
0.6540446
0.67324543
0.6774483
0.65060276
0.22267453
0.30119476
0.21832624
0.19819304
0.79567903
0.87144345
0.9121687
0.87460387
0.82069534
0.7691467
0.72759765
0.71125513
0.1679481
0.23462856
0.16419981
0.1224475
0.2374704
0.12955363
0.26711616
0.17720045
0.12220111
0.23331325
0.10461481
0.08918371
0.10756097
0.27731034
0.22278988
0.78375536
0.21879417
0.27758056
0.14926729
0.15904139
0.3261925
0.84769225
0.74802697
0.14507748
0.09108877
0.074849434
0.07842609
0.08769937
0.12351095
0.7083358
0.80645883
0.6934217
0.66960514
0.6568142
0.12554216
0.10734557
0.075989775
0.07284951
0.096803516
0.8242235
0.92521054
0.94078267
0.93289256
0.82565975
0.07947494
0.059084155
0.058578536
0.078256674
0.14559092
0.80701977
0.12814339
0.076345
0.07701902
0.09707173
0.09348494
0.07607447
0.059488982
0.05560697
0.0588958
0.09024763
0.87143576
0.90630746
0.9190616
0.9172301
0.90780085
0.9026952
0.8683457
0.07473448
0.04998319
0.04861521
0.059412792
0.11912367
0.16694257
0.12734367
0.06571627
0.064778306
0.089970976
0.7355576
0.71886474
0.71871924
0.6944844
0.17791933
0.23927936
0.21411856
0.14817321
0.25505614
0.29195583
0.27063742
0.8166535
0.75149465
0.71977246
0.73394674
0.76637965
0.87803346
0.8740705
0.7011691
0.18109317
0.19106036
0.62890965
0.6536344
0.66148293
0.6217206
0.24045545
0.264429
0.78831476
0.71089226
0.7078931
0.7927204
0.90377885
0.9141945
0.87930846
0.14215882
0.09700047
0.093643025
0.11097075
0.17331104
0.23228668
0.40405095
0.7093467
0.7363717
0.77418524
0.87849164
0.89657044
0.8872881
0.8259024
0.74166656
0.4167246
0.66547704
0.6818209
0.2541752
0.15855812
0.14993954
0.4937733
0.12325038
0.102397956
0.12616637
0.79198927
0.89808047
0.85369486
0.8075345
0.8581871
0.12009943
0.08728027
0.10286107
0.4971652
0.12742142
0.13164862
0.23930731
0.64807636
0.631066
0.2994679
0.61960566
0.64117086
0.6382084
0.62780446
0.1991327
0.19232269
0.1629104
0.118642814
0.11980512
0.20201376
0.17134699
0.7055371
0.8602117
0.8613136
0.70996183
0.81262016
0.6645698
0.69298226
0.8691301
0.8623913
0.1352982
0.14984474
0.105153285
0.060467474
0.058631055
0.064088106
0.08178147
0.13775721
0.79697406
0.7635736
0.09648762
0.063640475
0.062104758
0.06441511
0.06379735
0.0632524
0.06980536
0.101431556
0.111177675
0.76666486
0.16033053
0.15143956
0.86956066
0.90435404
0.9095176
0.8701838
0.078662165
0.052215975
0.055008616
0.06266833
0.06740451
0.070253044
0.07106981
0.07033588
0.06918521
0.071830705
0.0765931
0.13920711
0.1670567
0.10630383
0.14817384
0.7707212
0.18372926
0.18314755
0.17730618
0.16249561
0.62017906
0.5712443
0.13758913
0.10833764
0.1168706
0.16618131
0.84155494
0.84218955
0.20876794
0.23846608
0.14061955
0.16900562
0.84609175
0.8129824
0.895112
0.791388
0.7372727
0.10338216
0.107966796
0.08195963
0.054438815
0.054492313
0.067828715
0.11554508
0.89520794
0.912407
0.9195089
0.9250344
0.90968627
0.90203947
0.9121658
0.8503753
0.8058774
0.82764053
0.7988878
0.15648456
0.24951123
0.7367715
0.095444985
0.06737447
0.08037826
0.09570762
0.1102753
0.7308823
0.76769114
0.8303136
0.89641243
0.84796876
0.8058634
0.7904574
0.85003096
0.31729293
0.12939268
0.13854384
0.728426
0.7966018
0.9205272
0.9238205
0.7985989
0.079327986
0.059512414
0.06873749
0.08060562
0.18052666
0.19898632
0.76761067
0.13476472
0.06629221
0.059940442
0.06053236
0.057297014
0.056235306
0.06330486
0.097632565
0.87580955
0.89564705
0.91746086
0.91228426
0.8792791
0.08465987
0.067552865
0.050863095
0.052969843
0.056856953
0.06047738
0.07065952
0.14034905
0.71513575
0.122910656
0.1076354
0.11363366
0.74041563
0.85955316
0.7595236
0.772411
0.8986724
0.9137355
0.9013134
0.8217307
0.88587075
0.82943726
0.8670102
0.16399091
0.08637204
0.100424945
0.57069385
0.11166435
0.14197323
0.12899189
0.24896996
0.90401167
0.9036025
0.82721627
0.09149978
0.0834486
0.07296875
0.094630696
0.66173
0.12385142
0.100397766
0.20553805
0.78511316
0.75916284
0.7332568
0.114752725
0.085370675
0.10764439
0.12384217
0.66922593
0.69268256
0.78832936
0.21935633
0.21511361
0.1795172
0.24129589
0.8220582
0.8351118
0.890353
0.8997563
0.894016
0.8671082
0.7324555
0.29163948
0.20172897
0.2594451
0.18088594
0.20336303
0.73653865
0.3198755
0.25236827
0.6939221
0.8267737
0.6931754
0.6502443
0.19003311
0.19246067
0.13973913
0.073342554
0.06899773
0.0972995
0.7656866
0.79069096
0.89657205
0.7575288
0.7343262
0.082478955
0.053479396
0.052609604
0.057115804
0.057506997
0.054909073
0.063031286
0.08889961
0.8593984
0.9014011
0.9257659
0.9048448
0.8873538
0.9139347
0.9328416
0.9158166
0.86298794
0.08382765
0.08421923
0.058715556
0.051871255
0.06682694
0.056441993
0.06639216
0.17775615
0.88670003
0.8356625
0.85030866
0.87682915
0.8926468
0.09793678
0.061603095
0.063252136
0.09725922
0.15945096
0.39698678
0.8712697
0.7228893
0.106203385
0.08435496
0.080586426
0.09448775
0.14904456
0.15840523
0.4772232
0.87707
0.9069567
0.90977186
0.9030227
0.8831076
0.8081656
0.83119196
0.6331036
0.15123864
0.13090447
0.14165297
0.24752627
0.4801608
0.87077135
0.91926515
0.92334116
0.9106702
0.8361655
0.79089105
0.78409785
0.8312986
0.90192074
0.9100561
0.86984605
0.8132035
0.72704667
0.23993981
0.18485372
0.14179505
0.14401352
0.20289288
0.8237755
0.8348532
0.9017236
0.91418326
0.91376185
0.90851325
0.8956165
0.8802061
0.81357175
0.7740441
0.79896665
0.8523937
0.83973277
0.84929174
0.8676514
0.8870992
0.904736
0.9031849
0.86823404
0.41137818
0.3009231
0.5625299
0.82543516
0.32221645
0.17902437
0.102126874
0.107556835
0.07874244
0.08016758
0.0990923
0.10100567
0.090405434
0.12422545
0.08309774
0.07964594
0.08490381
0.0821015
0.07317494
0.06966286
0.06992235
0.066914074
0.099261925
0.0746286
0.122019686
0.8915239
0.86070144
0.9205877
0.79859054
0.07673196
0.05864481
0.059836958
0.06631547
0.24031954
0.9022405
0.9334237
0.9417352
0.90626526
0.10124383
0.06489965
0.09577868
0.1089463
0.12642768
0.7404571
0.09825729
0.06633791
0.06495108
0.06388868
0.06225132
0.061481204
0.06700313
0.10214205
0.7911376
0.7751017
0.7306917
0.10232414
0.070448175
0.074739285
0.14062712
0.85582215
0.9139788
0.8843374
0.8568805
0.8338073
0.78565925
0.14053473
0.24040487
0.19341993
0.07121613
0.061830122
0.06345636
0.06910422
0.098948926
0.33404046
0.73621666
0.21239418
0.10915086
0.08555397
0.0831842
0.1286125
0.11552087
0.18243815
0.28841808
0.28509796
0.16665004
0.2822861
0.22539887
0.28456885
0.24059425
0.20920748
0.66287786
0.6460496
0.3484193
0.33561638
0.80267125
0.67411554
0.3359589
0.18023098
0.16992822
0.23689984
0.7430592
