0.8377403
0.8775363
0.800179
0.6838888
0.18697837
0.1525201
0.14149617
0.13659787
0.1417656
0.8049316
0.879788
0.91053534
0.8139191
0.17478067
0.23020613
0.25551972
0.2875969
0.51131535
0.87920034
0.90615016
0.8844477
0.90354
0.9025943
0.90462446
0.89698154
0.8911076
0.8902147
0.89145875
0.8733101
0.8505711
0.8477326
0.8710215
0.8968097
0.90494955
0.9046375
0.8995069
0.8942796
0.882288
0.88005376
0.8924848
0.8964982
0.8944162
0.9005827
0.90417904
0.9038655
0.8991751
0.8978153
0.8974173
0.8653042
0.77660567
0.36423993
0.37460747
0.7421037
0.8403528
0.75014955
0.69268274
0.6523209
0.25566083
0.26180565
0.63116574
0.6570328
0.6651563
0.64188147
0.18639259
0.14316915
0.13254066
0.14672394
0.3057576
0.8583275
0.8756762
0.7327645
0.6871544
0.7574613
0.86820835
0.87639076
0.80285615
0.7606471
0.82534015
0.65249074
0.4570581
0.34309903
0.1990811
0.12828282
0.115780935
0.13303173
0.5732758
0.25446966
0.22518185
0.69816285
0.8283464
0.7135578
0.12889554
0.09061211
0.107115716
0.10209806
0.07458974
0.072923206
0.086302415
0.07945958
0.13688977
0.098803096
0.0896278
0.196916
0.7657475
0.73063844
0.69582945
0.13284576
0.15942857
0.15449227
0.13349065
0.7880257
0.79272795
0.7928907
0.7955096
0.9009064
0.7577902
0.08571874
0.071642764
0.091980875
0.65413606
0.101984926
0.08436423
0.20832889
0.8878305
0.9283485
0.94446546
0.94118935
0.884617
0.07442656
0.047771506
0.045460824
0.053450234
0.08203017
0.113106154
0.81411064
0.765066
0.10982401
0.08841921
0.09525187
0.11579384
0.7134973
0.17607899
0.118513234
0.22434762
0.6900515
0.14910184
0.09253359
0.095507
0.15356474
0.87141365
0.90222925
0.872373
0.18967684
0.20011432
0.11821016
0.117448226
0.14852355
0.6156716
0.6648224
0.76875967
0.6781507
0.6116438
0.2336985
0.19066817
0.14124124
0.1474014
0.2537798
0.7963263
0.13007496
0.07796519
0.07212864
0.09893653
0.6361412
0.19476914
0.7218382
0.73914874
0.7252306
0.09089786
0.061911047
0.05899929
0.066049926
0.07176069
0.08160711
0.19686079
0.7829544
0.10046933
0.061283264
0.05691864
0.07506161
0.16534589
0.90646046
0.93945765
0.9431858
0.91580087
0.17595802
0.09086799
0.05666168
0.06033705
0.09865712
0.82819694
0.8635729
0.14461634
0.08601394
0.16161697
0.1622127
0.083324395
0.13150327
0.08707928
0.066597834
0.06288313
0.06213414
0.06742723
0.098723955
0.75755894
0.73369366
0.20306337
0.09767343
0.09289266
0.1840068
0.36145344
0.8916806
0.896142
0.92083055
0.8902224
0.24353357
0.37727243
0.6978296
0.10891705
0.085622385
0.09439678
0.1869186
0.17689064
0.20692085
0.26090106
0.68341285
0.70309794
0.76870394
0.8956344
0.9169459
0.9209068
0.9219099
0.92061853
0.9076954
0.8059794
0.7375806
0.12896946
0.1019758
0.10436343
0.12306952
0.22710492
0.8594571
0.8688157
