0.6892482
0.30555207
0.25957033
0.23622009
0.6263276
0.70776516
0.82706314
0.7141056
0.66426927
0.5808015
0.17889589
0.21821804
0.15096052
0.22406049
0.16893701
0.47371915
0.16794454
0.1621211
0.306271
0.8674311
0.89364964
0.8239164
0.8579443
0.7479747
0.7127884
0.70595235
0.7959871
0.17428598
0.12592085
0.17221229
0.10481412
0.104058355
0.19395158
0.77617604
0.8998386
0.9076634
0.92001957
0.91617376
0.90048516
0.90916324
0.9043086
0.87397474
0.862297
0.90125096
0.9121329
0.91363645
0.9100736
0.89483964
0.87923056
0.86725205
0.8506617
0.823351
0.8185675
0.85958093
0.38988292
0.15981154
0.50077784
0.11518788
0.12083189
0.18252511
0.19523984
0.8960662
0.90255654
0.093307495
0.05644896
0.053191196
0.07922464
0.070553124
0.1488196
0.8989624
0.9266229
0.91784614
0.085763454
0.052710224
0.049656544
0.057034288
0.087169275
0.73964393
0.3052499
0.8959331
0.89226776
0.11900789
0.10115409
0.11772977
0.07995139
0.09138412
0.20036508
0.8844455
0.91359216
0.8998302
0.7730974
0.8419456
0.19478413
0.10978155
0.10497794
0.13895021
0.13802165
0.21462478
0.64579266
0.643554
0.63804555
0.62022614
0.63419574
0.55689883
0.1988098
0.23270698
0.12717359
0.10733423
0.10936049
0.15793428
0.19771126
0.31932893
0.6515193
0.42908874
0.30790362
0.7724733
0.40734527
0.35306007
0.8280318
0.8439227
0.6521875
0.6407619
0.772833
0.6447656
0.6010468
0.6375508
0.6528412
0.64746606
0.62900245
0.09839955
0.06830768
0.06533988
0.087098986
0.09409805
0.09819414
0.10193003
0.14061673
0.89019376
0.91306156
0.86825144
0.8146274
0.77164114
0.7859447
0.906181
0.89655685
0.92353725
0.8940983
0.073097765
0.048138194
0.04669367
0.058621358
0.12791006
0.17818856
0.18366057
0.909831
0.92649686
0.8914879
0.08809099
0.06847987
0.078390464
0.12812597
0.07705321
0.0651399
0.06583847
0.069801725
0.09926118
0.13374579
0.13311
0.102365196
0.07072139
0.08132421
0.13099979
0.86651146
0.8555077
0.11420782
0.08224677
0.1238405
0.1254655
0.31629473
0.85509354
0.10570857
0.060575407
0.056183934
0.06192432
0.11409199
0.901161
0.92244774
0.919565
0.8714129
0.23766264
0.7654288
0.09521076
0.08516588
0.07371547
0.12303755
0.86144954
0.90440387
0.12442445
0.062804036
0.0586153
0.05679403
0.062097356
0.07921386
0.2264422
0.85272354
0.14122741
0.11239673
0.13041796
0.20398849
0.15847956
0.07450539
0.06982142
0.08116422
0.12945981
0.16155164
0.77035624
0.14475726
0.104009956
0.13253261
0.15743923
0.28366536
0.6994506
0.09695835
0.060041107
0.055695966
0.059188586
0.06202163
0.108168386
0.8730678
0.91284674
0.93275166
0.9345949
0.9321555
0.9201014
0.9219769
0.8527802
0.1193422
0.072460674
0.10538896
0.12151782
0.6401602
0.12273131
0.12436588
0.6546532
0.21774901
0.24457206
0.21506844
0.14577979
0.18739602
0.8338394
0.84263986
0.4745626
0.61480826
0.17663999
0.1261564
0.14278181
0.75716907
0.8757916
0.7418806
0.13167141
0.11508956
0.21201591
0.838272
0.9032024
0.92634815
0.92934054
0.9290213
0.9270853
0.9149215
0.80316323
0.14087269
0.11006469
0.14192708
0.7558974
0.8718708
0.7266521
0.1657372
0.15335639
0.2730479
0.6007743
0.548113
0.8808387
0.909961
0.8920814
0.9131384
0.90079826
0.77970564
0.33451468
0.1554655
0.17313711
0.45086288
0.23136935
0.3911653
0.7944855
0.84171474
