0.8237628
0.8662092
0.8766014
0.8769566
0.88228047
0.89063823
0.8580848
0.80069643
0.70196205
0.39418897
0.60363734
0.79785526
0.4792761
0.21038479
0.20683667
0.40898284
0.8089654
0.45077014
0.2989173
0.225386
0.11786302
0.117634654
0.2726118
0.8688905
0.7615629
0.11752203
0.07842971
0.12065782
0.12662914
0.09656451
0.06329707
0.059019458
0.057694606
0.061474193
0.07081483
0.20173067
0.87361383
0.87677026
0.8674787
0.21255757
0.19299917
0.8530707
0.16835728
0.06256418
0.053271558
0.057915796
0.07949226
0.10162329
0.11609288
0.11424097
0.2857957
0.8582969
0.8634384
0.7199266
0.38756597
0.24884875
0.093537055
0.073014066
0.081963874
0.16261764
0.16655566
0.1316605
0.67245364
0.09155706
0.065418504
0.07035536
0.07766809
0.08254089
0.19790365
0.8912927
0.81534153
0.09172444
0.064195774
0.057813298
0.09722275
0.083516836
0.10675946
0.870718
0.90429074
0.9164412
0.9047423
0.85286397
0.13828877
0.19476289
0.76954395
0.10431709
0.06702722
0.07889469
0.0959609
0.8454651
0.9065116
0.93485165
0.88775307
0.80505383
0.07907519
0.06221537
0.104992166
0.11711726
0.06762662
0.068363436
0.086449996
0.101331204
0.10530558
0.09543989
0.07513191
0.08357465
0.13888222
0.23817208
0.8365681
0.7535312
0.7536703
0.83603317
0.1461235
0.090936854
0.07815256
0.081444636
0.11364771
0.8255838
0.90507245
0.898145
0.91339123
0.89363164
0.7471164
0.75761425
0.8938118
0.9125673
0.8899642
0.88372123
0.9048902
0.79483265
0.086217426
0.065053254
0.068317436
0.10582532
0.13039416
0.69092244
0.70320594
0.26782212
0.28599456
0.08539045
0.06479214
0.06752193
0.05796778
0.05963816
0.08373459
0.22369467
0.9158922
0.9416931
0.94313145
0.9086055
0.20318428
0.10676285
0.056532376
0.056719497
0.054174412
0.05826287
0.071058385
0.1268064
0.2380563
0.6919663
0.66688484
0.67782944
0.68002796
0.7016831
0.7390242
0.8587865
0.8544392
0.705399
0.58143574
0.21316081
0.20443021
0.4041227
0.8038066
0.87484574
0.90103614
0.91604394
0.9145733
0.9031536
0.89709884
0.89912504
0.8818234
0.864486
0.8646226
0.8764275
0.8854485
0.8900885
0.8908698
0.8881799
0.88375217
0.8657372
0.8104603
0.3803134
0.22196239
0.259434
0.7254161
0.8093318
0.8476772
0.8701998
0.78806394
0.7517591
0.72017384
0.7139374
0.70373493
0.67783433
0.20154709
0.12919599
0.12445319
0.17660303
0.22649121
0.31860352
0.77217764
0.2596379
0.16020429
0.15233906
0.20482892
0.556442
0.24901703
0.21182086
0.5573248
0.56298244
0.1868044
0.15982404
0.16671368
0.24016048
0.40825346
0.6699031
0.17290276
0.11351631
0.090731725
0.0815673
0.08137779
0.08139847
0.08910464
0.1327318
0.13902819
0.6684091
0.68854654
0.6921536
0.7903498
0.51031184
0.14474194
0.14185543
0.12864375
0.23480743
0.21730313
0.8201093
0.8145127
0.19815528
0.17632686
0.6470762
0.25169936
0.10363406
0.09856997
0.06716842
0.06368434
0.070654385
0.11393317
0.22414944
0.78202045
0.8109871
0.9188623
0.92969364
0.9180827
0.7334557
0.0643857
0.047913544
0.047656707
0.063386515
0.124845274
0.17526358
0.18895213
0.87778497
0.922572
0.8165456
0.11177123
0.11334881
0.6753911
0.08270652
0.055204075
0.053045053
0.053487986
0.06004079
0.10496605
0.90343624
0.9408798
0.9366756
0.8926188
0.07363963
0.04952128
0.046368666
0.04957144
0.052444763
0.052616995
0.05679069
0.083686866
0.8451506
0.92037076
0.89339733
0.86629397
0.8004821
0.08600509
0.07068471
0.07759463
0.11066799
0.078332365
0.06895905
0.0941693
0.7430789
0.7480231
0.74502087
0.73729676
0.7466018
0.7736201
0.13734993
0.07017765
0.061753213
0.06727993
0.08939198
0.077924795
0.08229915
0.11402065
0.10735014
0.17904037
0.64698076
0.15896268
0.16760644
0.13909175
0.2219609
0.1341067
0.14094684
0.21563043
0.13196142
0.12577613
0.14532527
0.56906086
0.1895504
0.19492672
0.6867525
0.8187206
0.20575677
0.10104385
0.084063284
0.105410054
0.12953718
0.20588408
0.8709082
0.809816
0.8973383
0.73320574
0.08164293
0.0625457
0.0702988
0.14682235
0.8354732
0.11938569
0.06657789
0.06416078
0.09032789
0.677406
0.12910314
0.14245853
0.8855785
0.93552643
0.9192751
0.8368954
0.069316804
0.04735362
0.04473826
0.047987297
0.05103967
0.056437843
0.090883255
0.886551
0.9305388
0.94398284
0.9218361
0.07730313
0.048384406
0.045144673
0.051092215
0.075684525
0.781531
0.8274764
0.8686862
0.9026131
0.92217124
0.9373706
0.9356866
0.91020375
0.084790856
0.05743682
0.07411387
0.12704866
0.109738104
0.063946605
0.06582452
0.09410402
0.70935214
0.705063
0.7186947
0.1569527
0.09979254
0.07007823
0.079063445
0.09667193
0.6711347
0.12977551
0.13479774
0.84650195
0.895809
0.9080527
0.9099905
0.9129326
0.9231178
0.9152142
0.9140639
0.83397764
0.13685322
0.15338732
0.8321922
0.9095411
0.82174474
0.11420083
0.1375378
0.092213206
0.16489246
0.21259543
0.25572652
0.2833182
0.2560191
0.10759749
0.109261215
0.24286522
0.11783481
0.1443649
0.6756811
0.12452393
0.08491884
0.094552666
0.14178565
0.14896537
0.67311126
0.13587222
0.10943896
0.18818799
0.075948
0.06538064
0.06585536
0.085917115
0.11566877
0.8788126
0.92443055
0.9055432
0.8355189
0.14227793
0.17599905
0.11640922
0.15638623
0.83376795
0.77795774
0.74822176
0.83220804
0.8929134
0.8624718
0.8744949
0.9060267
0.88962334
0.8976268
0.8017698
0.16446908
0.16053483
0.12913638
0.15059242
0.59964514
0.7272292
0.8054781
0.90038913
0.9094936
0.87570626
0.8908289
0.7965255
0.14604285
0.11482105
0.11530869
0.13406616
0.23549208
0.7184882
0.803007
0.8439275
0.8565509
0.8533187
0.8581014
0.8523045
0.83974487
0.84218836
0.8488351
0.8708608
0.8868498
0.8635047
0.8284848
0.8547631
0.7575335
0.32623354
0.19937517
0.20415157
0.3087887
0.77005893
0.1783697
0.11140021
0.0901807
0.089100875
0.104930036
0.17102577
0.6530985
0.65379757
0.13624994
0.1217931
0.076385565
0.06820164
0.06751345
0.075165644
0.10612769
0.75877553
0.77191025
0.9074982
0.9268371
0.91797006
0.8201119
0.86218286
0.09398173
0.05986528
0.054406356
0.06125727
0.09298531
0.094581224
0.13503005
0.76130784
0.63003075
0.6334503
0.16975537
0.15806846
0.13741088
0.10335707
0.103942096
0.1327488
0.6434762
0.6381945
0.25580916
0.19146061
0.62127817
0.14832066
0.14424872
0.13215964
0.10417089
0.16287506
0.09709087
0.09687649
0.12599604
0.67380226
0.6747586
0.66309005
0.6968754
0.8150652
0.6447612
0.10745887
0.0740379
0.07091696
0.097527675
0.0870951
0.11116384
0.6467325
0.17838801
0.27018198
0.26208186
0.78486335
0.87925833
0.7597464
0.6937018
0.24390787
0.17406331
0.15615998
0.5165977
0.66528493
0.7408605
0.87381005
0.87444896
0.738535
0.69345266
0.6738522
0.623404
0.14249237
0.10855405
0.113857485
0.17985031
0.6542793
0.6482427
0.62055576
0.20030993
0.18847938
0.75870293
0.90151334
0.9045463
0.7400619
0.12082638
0.1201008
0.52891546
0.10195243
0.08110672
0.09359906
0.17526738
0.73922664
0.86107755
0.8542625
0.40925866
0.17277914
0.21830784
0.1224754
0.14047955
0.17882635
0.10036492
0.09559656
0.12034047
0.72266364
0.7453737
0.79314405
0.9008365
0.9145262
0.9080456
0.87968636
0.7420424
0.72135687
0.8145197
0.71011317
0.78656465
0.18819307
0.16943413
0.14122564
0.09752908
0.0960935
0.16570728
0.11600245
0.1384595
0.7114057
0.7488318
0.85076374
0.75106263
0.7463299
0.86578286
0.856092
0.6946255
0.23920715
0.23439625
0.10641067
0.08719724
0.091811255
0.13877094
0.22565776
0.24562655
0.13520932
0.14569741
0.6466241
0.12680878
0.090241164
0.10784167
0.09306468
0.11700642
0.68389416
0.6544762
0.2145729
0.11075301
0.110305734
0.2484456
0.7814525
0.8092335
0.9009068
0.7796523
0.1150172
0.070469074
0.07156874
0.11918225
0.69736826
0.7126912
0.7259278
0.112565085
0.08384938
0.065991774
0.06697841
0.07714604
0.15468635
0.088014305
0.10093691
0.09394674
0.17726766
0.7064449
0.6600185
0.15039551
0.14495757
0.7885268
0.9030211
0.7754071
0.088348046
0.06521644
0.071417764
0.13556154
0.83226055
0.10684164
0.062499
0.059346978
0.064891346
0.09730219
0.7506148
0.15769574
0.14805597
0.8537881
0.8837898
0.8971832
0.91308033
0.8988744
0.19037941
0.36141017
0.8582037
0.12396668
0.06379268
0.06770548
0.064418115
0.10951165
0.8883019
0.91094744
0.7846839
0.7682558
0.72187924
0.08316481
0.05819682
0.059565518
0.08765783
0.86163014
0.9187996
0.939366
0.91372454
0.83452654
0.07475917
0.05574908
0.060721178
0.098102525
0.7618839
0.73561126
0.096079744
0.06326814
0.06393461
0.097588725
0.77954364
0.78584677
0.7721202
0.774412
0.7601905
0.16879407
0.16231348
0.71730375
0.72416914
0.15988994
0.08473074
0.07949483
0.09780378
0.23446496
0.8431613
0.73831487
0.6999015
0.6733431
0.6486589
0.15792029
0.13736247
0.18654671
0.23710738
0.4207217
0.7110199
0.71494097
0.71856964
0.6864111
0.18362246
0.14913589
0.15470983
0.23079434
0.5470058
0.86188704
0.8819318
0.83492017
0.8765965
0.8684429
0.7720264
0.73280054
0.73448616
0.7538804
0.741355
0.69232404
0.65440714
0.6070385
0.16436633
0.19174208
0.13059229
0.1097544
0.19126953
0.28141585
0.81823325
0.12184002
0.08644693
0.11788547
0.7564518
0.7676849
0.73174316
0.10295561
0.0780329
0.10618176
0.69249207
0.09300351
0.061728798
0.05734187
0.06846243
0.2359176
0.92025477
0.9448581
0.9368799
0.31464386
0.071856655
0.054385502
0.073432826
0.06569648
0.066780046
0.07951514
0.1421559
0.78035706
0.110419944
0.068620354
0.064927086
0.071332656
0.07584094
0.068943724
0.10635111
0.09398508
0.10762737
0.7968286
0.79201645
0.81944054
0.9085763
0.81417966
0.09535576
0.06892133
0.080138646
0.07130042
0.088386476
0.18539414
0.21614334
0.19008975
0.70241135
0.775215
0.8724746
0.8642886
0.8685565
0.8838847
0.85363466
0.8261149
0.83112305
0.8252308
0.7954643
0.7719163
0.22861263
0.11368907
0.09955398
0.11532294
0.094556935
0.10220101
0.14874116
0.14967321
0.2566009
0.75827533
0.24913009
0.29404974
0.1427418
0.123503804
0.13763471
0.27204883
0.22892974
0.8149037
0.20265047
0.08614125
0.068744026
0.07640218
0.1475363
0.1303103
0.073031865
0.07520418
0.12497147
0.77052635
0.2409986
0.15212154
0.6641862
0.12860833
0.1581811
0.16316043
0.14185426
0.8455004
0.88638484
0.9012945
0.90260065
0.9002337
0.8884868
0.8712916
0.8213634
0.27831087
0.8476096
0.12530032
0.0721973
0.059532627
0.07283843
0.1654445
0.8597927
0.24984083
0.07638596
0.06561909
0.08865147
0.11658604
0.14750797
0.77093977
0.1823711
0.16307807
0.28050998
0.65948904
0.6815993
0.6956032
0.73589236
0.83258575
0.7705226
0.7352632
0.70369095
0.6792238
0.15127563
0.10625353
0.09356109
0.11220141
0.09529266
0.12595224
0.12695584
0.65105236
0.6552648
0.6449449
0.6204032
0.20536213
0.2110917
0.15370712
0.2785066
0.76090676
0.1727103
0.13577873
0.18384592
0.4926858
0.29438567
0.51774853
0.1904739
0.25368956
0.1839384
0.26267052
0.7760633
0.2545736
0.15181227
0.19527137
0.11526997
0.11460996
0.1547875
0.80527943
0.6921311
0.6710895
0.6610796
0.7972476
0.29042193
0.13391033
0.11507706
0.1339515
0.58874017
0.6502455
0.66018474
0.65405405
0.6455233
0.12890965
0.09725834
0.14723206
0.1178468
0.107736945
0.21915264
0.71709305
0.7360653
0.19365846
0.091201946
0.06227537
0.06425663
0.09927551
0.8456439
0.91276
0.8287436
0.77258205
0.08294361
0.058628608
0.06231178
0.11696473
0.14443474
0.6961827
0.67218256
0.2248883
0.6233318
0.09938258
0.07565587
0.099050835
0.66437465
0.20695633
0.7401308
0.21606828
0.11604269
0.09209477
0.19923137
0.8972738
0.9256434
0.93819165
0.9396977
0.9281183
0.92099243
0.16338491
0.057760928
0.06312227
0.05334743
0.052938513
0.056387573
0.063435495
0.09333252
0.7014772
0.327892
0.72961205
0.27952087
0.11556606
0.1322923
0.7041881
0.1141044
0.06920883
0.06499427
0.06571888
0.06749547
0.08214637
0.06973376
0.069219485
0.104357675
0.80494004
0.30569255
0.2663181
0.19164784
0.8886853
0.9305644
0.91054785
0.11124366
0.090976745
0.1349685
0.76584625
0.15421474
0.17687237
0.8640387
0.26905417
0.077268645
0.0563409
0.05717852
0.06150459
0.07196125
0.1433957
0.71097314
0.11356433
0.08639871
0.12338624
0.7765429
0.8720646
0.75773317
0.7048087
0.7062785
0.7062804
0.7361468
0.7442351
0.7290927
0.69176793
0.16097023
0.15875338
0.7397216
0.7703083
0.7997359
0.808572
0.82870746
0.8117423
0.09834199
0.06824861
0.08035155
0.077641875
0.1469089
0.13363118
0.15344322
0.14803432
0.6924827
0.6661507
0.68088883
0.691094
0.6899854
0.70935065
0.71559
0.121878386
0.0796501
0.07108751
0.09127606
0.0804528
0.08854852
0.16518013
0.8982399
0.93027574
0.92912334
0.8528278
0.80864334
0.103989184
0.07325507
0.061302457
0.0718685
0.10977392
0.09076024
0.14306425
0.13355629
0.30892906
0.6556647
0.15132953
0.11863538
0.15646525
0.16166125
0.643365
0.48592484
0.8266476
0.7496941
0.69912744
0.67795944
0.6884161
0.6869143
0.71585786
0.73015445
0.7510768
0.7713647
0.8509832
0.9168835
0.9136648
0.79324716
0.116962075
0.119154386
0.077338226
0.07063605
0.07989841
0.12638566
0.14044888
0.65664107
0.6571626
0.6150903
0.21135402
0.20471348
0.38100374
0.7751858
0.6769566
0.70595217
0.76084155
0.8635317
0.75244516
0.10588889
0.07318285
0.066562004
0.081500426
0.15102136
0.7203827
0.121381804
0.11892316
0.07681571
0.091835
0.07038985
0.06951194
0.086402185
0.065583125
0.057626087
0.060011677
0.09038807
0.8758133
0.92280555
0.9434928
0.9254023
0.08590144
0.05602327
0.052344784
0.07659898
0.080935396
0.13963422
0.8897779
0.84922385
0.09162229
0.062171176
0.05372722
0.0645168
0.09671415
0.80730796
0.8118189
0.84261674
0.8018926
0.09251723
0.05997947
0.057582628
0.07590079
0.10302917
0.679205
0.119673006
0.09480727
0.1433549
0.88114285
0.9011858
0.78090084
0.71508235
0.69596696
0.7090679
0.16341335
0.09640828
0.08830027
0.12699121
0.12010007
0.24599926
0.26514798
0.20068742
0.6088552
0.21651953
0.22585174
0.66527945
0.6809936
0.6658098
0.16893578
0.1317679
0.124860495
0.19347134
0.11627326
0.109126955
0.121628955
0.15912624
0.15272507
0.21603003
0.23370641
0.7613692
0.6618849
0.55340326
0.167468
0.14229026
0.15933336
0.5503785
0.24691269
0.20168868
0.32088012
0.3263624
0.69728285
0.80866337
0.68463486
0.58526057
0.1305838
0.10394898
0.13529748
0.21116693
0.15356661
0.65120524
0.150235
0.082744725
0.07728904
0.113630414
0.16788478
0.7713629
0.7605393
0.755172
0.13523978
0.15461022
0.07953527
0.087063804
0.18199618
0.09864592
0.11534654
0.08543747
0.07728888
0.07660532
0.081204124
0.08272938
0.09854327
0.08462528
0.09118816
0.19366063
0.21200925
0.18676254
0.109505825
0.12399529
0.7488892
0.7634432
0.88010764
0.7836697
0.723129
0.66300267
0.65377194
0.6037198
0.0957272
0.07763071
0.10768539
0.1795369
0.8337069
0.71228266
0.68182653
0.71455455
0.70109373
0.0852953
0.05492716
0.051011052
0.0546058
0.065940194
0.15119788
0.8941463
0.8707014
0.8299347
0.88957614
0.10478415
0.06270876
0.064375415
0.09988708
0.8369243
0.8658969
0.81769574
0.08878379
0.05892148
0.059011854
0.08017342
0.7934054
0.90528715
0.910974
0.92335963
0.91374785
0.8398161
0.78312707
0.83748513
0.8837056
0.9110522
0.8738498
0.81502944
0.77574414
0.21658386
0.11789269
0.07941065
0.07666643
0.0894113
0.1289685
0.6851708
0.74276054
0.85242397
0.8078405
0.7703766
0.8151071
0.85149944
0.877847
0.83871824
0.79456466
0.7616845
0.80250716
0.8756427
0.8840499
0.84348905
0.82533705
0.8245589
0.8485659
0.8706952
0.77600974
0.24439833
0.205399
0.5160699
0.15106817
0.11866934
0.11686125
0.14932328
0.72946304
0.852219
0.75459033
0.70563185
0.6779505
0.66195214
0.64548874
0.5477423
0.17349009
0.22468519
0.20434375
0.8522099
0.7649149
0.74003017
0.085571066
0.057603694
0.059200305
0.061854813
0.068052135
0.075941235
0.12203544
0.7762811
0.14468853
0.11726167
0.06055018
0.057410914
0.05890961
0.08829576
0.8579389
0.8850476
0.91648114
0.93294734
0.9411809
0.9256942
0.87163174
0.069418445
0.050239924
0.057892244
0.058256645
0.083992645
0.2210491
0.8347409
0.13166362
0.074463345
0.096058086
0.07519145
0.066361845
0.07253878
0.1209845
0.73487824
0.13331023
0.12684107
0.18112977
0.8808873
0.80668163
0.092626974
0.059795883
0.05182375
0.055504426
0.061794188
0.09305243
0.8203636
0.9159972
0.9315268
0.91938996
0.7934256
0.1785929
0.1032619
0.0934618
0.18238443
0.083527625
0.07788003
0.096045375
0.15500781
0.8433443
0.75116175
0.7494448
0.85933656
0.7088216
0.2306229
0.25466597
0.7992864
0.654079
0.63022745
0.28160387
0.21044509
0.16908841
0.2942502
0.62802416
0.15964021
0.13124444
0.20413806
0.6120969
0.18412776
0.2663107
0.18609846
0.3493436
0.32680306
0.8846603
0.9108784
0.8825788
0.13548122
0.08344839
0.076435015
0.08035181
0.095688775
0.18613203
0.86819243
0.87720793
0.41316688
0.15291105
0.12680171
0.25905028
0.10225854
0.079747066
0.0809419
0.09812493
0.15955518
0.22403896
0.1318994
0.13001178
0.17992793
0.831333
0.91193855
0.9250328
0.90476066
