0.36170083
0.40867728
0.85442257
0.91380936
0.91696864
0.88596994
0.5941672
0.24666385
0.19729266
0.26208544
0.66452765
0.8020601
0.65135884
0.23065637
0.2483288
0.8048039
0.7161581
0.8098724
0.119562484
0.07940423
0.08012231
0.13367985
0.8941163
0.92750955
0.9050235
0.09202415
0.0642602
0.08901818
0.07523813
0.078260876
0.10025051
0.87190574
0.9348398
0.94231004
0.9185322
0.088305086
0.06743777
0.05052175
0.05524851
0.060610488
0.0880575
0.722807
0.83972377
0.67776966
0.18206362
0.20340252
0.85635215
0.88155115
0.25300604
0.086900115
0.07664177
0.11151643
0.68898666
0.09281142
0.06360231
0.059435572
0.05819047
0.05911477
0.07118028
0.2049443
0.90547115
0.9097063
0.24130055
0.08007486
0.07861435
0.19466843
0.8824455
0.92684406
0.93365407
0.9239468
0.93526304
0.92304295
0.91468227
0.09424322
0.0496059
0.04610734
0.05618419
0.08088859
0.06400814
0.07521755
0.16880806
0.8895655
0.80155176
0.08800768
0.05707259
0.053790126
0.05730318
0.065136336
0.10417056
0.21423517
0.8266743
0.18803084
0.16737378
0.7392709
0.8520027
0.7229195
0.64620185
0.23541111
0.29097292
0.87162024
0.9169388
0.91985464
0.9011703
0.7777856
0.20886587
0.20485829
0.32839176
0.5064551
0.864932
0.8935205
0.9131908
0.9084737
0.85989493
0.41541073
0.46446732
0.8610352
0.905081
0.9078422
0.898485
0.9041357
0.906001
0.90421796
0.8997367
0.9019346
0.90179414
0.8989627
0.9015071
0.90185326
0.8998146
0.90307045
0.9049047
0.90496963
0.9085737
0.90332586
0.86242634
