0.43339074
0.29432377
0.40800852
0.6167762
0.63204753
0.6044426
0.53263235
0.20397691
0.14918208
0.21324213
0.23776746
0.17397524
0.20623447
0.7998632
0.81750894
0.3539897
0.160103
0.15194263
0.56571525
0.25213352
0.19015475
0.18253875
0.23815
0.21363123
0.11677832
0.07334722
0.07267717
0.09916243
0.13878097
0.8486737
0.73494834
0.69095534
0.0923059
0.06723365
0.084265396
0.095772356
0.63336676
0.12081668
0.12452454
0.8356273
0.92340773
0.9090628
0.08989389
0.05799894
0.05834664
0.084930465
0.65946186
0.10260549
0.08716989
0.26243287
0.8958264
0.93003184
0.924143
0.9180355
0.9216244
0.919311
0.118981786
0.05833716
0.044426527
0.04445554
0.04832858
0.054397885
0.08135211
0.8233213
0.9048486
0.85028756
0.8006375
0.770944
0.72461295
0.12044369
0.12663057
0.6881007
0.13576229
0.102740906
0.081487946
0.11334543
0.6970937
0.12329381
0.14118502
0.074045524
0.0776084
0.15404448
0.1777701
0.7068072
0.23394382
0.25878987
0.22904225
0.197713
0.589144
0.12757178
0.114344396
0.18662544
0.66893667
0.41004676
0.67525357
0.11054971
0.078506514
0.09149646
0.08346845
0.06785145
0.06859621
0.08403727
0.259173
0.85398436
0.12157856
0.07671042
0.07388965
0.09633323
0.7412947
0.23567963
0.8359837
0.85112226
0.8508103
0.8841526
0.83506167
0.2265084
0.75220203
0.08542849
0.06229017
0.0823852
0.0681898
0.075624585
0.06965078
0.06715963
0.067128815
0.07617956
0.13177156
0.09489743
0.12529129
0.6608143
0.3503813
0.7944875
0.69941735
0.67196226
0.7082058
0.8519207
0.84694624
0.11245412
0.06736271
0.058528196
0.06629434
0.1142035
0.088432714
0.14884822
0.8297411
0.88347906
0.10401765
0.06118809
0.05017779
0.052617837
0.06781371
0.49492198
0.91856664
0.94162476
0.94552565
0.93238485
0.91922265
0.08308317
0.04722882
0.04502001
0.050588865
0.06323314
0.060962237
0.057162184
0.0640228
0.12325896
0.3008556
0.891604
0.8461961
0.20683095
0.20774034
0.89133847
0.91869736
0.9104577
0.86432046
0.09195811
0.089646965
0.065646
0.06155063
0.060839444
0.08835639
0.8147753
0.90336925
0.86890095
0.8320847
0.81469387
0.793821
0.75498545
0.09649263
0.07184649
0.08397161
0.07710282
0.10814958
0.09981541
0.1276705
0.58104515
0.66381544
0.66881853
0.74525625
0.88062966
0.90402365
0.9004752
0.87230235
0.76219225
0.7391946
0.8121731
0.87606144
0.8738603
0.8702078
0.7201648
0.52616745
0.34173143
0.15639953
0.13482277
0.20129171
0.124332935
0.14638999
0.13955061
0.30058143
0.32287687
0.8382117
0.71862113
0.120074205
0.105305746
0.07246574
0.068491906
0.06953904
0.07028856
0.068634585
0.06573425
0.06300661
0.06795712
0.06616527
0.09356331
0.82444394
0.86354446
0.9127932
0.8780047
0.8590442
0.86068416
0.8723853
0.8991454
0.9299824
0.9070196
0.07252685
0.046523947
0.0441502
0.047608238
0.0505866
0.05101109
0.05581716
0.0868911
0.8750112
0.9120045
0.93307495
0.93695796
0.85174257
0.104366526
0.1090387
0.689515
0.080504134
0.053726822
0.051844615
0.05372852
0.061175574
0.109381385
0.8790781
0.86415887
0.88141704
0.9088948
0.861907
0.8494869
0.91278327
0.9157064
0.8767103
0.13299973
0.10500737
0.13729462
0.7329667
0.87431955
0.8539738
0.90638787
0.91433746
0.9025131
0.80412835
0.75323147
0.74842876
0.7399804
0.20436761
0.07167581
0.05622985
0.059314456
0.05766992
0.06470525
0.10587418
0.8055038
0.78064144
0.17052905
0.1449257
0.79684854
0.84856343
0.90431786
0.9287219
0.8915479
0.7920136
0.1308314
0.16816226
0.8678776
0.77234316
0.08269649
0.059928916
0.074037306
0.10414096
0.07054943
0.06908664
0.072599724
0.06961344
0.075329594
0.07949099
0.16129328
0.73638153
0.22429547
0.69855154
0.118333936
0.091494255
0.16538543
0.740969
0.098614246
0.06249321
0.058276214
0.06756576
0.1392329
0.8976697
0.9108891
0.8709048
0.08449351
0.055409417
0.05314869
0.065385744
0.102476634
0.70232975
0.10831047
0.07697973
0.098366596
0.6586009
0.19377513
0.6946321
0.2946773
0.7669071
0.8483362
0.13406457
0.10161938
0.14113665
0.8262486
0.7394121
0.7204612
0.10673617
0.078438096
0.09791517
0.6463496
0.11141229
0.082722366
0.07768281
0.15604684
0.84012836
0.3391743
0.86989015
0.90973645
0.9194961
0.92316103
0.85751325
0.2945383
0.83319
0.22702864
0.11177076
0.18992145
0.36109355
0.89285296
0.8858149
0.11306613
0.086288944
0.114498295
0.80865294
0.9046085
0.83449197
0.78277963
0.10115548
0.06851448
0.06701853
0.07893608
0.11835003
0.72293895
0.792866
0.86298186
0.9071977
0.902462
0.8532455
0.8532821
0.89494896
0.9027793
0.89404786
0.9128895
0.9179326
0.9059916
0.8000336
0.13485819
0.13328877
0.65131116
0.11626626
0.06915526
0.06537641
0.0905371
0.85695106
0.9217812
0.9323429
0.9169632
0.9293671
0.8972117
0.8326622
0.07915612
0.057139188
0.06112657
0.113799214
0.08850196
0.14585112
0.886628
0.9151695
0.90273225
0.75611854
0.7378803
0.7515176
0.8634728
0.74451727
0.15085512
0.12792681
0.21300943
0.1648707
0.61411417
0.588836
0.19804144
0.24812134
0.3168687
0.70083785
0.7172406
0.74039847
0.830359
0.15900356
0.112058766
0.12389326
0.09924824
0.10802035
0.16948615
0.20379448
0.24528968
0.59743893
0.2223142
0.22552
0.37801102
0.8035001
0.80345136
0.30796874
0.18979163
0.1768799
0.19849223
0.6652426
0.82863945
0.842261
0.7248633
0.72935325
0.8080643
0.6471053
0.19420323
0.12317061
0.106169574
0.11000666
0.17141867
0.3050117
0.3216619
0.11862441
0.08825661
0.07901271
0.080243595
0.09088355
0.14950486
0.60879445
0.22138833
0.6731221
0.6901185
0.7955661
0.24789901
0.22112426
0.6476926
0.8054219
0.65732443
0.5866298
0.6101904
0.5891704
0.6282399
0.6427619
0.15523851
0.14031032
0.59614795
0.11123489
0.08097225
0.0978593
0.08591439
0.112869196
0.72553045
0.7122173
0.7302295
0.7287125
0.6964546
0.6973647
0.66361886
0.11340484
0.092272
0.14468265
0.11958885
0.16806789
0.8210157
0.8302205
0.677603
0.6334529
0.6524215
0.6603817
0.66444737
0.61954564
0.138581
0.10071203
0.10830248
0.08403059
0.09070824
0.16392067
0.13421436
0.68559587
0.71590126
0.7571923
0.90585893
0.90859705
0.7482734
0.08744172
0.077076815
0.05777042
0.05953655
0.068064176
0.0867069
0.15968572
0.66344243
0.6467643
0.61618876
0.6298479
0.5833065
0.19136478
0.11764509
0.100013115
0.121271886
0.10291456
0.11749406
0.20210539
0.76373214
0.22963637
0.23493098
0.48608395
0.45741358
0.4733523
0.5319217
0.5026579
0.5304135
0.6132013
0.6404919
0.6579856
0.6825272
0.7020442
0.80517966
0.6692642
0.11961963
0.08367074
0.07352265
0.082316905
0.10270759
0.22955102
0.6979937
0.6870616
0.74527764
0.859268
0.77577186
0.72042626
0.7059864
0.7323257
0.78764635
0.8766888
0.8758976
0.77025425
0.7218271
0.7865102
0.26510692
0.29794022
0.18068096
0.27712116
0.2641133
0.16374832
0.1030397
0.08978432
0.099389166
0.13433068
0.68392104
0.7935545
0.16284978
0.10964892
0.12335589
0.11790394
0.08495806
0.082160845
0.10786108
0.09732113
0.12335881
0.74524385
0.87850934
0.89395994
0.8660603
0.6780455
0.6151663
0.49254987
0.10854642
0.086263545
0.10470581
0.09877499
0.1797052
0.14687474
0.14523678
0.12485478
0.21617168
0.59310174
0.18242401
0.13596396
0.20216444
0.15914436
0.24222182
0.8079977
0.6780807
0.6310888
0.5903657
0.4746874
0.1411301
0.12282738
0.21118309
0.20023054
0.20299399
0.7678689
0.20116408
0.23666157
0.09575585
0.07490004
0.07558103
0.082021676
0.09960268
0.20692916
0.24066803
0.26736316
0.58466643
0.22605173
0.617569
0.59666085
0.20001139
0.19048007
0.65954804
0.8006103
0.37372965
0.23119918
0.36216584
0.78788096
0.20160408
0.10747408
0.08615255
0.08950762
0.13043101
0.17711785
0.6948587
0.8451385
0.8282348
0.24720907
0.32164723
0.59217334
0.11004552
0.07972599
0.08540328
0.13100755
0.20447731
0.12210807
0.07723555
0.07114338
0.080482654
0.13489896
0.86647534
0.8513354
0.14392152
0.12831539
0.5859854
0.1865516
0.68546295
0.6892192
0.11256874
0.12575145
0.09926493
0.061754137
0.06383635
0.09839049
0.84084284
0.8680464
0.1874518
0.19586729
0.88555205
0.9218371
0.93336076
0.9289541
0.8936534
0.14548616
0.16392863
0.8111678
0.8630302
0.11093829
0.08632643
0.12621683
0.8792042
0.91686434
0.8990526
0.8851875
0.88260686
0.8777106
0.2298708
0.16310364
0.17723422
0.84745884
0.84296095
0.846784
0.913173
0.8977828
0.89090997
0.39828354
0.7486617
0.13005982
0.13489069
0.7166799
0.7267214
0.09051304
0.061181694
0.060189486
0.064045444
0.07877768
0.14537343
0.2769496
0.18036467
0.1275679
0.14522529
0.70660377
0.20648986
0.10788555
0.088703975
0.08366455
0.079224534
0.09019581
0.11127855
0.26131046
0.16765459
0.121822424
0.15396354
0.116960876
0.15684605
0.6730796
0.24584518
0.68692476
0.27149385
0.2396186
0.19896485
0.11218282
0.085061505
0.08015916
0.08793495
0.09621363
0.1734186
0.1603737
0.67321587
0.14431228
0.11115998
0.13375407
0.11615008
0.13814493
0.69496715
0.7298959
0.7924424
0.90260315
0.8977762
0.7498103
0.125193
0.1026556
0.1252741
0.12025289
0.23207606
0.63236696
0.28622538
0.29214805
0.82810193
0.54895705
0.5023852
0.23973253
0.10977744
0.094651
0.07997834
0.07792048
0.081953734
0.07521951
0.0806027
0.08820356
0.105813466
0.273439
0.66756403
0.641928
0.37664425
0.2474172
0.45368254
0.8604461
0.7605809
0.1244153
0.090207614
0.07576293
0.07201072
0.08777931
0.13837926
0.14875516
0.1175533
0.1626634
0.17171589
0.15969291
0.11245814
0.13285376
0.101963975
0.10531848
0.13779512
0.67162234
0.75322676
0.807301
0.8444623
0.8732709
0.90551406
0.9053789
0.8864388
0.8986518
0.89567536
0.91201615
0.9170352
0.90787715
0.8247989
0.44580284
0.20904487
0.6241605
0.13671237
0.107433684
0.114012405
0.19083956
0.14746056
0.17585453
0.41972253
0.78326297
0.67514735
0.44487888
0.27900103
0.32070816
0.57908875
0.64688337
0.76894027
0.5507982
0.38156757
0.60711837
0.57714045
0.17134738
0.14486024
0.18157874
0.24846606
0.11341725
0.09013567
0.08640488
0.09368079
0.15304515
0.5905312
0.29821104
0.8682651
0.9084423
0.9099231
0.8921434
0.8531676
0.11084405
0.066659324
0.058462318
0.059263185
0.062404472
0.066420525
0.07877546
0.13248654
0.80601925
0.1289393
0.08627005
0.09511895
0.38244238
0.90214586
0.9263547
0.92382205
0.87598157
0.8647265
0.90583575
0.81473595
0.7529409
0.7288951
0.11176411
0.06525184
0.06762118
0.13840894
0.7299883
0.10333178
0.075253665
0.11505403
0.13334286
0.821362
0.169897
0.16727686
0.88603854
0.92536974
0.91961396
0.086324506
0.052384276
0.04947744
0.058204845
0.07284366
0.13591136
0.8414432
0.12657128
0.07171066
0.07210987
0.11223741
0.6846395
0.10586076
0.067590415
0.06709227
0.1071741
0.8850728
0.93114704
0.9166389
0.10775518
0.09091152
0.056793626
0.059367616
0.09107456
0.8467451
0.8766881
0.87657315
0.8873534
0.83031905
0.076932795
0.051970255
0.049326308
0.06145713
0.09589493
0.7904113
0.7807668
0.75850046
0.10279171
0.0708877
0.07581852
0.1555409
0.8258076
0.9130742
0.925423
0.9172645
0.8721127
0.84693855
0.86511713
0.8894974
0.9077642
0.89985174
0.9012695
0.91544163
0.9158984
0.8908942
0.85873896
0.8665855
0.21441716
0.11551402
0.1183333
0.16136692
0.8340443
0.7904119
0.9102182
0.9123318
0.80586314
0.118879
0.07828936
0.07178565
0.06636252
0.06711244
0.06996746
0.08286859
0.113626555
0.70127296
0.68423104
0.67465985
0.15761495
0.12622303
0.22021551
0.15483712
0.11529399
0.16396971
0.8839748
0.8926378
0.873172
0.83859396
0.774365
0.10216455
0.08396475
0.13955005
0.11849104
0.104815595
0.13180076
0.7542315
0.85982126
0.7142295
0.2533598
0.6691293
0.25682235
0.133953
0.11920523
0.17064382
0.7673324
0.17409447
0.15982546
0.117959395
0.12687531
0.18911235
0.8469013
0.85314536
0.5228684
0.43118128
0.70099646
0.82490027
0.34561184
0.18496019
0.23720917
0.2458385
0.81821454
0.15801527
0.0886007
0.07552063
0.080019005
0.085805476
0.10099281
0.1704234
0.18226382
0.11356287
0.08956368
0.08501096
0.09135466
0.12553306
0.6583325
0.6092993
0.18709026
0.18870139
0.2782912
0.6983003
0.8840663
0.8843287
