0.7830344
0.7107488
0.18913136
0.1374053
0.14729531
0.12163813
0.1612217
0.20226762
0.35396627
0.7056341
0.8376911
0.38749427
0.13832323
0.13512297
0.09606453
0.12715267
0.124588
0.086204015
0.0843998
0.10697132
0.09232847
0.15580839
0.098992065
0.07175401
0.07563274
0.12046394
0.84970707
0.7433689
0.78084856
0.8476415
0.92574954
0.92381656
0.78255373
0.07277993
0.055796005
0.061578866
0.12208746
0.12018167
0.14889818
0.2029719
0.15981515
0.7329105
0.86760724
0.7929676
0.775825
0.85756856
0.72287434
0.6503262
0.64482665
0.62097186
0.2201038
0.25591904
0.4193413
0.7888361
0.67523205
0.64717364
0.6587849
0.68686116
0.7420368
0.8307561
0.7783668
0.7149517
0.7349768
0.8291075
0.7809157
0.7168562
0.70923364
0.6761229
0.32115284
0.62567914
0.5702806
0.14737299
0.13233304
0.09611839
0.10252911
0.19866343
0.20319025
0.8605041
0.7896049
0.75485414
0.70834726
0.10179308
0.086380795
0.067902625
0.079776496
0.15333532
0.13383628
0.62260824
0.61252356
0.22358523
0.5756587
0.16525047
0.13569401
0.15176119
0.7240202
0.88533103
0.89905304
0.8580095
0.16489042
0.13300036
0.16044356
0.55973685
0.6204819
0.66794276
0.76992494
0.28956455
0.1808431
0.1678857
0.19456966
0.7432892
0.608602
0.13319789
0.09943881
0.09472214
0.12202722
0.6032044
0.19205719
0.23834349
0.6564674
0.35615006
0.28373086
0.1490846
0.08493597
0.07215604
0.07694143
0.10313321
0.2765589
0.8479971
0.72262967
0.6869896
0.10035318
0.07024542
0.07999612
0.09606613
0.1312735
0.8500221
0.7424283
0.7122069
0.735017
0.71679837
0.09910542
0.06385996
0.065088555
0.10813072
0.81268835
0.21204138
0.16369827
0.83090276
0.88458157
0.9188133
0.904516
0.8935497
0.9020859
0.9244609
0.93178046
0.935725
0.93266386
0.88084406
0.08402526
0.08545747
0.05060107
0.051667564
0.059533298
0.09894897
0.07723479
0.14496762
0.15074077
0.08885264
0.13497812
0.73248905
0.1600847
0.10499536
0.14968298
0.8263563
0.2179873
0.13200092
0.24939904
0.18378456
0.2012448
0.2726593
0.0932563
0.07423237
0.079755396
0.09578052
0.16085127
0.8631043
0.87914765
0.85384816
0.17924029
0.20077343
0.095585674
0.09437427
0.16512501
0.25400487
0.82390493
0.91548955
0.894558
0.09706013
0.066265255
0.075158335
0.09906213
0.8275195
0.85235137
0.8588949
0.8895686
0.1331545
0.13938007
0.11960974
0.14649081
0.837843
0.15775727
0.0878687
0.0615189
0.06653715
0.099484324
0.14064148
0.83511364
0.72385806
0.7196196
0.70359236
0.6925321
0.66880566
0.12825438
0.1091957
0.084497735
0.10304965
0.6823277
0.28731412
0.8756325
0.87419724
0.8458134
0.8356697
0.8300581
0.8542521
0.87008375
0.8772083
0.26259252
0.6931146
0.10552057
0.088809885
0.16142453
0.08564675
0.08491335
0.09393168
0.12477427
0.3086257
0.78397787
0.8586471
0.9050499
0.91002
0.89903396
0.8708002
0.88862985
0.88649166
0.83655375
0.8015138
0.7694319
0.7117535
0.1672012
0.121202685
0.10762405
0.11067548
0.14180009
0.73388404
0.8662268
0.816853
0.83745205
0.34541267
0.36219868
0.87090856
0.9147612
0.9162142
0.8946459
0.7422873
0.18574901
0.20198041
0.7145513
0.88621885
0.8979705
0.78885347
0.111640215
0.08087804
0.0728315
0.07208361
0.07674269
0.082224615
0.08440067
0.09100051
0.12948139
0.1620285
0.2698606
0.7140667
0.7029484
0.13672222
0.14116682
0.0810767
0.115895376
0.10398266
0.07053241
0.0898191
0.81195444
0.87521905
0.9005938
0.9083145
0.9085843
0.91096705
0.9185212
0.91007155
0.9103619
0.9214212
0.90322894
0.8705961
0.88014245
0.08442559
0.060340308
0.07508107
0.097592585
0.13628747
0.8214459
0.26373503
0.18773992
0.6876218
0.21193446
0.14057387
0.20056677
0.118598916
0.121217534
0.1578178
0.71230936
0.81844735
0.7242988
0.7220008
0.79299015
0.85493016
0.8986432
0.8953446
0.81187266
0.71923596
0.19415528
0.22176744
0.14009435
0.14258246
0.23754665
0.28368932
0.25639406
0.73682934
0.39686203
0.5701214
0.25439695
0.19665773
0.20509721
0.4434565
0.8045157
0.71889937
0.73460925
0.83284426
0.70276797
0.22555266
0.1581553
0.16103815
0.26294008
0.5960254
0.47121093
0.7510442
0.19531259
0.1414922
0.12643398
0.1371592
0.24127932
0.26086697
0.64552534
0.6835815
0.79603237
0.67157936
0.20147687
0.23145133
0.12701963
0.11837308
0.1745047
0.5963129
0.14488406
0.11687414
0.1457755
0.16422935
0.82995653
0.7761419
0.8993555
0.9174119
0.91709197
0.9105328
0.8868501
0.75831664
0.7253601
0.7946084
0.19723786
0.15818869
0.23032208
0.18827449
0.6013058
0.6916994
0.75219244
0.8626179
0.8148894
0.81511074
0.87986654
0.87603426
0.8104696
0.86977243
0.8700114
0.7804854
0.82395554
0.54160935
0.3210088
0.14966212
0.15421432
0.12108331
0.2120217
0.0993726
0.08717068
0.10823994
0.089992896
0.1001697
0.14571989
0.8200098
0.7072814
0.70403695
0.8495553
0.8317764
0.5850907
0.5082955
0.42989528
0.4275338
0.15324827
0.15951675
0.14929573
0.3492388
0.869867
0.88374275
0.7068547
0.1595042
0.11881663
0.09536016
0.07624892
0.098806165
0.6553209
0.1744744
0.36695883
0.87418187
0.76321197
0.7397655
0.70480335
0.08156718
0.051908214
0.047791168
0.050777126
0.06068208
0.1638745
0.8799546
0.9135284
0.88294345
0.8894674
0.9076856
0.9223728
0.91996855
0.9295218
0.9337298
0.9302577
0.8724454
0.08213974
0.05076728
0.05212575
0.050367534
0.061868403
0.14950082
0.85550636
0.8597013
0.84505785
0.8147738
0.2327668
0.20388351
0.79203236
0.13044699
0.111155994
0.20884739
0.2972272
0.4934264
0.8691576
0.79656494
0.8535749
0.23838189
0.12519914
0.12242456
0.14735773
0.68464357
0.7492468
0.8566814
0.79108775
0.7802684
0.8661177
0.8177938
0.8149833
0.89399755
0.8830134
0.91101205
0.8841316
0.14934471
0.096573144
0.10547213
0.19778438
0.16222616
0.63874847
0.6221143
0.20181492
0.23839171
0.21531908
0.6323796
0.35303533
0.22785552
0.27786678
0.35515514
0.7114506
0.8005973
0.8731818
0.8552597
0.8480813
0.886739
0.8891861
0.87189543
0.89416355
0.90200084
0.893956
0.8858055
0.78516847
0.23767588
0.23040712
0.20443606
0.25728768
0.77821296
0.73680145
0.8084546
0.3127136
0.16705999
0.16567513
0.11234324
0.09987186
0.099254124
0.10756112
0.13602038
0.6539544
0.14910457
0.14413731
0.09796397
0.09627331
0.111235626
0.15664943
0.7708126
0.1774936
0.12441474
0.14260474
0.18258983
0.11601501
0.12097524
0.167275
0.8448066
0.8475757
0.20304419
0.26912794
0.1251879
0.07550576
0.06941874
0.0759339
0.09976977
0.10607606
0.09389276
0.07107512
0.07235199
0.063312165
0.069743626
0.123999074
0.88271135
0.8361293
0.8418276
0.88890904
0.1305382
0.08502058
0.0795902
0.07906849
0.33676842
0.90451384
0.92973506
0.92622083
0.9259511
0.93035126
0.9077979
0.12899494
0.07708909
0.13096698
0.19164388
0.37203628
0.90359575
0.8469824
0.082950205
0.05517981
0.056363896
0.07502515
0.061052617
0.058048174
0.057393983
0.06283745
0.094343364
0.80793554
0.8393371
0.90872043
0.82780045
0.8038345
0.7582509
0.0843379
0.05675287
0.056956485
0.06965285
0.0642519
0.06645377
0.076116115
0.13440317
0.86531156
0.78098404
0.8580476
0.12363527
0.08863687
0.14214072
0.15481582
0.10803569
0.38596228
0.90271246
0.9258374
0.93612003
0.9380624
0.93495387
0.9140263
0.114383765
0.05850634
0.06419282
0.07187269
0.07227283
0.12149579
0.87107444
0.8641668
0.16439378
0.15718915
0.31002292
0.8517861
0.79878473
0.7972026
0.80443066
0.85836405
0.13670568
0.09399497
0.09179583
0.14348206
0.21948041
0.1214505
0.14304486
0.6549234
0.6403837
0.16195767
0.15691988
0.11221323
0.112295546
0.13003062
0.19200312
0.8065615
0.76851296
0.8612905
0.8533764
0.8947793
0.9042571
0.9045705
0.8986062
0.86752915
0.57924664
0.21317798
0.2094989
0.3021503
0.27538788
0.6997041
0.7879155
0.88042766
0.87249875
0.71255475
0.25720644
0.27210063
0.6621794
0.73614156
0.83214176
0.7268847
0.6691887
0.64501274
0.23432925
0.23673859
0.72340286
0.21244118
0.18524238
0.5178489
0.14401327
0.12037702
0.14749584
0.13662954
0.18298168
0.82252455
0.8181787
0.25197333
0.30312628
0.2712686
0.20478626
0.5294418
0.53437847
0.5211865
0.6116964
0.657089
0.8186231
0.82373434
0.38017914
0.1675033
0.16349255
0.5893835
0.16390896
0.23441218
0.109090045
0.10111997
0.18416709
0.087623484
0.078570634
0.08819426
0.14211723
0.3299524
0.8935246
0.9134617
0.8879828
0.13462211
0.069054924
0.06193797
0.07112059
0.16444232
0.8969523
0.92837375
0.9236362
0.8194629
0.8638896
0.08588321
0.06067102
0.068280086
0.09997211
0.80393827
0.8770085
0.10064393
0.059598643
0.058105998
0.06447002
0.16773723
0.8993467
0.9169188
0.9248096
0.93537325
0.9317421
0.9310021
0.8687304
0.06999611
0.051668033
0.061958868
0.06277793
0.11362629
0.8906426
0.9057597
0.42565882
0.8829061
0.23423015
0.06612129
0.05387787
0.056051668
0.059293345
0.06263666
0.07182589
0.107040465
0.6814021
0.20675977
0.22758335
0.15834822
0.12386551
0.140059
0.25016335
0.7879124
0.70001215
0.6608342
0.3020069
0.5510884
0.19255541
0.1639338
0.17835191
0.36549926
0.72955036
0.8563823
0.86028326
0.73203677
0.6883193
0.79263556
0.16187258
0.1061358
0.08717741
0.085997656
0.11381711
0.092015244
0.09993127
0.20089461
0.14071287
0.18093795
0.81545323
0.6692261
0.1607264
0.14979538
0.12640008
0.09929751
0.11645811
0.6543478
0.67577034
0.68411314
0.8469055
0.21820356
0.08532993
0.078474164
0.07414102
0.11776798
0.81568277
0.38265556
0.67601645
0.22059724
0.65183264
0.13200085
0.109267935
0.13517177
0.8034482
0.8159731
0.82477194
0.7731276
0.11279387
0.10560585
0.15625323
0.87504834
0.913205
0.9095824
0.35390398
0.18661943
0.1497579
0.7619787
0.7869201
0.21129951
0.19543171
0.21674405
0.74113065
0.35514623
0.76660895
0.3771756
0.8385257
0.11297692
0.07657858
0.110101216
0.09162741
0.18319091
0.8765243
0.8444746
0.8015896
0.8511656
0.13857017
0.11498305
0.1935874
0.21662678
0.19419916
0.7364497
0.8213756
0.90763366
0.9109347
0.8705775
0.1608639
0.12401971
0.14931677
0.132839
0.16273037
0.57582915
0.6807795
0.7094134
0.7425763
0.83012134
0.7529175
0.7139619
0.80916244
0.34255698
0.23812255
0.6757262
0.8255282
0.114560865
0.07084882
0.0649796
0.08235778
0.10459142
0.66336334
0.13184643
0.13107264
0.7481731
0.7225597
0.6730843
0.14354546
0.14168568
0.8422673
0.920108
0.9332866
0.93594414
0.9370168
0.9339784
0.90730137
0.07969866
0.053273227
0.057961173
0.086807884
0.65025216
0.13872363
0.19079188
0.14740443
0.5950043
0.16931093
0.17323513
0.6795298
0.7770148
0.39295936
0.6505074
0.8260815
0.78241396
0.80838734
0.86159486
0.84278643
0.89110625
0.89614683
0.86259925
0.22021528
0.21747054
0.13101129
0.09512338
0.10252175
0.26941326
0.84895855
0.13965806
0.06846214
0.06435367
0.064293966
0.06311158
0.111582756
0.11709483
0.8794427
0.9230067
0.9129732
0.8940698
0.21180773
0.18285805
0.8294558
0.8846194
0.8829334
0.8090664
0.1665334
0.24994789
0.86540645
0.92879015
0.933672
0.8876022
0.808417
0.077481434
0.06503501
0.062412612
0.11504056
0.150166
0.14370589
0.24806911
0.7498752
0.15876563
0.091224745
0.08994634
0.20290108
0.21354416
0.3305484
0.8368257
0.33828992
0.12539302
0.097162694
0.103453636
0.16158879
0.82121855
0.7367442
0.7712925
0.8988127
0.8980581
0.7685155
0.20636354
0.12292694
0.105176404
0.12683156
0.6480602
0.12605515
0.09646114
0.10537472
0.17662244
0.19011389
0.7649385
0.22021692
0.20130716
0.3644707
0.8444996
0.82706577
0.90463334
0.914637
0.8990148
0.7834697
0.35902497
0.31167752
0.32296705
0.34659025
0.8553233
0.85732263
0.17751607
0.13729325
0.19033837
0.12515928
0.13986026
0.45563334
0.18679619
0.2098695
0.6788298
0.73189175
0.85165495
0.85305166
0.7436952
0.7336631
0.7445293
0.7856147
0.8221181
0.87423176
0.7825156
0.12911573
0.08567479
0.07052142
0.07854514
0.14747539
0.11912463
0.11952201
0.6513035
0.10581125
0.07948544
0.101705894
0.76643556
0.79051495
0.7822013
0.7531819
0.77907526
0.7996418
0.8771126
0.91126794
0.7979191
0.092095315
0.0748082
0.0960795
0.52060825
0.16012274
0.23952988
0.6415925
0.6599825
0.6644
0.6549479
0.6228911
0.6392132
0.7152774
0.8369912
0.7073267
0.68924963
0.6721054
0.10961584
0.07985961
0.085993
0.17583308
0.73005766
0.687585
0.14041476
0.14532673
0.35900486
0.86131
0.104967564
0.060825706
0.06081334
0.054082908
0.058938786
0.09404832
0.88217527
0.9224377
0.93357176
0.922511
0.08326092
0.051549774
0.05021966
0.05795538
0.06713665
0.10559123
0.7150955
0.12972064
0.09425306
0.14348726
0.81653994
0.13929176
0.07575239
0.07285328
0.10425426
0.7179687
0.7222729
0.7415824
0.21330608
0.08889908
0.061690792
0.059286185
0.060587645
0.06184167
0.06912293
0.10945365
0.73548937
0.20941485
0.70926875
0.12441129
0.088466406
0.12909532
0.8891876
0.91678166
0.92476195
0.92835283
0.92792
0.8621077
0.08710733
0.07589293
0.13248841
0.7510497
0.32386714
0.8976739
0.875071
0.853188
0.13616732
0.057652563
0.050221387
0.0529642
0.058026936
0.068004936
0.13676186
0.20957388
0.8426157
0.16604859
0.080831036
0.08305365
0.08501535
0.10125337
0.83014673
0.87562567
0.9136914
0.9308406
0.89655876
0.80194396
0.11033761
0.13288637
0.13246101
0.10729003
0.24685477
0.8753359
0.8773629
0.9221413
0.92842144
0.91644984
0.8237498
0.14772263
0.084745854
0.08155166
0.09366916
0.14395784
0.7747611
0.64238614
0.27816054
0.5135394
0.8169279
0.70412767
0.7109297
0.723586
0.36744037
0.20349324
0.08321044
0.0675959
0.07474183
0.17701422
0.8596823
0.88576967
0.90436083
0.9098802
0.13215865
0.062266953
0.056175966
0.065299265
0.10913966
0.1777087
0.75614524
0.84954417
0.6709129
0.300808
0.2803183
0.7625428
0.8746999
0.85958564
0.85330063
0.89312667
0.89467835
0.89365125
0.86698556
0.84159255
0.86289805
0.88620937
0.8825378
0.8821483
0.8290322
0.8208902
0.8682075
0.80273724
0.74936163
0.24544062
0.15862553
0.11377277
0.07619738
0.07511624
0.102546364
0.7109463
0.67710197
0.12622112
0.103203095
0.20433478
0.86030245
0.92548776
0.9292959
0.8632775
0.8856553
0.13104406
0.08232539
0.10652277
0.6546147
0.65802807
0.115522645
0.10760555
0.09781162
0.17929961
0.22750644
0.2967938
0.6848916
0.70693284
0.7244497
0.1877666
0.09509734
0.08794574
0.1509739
0.08080849
0.08085293
0.069674425
0.067378014
0.06725856
0.060969364
0.06068238
0.07702122
0.13269734
0.89404833
0.8965739
0.54013056
0.5724685
0.8952226
0.8949456
0.8692085
0.8902936
0.8917014
0.21858485
0.18975453
0.7852491
0.7219849
0.10479564
0.10810849
0.11149738
0.66821724
0.11096955
0.10771882
0.076664194
0.092328966
0.2842852
0.89411527
0.9052735
0.7503421
0.11232287
0.10358737
0.08403167
0.09739202
0.15154096
0.7904799
0.6938786
0.6474353
0.17834534
0.17328049
0.1342885
0.14565827
0.21498697
0.6271617
0.7248957
0.6169571
0.50954944
0.16839801
0.13893522
0.13865153
0.21956179
0.15874854
0.17951997
0.58989865
0.24052823
0.6020245
0.6025676
0.18691227
0.1794747
0.65103066
0.67175114
0.11609195
0.07251757
0.06458183
0.07006737
0.11440207
0.73859197
0.7981036
0.9071055
0.9157598
0.88271886
0.913874
0.9185657
0.9173194
0.91278815
0.898173
0.9140093
0.91697484
0.8948925
0.90681165
0.79883707
0.07911555
0.059678398
0.06371531
0.09250098
0.8102989
0.8574182
0.812047
0.22210725
0.52117455
0.8993257
0.9150348
0.89753103
0.29768082
0.23023827
0.8914482
0.92164177
0.8483964
0.09314756
0.060225558
0.061864346
0.08823879
0.78204024
0.81605077
0.915609
0.8968513
0.10749403
0.06948494
0.06449582
0.08060463
0.11990973
0.71745604
0.69452
0.3806502
0.30197698
0.73972356
0.8366391
0.15359087
0.105688915
0.097665004
0.1255132
0.10873888
0.12131353
0.20405318
0.8745638
0.9111799
0.9175464
0.9098074
0.8855561
0.8701171
0.87645555
0.9001766
0.90441155
0.8956029
0.88963354
0.8921413
0.8970474
0.8766153
0.8425538
0.8183959
0.8105602
0.8037556
0.8522278
0.89635605
0.8438815
0.7819768
0.24076606
0.08682599
0.0799275
0.060682267
0.062651545
0.09108536
0.83532727
0.8813254
0.8934959
0.91866004
0.8902385
0.8496443
0.81886446
0.8305483
0.8431266
0.87930423
0.91657317
0.8368076
0.08803461
0.06332716
0.06722872
0.1577046
0.08764975
0.10733717
0.0795836
0.07323121
0.081388324
0.10022486
0.1673876
0.24606396
0.18556383
0.35856324
0.67954606
0.7179185
0.7919976
0.28971502
0.3138251
0.20084485
0.20967226
0.59487665
0.6093286
0.64072305
0.7467725
0.25670403
0.24794234
0.21730924
0.17683761
0.21687391
0.21937017
0.6567895
0.67801946
0.6707358
0.6358859
0.62780213
0.62391937
0.62408006
0.6598814
0.66541946
0.6760912
0.6435819
0.14564651
0.1289125
0.10548792
0.14582422
0.699988
0.82384396
0.14961557
0.12801854
0.55248016
0.14442445
0.18805993
0.84465057
0.8887712
0.902908
0.91316634
0.9250609
0.89817274
0.84171504
0.8183945
0.1443228
0.07192532
0.070932195
0.0958442
0.7175353
0.8332458
0.3457446
0.19365017
0.2658702
0.29311755
0.8554587
0.8898594
0.8441628
0.830952
0.8855928
0.88334024
0.8227631
0.7977004
0.8475862
0.8913876
0.90281457
0.895369
0.8438023
0.8311354
0.85546553
0.7296359
0.17615116
0.13831808
0.1342159
0.18062288
0.2703615
0.30840066
0.2624608
0.62040573
0.30724537
0.20283623
0.17501123
0.12729785
0.23227848
0.09436623
0.07763607
0.07727868
0.083465904
0.12061303
0.7123893
0.31143692
0.23213458
0.12615049
0.09780789
0.08226473
0.121900864
0.703518
0.67646325
0.08953249
0.06108247
0.06335814
0.07106163
0.12983593
0.86530024
0.7483522
0.11587792
0.100146644
0.2624843
0.824862
0.16248818
0.15329948
0.84545094
0.8979439
0.9142104
0.92257893
0.92371166
0.8483605
0.123041816
0.13926418
0.8271481
0.89873326
0.91653526
0.13078061
0.05658046
0.04949868
0.056516625
0.060430348
0.08561368
0.07119002
0.10522192
0.8380333
0.90094084
0.27225035
0.09466921
0.12910387
0.07301443
0.08433374
0.08629191
0.069669954
0.073461205
0.10161243
0.6659555
0.11011839
0.09195983
0.14695714
0.73086077
0.68970865
0.26613986
0.7175936
0.69192326
0.15088047
0.14385834
0.6496924
0.16549292
0.26878288
0.7583589
0.09875633
0.06298882
0.055558756
0.061380617
0.100904725
0.88226265
0.9161708
0.9111504
0.8670381
0.078378044
0.052061245
0.049516078
0.06062143
0.095127404
0.71393776
0.17493746
0.16558804
0.7971093
0.15386944
0.14036989
0.6870601
0.6619849
0.26304278
0.76880413
0.8557417
0.90588564
0.870873
0.85489863
0.89223987
0.7818892
0.16275227
0.2184229
0.21686172
0.1858423
0.22316006
0.18507743
0.18442355
0.20797093
0.13537659
0.1430976
0.18472405
0.75207514
0.64215755
0.31734008
0.25543988
0.37136367
0.6107637
0.28497675
0.16219744
0.16853926
0.13961408
0.18046445
0.2253749
0.8628449
0.8923235
0.81773573
0.85128844
0.7097654
0.66015226
0.69374955
0.73412067
0.8395829
0.29923752
0.10800387
0.09491414
0.14866658
0.17387761
0.177445
0.7394001
0.7366009
0.84919
0.11335164
0.07687829
0.084192865
0.37636894
0.90172124
0.9268988
0.92849934
0.9224759
0.9078523
0.90459335
0.914291
0.9087853
0.91285056
0.9271219
0.9284453
0.90761817
0.13415408
0.06327591
0.06272381
0.08893569
0.6818892
0.6698482
0.68274134
0.27983326
0.18161918
0.14605722
0.09545577
0.102380514
0.16671368
0.67795354
0.73036903
0.80804646
0.91174763
0.9234369
0.90602124
0.74949795
0.15850194
0.230957
0.13020666
0.18947056
0.10604751
0.1357859
0.14339714
0.13351597
0.27734205
0.7448882
0.8948106
0.91469854
0.89834803
0.7453483
0.19782983
0.25427285
0.16797951
0.2771788
0.3119129
0.2930173
0.8214414
0.7257013
0.68565124
0.15154241
0.11777583
0.11990447
0.18172403
0.3005049
0.8049019
0.90418774
0.9153553
0.8906365
0.5730137
0.20288108
0.12571716
0.11383464
0.12325708
0.15602532
0.6430758
0.78095645
0.6993337
0.73674524
0.832071
0.7949181
0.84005
0.75307226
0.711684
0.31839085
0.2165742
0.1281667
0.102890044
0.099239364
0.12421756
0.09746808
0.09947111
0.12246469
0.6492412
0.1734819
0.10628042
0.09863653
0.1154054
0.260049
0.7610016
0.86375767
0.7833772
0.8495182
0.69499356
0.5953517
0.61299556
0.5913598
0.1203246
0.088980295
0.10077785
0.09369636
0.14403091
0.6285997
0.63391024
0.5724772
0.5879733
0.64628047
0.70197874
0.8676016
0.8422213
0.9131682
0.92017967
0.8861519
0.2960359
0.81832206
0.08006677
0.05171465
0.04968191
0.05219053
0.058973305
0.109921776
0.18262638
0.181981
0.8747471
0.88924724
0.104003385
0.06998387
0.078484446
0.45197722
0.91982067
0.94303566
0.9260639
0.88740957
0.08162217
0.049389336
0.048469275
0.05383468
0.06019648
0.06878166
0.083686925
0.12427723
0.75764704
0.11311174
0.091240644
0.06306848
0.06464563
0.09170889
0.7410036
0.7296279
0.71079403
0.6913163
0.6994932
0.7121709
0.76804924
0.86953074
0.9250053
0.91454315
0.34325072
0.11217361
0.18308486
0.071709774
0.06423039
0.08581475
0.07185868
0.07811269
0.106519155
0.33170727
0.8048318
0.2845445
0.30671617
0.8234773
0.7094692
0.6532045
0.20058292
0.25275508
0.14254986
0.14814642
0.21771897
0.3522462
0.63751876
0.8504585
0.8341203
0.828194
0.8880451
0.8835326
0.80272776
0.7853395
0.8087432
0.86417997
0.83822685
0.7877089
0.7924798
0.8661776
0.84238636
0.8909275
0.86650264
0.13396831
0.09284268
0.10873223
0.091640964
0.14178513
0.88590604
0.9195784
0.9169142
0.92085606
0.9146096
0.8881185
0.9038827
0.8824302
0.90957
0.8831945
0.8441393
0.784636
0.12125884
0.09968062
0.16851915
0.11292409
0.13398822
0.6651302
0.6376612
0.6324144
0.32989544
0.21856186
0.30421284
0.6776038
0.6905353
0.63949853
0.8131277
0.6295421
0.46793577
0.32100666
0.6403076
0.8383771
0.8031957
0.71419185
0.28735185
0.31244984
0.77662045
0.73559403
0.8129097
0.8988518
0.91411835
0.9144789
0.91607505
0.91003716
0.8695355
