0.6871207
0.3175281
0.2741011
0.24297638
0.4440309
0.74710816
0.886784
0.90382427
0.87596905
0.6973484
0.15130784
0.13180411
0.16901325
0.20506252
0.59530675
0.36399728
0.3068687
0.62312376
0.6192465
0.18218195
0.1483017
0.22307773
0.49516028
0.1468945
0.13218226
0.1765049
0.8451414
0.8601795
0.67218983
0.57369965
0.14922982
0.12473567
0.14500965
0.668417
0.7297469
0.8440431
0.7326159
0.8103775
0.57964736
0.1619905
0.10108318
0.09307262
0.10371709
0.16513842
0.8588279
0.8774031
0.7338693
0.6892573
0.6797786
0.7017697
0.82331085
0.7218339
0.14941102
0.10209024
0.08776381
0.09154618
0.10673167
0.24961555
0.09976664
0.07898408
0.07078757
0.06903651
0.07143003
0.08596948
0.17179514
0.8141908
0.20870866
0.21856993
0.8873792
0.9216629
0.9126908
0.7504923
0.72031665
0.072748646
0.054387204
0.06797003
0.062740065
0.08184295
0.06387738
0.06938563
0.07979616
0.09824524
0.17495644
0.8353703
0.17664345
0.19657655
0.8663555
0.8908737
0.8917884
0.8657435
0.80174685
0.11968326
0.1313534
0.7582934
0.2053393
0.17869313
0.17470485
0.1620669
0.157925
0.8356506
0.12748015
0.06477423
0.062353797
0.06612734
0.11190279
0.82098854
0.80627567
0.8158383
0.90033406
0.78986275
0.1604506
0.21747304
0.77582794
0.20577525
0.085109234
0.07744329
0.10357982
0.72214675
0.7045043
0.68103224
0.69742477
0.73187804
0.7563254
0.84825087
0.17667884
0.17120384
0.1541191
0.13052522
0.07838
0.068161845
0.07350716
0.08827522
0.13109714
0.7960544
0.89899176
0.9141751
0.89804435
0.7897029
0.74842167
0.8100411
0.89727175
0.90706444
0.8672069
0.40741548
0.66059595
0.21179247
0.21439113
0.5673687
0.28583404
0.5891905
0.8397664
0.83565104
0.8783729
0.8501017
0.8332267
0.8138598
0.78393936
0.71720636
0.14972804
0.12683557
0.16127974
0.7480862
0.15755361
0.15146984
0.17568356
0.11242828
0.09491804
0.08522086
0.15784802
0.2154473
0.88447917
0.778314
0.08257552
0.055109303
0.0522033
0.062141124
0.10293738
0.8854388
0.91971153
0.91684335
0.85413194
0.07575643
0.051924996
0.05047983
0.06283355
0.102372035
0.7313753
0.21275198
0.11361443
0.08333717
0.12728249
0.08908126
0.120696105
0.17128275
0.1532779
0.65605944
0.70785403
0.81982064
0.80318326
0.20379506
0.18965922
0.17431144
0.17557284
0.22562464
0.23398241
0.15328602
0.18936186
0.8616442
0.8854681
0.7243142
0.67250043
0.09655455
0.07353658
0.083639115
0.23946746
0.8757914
0.7836624
0.7230578
0.09500733
0.08314365
0.06627051
0.10702727
0.13177347
0.81300473
0.7917482
0.20499068
0.12252623
0.30793017
0.8348815
0.14886451
0.1610639
0.14329968
0.84656805
0.877165
0.8892291
0.84561193
0.09799298
0.07981896
0.10519551
0.71865094
0.11922794
0.08760425
0.13304739
0.841699
0.8538486
0.21194732
0.090994105
0.061815467
0.06681953
0.062487677
0.06546762
0.061878446
0.06597227
0.09686788
0.77223307
0.8704875
0.73775417
0.1106523
0.08953952
0.07502482
0.09903922
0.75524086
0.75739974
0.7923069
0.80733114
0.76471865
0.08360225
0.05366454
0.049192164
0.054849606
0.086212784
0.104633756
0.86502707
0.8968656
0.90134734
0.9006714
0.8918017
0.9009811
0.89758426
0.853252
0.09638629
0.084710605
0.107328065
0.71300435
0.08909097
0.058818385
0.056360204
0.05892804
0.068160824
0.14353345
0.16993019
0.8719827
0.8553745
0.14423117
0.12009361
0.17806612
0.6124425
0.2105791
0.17149742
0.26555106
0.32085732
0.31099537
0.80486494
0.8143452
0.6466248
0.21096262
0.22504319
0.21882254
0.25883436
0.20256765
0.16512892
0.24930725
0.19957627
0.64936966
0.6597197
0.66924745
0.66724634
0.65577084
0.14060067
0.11294552
0.1750254
0.1497075
0.72122574
0.7484811
0.7306488
0.09269168
0.059983414
0.05825657
0.07745225
0.15012546
0.20660488
0.73824996
0.112060875
0.08400318
0.12953222
0.87399507
0.921799
0.9283279
0.91417295
0.9014504
0.8954276
0.89445835
0.8924749
0.8937161
0.9056124
0.91539717
0.21175435
0.05917343
0.05118588
0.06533181
0.08822488
0.12508373
0.0708104
0.07240612
0.10312439
0.6811389
0.10418466
0.082787655
0.074826255
0.10440311
0.8144222
0.90907985
0.91372174
0.8170536
0.752021
0.26941347
0.7108773
0.19334653
0.13087071
0.22203124
0.12926608
0.080223374
0.074301474
0.07721966
0.098208115
0.16075024
0.8343451
0.73283565
0.73824596
0.7774972
0.8998146
0.9079549
0.86544406
0.21409068
0.21532105
0.6570422
0.66816026
0.6637094
0.123959646
0.09208964
0.09647008
0.2075953
0.74633497
0.74226403
0.7381857
0.74682784
0.75388664
0.14382516
0.07645908
0.060497914
0.063172825
0.07812068
0.13526966
0.19245687
0.6527791
0.20414795
0.15021423
0.17668709
0.68046397
0.67355514
0.49798673
0.39501873
0.6258498
0.24157937
0.29246485
0.2083986
0.2826071
0.8437742
0.89023775
0.8878275
0.8494342
0.3864008
0.24195357
0.35128653
0.32380688
0.7949633
0.8099245
0.25905302
0.16945061
0.19581875
0.20321581
0.7990249
0.22606575
0.14425683
0.115903385
0.09442358
0.07634826
0.10179796
0.076891996
0.08576326
0.15299644
0.839124
0.114704914
0.06721045
0.06327591
0.061799303
0.060478736
0.06154917
0.066812605
0.1129152
0.8396368
0.2357176
0.23156513
0.90724796
0.9413517
0.943558
0.9068976
0.0875316
0.084020555
0.050881583
0.053019766
0.06991269
0.06980152
0.10682155
0.7416755
0.14567098
0.08365148
0.09866356
0.6467549
0.13741574
0.15922773
0.8544481
0.8202194
0.8416546
0.8959075
0.81257993
0.801055
0.904555
0.8855027
0.09548795
0.06690955
0.094256274
0.07173212
0.102720514
0.8678191
0.9101495
0.8994146
0.8436651
0.080432184
0.055879124
0.05865272
0.07405637
0.17254473
0.8496045
0.1203421
0.08110215
0.07375662
0.13721414
0.16077544
0.14130525
0.08195763
0.087243885
0.17790206
0.19943774
0.60057145
0.88835204
0.8884433
