0.80439645
0.8554975
0.87640834
0.8881973
0.8939477
0.8935728
0.8772358
0.85330987
0.84982663
0.8788902
0.89987427
0.90264124
0.88617134
0.84146845
0.7958925
0.814235
0.8565026
0.7736652
0.6219639
0.49214754
0.38458505
0.2563634
0.18914239
0.19703008
0.5484063
0.45172787
0.78948456
0.690581
0.6596044
0.6370997
0.6063361
0.6187539
0.5778399
0.19271217
0.18984301
0.16155697
0.5501368
0.1947322
0.14685981
0.24461374
0.23904166
0.14371899
0.22075905
0.15918753
0.13204944
0.22964549
0.17356507
0.67403835
0.6757334
0.16673757
0.09691466
0.1408683
0.07018309
0.06257114
0.061418235
0.06438213
0.07848384
0.17705376
0.87825364
0.77029884
0.10727222
0.06922268
0.0746177
0.17822298
0.7753095
0.292276
0.8365034
0.11048782
0.077688456
0.083837666
0.12433663
0.86646444
0.9074336
0.92072797
0.9138133
0.31657624
0.18009137
0.16659807
0.16561475
0.7765476
0.24766426
0.7866955
0.11487375
0.06444714
0.06539606
0.11150617
0.11443362
0.068132915
0.06590605
0.078559265
0.1643074
0.8073049
0.15569551
0.14333922
0.13357316
0.27527234
0.83599424
0.82177156
0.22171424
0.27579996
0.30199885
0.7115447
0.8868712
0.8686786
0.110656545
0.08271758
0.114850804
0.64284545
0.10666013
0.08603774
0.13466044
0.8604312
0.754908
0.10286352
0.080938965
0.10959919
0.86800253
0.92349577
0.9049465
0.84355384
0.7666776
0.093418434
0.08085839
0.12182976
0.8757728
0.9065931
0.7702459
0.64192504
0.09211
0.08248788
0.102808416
0.84028506
0.9212363
0.90554464
0.8717826
0.78103703
0.09083382
0.07841066
0.11786579
0.8035178
0.09869645
0.058901425
0.056412883
0.059571028
0.08849909
0.82495356
0.84470457
0.8679617
0.8902167
0.92285174
0.8947211
0.89130235
0.88877803
0.8419259
0.081564
0.06068988
0.080400676
0.07054099
0.1192086
0.8616121
0.89268917
0.9257303
0.8380488
0.0858575
0.06071552
0.062379286
0.122869335
0.08241746
0.10755859
0.7049421
0.7022975
0.80969286
0.36028638
0.3127118
0.26859888
0.7434721
0.86438656
0.75143325
0.6986481
0.15452664
0.15212451
0.12419288
0.21499637
0.2006139
0.20885535
0.7766268
0.26398107
0.20515212
0.1586307
0.24777403
0.54868096
0.17460945
0.22720945
0.17185465
0.5100648
0.15733935
0.14108928
0.1975134
0.8582567
0.8914268
0.8618819
0.1701723
0.15017988
0.27787113
0.6802476
0.6736198
0.103785895
0.07258111
0.0728575
0.12064519
0.8853268
0.90215886
0.8970171
0.8905802
0.88836735
0.8974035
0.92059064
0.8931274
0.09753912
0.06871214
0.08131019
0.13070297
0.82649535
0.72043556
0.6630116
0.2521301
0.19275247
0.25680697
0.8645893
0.90151983
0.8737947
0.1498931
0.104076475
0.09513988
0.10222865
0.11902271
0.19075955
0.84117186
0.81924605
0.8751253
0.8154799
0.79530627
0.88051504
0.87337667
0.68852717
0.15699862
0.14733067
0.18362485
0.70686716
0.83315694
0.765328
0.81566316
0.20552549
0.16614959
0.21067631
0.84255385
0.8495748
0.1394117
0.104533665
0.12032231
0.75292504
0.8676015
0.9248043
0.9330319
0.92578995
0.885252
0.114992
0.0986671
0.16139783
0.6897277
0.828413
0.11870573
0.08388934
0.09628323
0.0755315
0.0772739
0.10242373
0.10940472
0.6589015
0.21756747
0.1340228
0.25607586
0.844281
0.8942402
0.9235704
0.9242458
0.9128737
0.9139959
0.88800204
0.84890264
0.8188281
0.81424004
0.8641949
0.90483785
0.8395242
0.22396532
0.13498501
0.200014
0.6253863
0.15326408
0.21743348
0.13160644
0.1475906
0.65671724
0.3786266
0.61360717
0.16929597
0.15636581
0.25042474
0.24530685
0.28837043
0.5889966
0.89021915
0.9165652
0.89328223
