0.8350484
0.87142384
0.885383
0.8891297
0.81140536
0.417093
0.53703594
0.78169835
0.17966221
0.12551282
0.13874994
0.119176835
0.16492514
0.20629157
0.6343913
0.6370705
0.3266201
0.18819547
0.2469468
0.7868074
0.14788032
0.12143403
0.108843274
0.09992587
0.088081636
0.071565405
0.07606263
0.11184016
0.20967315
0.85803705
0.14322379
0.072464414
0.06193764
0.06352863
0.063641675
0.06792312
0.08723132
0.3675859
0.8767244
0.13998075
0.06640394
0.052600037
0.05302062
0.05865497
0.09371705
0.8715373
0.899778
0.9081832
0.90590304
0.85180324
0.115765356
0.118015274
0.68695027
0.089941114
0.067506015
0.0707029
0.17889537
0.89590657
0.9231923
0.92430717
0.112683505
0.05489983
0.049543317
0.0553778
0.0578668
0.0628095
0.09293133
0.11681335
0.7718781
0.23169397
0.17286079
0.099939846
0.12123948
0.8177802
0.8978397
0.45797738
0.21915747
0.07074431
0.05373212
0.0536378
0.05748196
0.06960612
0.13550545
0.7924983
0.8884597
0.84158
0.89438283
0.7635821
0.11480303
0.08950167
0.09508862
0.16081546
0.12606724
0.15337598
0.58897185
0.28260827
0.26155138
0.6531853
0.6646127
0.656407
0.6160292
0.20707826
0.17855664
0.24277103
0.18553865
0.22421332
0.7687228
0.65591985
0.6384335
0.64618
0.14093894
0.11345977
0.14997408
0.1502593
0.10896306
0.109568335
0.11164226
0.12011833
0.18261744
0.28853068
0.10622594
0.084136635
0.07819876
0.09345711
0.08185972
0.10512034
0.1414885
0.6603452
0.12964374
0.12647592
0.66730297
0.15410621
0.11500645
0.27510735
0.8436554
0.23447594
0.67025256
0.09112939
0.06470115
0.075202934
0.13121031
0.85932755
0.8613986
0.84477454
0.84479666
0.8517015
0.20152755
0.13096716
0.08572679
0.1258078
0.7245151
0.27604032
0.82960796
0.17694189
0.113337286
0.18760961
0.59814703
0.1427319
0.14642246
0.67399687
0.7185629
0.85481507
0.7428663
0.15932143
0.17814647
0.08617363
0.07562484
0.08403621
0.112487085
0.6290271
0.6341632
0.18023033
0.107031785
0.09178582
0.112439185
0.118428335
0.6842829
0.7569187
0.90281284
0.9075665
0.75112146
0.08798498
0.07608838
0.076087765
0.104132205
0.0828949
0.0858455
0.112355135
0.80314964
0.7776515
0.11776032
0.12074872
0.08067294
0.07577961
0.22036865
0.88933456
0.9223146
0.9369682
0.912802
0.89205986
0.86511254
0.08104962
0.051706046
0.050336204
0.06425252
0.108156174
0.80962014
0.7588813
0.092635155
0.059329413
0.057892814
0.07827936
0.1506108
0.17990257
0.17507851
0.87238175
0.8584864
0.8712657
0.913751
0.8870642
0.32350612
0.23223741
0.14767516
0.15641122
0.38295406
0.8657696
0.8892377
0.91158366
0.9144733
0.91059947
0.90072745
0.87605304
0.8735958
0.89439106
0.90214473
0.90211445
0.91141105
0.913804
0.89837587
0.75511056
0.1613122
0.17747761
0.19852278
0.13317958
0.1393535
0.19513555
0.7985619
0.81171817
0.6497455
0.1577294
0.13140643
0.14352311
0.36608893
0.8809405
0.8954831
0.34886652
0.11268726
0.06704958
0.06495745
0.060455773
0.07991077
0.068232015
0.1078147
0.83871806
0.87657416
0.9175815
0.7857051
0.088943936
0.07330417
0.096498825
0.8314386
0.9017234
0.9319343
0.93581206
0.9293841
0.8939529
0.10732228
0.08375945
0.12775408
0.8783866
0.92265505
0.91830564
0.92854035
0.91022664
0.22547823
0.077586666
0.08865929
0.08560991
0.16425267
0.6687069
0.6786411
0.71188504
0.8285806
0.13117795
0.09036689
0.10827767
0.12318205
0.7225114
0.29130968
0.742432
0.10208322
0.0668163
0.067459874
0.11440994
0.89770633
0.93684244
0.9231093
0.091961935
0.055236384
0.053950667
0.07094117
0.17992842
0.8069746
0.119370714
0.10105119
0.061957244
0.060860284
0.07313116
0.16746227
0.24663058
0.8415228
0.22372071
0.11561872
0.10909208
0.13355143
0.7394468
0.8895562
0.90957075
0.8958321
0.9068459
0.9181362
0.91853076
0.8921997
