0.81469023
0.86017543
0.8779502
0.89172095
0.9030763
0.9117008
0.90946877
0.87928337
0.7678974
0.2530917
0.23248406
0.40132815
0.66574323
0.6719629
0.64620507
0.63405836
0.25310513
0.18711999
0.20831345
0.727335
0.87373143
0.8960243
0.8794127
0.7760634
0.6915548
0.21963677
0.19398357
0.27520302
0.20817266
0.3080883
0.7752463
0.6584225
0.13648398
0.09885606
0.09500782
0.116575696
0.2942911
0.79494655
0.28225294
0.3697068
0.27193356
0.80356973
0.66404057
0.5650675
0.16169468
0.17261086
0.17962813
0.74971056
0.64478236
0.6371586
0.62789387
0.609003
0.17247538
0.14751384
0.2492207
0.29206097
0.28928927
0.111674175
0.08439948
0.08054195
0.085917614
0.10590066
0.24727523
0.656589
0.17835222
0.21595544
0.13750423
0.09552956
0.09540712
0.12303186
0.66741234
0.65552133
0.63302416
0.6527708
0.6496973
0.7620694
0.17802331
0.13922024
0.15837367
0.7136623
0.8534825
0.73254305
0.7131873
0.11052024
0.069707006
0.062787905
0.072252095
0.08317912
0.13249588
0.14912403
0.70800656
0.7185412
0.8226602
0.6678094
0.14091727
0.106923416
0.12388803
0.14003961
0.19746682
0.14071709
0.16335034
0.7537502
0.24338306
0.16577242
0.17934228
0.7645892
0.22525615
0.15047765
0.22407009
0.13135672
0.22774117
0.099504426
0.08154069
0.07696673
0.07531457
0.08386522
0.107258886
0.21248741
0.83391565
0.70108634
0.6602377
0.6182335
0.1934573
0.21215229
0.5767888
0.23926312
0.14354447
0.14810751
0.6099211
0.64324075
0.6536455
0.63754404
0.1602265
0.107965074
0.07287329
0.07112685
0.09677051
0.7980313
0.88405186
0.83618665
0.91457856
0.925876
0.9278785
0.92781
0.9210365
0.88363755
0.09709862
0.07395027
0.09337491
0.19437268
0.32999814
0.8091105
0.7017018
0.6911692
0.79566455
0.14246131
0.0963917
0.10293613
0.09254541
0.15495929
0.13300101
0.7622413
0.8858512
0.8514382
0.83643216
0.8380886
0.83561724
0.8420285
0.84075415
0.8272237
0.81738627
0.8235382
0.86024
0.13116054
0.107406594
0.08891004
0.12826164
0.10047491
0.12606356
0.5890864
0.6853922
0.72319055
0.82776296
0.5168819
0.2599402
0.66208285
0.28405666
0.14817047
0.102285594
0.1436397
0.12374367
0.66688114
0.13752896
0.06699079
0.05908869
0.06937857
0.18101892
0.90485954
0.9106846
0.8957339
0.87530005
0.14802489
0.061881218
0.055935647
0.067530565
0.1291684
0.67935777
0.10758716
0.09311424
0.07639996
0.08542805
0.14659542
0.63663477
0.21360014
0.3045306
0.8004563
0.713545
0.69368875
0.1443975
0.09285234
0.07838841
0.08379073
0.11605553
0.6742561
0.26477924
0.118313916
0.12796865
0.6767127
0.13668388
0.07776114
0.08481737
0.09152759
0.10907477
0.7752593
0.7536569
0.77695805
0.7787904
0.75828
0.7419191
0.11289181
0.12009186
0.1074927
0.07529899
0.09815298
0.60937417
0.106134154
0.08586242
0.10875194
0.7822474
0.8206266
0.91188383
0.8896653
0.12499241
0.09781973
0.14472151
0.8495168
0.8565877
0.09532914
0.05947753
0.054951042
0.06711506
0.14961196
0.3501683
0.887769
0.8538562
0.7978591
0.7865357
0.77151966
0.7664476
0.87080145
0.12825556
0.07908705
0.09913156
0.6720266
0.085270956
0.055982053
0.054237317
0.062425878
0.09505217
0.87859315
0.91710347
0.93772435
0.92291534
0.8706948
0.14892894
0.2432429
0.80069655
0.10391518
0.08070747
0.11748461
0.7479819
0.10533292
0.07605849
0.11809429
0.10120684
0.09151279
0.069458276
0.06756698
0.073250264
0.10716542
0.70441157
0.11708988
0.09155826
0.15262917
0.7981596
0.7840845
0.7880016
0.11011799
0.06905826
0.063318424
0.079491526
0.14705971
0.86777073
0.86371446
0.11620699
0.07180906
0.06271633
0.082522765
0.08314734
0.06913759
0.10193801
0.8801132
0.9267773
0.9407225
0.918025
0.0910383
0.06419099
0.09908639
0.10104586
0.07161052
0.09816918
0.15645012
0.7915219
0.8441059
0.15544994
0.13060963
0.20675316
0.6726334
0.38101974
0.35106698
0.6876588
0.6819918
0.7053923
0.7275711
0.3535084
0.110624686
0.07833143
0.07751571
0.1019076
0.08850198
0.107344
0.2129736
0.7170058
0.70360804
0.6843542
0.6572784
0.23123737
0.27124274
0.30968326
0.5311195
0.8366865
0.69450295
0.15849112
0.1356662
0.16902918
0.7379084
0.8729547
0.85514927
0.2127068
0.22974132
0.23027496
0.3304051
0.25659302
0.09152507
0.070457175
0.071439944
0.080128975
0.10444194
0.30439898
0.83931065
0.9018415
0.8545113
0.7649772
0.7152209
0.71581334
0.69695693
0.6804916
0.7019577
0.759447
0.8669046
0.83779705
0.83036655
0.8859105
0.852705
0.8024918
0.7463182
0.73060095
0.75324
0.752607
0.76803434
0.78924334
0.24627884
0.10512485
0.07974364
0.08367113
0.09719564
0.26352963
0.10276247
0.08027109
0.082059436
0.08287277
0.12670682
0.112932436
0.17470452
0.16627856
0.70523715
0.67292506
0.2921477
0.23438649
0.649063
0.15900908
0.15928274
0.11927686
0.13577408
0.27517998
0.7886265
0.3190686
0.2368785
0.16651948
0.17952842
0.6088285
0.6995859
0.74325526
0.7952135
0.8849764
0.87093616
0.26571319
0.12361835
0.10861542
0.11374265
0.14559165
0.60678726
0.6028752
0.31253618
0.23503411
0.20711875
0.16580084
0.1839271
0.6207385
0.62017566
0.64491963
0.65153456
0.18059239
0.13355884
0.11082688
0.10031561
0.0975908
0.1020082
0.123242326
0.21741188
0.7639099
0.1717654
0.1241359
0.1505753
0.17502092
0.27691865
0.73790896
0.857948
0.76393914
0.76410353
0.8844278
0.8717067
0.20194772
0.10767848
0.1433918
0.08465855
0.09020861
0.18597585
0.1150984
0.14563899
0.20005889
0.10482897
0.10012641
0.14039703
0.21446809
0.18063167
0.67255527
0.6613083
0.81041664
0.31304908
0.1287202
0.10334666
0.10723394
0.14940506
0.7549384
0.18688346
0.16538654
0.124475576
0.19687463
0.134216
0.16286106
0.7596394
0.1636628
0.11768733
0.1597761
0.1014658
0.10380989
0.15862556
0.7345689
0.8800578
0.8980461
0.87079024
0.6929815
0.7885489
0.47795793
0.22221623
0.14199492
0.14911412
0.34196556
0.846762
0.84219456
0.3587694
0.6096084
0.5798377
0.63719827
0.7976499
0.6768139
0.6432218
0.6258154
0.24740005
0.60279936
0.63944143
0.18858479
0.115587965
0.13058117
0.12455296
0.09394487
0.08147605
0.07943644
0.08717626
0.10680998
0.19295856
0.786669
0.26806074
0.2997587
0.6780053
0.8313644
0.8104748
0.149146
0.103538066
0.09983544
0.12616567
0.61572045
0.61516124
0.5890778
0.2655754
0.29644993
0.581873
0.19467711
0.13415967
0.18433696
0.15706968
0.14768979
0.54901356
0.64609414
0.6678806
0.6890454
0.84387493
0.8326516
0.20052075
0.116844036
0.12205975
0.107562
0.1865894
0.23796816
0.6377975
0.67626345
0.69277966
0.15349638
0.20997858
0.15171443
0.0733249
0.07171241
0.065454565
0.0658019
0.071689524
0.07903129
0.16111778
0.7082719
0.10620216
0.08092158
0.1408862
0.19492115
0.7883998
0.26857728
0.18568248
0.8645612
0.9241075
0.876519
0.9010046
0.08817596
0.051971436
0.048299354
0.05729961
0.09153094
0.853187
0.8802318
0.90432495
0.86645865
0.0888838
0.071325414
0.054400202
0.064179264
0.090177424
0.07919347
0.13038759
0.7747796
0.12079298
0.076032296
0.069397226
0.09703972
0.67829126
0.12967391
0.09703982
0.18636176
0.81708044
0.8535747
0.9172214
0.9226337
0.9048001
0.9230754
0.9230373
0.88826925
0.8795373
0.11508371
0.090516
0.180016
0.63559663
0.11380799
0.11736962
0.1368611
0.15234946
0.73793167
0.75245553
0.8481807
0.302049
0.2136872
0.14743595
0.23492332
0.17672317
0.38804704
0.78756183
0.23700406
0.3169959
0.23462082
0.19016592
0.39289552
0.79382294
0.4132734
0.39967197
0.86413723
0.87472266
0.71459484
0.1966078
0.13139564
0.1349713
0.21334568
0.7227379
0.8679136
0.8683795
0.63558763
0.47793648
0.8544269
0.850456
0.15505487
0.1068572
0.09926075
0.10951183
0.13810264
0.31256998
0.85291356
0.87590283
0.8408758
0.34207574
0.28877908
0.55023974
0.6124441
0.62215906
0.64937544
0.64299005
0.5672196
0.25785613
0.28206274
0.75470835
0.6756713
0.6653502
0.6440241
0.6376019
0.17864786
0.23336557
0.09248753
0.07123881
0.0704304
0.07973352
0.1324859
0.79776514
0.14871329
0.12728076
0.632796
0.10882672
0.09114738
0.16975524
0.85030884
0.34090248
0.17446771
0.09777804
0.14143966
0.88585675
0.89261526
0.09531522
0.06102488
0.062189963
0.09766427
0.8896842
0.9357858
0.9456138
0.9416587
0.88724893
0.073274665
0.054576896
0.06145865
0.108311914
0.73920494
0.10092257
0.07017211
0.07415816
0.080063395
0.072188795
0.07107518
0.08040234
0.08873848
0.1599987
0.8497997
0.13014676
0.08305086
0.06566891
0.06474897
0.069397785
0.10169632
0.17307879
0.8660319
0.372651
0.092724934
0.07465414
0.09925936
0.07581505
0.07712951
0.077965684
0.08950506
0.13438502
0.12614535
0.21061957
0.17055878
0.6208549
0.19760491
0.2594914
0.18750629
0.14780116
0.17488357
0.75198823
0.82677275
0.8861687
0.7814429
0.6874137
0.1744608
0.16196164
0.25308374
0.25363857
0.286989
0.777563
0.70084345
0.68568045
0.72629696
0.8353831
0.82930464
0.88481134
0.89217436
0.85959816
0.40766808
0.42140058
0.3156926
0.16262807
0.20835233
0.101352416
0.08405603
0.093883075
0.15228918
0.23050453
0.83934444
0.6916368
0.119048215
0.0901554
0.111340515
0.7301849
0.83546406
0.1136031
0.076115854
0.08943563
0.12963149
0.84237546
0.9055867
0.8773881
0.84279394
0.87428606
0.8998439
0.91490734
0.9062178
0.9064491
0.91639423
0.9185394
0.91681784
0.9050131
0.89380103
0.8874765
0.8870099
0.8912143
0.42933503
0.2436591
0.13444327
0.17986804
0.8614274
0.7744763
0.10114018
0.074101806
0.06926671
0.09189047
0.1946129
0.09673066
0.09781136
0.11209604
0.18926604
0.61197186
0.19105321
0.22756027
0.23263705
0.22339693
0.64665264
0.6741591
0.688872
0.7823137
0.5266683
0.3103773
0.4530805
0.66326636
0.7298719
0.8615907
0.86157084
0.4566261
0.15314266
0.13075334
0.14667001
0.5183134
0.22318281
0.69584095
0.80664855
0.34706932
0.76895106
0.9057202
0.9233917
0.9218288
0.90589154
0.7829728
0.4208635
0.8563915
0.8591471
0.27715564
0.571679
0.13042459
0.1076785
0.11875646
0.19173189
0.7223141
0.86924815
0.8929807
0.87404794
0.744691
0.3322369
0.23324062
0.29738864
0.6168262
0.6692924
0.7856413
0.17498024
0.11775917
0.09829174
0.09897584
0.16434534
0.12989818
0.10442988
0.13576838
0.84182674
0.7829986
0.91251856
0.9311906
0.9286978
0.9085636
0.17537086
0.067619905
0.06813089
0.11164306
0.68929243
0.09292299
0.068091616
0.06442423
0.06353744
0.07399248
0.15424903
0.8320633
0.120046265
0.08007754
0.09916261
0.8271997
0.8720469
0.8926941
0.92122686
0.93487406
0.9128536
0.83817977
0.08921589
0.07845926
0.12519199
0.87109596
0.8047014
0.08466574
0.058604587
0.061834093
0.12205547
0.16630194
0.1327485
0.7058286
0.10417353
0.070627525
0.07687282
0.17317545
0.88292724
0.85077006
0.81990445
0.8075462
0.87368137
0.10044183
0.06354099
0.059840083
0.07922788
0.06880302
0.08308332
0.13367957
0.19337486
0.88424057
0.91522086
0.92089766
0.9157563
0.9015368
0.8570368
0.88941413
0.8813108
0.89545566
0.86367774
0.8499527
0.8939488
0.84636843
0.76879257
0.1709433
0.17039768
0.54888797
0.14868982
0.13955577
0.20354278
0.6498844
0.6697354
0.672545
0.72294027
0.84903616
0.74085945
0.1543178
0.14259899
0.09504626
0.08800015
0.10566576
0.16387919
0.2220267
0.12544537
0.14277895
0.11187149
0.11369798
0.13931671
0.6090881
0.66947037
0.6672576
0.6871148
0.68603927
0.1381851
0.09271979
0.079255946
0.08372873
0.0943832
0.13372737
0.74454635
0.85391927
0.7629267
0.752919
0.35213804
0.8288561
0.10774881
0.064557455
0.063116714
0.07483402
0.07504162
0.06584862
0.06434243
0.061327968
0.06649293
0.10674866
0.8557302
0.8533712
0.84769267
0.10872541
0.067579515
0.05741064
0.08681028
0.07019588
0.11133699
0.8748605
0.890317
0.8537932
0.086422645
0.05681453
0.05552737
0.06908095
0.17008586
0.46121556
0.8799926
0.11333278
0.06365062
0.060859624
0.07529827
0.07656587
0.11387549
0.7022326
0.099739134
0.0674761
0.07534773
0.07677195
0.11456913
0.7620232
0.7861594
0.8757138
0.73365766
0.14547527
0.13459167
0.17272717
0.7945501
0.3092569
0.12538579
0.11347634
0.13486592
0.6169876
0.13576469
0.109262995
0.11469579
0.16806088
0.24476275
0.14844367
0.16411643
0.122418486
0.12255173
0.16407391
0.16911164
0.6278721
0.65676886
0.6607222
0.78375196
0.18494797
0.13057119
0.1358603
0.6398985
0.13190117
0.16486213
0.07485055
0.068202436
0.08726318
0.10272162
0.11798397
0.79604197
0.79497606
0.80871725
0.9024077
0.7787341
0.11657543
0.14133921
0.13271174
0.09943688
0.14765573
0.6635483
0.8029876
0.21974337
0.15537983
0.4964926
0.12451137
0.115569845
0.1630259
0.79050344
0.77911353
0.24475141
0.21792693
0.30934742
0.75862885
0.6381728
0.5698147
0.24926971
0.3408172
0.35692096
0.75776654
0.36921072
0.65534884
0.66234523
0.66766506
0.1508174
0.106391996
0.116218545
0.09174324
0.117671184
0.11941148
0.09656341
0.110635154
0.21663356
0.6710153
0.6609014
0.39727142
0.33682764
0.8504064
0.8715006
0.71852803
0.7051856
0.7088036
0.12380913
0.08017328
0.07423209
0.09434588
0.0713075
0.06879848
0.07614665
0.11676482
0.22015591
0.72017336
0.14814334
0.09152113
0.107814446
0.73403066
0.74360853
0.8465553
0.15330799
0.14210635
0.6931979
0.30187544
0.86850584
0.26429328
0.099848114
0.0556158
0.052314136
0.05548643
0.06620893
0.13224071
0.9078755
0.9090563
0.8529636
0.08154483
0.054541327
0.05246984
0.056362826
0.060814694
0.071111076
0.08729099
0.10707167
0.6629817
0.13627556
0.13427694
0.75268495
0.8870474
0.8751764
0.098244354
0.057951838
0.05271314
0.057483923
0.054812748
0.056324694
0.07096147
0.12524743
0.9079383
0.9340522
0.9327177
0.83899796
0.19933283
0.6946512
0.08196797
0.06416806
0.068858564
0.16761154
0.8473517
0.82493526
0.83695227
0.8788309
0.8919524
0.87963027
0.8737206
0.85158974
0.095383815
0.059804868
0.061505355
0.09286728
0.7860422
0.5824251
0.9073052
0.8259953
0.081333004
0.054302152
0.05324736
0.056525264
0.05846689
0.059735447
0.06771119
0.11369487
0.7584767
0.72900134
0.69780964
0.106640816
0.07307173
0.076661706
0.1916185
0.87545836
0.90837747
0.9178176
0.9202588
0.13210961
0.055980973
0.048155177
0.051562734
0.05753067
0.069153
0.14094496
0.1418739
0.18672991
0.13522638
0.10963958
0.12600555
0.26334336
0.7479724
0.86842203
0.88869065
0.8730841
0.7645223
0.6990226
0.17498766
0.13206543
0.11512057
0.11672519
0.16588823
0.25146064
0.17535225
0.29937884
0.6120565
0.1623006
0.13463502
0.17424956
0.26230207
0.6155876
0.6042094
0.62968916
0.15209527
0.14121607
0.12275081
0.09057692
0.10638029
0.087591544
0.1109118
0.10459916
0.16211681
0.72905123
0.8770455
0.8857296
0.8509147
0.2119088
0.13255619
0.17371269
0.120332204
0.15822582
0.16928165
0.7755216
0.30378813
0.18557762
0.13189116
0.1395954
0.29495835
0.7881004
0.14953259
0.09114947
0.080755286
0.10874739
0.11679394
0.10164912
0.12998612
0.64916897
0.23632796
0.6796856
0.651995
0.3071023
0.7056273
0.838362
0.6683034
0.11984019
0.09356732
0.11275848
0.6680577
0.6496931
0.21909791
0.6642795
0.64470315
0.15400043
0.14158055
0.6993533
0.70568883
0.08768215
0.05987397
0.05850332
0.060098875
0.06151711
0.06776423
0.101510346
0.7334143
0.14905848
0.18214622
0.8408761
0.80405486
0.7334496
0.097944595
0.075957544
0.100712135
0.84031975
0.88166946
0.90486205
0.9281827
0.90981954
0.8826349
0.881631
0.89380497
0.10388003
0.08097952
0.1299124
0.8391485
0.10215066
0.061758146
0.062634416
0.06313517
0.06689371
0.061697073
0.060573716
0.0679521
0.12133982
0.86775434
0.7788629
0.23375553
0.53506607
0.8961546
0.89024353
0.33450118
0.7890733
0.75705487
0.09518601
0.065088384
0.06673624
0.1047834
0.7611853
0.7256792
0.2333088
0.68783104
0.1189533
0.091231115
0.11961198
0.68021065
0.2894155
0.19460537
0.1351953
0.16605094
0.7645902
0.8888402
0.8794764
0.21436183
0.10675861
0.08965527
0.09948159
0.18597119
0.6648909
0.18547414
0.11207718
0.10291219
0.14184754
0.14856838
0.42916557
0.8767502
0.8888191
0.7677931
0.8491892
0.3142698
0.1305501
0.11694419
0.13300571
0.63667554
0.30027476
0.17875046
0.3451377
0.28653443
0.14951438
0.19787739
0.24409388
0.13962258
0.16218334
0.62476325
0.23566915
0.18068238
0.2351072
0.2926793
0.2518328
0.66628444
0.682045
0.7261897
0.7498262
0.79037565
0.8228432
0.88012564
0.8789149
0.8928792
0.8813891
0.8643763
0.8313853
0.7442959
0.20834655
0.17453425
0.19934916
0.5813838
0.6860501
0.79622215
0.72971475
0.74385816
0.84316933
0.8238736
0.4177558
0.4351374
0.3795054
0.3990789
0.7761626
0.7007321
0.6552297
0.64297396
0.5244773
0.1811052
0.16930835
0.49698013
0.17130621
0.22358686
0.1835988
0.22454257
0.20428993
0.6437693
0.67630136
0.83481455
0.11798425
0.088060796
0.07822903
0.07817084
0.1591933
0.2891775
0.85035825
0.108476415
0.06679089
0.06014258
0.06327588
0.10683908
0.87304103
0.8309663
0.83684766
0.8925077
0.9089487
0.90504134
0.882284
0.8122381
0.07134781
0.05067944
0.055305094
0.06606085
0.068364136
0.0728589
0.07656132
0.08559997
0.118264936
0.08468908
0.07135231
0.0681497
0.06244026
0.063049205
0.06825142
0.13036886
0.9098265
0.92066216
0.87566686
0.09342061
0.0687687
0.09184804
0.13889536
0.88326055
0.8346495
0.08680673
0.058984827
0.06849418
0.07381663
0.11588546
0.09482222
0.13192153
0.9039798
0.93760526
0.94100714
0.9209814
0.1447066
0.08661246
0.066070475
0.108218744
0.10456346
0.063179165
0.06398123
0.08938066
0.15993935
0.14851312
0.1612075
0.7925935
0.24510282
0.28107974
0.86164284
0.89787334
0.8823646
0.75798476
0.82348776
0.1841457
0.22799738
0.15234782
0.11406935
0.20069149
0.11758403
0.07911192
0.08136173
0.13722503
0.12644815
0.7174206
0.715325
0.11194732
0.06301165
0.0558853
0.061281364
0.094074994
0.84225625
0.87750334
0.90190566
0.28791168
0.11176138
0.14491332
0.8554127
0.8427317
0.832098
0.89358264
0.92245924
0.9394768
0.93972766
0.9168614
0.07694121
0.048361707
0.04998924
0.052672345
0.057394575
0.0629409
0.07217506
0.11272318
0.7183757
0.11051865
0.08878078
0.072737746
0.08267002
0.20643784
0.301939
0.866097
0.7839619
0.73861676
0.71261066
0.68539804
0.1421577
0.11235555
0.13238288
0.61498874
0.2273249
0.43437338
0.87195164
0.86670923
0.23886073
0.1344133
0.12967661
0.24676858
0.24438128
0.1374691
0.21510145
0.12517609
0.142583
0.5877093
0.199521
0.31673062
0.28309456
0.27738535
0.8069637
0.3991547
0.13313518
0.10472181
0.09286833
0.09446587
0.10363383
0.13589382
0.6511766
0.6543032
0.64141977
0.62677866
0.17033286
0.14163102
0.1486148
0.21850124
0.8185418
0.8149285
0.85923165
0.79802686
0.745194
0.7311535
0.70566756
0.68949646
0.6514889
0.42695916
0.26180062
0.6279254
0.23347378
0.13519081
0.11062613
0.111476146
0.2101608
0.097086065
0.083898924
0.08784442
0.11584829
0.7102636
0.74435484
0.866634
0.7137585
0.12239768
0.09680259
0.15125158
0.13496283
0.20149617
0.65594786
0.13196664
0.15687564
0.12321046
0.14997672
0.8754288
0.87763214
0.1377299
0.15431763
0.11871513
0.1523274
0.8843568
0.9177794
0.8967514
0.855755
0.81860286
0.7908308
0.85304505
0.91616595
0.91801697
0.9218866
0.8888581
0.13151039
0.1436592
0.13049793
0.15760258
0.88760066
0.92421937
0.8960246
0.1288946
0.14283277
0.121197686
0.12817164
0.6324957
0.24026659
0.2815001
0.24565674
0.56669456
0.19848672
0.21164607
0.7621587
0.89089483
0.90686077
0.8856532
0.7113471
0.12834412
0.105901115
0.11092002
0.13419199
0.23010176
0.6731614
0.6897175
0.7135456
0.73236793
0.81069744
0.8794587
0.8820879
0.82050514
0.7463359
0.6910131
0.59600043
0.21614026
0.14749543
0.13684098
0.17302288
0.16997829
0.5728374
0.20565814
0.2685026
0.19522692
0.56722474
0.23691428
0.4249917
0.838172
0.78555566
0.89698845
0.9099979
0.88800126
0.738029
0.64301497
0.20147678
0.20453176
0.71532625
0.8642227
0.7936628
0.76564443
0.8186299
0.3086117
0.31941834
0.7885247
0.74617213
0.70664984
0.75053996
0.8735077
0.89765793
0.8910518
0.8332429
0.7607108
0.7357481
0.80659854
0.51267403
0.23950551
0.33518714
0.26896742
0.24071674
0.74543893
0.16297968
0.107039556
0.09747404
0.13537985
0.19702214
0.13035226
0.17014934
0.5337073
0.20266582
0.16723669
0.30858633
0.81703305
0.7047509
0.83584774
0.68341714
0.16134398
0.09249489
0.08462399
0.14379497
0.121729404
0.6152671
0.16287543
0.24047151
0.7178031
0.72082514
0.7357095
0.12523845
0.059198074
0.05106774
0.05197658
0.053589713
0.06465793
0.18678871
0.8881174
0.9266011
0.91153234
0.21492213
0.09472465
0.11637876
0.8483068
0.9202321
0.93254614
0.9330954
0.92534214
0.92381316
0.85138416
0.093886845
0.086072445
0.1806649
0.8927947
0.8749659
0.10266548
0.055523474
0.049088534
0.05433048
0.055292815
0.06563346
0.14050044
0.8803792
0.8437713
0.79724896
0.82125777
0.9074571
0.91073954
0.86010516
0.8942746
0.8331077
0.8652933
0.37324363
0.25155288
0.79722124
0.14298086
0.12791981
0.09862739
0.10778574
0.25212196
0.74962497
0.8949241
0.90889597
0.8771574
0.33877903
0.18502668
0.22772487
0.7806175
0.31902865
0.173758
0.22409122
0.6366719
0.63862914
0.12543114
0.09408928
0.08794952
0.092299275
0.09578181
0.11277777
0.16652343
0.16543491
0.28764412
0.755696
0.27203894
0.3270744
0.16927277
0.16688214
0.12847161
0.13600256
0.20922256
0.4616516
0.8486923
0.8575498
0.69493204
0.17836246
0.11668657
0.16920096
0.08402877
0.08236735
0.116865374
0.6916925
0.16246721
0.1545123
0.08307878
0.065221995
0.0650039
0.07294295
0.086525664
0.1422804
0.837012
0.17314799
0.17687646
0.7554797
0.10148491
0.05917876
0.05316402
0.053713914
0.061122704
0.116115555
0.90461546
0.9215491
0.9214814
0.881337
0.25903702
0.7998179
0.09274745
0.05733742
0.054910444
0.071156025
0.17041586
0.84764385
0.8050449
0.093891785
0.059697356
0.058316685
0.0607027
0.061710697
0.061618928
0.067081004
0.08567556
0.1598279
0.33474818
0.8520837
0.8442164
0.7171182
0.80264777
0.32252657
0.14037809
0.12482554
0.17477217
0.6525002
0.1512782
0.081407666
0.07241457
0.09270031
0.111795805
0.7305745
0.31848258
0.23305681
0.86929965
0.7878902
0.7683575
0.099731386
0.06064138
0.059753757
0.06784183
0.16726963
0.35836357
0.891901
0.8096879
0.09766753
0.07553464
0.09771424
0.8373274
0.89993316
0.929336
0.9296695
0.9370157
0.93971884
0.93576235
0.8734987
0.06309359
0.044437353
0.04416405
0.052070502
0.059882186
0.060428653
0.09176104
0.08574177
0.28578565
0.90971744
0.90672433
0.1119434
0.08031436
0.06781965
0.10872835
0.06854761
0.07464667
0.13549103
0.8623208
0.7789029
0.7525683
0.30281502
0.12598857
0.115685284
0.18155731
0.6772127
0.7319902
0.86433804
0.7838224
0.87426424
0.75412583
0.12038324
0.0870868
0.08427206
0.117149666
0.11337464
0.2509705
0.68273985
0.73651755
0.88494486
0.8878632
0.7486947
0.31171846
0.34549817
0.09799341
0.07115555
0.06997076
0.08248665
0.13530204
0.1845173
0.863698
0.88288045
0.86312187
0.15032507
0.13658066
0.103988945
0.07237682
0.080758505
0.0724935
0.12022127
0.8909101
0.9143473
0.8779323
0.8630269
0.86693007
0.88284343
0.9193526
0.8901672
0.84988683
0.791456
0.091062725
0.07407468
0.13189034
0.06748945
0.065408975
0.076083645
0.111788146
0.7344689
0.7133677
0.7424233
0.84299606
0.3806032
0.23899549
0.64354414
0.1825741
0.2030549
0.17534986
0.62520224
0.18643557
0.23916864
0.14043128
0.14233336
0.32711056
0.73587495
0.8108409
0.9051751
0.91824514
0.90871847
0.8401829
0.90103745
0.88107115
0.13417771
0.0874855
0.09758182
0.19890149
0.09752129
0.13218969
0.10959192
0.19571422
0.09586372
0.09352853
0.15554558
0.10001673
0.12359095
0.112564035
0.17439976
0.20623721
0.86028564
0.85850066
0.13077162
0.09467171
0.10938585
0.12410011
0.69221306
0.27721384
0.7315686
0.11598653
0.11042639
0.0663484
0.064959124
0.07758489
0.061411478
0.057574097
0.057964932
0.073108
0.45117947
0.9231231
0.9260549
0.902029
0.0962165
0.056160796
0.053620074
0.068260565
0.11756967
0.7667827
0.11022952
0.06480871
0.061535735
0.06904656
0.08471157
0.2743378
0.85559165
0.14175956
0.11712984
0.07928427
0.09842996
0.6690176
0.63378346
0.16996808
0.2140686
0.19265366
0.8172881
0.910581
0.9208597
0.88422704
