0.79605764
0.84880453
0.8794041
0.9013824
0.9082434
0.9088581
0.9060193
0.9014935
0.9018713
0.89886326
0.88543576
0.87555224
0.8985464
0.9026699
0.87215924
0.52965385
0.2849848
0.2269795
0.33483386
0.25261325
0.7301529
0.17960158
0.13038859
0.14007635
0.54420376
0.16095103
0.1742554
0.1858319
0.18594939
0.76803535
0.3511633
0.29115745
0.8239985
0.8188274
0.14258759
0.09673691
0.09007992
0.1294138
0.13583072
0.6318437
0.15695228
0.15430056
0.12349212
0.14425346
0.6516576
0.633572
0.6110533
0.19443794
0.23287334
0.15785322
0.18178448
0.805952
0.8044018
0.23181693
0.25428113
0.6061812
0.57826614
0.2265599
0.11906356
0.10282672
0.13153528
0.15711707
0.19296525
0.632006
0.61001796
0.5817633
0.59487253
0.13605785
0.11397782
0.21164283
0.13796954
0.090232566
0.08322813
0.091673814
0.17925608
0.085686885
0.07392219
0.07837625
0.13895616
0.08694798
0.12019305
0.16584265
0.7780038
0.75825
0.84793985
0.12867714
0.099135816
0.16452181
0.870198
0.92566687
0.8922622
0.80112547
0.08842157
0.072286494
0.09790219
0.6836694
0.6859643
0.09415177
0.064919814
0.06898738
0.10156392
0.14595897
0.7779975
0.1536287
0.1323858
0.12069204
0.102695175
0.14399144
0.19576463
0.6584633
0.66298115
0.28812224
0.10884483
0.08264529
0.07890991
0.089018464
0.18742079
0.122778386
0.090225115
0.13546248
0.091531195
0.13149881
0.70619303
0.6468777
0.6507059
0.6941702
0.7842423
0.8701594
0.91936326
0.9268952
0.9283231
0.92913604
0.9243619
0.89249027
0.10039416
0.095447235
0.0742817
0.10867993
0.79191077
0.12619273
0.12212579
0.11431143
0.79052776
0.83100677
0.88221216
0.90917856
0.9207404
0.931844
0.8997786
0.8114202
0.08517646
0.0772829
0.0978143
0.66748273
0.09382655
0.06867233
0.08186248
0.12491266
0.8434599
0.7372936
0.69027287
0.76145196
0.89982426
0.91459674
0.8974042
0.91341907
0.90023077
0.9110792
0.851744
0.7757046
0.09243205
0.06755774
0.06990204
0.11984322
0.89863646
0.9338766
0.94213015
0.92117983
0.083401196
0.050804563
0.048981905
0.06035423
0.13324587
0.12797175
0.13592775
0.102995805
0.23222746
0.1422627
0.08984107
0.0818211
0.11529819
0.094602436
0.120820336
0.09999809
0.14011161
0.12155989
0.1929107
0.83563
0.7502116
0.7623141
0.8523265
0.47548655
0.28551507
0.12878887
0.104983434
0.12727648
0.27471358
0.8348468
0.725107
0.45993838
0.25088155
0.6843231
0.14602478
0.1148991
0.15672162
0.15489113
0.64463544
0.15767105
0.14847554
0.31048062
0.2136958
0.70725906
0.15291935
0.1039873
0.09214353
0.0830989
0.08920601
0.08301186
0.08939174
0.08832536
0.11446184
0.25659257
0.1710853
0.12593901
0.14145495
0.22045341
0.8706949
0.89621305
0.85959274
0.25532246
0.24972796
0.20760183
0.30882967
0.37778354
0.6255222
0.63069177
0.66912395
0.7576063
0.84866357
0.8823248
0.8925106
0.89608765
0.9006907
0.9022695
0.8633546
