0.24721675
0.16356112
0.19901326
0.21050431
0.26741025
0.24669008
0.1538624
0.15926388
0.6779497
0.82553405
0.7187032
0.73247993
0.84713906
0.80960876
0.19004554
0.15499157
0.1786451
0.68121165
0.82738936
0.7222362
0.8052218
0.6670184
0.13157547
0.09932869
0.111635
0.0974553
0.11634758
0.26965657
0.6727123
0.14451094
0.09597447
0.086258695
0.08975305
0.11779391
0.09844748
0.10822895
0.14909421
0.7563747
0.19154975
0.1776064
0.14498794
0.22800694
0.5537894
0.27790126
0.5336453
0.16263422
0.15133406
0.54714537
0.26418918
0.23368275
0.5915216
0.24461813
0.20788747
0.122411035
0.11977845
0.20732254
0.59487724
0.52470636
0.16957386
0.11883398
0.12344499
0.20264564
0.79203445
0.30532524
0.18331645
0.12864937
0.16142367
0.53013194
0.16830987
0.18392901
0.8195352
0.71117747
0.34181222
0.29546198
0.6621572
0.08640834
0.05937965
0.06002511
0.057637487
0.059556093
0.072111756
0.17823474
0.89325285
0.88262
0.11743057
0.08754885
0.1300836
0.8584466
0.91886973
0.9224784
0.9283338
0.9103584
0.89032155
0.89114046
0.18076684
0.08436964
0.102389015
0.74916464
0.85062027
0.90818375
0.935031
0.9257768
0.92175376
0.27283967
0.058818683
0.047910977
0.04848176
0.05597783
0.06992413
0.12737778
0.79687935
0.3298202
0.30801016
0.6489209
0.61122346
0.23905388
0.26262307
0.79244775
0.8109517
0.6509353
0.16772956
0.13764891
0.15245166
0.7122193
0.89318144
0.91306406
0.886879
0.121556915
0.08073761
0.08217226
0.16094129
0.084803976
0.089196846
0.07196287
0.08460667
0.083808154
0.1473307
0.80479836
0.78837675
0.77016586
0.7511993
0.17199275
0.09207485
0.12059343
0.08844679
0.14758888
0.119481385
0.210976
0.79530925
0.64617246
0.20000295
0.24918205
0.18455061
0.17788814
0.21916169
0.21632501
0.14357102
0.18653497
0.7311145
0.8885392
0.896133
0.778539
0.71579295
0.7463221
0.86808264
0.79241675
0.83986294
0.11917924
0.08610614
0.11001947
0.13603845
0.20473123
0.21177225
0.14763707
0.11127691
0.17576191
0.09538003
0.087955296
0.09818673
0.15651314
0.85136133
0.851534
0.16827743
0.13745162
0.58372337
0.08986166
0.06557319
0.07104328
0.12194916
0.82727194
0.295823
0.12648487
0.17622074
0.85781765
0.91904974
0.92818075
0.92463684
0.9113563
0.91659784
0.9031724
0.89649427
0.89882946
0.896549
0.33724636
0.12632808
0.2203864
0.81890804
0.11033215
0.073289126
0.07782196
0.10793891
0.6924149
0.782838
0.26311207
0.3028257
0.8584791
0.90423304
0.90696245
0.88824916
0.8100315
0.8267717
0.66962075
0.53168386
0.41859385
0.48984212
0.8435703
0.8744206
0.7802527
0.70967704
0.7002148
0.7866001
0.25733086
0.28710786
0.245945
0.2519512
0.54751575
0.17913507
0.15297493
0.15723644
0.1972886
0.7429973
0.29027715
0.35340446
0.75339633
0.22094898
0.18968906
0.5003186
0.52766293
0.6038385
0.63559824
0.7763312
0.21567321
0.20199452
0.66042554
0.8225197
0.29216638
0.10683631
0.08478817
0.08304736
0.099520944
0.14405341
0.7231379
0.20343778
0.17995086
0.26855236
0.19769746
0.61960065
0.17523578
0.15068595
0.24045186
0.13816826
0.20523757
0.10482601
0.09213998
0.10270889
0.17126104
0.72576827
0.87724966
0.88337195
0.7470334
0.15776457
0.2029092
0.084298894
0.08587815
0.07341459
0.08047064
0.07362905
0.07692629
0.07018168
0.07307388
0.07164784
0.096945025
0.1743243
0.82835436
0.12902607
0.09393445
0.111694045
0.8496753
0.9273486
0.9134716
0.0832509
0.05063853
0.045258798
0.050037872
0.057021048
0.10538367
0.88497704
0.92252535
0.9442386
0.932149
0.15793408
0.052024003
0.044113178
0.046101373
0.05418241
0.07915103
0.7363931
0.7434485
0.74108016
0.8688817
0.21244165
0.2081822
0.16746174
0.8092915
0.099065326
0.06321718
0.06419806
0.11554825
0.8939571
0.9370736
0.9357274
0.9178637
0.08499178
0.056062885
0.060059637
0.0963897
0.7168494
0.10240622
0.082410306
0.11311434
0.07742694
0.12857938
0.15504086
0.90525806
0.935538
0.92385083
0.3396727
0.18668911
0.0972904
0.06301502
0.06678803
0.1246474
0.08540913
0.15366702
0.10084268
0.071771935
0.0706679
0.103693396
0.12527624
0.7140556
0.6962607
0.8080751
0.15136474
0.11221244
0.13887362
0.13621841
0.75387275
0.87794864
0.7428122
0.15041666
0.19349882
0.12910186
0.23539197
0.82019
0.11434335
0.065788515
0.059765033
0.05914775
0.059170276
0.060702316
0.07217709
0.18240681
0.8329327
0.32595646
0.19231153
0.8292293
0.8526104
0.8183419
0.1650858
0.24097721
0.8644002
0.14116527
0.061028186
0.05377706
0.05741303
0.056461956
0.059812535
0.06291476
0.10299222
0.81228894
0.91373736
0.92156214
0.8322828
0.8871936
0.111226104
0.05489142
0.045842
0.047417384
0.05336579
0.082877785
0.87021065
0.9265817
0.93118745
0.93273807
0.93669397
0.8791575
0.07044037
0.049661532
0.053235903
0.054501925
0.06545058
0.127319
0.12774636
0.07359706
0.07329292
0.092867024
0.22717154
0.8832589
0.90729755
0.90063614
0.84265774
0.8559113
0.7598861
0.71952116
0.6801009
0.6451436
0.261436
0.18674807
0.23925096
0.15443094
0.17638136
0.15981281
0.27736455
0.62827533
0.63155186
0.63203263
0.7543328
0.3138069
0.28173214
0.18685645
0.23191248
0.6594156
0.830388
0.81339014
0.21643034
0.18581821
0.30467707
0.6148503
0.6706031
0.8037433
0.1602219
0.09799246
0.08493155
0.10473538
0.09177742
0.15404671
0.09352171
0.095732056
0.14821096
0.87658507
0.9025513
0.87685984
0.62779117
0.52979785
0.57959265
0.6823598
0.8758765
0.9070397
0.9072601
0.8883312
0.8011503
0.87690157
0.8607571
0.13471337
0.08926761
0.08597737
0.10689827
0.60586095
0.65501803
0.68225235
0.70088303
0.82422966
0.12162801
0.0836829
0.08978765
0.13241936
0.77925557
0.6660883
0.6792161
0.7351998
0.8796131
0.9056315
0.9073453
0.9019569
0.8823135
0.80030227
0.8186659
0.48166928
0.21310727
0.20743296
0.28912604
0.6880929
0.8424157
0.8402511
0.44248068
0.19727065
0.19496363
0.5268458
0.59899104
0.5461146
0.2301027
0.23064722
0.12972698
0.12177749
0.17004548
0.2816092
0.66894865
0.7992734
0.37693524
0.18972939
0.19236521
0.7282146
0.16618137
0.14400707
0.11169227
0.1286118
0.6559379
0.79762346
0.15308961
0.1071566
0.15784489
0.08834893
0.0883314
0.123187184
0.77355176
0.7789804
0.8887361
0.7391095
0.08455885
0.058987197
0.059003487
0.08212519
0.08892007
0.156252
0.7047296
0.8148273
0.15341946
0.122045346
0.07821743
0.0741164
0.09178745
0.1388054
0.22138034
0.10738803
0.0984113
0.1299588
0.13431616
0.13568324
0.14073539
0.13075244
0.22030462
0.84306526
0.7821971
0.87871104
0.8622755
0.64702326
0.11585276
0.08605514
0.08799245
0.12933888
0.1563102
0.7888632
0.6364939
0.6323043
0.64319634
0.80018836
0.6610052
0.6563784
0.23316373
0.2515437
0.16344742
0.196998
0.117473625
0.09168702
0.06962348
0.073202565
0.06702586
0.07893434
0.11517231
0.08277859
0.13540545
0.8871489
0.882616
0.10613342
0.073604636
0.091783255
0.20086694
0.8860487
0.88296396
0.16305618
0.15677513
0.85398
0.9247805
0.9347742
0.92107916
0.8954261
0.12047569
0.12404007
0.69101846
0.73362917
0.11342275
0.06378019
0.06158758
0.08550652
0.78608745
0.89727837
0.87331146
0.16284129
0.15539035
0.8129675
0.9189802
0.92805475
0.89399534
0.13689557
0.13285841
0.6806647
0.829957
0.111215904
0.08536425
0.07871101
0.15349418
0.89178306
0.93437195
0.9393624
0.91025877
0.8137656
0.07079685
0.052487087
0.055557676
0.07815843
0.7905134
0.8551258
0.90562207
0.93448466
0.9122925
0.10994438
0.09532846
0.090339966
0.0666847
0.072191894
0.13979073
0.07829787
0.07625386
0.091637574
0.1608014
0.25932115
0.22104104
0.274605
0.1645763
0.22108063
0.14326029
0.1470581
0.17853996
0.70098615
0.8280608
0.8518965
0.828662
0.20789646
0.14368737
0.11939327
0.11233194
0.12674057
0.19890468
0.64371043
0.78672606
0.29899698
0.1713936
0.197746
0.26434135
0.111319005
0.09298292
0.10441911
0.23955373
0.12841895
0.0803131
0.07203864
0.07075074
0.07279105
0.098911695
0.06713443
0.0647705
0.08604202
0.13289665
0.84747154
0.9246019
0.9083684
0.08618087
0.052487694
0.04743421
0.050395753
0.05437499
0.082956724
0.86413014
0.9147933
0.93892896
0.94191474
0.9304337
0.90957075
0.08503026
0.06846043
0.09505844
0.083698906
0.06575506
0.09671722
0.75984114
0.7556166
0.8890679
0.71793824
0.10032501
0.102470756
0.077614464
0.10002567
0.7534563
0.8856216
0.8716646
0.12608065
0.09508261
0.13398151
0.7939654
0.12182554
0.10404285
0.14596851
0.15723506
0.15734822
0.8364118
0.87738043
0.8952507
0.9104397
0.9306766
0.9355149
0.9349713
0.9207866
0.28951347
0.095384076
0.0883845
0.09754563
0.05585949
0.056095194
0.065934725
0.1166739
0.8324378
0.277387
0.23634107
0.8311272
0.1565786
0.1619066
0.14356431
0.09805452
0.12073399
0.08841188
0.086145155
0.09039173
0.12276892
0.09111462
0.08423853
0.08430772
0.09323374
0.11349431
0.19976592
0.7587469
0.88985634
0.90584826
0.87952197
0.67938435
0.20489429
0.20292252
0.2824993
0.83513236
0.8761753
0.8329481
0.8294829
0.8877052
0.87704176
0.5085208
0.1363487
0.1109118
0.10787006
0.12261165
0.17127603
0.75826204
0.6823696
0.7783436
0.3841613
0.35401818
0.15167618
0.1241204
0.1411166
0.104547784
0.10371222
0.1401473
0.14314184
0.107555635
0.12676659
0.09302562
0.094097205
0.11953041
0.6435865
0.22210628
0.4106942
0.8567968
0.8384787
0.14555836
0.10898789
0.13936922
0.19937696
0.21994872
0.72909254
0.748009
0.8667321
0.68383837
0.10863501
0.1084485
0.12834202
0.09086324
0.10876051
0.6118619
0.62138283
0.63606006
0.17345218
0.10357032
0.10025194
0.1299444
0.13774645
0.32796937
0.82324594
0.7066836
0.6795356
0.20960762
0.27782872
0.16292031
0.106845
0.12076057
0.08176216
0.07582211
0.08031258
0.1031351
0.5853229
0.57896197
0.6406939
0.70258605
0.83494973
0.6942745
0.8103947
0.13409676
0.10434051
0.186894
0.6592558
0.13438828
0.09243819
0.13265197
0.68599564
0.11154588
0.067379765
0.06642736
0.102586284
0.86597145
0.9296289
0.913155
0.08256066
0.050368454
0.04477073
0.04773675
0.051278383
0.06536523
0.12064997
0.90607166
0.9242905
0.92666113
0.91470087
0.862807
0.08266342
0.07379892
0.057571944
0.074001394
0.15492134
0.82870656
0.17612232
0.18704277
0.8989379
0.92656654
0.8473151
0.08154011
0.060447186
0.06804973
0.14445968
0.72603893
0.13031761
0.10826971
0.32575572
0.90154505
0.91759485
0.81415874
0.14219318
0.097266905
0.11246419
0.7907151
0.914845
0.9277787
0.8776966
0.88793135
0.102469556
0.06450173
0.06275952
0.07577422
0.1668701
0.13706757
0.34168285
0.8052894
0.3477734
0.28574276
0.72565335
0.7519508
0.8566266
0.34111825
0.16893744
0.29925904
0.08812214
0.06976977
0.07089506
0.08478987
0.16922209
0.13506365
0.31666595
0.7464822
0.8509947
0.21322486
0.354396
0.08307781
0.06529608
0.062402647
0.062077187
0.060738802
0.058076717
0.05697688
0.06530628
0.1079067
0.90485805
0.9386671
0.94836533
0.92994356
0.0815922
0.050011374
0.051116366
0.05484717
0.059359375
0.062175024
0.063064195
0.059609704
0.06028995
0.075480916
0.12457418
0.8835341
0.8870251
0.73625237
0.82588613
0.13324948
0.104236595
0.1517174
0.8833173
0.9236903
0.9289975
0.9180412
0.9193659
0.8846254
0.13808775
0.113948986
0.16636686
0.82411635
0.7705496
0.8708636
0.75750476
0.7079065
0.12620646
0.097266205
0.10083042
0.1700203
0.1188906
0.1336615
0.21026516
0.38565588
0.7601758
0.6301112
0.5491508
0.20980519
0.14679237
0.13994724
0.15967783
0.4141182
0.86606264
0.87702435
0.7092171
0.66071624
0.16529527
0.20077398
0.16883303
0.5187891
0.13090928
0.13670522
0.23898728
0.88716656
0.90971285
0.80856097
0.7364638
0.68736637
0.68550926
0.73726594
0.8609349
0.3630996
0.21606024
0.15248127
0.6509079
0.20068341
0.11904164
0.08488465
0.100042425
0.083605215
0.0931371
0.12278482
0.28133073
0.7550732
0.22066645
0.18294676
0.20115101
0.6614648
0.72175354
0.82811004
0.7694617
0.84772164
0.76815116
0.81988883
0.19296928
0.15294424
0.18645914
0.73990357
0.15052024
0.119140565
0.18863337
0.14017852
0.13684702
0.6679613
0.121298626
0.0665977
0.058592144
0.064685374
0.12530272
0.88475114
0.9229389
0.9188648
0.9338622
0.92928714
0.8578573
0.81909907
0.12101182
0.061346523
0.057981603
0.07341897
0.18369888
0.65393215
0.1706171
0.22634137
0.20373152
0.23076712
0.3438431
0.8371761
0.84692395
0.59875953
0.459004
0.82756954
0.83718216
0.4421401
0.21145971
0.2180515
0.6096942
0.74947655
0.88260806
0.89270115
0.82477504
0.82774305
0.21412739
0.18212351
0.25867584
0.6508962
0.7753324
0.19646034
0.1720041
0.12114087
0.110655926
0.13801551
0.118167035
0.13320372
0.2571384
0.61600196
0.21123587
0.14432774
0.15003666
0.62223715
0.13590693
0.107273914
0.12927648
0.10659286
0.12574011
0.56070954
0.20270963
0.5890552
0.21641059
0.32897294
0.7608013
0.20532541
0.22641966
0.1734891
0.15090992
0.2366242
0.8381721
0.83038545
0.14566085
0.100413576
0.10896993
0.4839761
0.14514612
0.15870632
0.8057588
0.9074979
0.9200846
0.90393794
0.7728229
0.74109787
0.8544297
0.7051639
0.16562119
0.1802176
0.7360901
0.16071215
0.1350431
0.17457022
0.7923267
0.8089121
0.6415619
0.14077403
0.1328036
0.10077588
0.11956376
0.6772122
0.692013
0.11711342
0.12704141
0.0675421
0.06220117
0.06473899
0.08467887
0.06216671
0.06537933
0.10509845
0.88004285
0.9177395
0.9364929
0.84798515
0.07422684
0.051322646
0.053028334
0.06833251
0.08059407
0.074233055
0.09416771
0.10609912
0.114848
0.6432012
0.12277249
0.1291114
0.16515714
0.13942324
0.54261047
0.5695502
0.63882
0.79320824
0.12598029
0.074203335
0.0682225
0.08482348
0.08261338
0.06888969
0.0852992
0.10859884
0.84477234
0.9209066
0.9029301
0.092713945
0.05992827
0.06127595
0.094076626
0.7242386
0.2394202
0.8564518
0.9308206
0.91430455
0.08125425
0.050294247
0.047672577
0.050321188
0.05284995
0.0532653
0.060138654
0.11395591
0.8953657
0.92096937
0.9288718
0.9241404
0.08474415
0.05172375
0.052117515
0.06991002
0.066142604
0.063911594
0.06553716
0.074885726
0.11412646
0.7531839
0.135237
0.076086126
0.07842017
0.16972908
0.88326025
0.8155457
0.12472947
0.13880229
0.088868536
0.13997395
0.1859768
0.65384483
0.13282879
0.09160162
0.10837691
0.7541992
0.8825558
0.8778997
0.1578161
0.08718606
0.08239954
0.12354792
0.8437853
0.91566074
0.9190959
0.9268244
0.90746486
0.8911644
0.24817556
0.11515798
0.15313286
0.27515188
0.8254096
0.71123666
0.7243528
0.8764761
0.8536772
0.9137275
0.906699
0.29059297
0.0653066
0.04855021
0.04580084
0.048908934
0.05644716
0.109259754
0.89805835
0.93728846
0.9473719
0.9456495
0.922377
0.07607454
0.046767954
0.044537056
0.049867347
0.056646258
0.0669403
0.11124271
0.6923462
0.12797172
0.12046276
0.6420897
0.117432065
0.101738684
0.29947117
0.89085037
0.856116
0.21901403
0.112154074
0.16074614
0.9019628
0.93118066
0.8502268
0.07320529
0.051164262
0.052339107
0.060779836
0.06359246
0.09242811
0.7031742
0.1424468
0.17370725
0.84238756
0.8490829
0.8946156
0.22647682
0.082514316
0.07998237
0.11992868
0.25070572
0.88445085
0.8849515
0.27452824
0.18164505
0.61958975
0.19671488
0.62978274
0.13104479
0.10804072
0.19369014
0.11266117
0.13016146
0.62633204
0.2044297
0.16722104
0.29256132
0.64384997
0.20182306
0.12817435
0.12737702
0.20562428
0.10878191
0.10011093
0.106389776
0.12490714
0.19911896
0.369948
0.7930377
0.15202557
0.10610075
0.12100162
0.64016384
0.29869804
0.63078225
0.113798276
0.087615624
0.10970807
0.8446367
0.9260184
0.93333495
0.89928675
0.10111407
0.07709669
0.10312108
0.6160902
0.3091524
0.7902056
0.18216802
0.17577597
0.1676375
0.65062475
0.7770273
0.22109057
0.14466655
0.14612266
0.19874509
0.8036842
0.81792337
0.4545193
0.22967309
0.27196863
0.18275161
0.20022053
0.69146025
0.7971246
0.8933863
0.9028533
0.871486
0.88366723
0.8141354
0.73256
0.15928188
0.13152981
0.16177727
0.15320133
0.24091141
0.7477265
0.22015646
0.20307206
0.16120432
0.1100242
0.100429215
0.12616262
0.11870377
0.17953876
0.2463329
0.76171494
0.21932527
0.20084937
0.16738643
0.58135915
0.18178059
0.25394943
0.24643782
0.16547786
0.59952307
0.11025203
0.080693014
0.08400327
0.1262588
0.7695768
0.17013672
0.1473756
0.7273535
0.8634673
0.7803359
0.91152036
0.91093075
0.7062663
0.06931539
0.054724883
0.06730338
0.10093689
0.08018894
0.076415926
0.08049945
0.0812024
0.07919951
0.078142755
0.076446824
0.07390317
0.07034247
0.065790266
0.061614588
0.060559247
0.07203998
0.22193639
0.88802063
0.866166
0.8626077
0.13741751
0.101163976
0.12217485
0.74743205
0.09440727
0.061122943
0.058166858
0.05911163
0.06150499
0.07614816
0.13639426
0.83877
0.895827
0.19478275
0.07204609
0.05986089
0.07064088
0.12040881
0.6831181
0.1651073
0.16682021
0.14136298
0.69284266
0.09891589
0.0730248
0.06841478
0.069690466
0.073995195
0.07691334
0.07651579
0.07249206
0.07055791
0.11260586
0.82424384
0.15577933
0.15508898
0.888406
0.93614197
0.9460041
0.9428128
0.89442515
0.06534509
0.045045663
0.04406866
0.052438837
0.08371359
0.1418913
0.15447111
0.13547167
0.08835984
0.08285094
0.20554738
0.8400759
0.2336985
0.6449987
0.111620426
0.10114114
0.13269061
0.8253032
0.6785615
0.6402915
0.10477932
0.08790452
0.1302157
0.8526814
0.91716486
0.86833155
0.83407456
0.17581905
0.0935987
0.12678374
0.7957866
0.098442495
0.061620824
0.061236706
0.108978935
0.12975614
0.89359266
0.9340961
0.9121219
0.82041574
0.07385647
0.054273155
0.05008825
0.059119023
0.103792354
0.8381565
0.88148195
0.27663124
0.12547643
0.15880103
0.87791836
0.9167798
0.9013258
0.9296767
0.93034506
0.9100418
0.17039852
0.072359696
0.059373256
0.06024085
0.077977486
0.17132944
0.6670743
0.15364441
0.18131596
0.16019958
0.112992994
0.11896046
0.19349262
0.17665222
0.7260811
0.8743425
0.9020846
0.89661235
0.8543566
0.17373255
0.13241029
0.13655253
0.20964105
0.78106976
0.88027906
0.91627353
0.9103128
0.83997387
0.8410754
0.8908641
0.8530919
0.77496666
0.3431712
0.1733909
0.17722999
0.34371963
0.8627745
0.89646584
0.868059
0.88209355
0.85229725
0.855783
0.90143985
0.90784425
0.8793201
0.32955718
0.17915764
0.59962916
0.17992824
0.17912526
0.10561484
0.120924376
0.8255604
0.8971184
0.9254898
0.90532446
0.303574
0.10944071
0.12854311
0.83331907
0.916026
0.92087716
0.9282245
0.9012861
0.88057035
0.10119307
0.08142544
0.12505731
0.71001536
0.706999
0.74033517
0.7631589
0.84824014
0.13429391
0.098715894
0.13324288
0.18650253
0.13741045
0.26648006
0.64838177
0.3385691
0.33720767
0.24145745
0.2923988
0.11964294
0.10964601
0.23094499
0.22108516
0.15460992
0.65985477
0.10355593
0.07554857
0.07412555
0.10123147
0.09783557
0.08212919
0.1432503
0.15789303
0.90115
0.9215996
0.93992513
0.9199976
0.09183263
0.06625342
0.048541907
0.048719253
0.05298242
0.06264573
0.10564261
0.15903397
0.87325406
0.8750342
0.7220415
0.75153726
0.885677
0.8936786
0.80897236
0.80336416
0.8685083
0.7206522
0.14941089
0.13838033
0.26484728
0.30933747
0.36290666
0.4133755
0.68288416
0.1334954
0.09437994
0.10702779
0.092710465
0.114292406
0.63364816
0.21177241
0.39488858
0.86844283
0.8581247
0.16818677
0.16935433
0.14770912
0.13430354
0.69994265
0.69945616
0.72903526
0.83947647
0.18925737
0.2497659
0.23773511
0.17540441
0.6535685
0.66798526
0.24933475
0.1066102
0.092710055
0.098884575
0.19405131
0.716276
0.82734615
0.34403887
0.36250955
0.1876375
0.12555435
0.15499282
0.19785935
0.109216385
0.11269431
0.19948994
0.6904948
0.3181605
0.13202529
0.11761358
0.16774476
0.1054037
0.09682631
0.101218365
0.15424845
0.09343302
0.08720991
0.08220808
0.103068635
0.1628514
0.7922058
0.27717382
0.18983339
0.21354234
0.756153
0.18783066
0.15083936
0.21566142
0.2735889
0.87027395
0.90152186
0.87558585
0.30337837
0.16164978
0.22677925
0.13017865
0.15484032
0.13545227
0.20399165
0.85085386
0.87545544
0.8132944
0.87968284
0.865726
0.88598835
0.83394253
0.82359374
0.87567925
0.7577901
0.1333763
0.12931988
0.08891811
0.083644465
0.09231372
0.13996209
0.14065279
0.21082519
0.82124066
0.82202274
0.65746397
0.24926664
0.18400171
0.2145019
0.23456153
0.38779673
0.86265755
0.87134725
0.87898904
0.9063196
0.8868207
0.6001572
0.34651
0.2796259
0.20005757
0.32993448
0.6726839
0.80945915
0.16129784
0.11756252
0.1783792
0.0812906
0.08204707
0.06613713
0.07347016
0.07167866
0.12455242
0.90081227
0.924581
0.8969055
0.15074632
0.16921765
0.14687899
0.8475622
0.9256219
0.93177134
0.8979614
0.10318983
0.0859884
0.10511004
0.7221277
0.8673047
0.7042926
0.1853935
0.3110758
0.868872
0.79445183
0.19737412
0.0793305
0.06633576
0.07198778
0.105363555
0.111785434
0.1905072
0.6890569
0.79692805
0.17327856
0.12408324
0.10662589
0.10863061
0.14245494
0.12600337
0.13653311
0.16595623
0.624882
0.6022247
0.5987058
0.19173731
0.11713507
0.09509026
0.09048945
0.10078384
0.15041766
0.84636414
0.8449534
0.12650834
0.09396901
0.122078
0.21530986
0.8997043
0.9065153
0.11989268
0.06734085
0.059090953
0.07271055
0.06617011
0.06442685
0.062835895
0.061092097
0.06221111
0.0782177
0.167899
0.83773845
0.15983164
0.14514835
0.85955024
0.91667193
0.9329503
0.90535945
0.14718987
0.15499127
0.84613013
0.905775
0.16861318
0.05978925
0.050313987
0.056844696
0.067132965
0.12943614
0.86144286
0.86470175
0.19557689
0.09562575
0.06559193
0.07578766
0.15785258
0.18427987
0.08080355
0.069974184
0.06791646
0.065338776
0.062134217
0.06073785
0.06642929
0.11082241
0.37353215
0.9157529
0.9242353
0.8066775
0.08333913
0.056629274
0.053278837
0.057325948
0.058262102
0.05667085
0.057491392
0.069100335
0.19044064
0.9072413
0.92668396
0.9203981
0.91856664
0.93098056
0.9172854
0.9125321
0.23157027
0.061519157
0.053156853
0.058010664
0.09255973
0.12062611
0.7757775
0.7723508
0.869848
0.33871394
0.118438885
0.099573195
0.13260561
0.17976332
0.1090754
0.10777584
0.18449296
0.88064605
0.91510147
0.9093489
0.81072724
0.21257733
0.092065
0.07703194
0.109549336
0.1080139
0.08263254
0.092275456
0.06488316
0.060627215
0.06468886
0.10012083
0.87888587
0.9305196
0.9356152
0.8664892
0.82900107
0.124361746
0.066354945
0.05959538
0.07334347
0.1581224
0.140364
0.7108464
0.7002623
0.6954462
0.74429566
0.854439
0.7500852
0.7314119
0.82981753
0.4620949
0.3086705
0.601466
0.1801654
0.17613216
0.6498702
0.50310457
0.8677309
0.86377144
0.28887066
0.18665597
0.29313993
0.25019312
0.65222955
0.1349011
0.09522456
0.09858001
0.20035802
0.1259439
0.15146804
0.667858
0.64289206
0.24383295
0.319604
0.6420406
0.24144289
0.15514244
0.14922638
0.22374667
0.16535604
0.18950126
0.62806505
0.67622685
0.77966136
0.71308935
0.7845839
0.37535378
0.62656504
0.212461
0.2331385
0.14387557
0.1568954
0.14218947
0.37753472
0.8883163
0.91151094
0.8675311
0.816625
0.8213734
0.90980387
0.9129561
0.81772923
0.13597368
0.08005491
0.07486129
0.08376859
0.12968557
0.14772262
0.6047445
0.35476896
0.8230908
0.839744
0.7457463
0.80424225
0.70305914
0.57605827
0.23072259
0.2701003
0.1851288
0.22580574
0.22221553
0.6834388
0.8100979
0.19173266
0.113700606
0.08564238
0.07778903
0.07559242
0.08267567
0.09968832
0.14987825
0.8083089
0.44232497
0.2937177
0.7855113
0.6451699
0.582337
0.6705081
0.8577507
0.884614
0.85981613
0.71562123
0.7988641
0.14109237
0.09201537
0.078355245
0.07941257
0.095574506
0.15586333
0.6114437
0.31921464
0.34978348
0.6502008
0.64318085
0.6435475
0.6353239
0.62031025
0.2897696
0.17344004
0.19982523
0.27070868
0.26985994
0.7497774
0.18030383
0.13744676
0.18261908
0.6103378
0.16781016
0.21438381
0.12673882
0.1899481
0.109167345
0.12894808
0.11280857
0.19821596
0.21261436
0.13164161
0.20504433
0.15120217
0.1368928
0.10939792
0.16987476
0.11358615
0.13034354
0.63429946
0.19321483
0.16550729
0.13660973
0.22181201
0.5956347
0.21911782
0.6016165
0.20334348
0.23675883
0.7502367
0.1578365
0.12522718
0.20212235
0.21393067
0.8008713
0.6211392
0.6096244
0.58672905
0.12718417
0.1277823
0.708735
0.84877807
0.09806484
0.057991643
0.052497044
0.061370157
0.07934848
0.13201162
0.8856296
0.9349379
0.92008114
0.08340164
0.0512841
0.04665132
0.049936745
0.051786255
0.056022298
0.09396105
0.111074924
0.89110416
0.9278708
0.9370845
0.92750466
0.08629958
0.054146834
0.05237283
0.060519475
0.06594791
0.07230951
0.09014018
0.0799692
0.07183733
0.06909096
0.07270054
0.063572854
0.06627054
0.09628483
0.80574834
0.8537615
0.17468014
0.15782589
0.7784951
0.81395847
0.8533739
0.91775006
0.90620685
0.5358298
0.3885293
0.837085
0.118635826
0.0850873
0.13649623
0.12496965
0.6954693
0.21795277
0.7196893
0.19493082
0.17033002
0.2243321
0.27121472
0.72101456
0.119447134
0.10352354
0.10805489
0.107358746
0.08944258
0.15410453
0.11197237
0.08856731
0.12165811
0.14729518
0.15524101
0.7712372
0.87468135
0.86218214
0.18855272
0.18181978
0.6970124
0.16348752
0.09600345
0.1438017
0.06345178
0.05608681
0.05992296
0.100089855
0.89707756
0.938326
0.9465251
0.9296509
0.87303567
0.06833492
0.047214575
0.047490623
0.052957293
0.061427064
0.066081345
0.05978885
0.0629774
0.095030315
0.8236955
0.900686
0.8022856
0.21651947
0.095940046
0.10001911
0.085962735
0.12939298
0.13136336
0.6461168
0.13990006
0.12219994
0.1755682
0.62988025
0.592968
0.16652532
0.19399947
0.21392986
0.14633295
0.18668701
0.20908688
0.24533924
0.63020164
0.36321566
0.22845234
0.6387753
0.14427884
0.10219442
0.09034642
0.09411237
0.107083514
0.14108275
0.64557546
0.65416104
0.16992894
0.15799367
0.09713741
0.0876759
0.10640323
0.09222059
0.123225294
0.8599713
0.91780275
0.92655987
0.9159071
0.85951495
0.8857628
0.82511425
0.86469007
0.9156926
0.9123431
0.78979367
0.10249119
0.09009715
0.13278678
0.095507294
0.109809324
0.19882186
0.18517357
0.6846876
0.76591295
0.33650637
0.36820343
0.8014828
0.8093363
0.6633767
0.6176109
0.6040526
0.21240869
0.14022765
0.12459712
0.13655977
0.21408062
0.47832245
0.8487131
0.7665714
0.7371446
0.72899467
0.15683863
0.08467169
0.07594224
0.096748516
0.07950524
0.08598419
0.10531924
0.20571049
0.12064447
0.21857978
0.12125944
0.08761577
0.12540431
0.08959152
0.13628018
0.80561525
0.1161194
0.0758503
0.08745697
0.17051658
0.83277386
0.1154675
0.07410541
0.0712809
0.12823561
0.90477425
0.93453085
0.9097092
0.8109802
0.08183021
0.06800625
0.10248797
0.1942851
0.868417
0.19099563
0.0677417
0.06149646
0.066411026
0.0830154
0.07078248
0.069461934
0.07706139
0.089314796
0.14880696
0.83694434
0.11877954
0.07310076
0.07018678
0.10758853
0.83429945
0.8819315
0.10698085
0.06597794
0.067154035
0.119997434
0.88942957
0.9330888
0.9130561
0.8216988
0.07555832
0.056193832
0.060256314
0.09564027
0.7964577
0.87765306
0.110018544
0.06891933
0.078382276
0.095832705
0.631792
0.112446144
0.08083176
0.099244066
0.8370482
0.9308489
0.94081515
0.9160757
0.081822276
0.052826762
0.058127176
0.05137712
0.054131307
0.062515184
0.073709495
0.2306503
0.898564
0.9316447
0.83949965
0.08824871
0.059580475
0.073619984
0.06923279
0.069509156
0.07239316
0.07408014
0.07383676
0.07286232
0.06813266
0.06382621
0.062665895
0.06351597
0.06405499
0.123932146
0.8955568
0.92993677
0.9372362
0.9204771
0.8941893
0.89378345
0.9159742
0.14161772
0.05228417
0.047602627
0.05236159
0.057718452
0.063598305
0.08325372
0.07407303
0.06957276
0.09679518
0.6838362
0.1965693
0.20264162
0.8788926
0.87510055
0.10811672
0.07387768
0.079290435
0.2317085
0.88855803
0.9254206
0.93081325
0.927059
0.91704303
0.8560363
0.8315195
0.8850299
0.9183346
0.86410886
0.10702151
0.060889505
0.059949305
0.08235646
0.6400253
0.6078348
0.1801673
0.36774534
0.8015612
0.90775084
0.8898072
0.16107707
0.18176454
0.07846603
0.06784476
0.07553969
0.11562273
0.117111005
0.2554791
0.18162218
0.23934852
0.078195885
0.06243755
0.059580516
0.064541474
0.10065299
0.8693242
0.9142755
0.88920736
0.20675974
0.2936478
0.8248152
0.8779993
0.896301
0.909578
0.9230728
0.9096758
0.8917465
0.27691472
0.18934233
0.81891954
0.90788466
0.7989237
0.07935108
0.054986443
0.052217457
0.05858638
0.06986907
0.10719689
0.10443617
0.16441125
0.21636769
0.68305486
0.65176904
0.66331166
0.70249104
0.8050856
0.20020741
0.1671491
0.23064426
0.62945753
0.18591431
0.2767252
0.16955186
0.11780407
0.13453716
0.09162291
0.0893723
0.08915362
0.09412643
0.13062637
0.115027316
0.24234894
0.13354044
0.09843553
0.15339316
0.09270593
0.12944198
0.087601416
0.07547941
0.073544644
0.07242999
0.06793925
0.06306541
0.05833575
0.055429816
0.06035745
0.11913575
0.90003735
0.93357414
0.94232994
0.9321305
0.92457265
0.91510737
0.07451271
0.04776797
0.046683908
0.052089784
0.061015874
0.07993959
0.22423056
0.86456347
0.11419718
0.06463593
0.06222641
0.07016235
0.09675385
0.06833015
0.058175325
0.060510464
0.09052791
0.8605796
0.89957076
0.91673374
0.91053206
0.8589633
0.077819675
0.053815022
0.05565519
0.0880227
0.13555872
0.87504643
0.9172832
0.93950206
0.9375591
0.907458
0.084906615
0.06138874
0.056091975
0.067675285
0.1494686
0.86405975
0.7570884
0.72460186
0.72045875
0.12660548
0.14837773
0.072343014
0.06592675
0.08376287
0.07213401
0.07824736
0.11284212
0.75293237
0.7621515
0.7824759
0.86404335
0.18870729
0.25012043
0.15403132
0.06611359
0.057219125
0.06595109
0.09471153
0.8521476
0.88892865
0.8985074
0.9005216
0.14413871
0.15253511
0.15083349
0.8143882
0.10852238
0.07927765
0.08418393
0.10224254
0.7249615
0.70554036
0.68456644
0.12614837
0.10384586
0.13377358
0.7923156
0.89478874
0.796886
0.13381892
0.13156265
0.082929544
0.0769567
0.08299444
0.10015578
0.13704297
0.10522232
0.09992796
0.09895704
0.09893107
0.10620407
0.11317504
0.14707533
0.12575041
0.14351836
0.24089135
0.18099926
0.29992414
0.30202785
0.21406625
0.2669911
0.6081488
0.4255684
0.63666093
0.6138794
0.13178237
0.09232317
0.08418896
0.08408286
0.0885307
0.11816127
0.08695402
0.08257968
0.10929367
0.09515078
0.12212234
0.75327384
0.8250014
0.24330758
0.2968801
0.7976993
0.2798252
0.72350824
0.86669075
0.75449324
0.8370496
0.22515263
0.65069026
0.20075344
0.1433058
0.6440487
0.10397328
0.081044346
0.12655963
0.0864861
0.105711505
0.0988734
0.14116621
0.74798137
0.14800647
0.102675565
0.10336032
0.20197958
0.21402779
0.75269157
0.8781255
0.74234396
0.110180624
0.07086634
0.07171994
0.12272624
0.74932086
0.7534637
0.10401491
0.06559081
0.06410363
0.06682856
0.06887132
0.07026164
0.06807445
0.06200255
0.06225678
0.06485218
0.14416692
0.15617816
0.8906811
0.9213571
0.9342611
0.92995787
0.22560571
0.06428815
0.049579103
0.051736087
0.06757507
0.16598248
0.8784156
0.84048355
0.09095999
0.056548934
0.052220047
0.056089755
0.06390459
0.09976977
0.8098741
0.8701327
0.1335802
0.095218875
0.1439832
0.34935892
0.8577649
0.30432338
0.115675576
0.07511951
0.073456034
0.10310533
0.7076423
0.83559114
0.8235998
0.22768424
0.2685333
0.23070285
0.8576328
0.8559334
0.9135848
0.8885977
0.093967095
0.06672876
0.05611786
0.06082278
0.108815484
0.87558156
0.9217161
0.9290753
0.9218107
0.8902426
0.891382
0.91427934
0.90558356
0.9015527
0.90189284
0.89969176
0.25425568
0.07929053
0.07815229
0.13796894
0.12631553
0.7829707
0.908736
0.92005825
0.8844339
0.19487855
0.22585194
0.24338287
0.6493916
0.12021843
0.08904377
0.09118718
0.12092013
0.7279414
0.8382724
0.7483668
0.84203905
0.4796149
0.7213393
0.28014097
0.12660761
0.15164621
0.14215368
0.09442701
0.121321246
0.08334649
0.080758825
0.08497968
0.11144087
0.09602095
0.16660479
0.07291752
0.06370464
0.07085308
0.14744908
0.89796627
0.9254657
0.92595685
0.19625208
0.059024904
0.048599027
0.051461995
0.06705501
0.095540114
0.74373925
0.73947257
0.7424835
0.8659397
0.22653687
0.09102697
0.08714872
0.173255
0.1527519
0.07028732
0.06463137
0.077841006
0.08682188
0.1303368
0.8970774
0.92113066
0.89260215
0.9196203
0.85872406
0.8150586
0.8730935
0.08888673
0.06114213
0.07652228
0.058213457
0.06670536
0.10437034
0.16208427
0.7285482
0.84644026
0.250587
0.20856288
0.07188246
0.05831794
0.057450734
0.058932114
0.06470724
0.094734594
0.75048053
0.6943514
0.15013131
0.167913
0.8506152
0.89351964
0.91539824
0.15033016
0.056440074
0.046770442
0.049171034
0.05979306
0.15920727
0.89093524
0.9149799
0.91716176
0.91935927
0.09887279
0.051320583
0.045502126
0.05002262
0.06231747
0.10841832
0.8560034
0.87819993
0.17456175
0.16903426
0.8660074
0.92835116
0.91131055
0.0883565
0.054970287
0.05337148
0.06636546
0.14249225
0.8141648
0.1742802
0.18641287
0.36531243
0.8700091
0.83225757
0.82168883
0.9114272
0.90681535
0.7554472
0.12171928
0.12205963
0.19692855
0.7009821
0.8429046
0.6807795
0.13760068
0.118762255
0.17481552
0.21046612
0.31298557
0.3081091
0.20012057
0.26231623
0.8077891
0.8555832
