0.1579948
0.085427515
0.06477011
0.062026937
0.06598855
0.100052334
0.2452623
0.86404675
0.8879253
0.10837742
0.0697612
0.07855416
0.11789839
0.8715674
0.8508527
0.8507093
0.84959424
0.8180706
0.8311237
0.8752291
0.89417654
0.10054783
0.075906165
0.064859554
0.093527846
0.6637486
0.08787256
0.06311022
0.05802148
0.06670014
0.17340243
0.8725234
0.8824053
0.8780117
0.8920616
0.90541047
0.92813784
0.87388545
0.09249492
0.054032035
0.052694656
0.07354567
0.09393134
0.7304208
0.7330172
0.71969646
0.7340126
0.7138642
0.08910034
0.060580533
0.052284356
0.05694868
0.0865882
0.8570531
0.90055716
0.9157937
0.92436546
0.94005877
0.9369531
0.88137746
0.07021409
0.049697332
0.051831894
0.09306716
0.09198878
0.1053647
0.132315
0.069442876
0.06401551
0.07505723
0.15428561
0.14071596
0.7334134
0.78975964
0.878125
0.9157855
0.89455324
