0.45265535
0.16894694
0.12858969
0.119617306
0.15134515
0.10257364
0.08935161
0.08238121
0.08137556
0.07889831
0.07826515
0.0863649
0.11167249
0.22248022
0.84579515
0.71462685
0.7073597
0.105743244
0.07133982
0.07105642
0.1000334
0.6077914
0.13495925
0.11815812
0.17392938
0.6995753
0.6873571
0.69487554
0.26582026
0.12671703
0.13454908
0.6595895
0.15133253
0.20147535
0.07951455
0.06810709
0.06745225
0.07308363
0.122831315
0.08559524
0.072487265
0.09978579
0.7859771
0.7707819
0.87520325
0.29704303
0.16675493
0.65948194
0.1599132
0.25774544
0.8553776
0.91958755
0.8946485
0.11275592
0.095574975
0.13919786
0.8736553
0.89419186
0.3496938
0.19704795
0.8122637
0.85705173
0.814352
0.16403003
0.22769475
0.87233
0.7938314
0.09387769
0.07576298
0.10173435
0.80080783
0.8146087
0.8901775
0.1461538
0.08103731
0.0851164
0.19735745
0.8579333
0.12569635
0.08002009
0.068134576
0.0741982
0.068350844
0.06659784
0.06536203
0.06778652
0.08742369
0.116711795
0.7590413
0.70901054
0.13201566
0.10016236
0.1395158
0.8186274
0.17226458
0.0970424
0.11504055
0.85665137
0.924865
0.9009541
0.90404105
0.09942571
0.07782357
0.09647166
0.06263771
0.06932562
0.13084714
0.89330363
0.9004023
0.1200284
0.09702786
0.06631219
0.06408999
0.07815525
0.16597071
0.10023832
0.10776379
0.14293985
0.5028555
0.8213408
