0.84432983
0.8940711
0.89799577
0.88566315
0.8726025
0.8573459
0.8460396
0.8679716
0.80443925
0.78492063
0.82049453
0.23560968
0.15253459
0.15780127
0.11640288
0.115938045
0.16569583
0.5431262
0.196713
0.21228196
0.77717525
0.6472166
0.21617588
0.13791028
0.13773622
0.5837052
0.1860792
0.13591905
0.21586408
0.22559118
0.15323982
0.25814405
0.6268331
0.1303158
0.09832117
0.10174986
0.15146567
0.8351374
0.7448425
0.7328361
0.721857
0.7083027
0.68471587
0.10296735
0.07100355
0.07109719
0.10785423
0.64824003
0.2050803
0.6469822
0.11326335
0.07927047
0.08489008
0.17828393
0.18769415
0.8725761
0.8258575
0.7942771
0.7486663
0.10480302
0.08817204
0.06903176
0.077806465
0.1238767
0.75369895
0.2725075
0.6509876
0.66529644
0.6933464
0.7971366
0.65081245
0.16148426
0.14235024
0.24432613
0.17370752
0.6739425
0.11656125
0.08916842
0.13780232
0.07354279
0.06761646
0.06807777
0.08107795
0.09128186
0.11519281
0.07199107
0.08962409
0.7474493
0.7325135
0.7715645
0.8708742
0.9277821
0.9297054
0.89892757
0.1494061
0.10566725
0.1175754
0.8170279
0.9003662
0.92738396
0.9260575
0.88504803
0.8483759
0.81864464
0.7418278
0.12602817
0.16465008
0.22752503
0.8474584
0.91851366
0.88041615
0.8523488
0.8904587
0.09004838
0.054993175
0.056141112
0.052060667
0.054564185
0.061570093
0.09112835
0.75154406
0.7526105
0.7702568
0.8810016
0.76381046
0.15080172
0.15570989
0.1248299
0.082708195
0.08043314
0.114816725
0.10803185
0.15707
0.75536966
0.16112974
0.12022873
0.12509242
0.17948982
0.8299196
0.7523058
0.7673142
0.8543058
0.68486667
0.15751609
0.14001073
0.15728094
0.3272383
0.85847366
0.89320594
0.8751322
0.7403897
0.70868546
0.6735603
0.66762185
0.22624215
0.15756926
0.18531558
0.1917451
0.17349951
0.32425842
0.63021046
0.1747038
0.14926246
0.20011435
0.118903145
0.10304471
0.09984376
0.109226964
0.14116207
0.7225442
0.87056774
0.8800867
0.759354
0.67510885
0.14551489
0.14229907
0.1076069
0.11142223
0.16619982
0.4721077
0.15826263
0.17045116
0.1508197
0.19757183
0.80750096
0.72796166
0.71585846
0.8098771
0.15022601
0.10893644
0.12293462
0.63641316
0.64681196
0.6481747
0.18052109
0.16954091
0.099757165
0.11468218
0.72578996
0.7519414
0.73585343
0.7551124
0.74843174
0.7054636
0.7042557
0.704512
0.7358634
0.747996
0.8288071
0.13266098
0.10337268
0.13597566
0.18887001
0.8708112
0.90239483
0.8588859
0.24395235
0.2505844
0.24548611
0.67654455
0.77962303
0.848206
0.8941451
0.89938474
0.88551193
0.8259469
0.8536515
0.8006167
0.85320175
0.7662438
0.7008698
0.68284094
0.16572018
0.2744703
0.19791192
0.079950295
0.06951912
0.07396073
0.102978475
0.0746394
0.070928134
0.07604485
0.06317857
0.060096428
0.06414209
0.09654731
0.8423825
0.8697285
0.21295889
0.34157678
0.86689365
0.89774543
0.9268155
0.89686537
0.8310309
0.1469588
0.14920107
0.7767836
0.7411072
0.27487963
0.8272081
0.13948081
0.12469994
0.65085536
0.096300915
0.077079356
0.074978575
0.12412898
0.87653875
0.8532607
0.9101215
0.8159845
0.12205854
0.071380235
0.068143204
0.09642773
0.12898548
0.16401967
0.20122065
0.81540525
0.73447734
0.70337796
0.6485768
0.21828866
0.20614937
0.29908243
0.28400344
0.7455098
0.6611966
0.6616618
0.6536122
0.5725244
0.2114775
0.24582063
0.14776875
0.13486932
0.14986426
0.24634399
0.75439674
0.23938636
0.20394665
0.5580515
0.2078961
0.20936891
0.6951628
0.8159849
0.65992826
0.57312685
0.18564913
0.17298742
0.31314293
0.7111488
0.8474296
0.7455626
0.7256146
0.82902694
0.21753451
0.107397705
0.09102658
0.10098452
0.19097473
0.80704194
0.17370364
0.08653272
0.080090635
0.121504426
0.7410842
0.77221113
0.8975948
0.7680954
0.095839284
0.09026964
0.06739426
0.09991538
0.1213318
0.7510261
0.12003842
0.07479526
0.06411075
0.05809416
0.072269544
0.45792624
0.92028487
0.9396511
0.9054641
0.8583247
0.07861932
0.051472902
0.051680196
0.08202123
0.12835294
0.193151
0.7448236
0.243604
0.78484863
0.8699384
0.16310646
0.095820695
0.115150206
0.12644951
0.7244316
0.85400045
0.75755495
0.72899044
0.8295466
0.30278337
0.15432023
0.1607409
0.28448597
0.69264895
0.808555
0.741039
0.81299865
0.72614413
0.69752425
0.70423985
0.78380376
0.25893793
0.20260692
0.27146077
0.19033912
0.2476066
0.6350611
0.34598288
0.14755695
0.13964574
0.097100675
0.094138
0.11733893
0.5763176
0.21486536
0.39908165
0.789794
0.2956687
0.6485758
0.1503479
0.11858292
0.1985614
0.11533472
0.19659616
0.085606426
0.07130663
0.07300742
0.086601354
0.14264612
0.8823701
0.9027078
0.86851907
0.18451382
0.20151025
0.61968905
0.609455
0.27298263
0.6448185
0.1510475
0.12267108
0.57139695
0.10661992
0.096065864
0.13891062
0.8782713
0.850238
0.8281475
0.7994214
0.09154617
0.05889759
0.058663227
0.08632054
0.6724752
0.12410934
0.13737185
0.81369644
0.8292114
0.8746488
0.9083864
0.93117505
0.93387234
0.9274759
0.87341285
0.20170924
0.16235134
0.8085684
0.09565846
0.06581322
0.075770624
0.21347177
0.87065494
0.75056213
0.13607652
0.18444563
0.18633354
0.70510495
0.18091363
0.28851837
0.7582085
0.37006176
0.81309766
0.8858914
0.36636975
0.18519165
0.7245836
0.10158533
0.0638591
0.06204178
0.0733304
0.11327752
0.12448082
0.09875589
0.13763842
0.16291812
0.19276717
0.20669308
0.79588664
0.36840472
0.290592
0.7786316
0.18656585
0.14184274
0.1600134
0.42354968
0.8266814
0.7004836
0.23828934
0.31063092
0.64293975
0.15623432
0.12191764
0.14549471
0.13026044
0.16392945
0.68908924
0.77147996
0.8545347
0.8087323
0.7756507
0.8100942
0.85967946
0.79543537
0.75078714
0.8308766
0.34774387
0.1527935
0.2190864
0.17456716
0.18723282
0.8586775
0.74344254
0.08761868
0.0609391
0.06256904
0.09506097
0.6684586
0.12104665
0.122493565
0.83818364
0.8943758
0.93399835
0.9293036
0.8210924
0.08522648
0.07358967
0.10287257
0.86565715
0.9298066
0.9336109
0.8670697
0.09116993
0.07569254
0.108839154
0.828467
0.8834219
0.15237048
0.14134209
0.7337431
0.15874015
0.09167628
0.0760591
0.10645364
0.74745584
0.7027108
0.1376816
0.16938414
0.11997207
0.0971933
0.1579567
0.6970034
0.68245506
0.7111937
0.821619
0.14776278
0.10124673
0.09983256
0.12339675
0.401736
0.88876116
0.9196624
0.92055005
0.8975396
0.7388742
0.21698262
0.16109525
0.18128668
0.6736996
0.7073062
0.8420463
0.7122131
0.20376559
0.19339557
0.62145656
0.22605225
0.28612974
0.8566476
0.87323654
0.7030822
0.28440684
0.16989067
0.11357974
0.11648476
0.17142561
0.21193665
0.8051073
0.7185784
0.71125984
0.70859164
0.7422175
0.75514686
0.73633313
0.6947052
0.6640619
0.19295554
0.18350025
0.5884446
0.2849794
0.20246592
0.150235
0.20732929
0.15309992
0.17908402
0.71179205
0.8363969
0.84133095
0.7201517
0.5967382
0.124265395
0.09904479
0.11381671
0.11873424
0.124870054
0.12964295
0.7426429
0.761216
0.8268876
0.8513285
0.8414268
0.7925147
0.14146014
0.17102626
0.135167
0.078197084
0.0759952
0.10214239
0.59408706
0.5907523
0.5932646
0.10933985
0.079217054
0.07708397
0.09014615
0.21203814
0.81265604
0.8684512
0.91762435
0.91854745
0.8941268
0.9083658
0.90173763
0.90884054
0.9003863
0.91011786
0.9029273
0.9118776
0.87335354
0.8208793
0.22740594
0.11626535
0.10827076
0.12188812
0.21348432
