0.8259819
0.88195896
0.90152836
0.904681
0.9021614
0.90300065
0.90227705
0.8987374
0.8965742
0.8892699
0.8862297
0.8947543
0.89213634
0.86850387
0.8478936
0.8724918
0.90059865
0.90675646
0.889907
0.866544
0.8618451
0.43898514
0.20018466
0.11598398
0.09351166
0.08700062
0.10062829
0.2047777
0.14814302
0.113575414
0.19653773
0.09552706
0.09301809
0.16541912
0.1209415
0.09521246
0.11397223
0.7477753
0.8636769
0.7862139
0.867054
0.7032112
0.7005076
0.7067349
0.724839
0.7124107
0.08849118
0.0638628
0.05668218
0.052248586
0.05329852
0.06330918
0.16733819
0.89944625
0.90437275
0.8945732
0.87787324
0.8632667
0.900875
0.9238677
0.92896575
0.9285721
0.9104496
0.87262326
0.18331915
0.09056736
0.13256161
0.68794864
0.11193751
0.11311052
0.08378715
0.12502407
0.8873141
0.92097694
0.9205492
0.8635008
0.8121423
0.7991269
0.87944525
0.7635778
0.71568185
0.09988892
0.07551777
0.08222095
0.13322698
0.1947716
0.8690278
0.88729477
0.7519583
0.1610553
0.17148037
0.14335269
0.10479377
0.12502518
0.08994187
0.08940424
0.09349303
0.1076578
0.14529797
0.34972298
0.77899265
0.65917486
0.32179686
0.26494592
0.20771305
0.28435376
0.28830135
0.22238371
0.35863993
0.6498045
0.67461085
0.6881352
0.7142229
0.80242705
0.2531585
0.26966274
0.123561785
0.1072632
0.17535731
0.10416546
0.12250537
0.111738876
0.20026587
0.2226747
0.7922778
0.89936984
0.90372384
0.8302418
0.8880048
0.87574995
0.72024125
0.64844894
0.61848056
0.50684416
0.21378605
0.21271387
0.69927543
0.8807772
0.90381104
0.8822046
0.7309061
0.64269817
0.22147764
0.24201852
0.7466579
0.65318143
0.59010834
0.5332027
0.16143456
0.13668154
0.20557319
0.17705777
0.16570225
0.6326758
0.6234998
0.6394755
0.62225443
0.18272248
0.22998816
0.19619481
0.27493137
0.85977167
0.77431196
0.6891104
0.12883635
0.15304977
0.13631997
0.14092669
0.6573191
0.66591847
0.6764404
0.6580307
0.1729187
0.20439374
0.14846356
0.116770774
0.13414691
0.6085594
0.6142158
0.14712876
0.109968595
0.10346615
0.12413899
0.29146555
0.7479158
0.87392175
0.8739899
0.72573537
0.73576206
0.8452992
0.7303805
0.10074798
0.06652232
0.06182679
0.07186347
0.12695725
0.0850466
0.069002084
0.07501682
0.12748712
0.8285403
0.1764964
0.12762316
0.15205766
0.1268413
0.74762344
0.23025525
0.34512645
0.9053358
0.93355453
0.9176858
0.882932
0.15695454
0.09722028
0.066417076
0.0802863
0.15690161
0.86203647
0.9144635
0.8961123
0.895684
0.920495
0.8924111
0.22592588
0.6669831
0.08824262
0.069315724
0.08063393
0.16244668
0.1771672
0.23355149
0.67821443
0.6819835
0.700222
0.74840045
0.8593053
0.8415049
0.1921799
0.14913219
0.1634061
0.48459187
0.1768488
0.1917026
0.16578223
0.21311696
0.80430514
0.7346463
0.73070985
0.8323597
0.2278664
0.13678364
0.09131013
0.101341575
0.10626519
0.11440218
0.76849043
0.82736516
0.9090235
0.88847935
0.8921496
0.9097524
0.81116974
0.13350649
0.16767572
0.1640829
0.1307332
0.21905547
0.31785995
0.73826355
0.8706518
0.86979
0.73457855
0.6490953
0.14190143
0.115188695
0.11727388
0.14562437
0.58739096
0.73774946
0.30097014
0.24049044
0.17745794
0.20222361
0.2115154
0.27444974
0.12769839
0.12938134
0.0864564
0.07776571
0.083709344
0.10519287
0.20244078
0.8264831
0.68517727
0.6348699
0.22043146
0.22246398
0.7828885
0.65382576
0.60689974
0.1983637
0.13843428
0.16579339
0.8239151
0.7708706
0.86283565
0.7134621
0.63673913
0.1829727
0.28464416
0.8405936
0.6693853
0.12965375
0.15472603
0.8260024
0.11011596
0.057999928
0.051006034
0.05380054
0.05726261
0.086797655
0.86007726
0.9047041
0.9296232
0.9312186
0.92732686
0.9185148
0.92499864
0.9230662
0.8708487
0.8210727
0.7879127
0.0981509
0.08870322
0.20098649
0.7826735
0.10136256
0.07000478
0.095738344
0.07235217
0.09995537
0.7923837
0.8659153
0.26576957
0.1901636
0.70840734
0.6544972
0.12999918
0.113846935
0.17887126
0.87847495
0.9133591
0.8982701
0.7074543
0.2138214
0.34913692
0.7132723
0.73647577
0.7584754
0.13949905
0.08439492
0.071504354
0.07397946
0.071751975
0.07828255
0.086602464
0.14785928
0.153019
0.67287004
0.30925843
0.20416114
0.33747765
0.40817446
0.7640456
0.2034803
0.16542898
0.21693793
0.86293817
0.8964092
0.85669357
0.9069795
0.9158084
0.91172224
0.8872245
0.87705916
0.8870624
0.89906615
0.8076205
0.1474092
0.12183779
0.14458817
0.5839758
0.73302287
0.88897115
0.9099467
0.89425415
0.7696027
0.7281226
0.7365312
0.7888738
0.81525475
0.81211644
0.7871028
0.22051945
0.10708591
0.093778595
0.09737089
0.13211463
0.6681761
0.66658074
0.6964525
0.7006339
0.694283
0.7645175
0.8946629
0.918813
0.92438227
0.9221253
0.90065897
0.62244195
0.21262448
0.1326024
0.18568243
0.1099051
0.12195567
0.098667584
0.106091574
0.15258476
0.15888593
0.5477728
0.6319003
0.62090236
0.6450614
0.6962254
0.73283803
0.80707294
0.6560116
0.17877571
0.15367909
0.18396829
0.21187864
0.8166384
0.75530803
0.853479
0.3098299
0.12359395
0.1298307
0.66053224
0.6813434
0.10218375
0.07780065
0.06216617
0.072289705
0.09065096
0.8192951
0.8797618
0.91456634
0.9346004
0.93729234
0.93191886
0.9012661
0.09805506
0.086749785
0.07060115
0.104483925
0.11064216
0.6981949
0.7425253
0.880767
0.85875314
0.19557904
0.21250714
0.24802041
0.64122206
0.659143
0.6204299
0.13397205
0.10919073
0.11248192
0.14545012
0.6458434
0.63855094
0.6756943
0.67804503
0.19245408
0.10520226
0.085040025
0.09027925
0.1480331
0.87061524
0.8745144
0.10028206
0.061995167
0.058779065
0.08007566
0.13248199
0.82645816
0.7962935
0.7711139
0.7032365
0.091076136
0.069765754
0.07185949
0.1823562
0.870919
0.8889195
0.899029
0.92930925
0.90200204
0.89897776
0.112103276
0.061301276
0.06340034
0.09054225
0.85749316
0.9272589
0.93622375
0.91609865
0.2966606
0.13845432
0.077499755
0.08025374
0.13667916
0.7880077
0.90024394
0.8791598
0.13850333
0.10238293
0.10500124
0.122624874
0.24901438
0.71483546
0.84416866
0.8990652
0.898472
0.90099436
0.90904874
0.9104186
0.9084125
0.9029543
0.89107
0.8881886
0.89399296
0.8904853
0.8880348
0.89022547
0.88268954
0.88376516
0.8836132
0.86253047
0.8515682
0.86551166
0.885805
0.889307
0.89783
0.89882797
0.8946477
0.9032052
0.9085263
0.90711325
0.87995124
0.81502396
0.75572383
0.6946339
0.6235726
0.15869051
0.18444686
0.121218465
0.098622836
0.1578788
0.16223961
0.741366
0.8758611
0.2208274
0.0934341
0.10646809
0.6780693
0.08789235
0.06374757
0.060921688
0.06069752
0.05780047
0.058740504
0.06257841
0.11615803
0.9068123
0.9263067
0.9361667
0.9059781
0.11244315
0.094555676
0.23350118
0.8970826
0.933362
0.8799779
0.075922996
0.051470205
0.049638182
0.061182998
0.094919756
0.68826306
0.106324024
0.08224605
0.125227
0.83270955
0.88899666
0.25838664
0.13604958
0.12434041
0.15252268
0.12758341
0.12916578
0.72273993
0.72059005
0.16626906
0.102506764
0.12416923
0.12845097
0.1172805
0.1982519
0.1803688
0.679661
0.7129993
0.8211055
0.73462886
0.72916186
0.7674925
0.8030484
0.8433709
0.45410976
0.17224757
0.17579246
0.16464844
0.62511903
0.6440298
0.6792844
0.7888266
0.8912473
0.88466287
0.91059065
0.90971476
0.9182431
0.91422594
0.8744435
0.3157368
0.2878731
0.22937426
0.50994176
0.883647
0.9140082
0.89020705
