0.8568448
0.90173364
0.91452444
0.88763344
0.32735395
0.16609256
0.16121808
0.19381039
0.8359812
0.9149951
0.91705185
0.8311046
0.7929765
0.8630131
0.34665713
0.2486811
0.2632609
0.29662836
0.689759
0.7022192
0.10455493
0.07548426
0.11593278
0.06450861
0.06637477
0.06707371
0.11429791
0.9020636
0.93883216
0.9255911
0.08631035
0.05115781
0.046663657
0.051063776
0.057729498
0.06791397
0.12339838
0.8789825
0.872306
0.14521801
0.126115
0.6308759
0.08983773
0.06334529
0.06591523
0.122439615
0.9016306
0.9318261
0.9224521
0.8915971
0.83911294
0.7636757
0.06998503
0.049310703
0.046715047
0.05262061
0.06529393
0.11980582
0.880335
0.898309
0.7823292
0.7491596
0.088823035
0.060193803
0.062268317
0.0659865
0.11431496
0.14683828
0.14646047
0.12931651
0.77911204
0.7752438
0.10927697
0.069222815
0.07159768
0.124418564
0.82161576
0.124697074
0.08770455
0.122938015
0.8637889
0.8806348
0.8421969
0.08329478
0.05286774
0.04889366
0.05218049
0.056422442
0.07270015
0.21948545
0.8893395
0.8743229
0.16840094
0.18331991
0.2432754
0.8082322
0.19891992
0.13025875
0.09193598
0.09717438
0.14069994
0.76353496
0.6517909
0.62761545
0.18923418
0.15701117
0.18413624
0.7322269
0.20562384
0.17285483
0.26581377
0.56695014
0.66186345
0.7215251
0.8906685
0.91792154
0.91485125
0.8912597
0.17989622
0.07565804
0.06118582
0.0613853
0.07098709
0.08449676
0.13512933
0.119957946
0.2072817
0.11119827
0.10739609
0.13158695
0.6870621
0.8078446
0.64562076
0.22277495
0.2721285
0.19499503
0.5359841
0.5043891
0.3035854
0.27037
0.3327497
0.8189774
0.7122563
0.7003984
0.23216708
0.20564105
0.07889011
0.06321817
0.07146149
0.06474653
0.073255084
0.12800561
0.8864902
0.89811367
0.7143808
0.13174567
0.13741027
0.8118224
0.9212418
0.9309732
0.89682627
0.08201792
0.057926208
0.065808386
0.09050357
0.82730246
0.8833389
0.91775805
0.89048135
0.85562575
0.8687103
0.8795003
0.896118
0.92300296
0.9259454
0.9039802
0.8624451
0.804452
0.105737604
0.12208942
0.08083392
0.105381146
0.79476476
0.8709926
0.15484425
0.13829045
0.67784363
0.10045399
0.07234072
0.08158885
0.18313447
0.15339945
0.13365956
0.20686872
0.3398996
0.68708897
0.66502446
0.63009876
0.46984172
0.43750596
0.4130966
0.6487341
0.67530227
0.6674674
0.6850576
0.65523815
0.21010709
0.19973765
0.15723725
0.17265353
0.32524464
0.6397335
0.8820599
0.9119236
0.9068298
0.87051654
0.40973598
0.2350626
0.19509259
0.40617397
0.18815337
0.17741428
0.24369964
0.8167978
0.804018
0.889604
0.896241
0.8515843
0.80605364
0.76029193
0.6976772
0.6825459
0.7173128
0.75821877
0.8556393
0.8348469
0.26047915
0.21962754
0.19709626
0.5110336
0.31886515
0.2575753
0.2968176
0.19687752
0.13268462
0.12029624
0.14830123
0.14695844
0.535394
0.3317648
0.73372966
0.87349695
0.8786192
0.769708
0.82005346
0.39140108
0.19633101
0.1349519
0.13741294
0.5311571
0.1538957
0.14409807
0.22499792
0.7917935
0.24909745
0.14958404
0.20807996
0.1056813
0.11429933
0.085646056
0.09221833
0.1362051
0.15871167
0.7855232
0.3000259
0.3070512
0.2838663
0.56326354
0.16866116
0.17227376
0.16366881
0.6896793
0.7472255
0.8737309
0.8635232
0.62979275
0.13399583
0.10878908
0.12181177
0.26049948
0.81830794
0.7074696
0.704415
0.86438835
0.862196
0.2593628
0.10874955
0.14118592
0.09381151
0.079403944
0.13976711
0.15406135
0.1510744
0.80249166
0.112975456
0.07614383
0.073766306
0.12777784
0.88178617
0.8827064
0.11454888
0.088401675
0.1647895
0.24936727
0.89967227
0.91120315
0.88485175
0.17965002
0.088498525
0.0763122
0.117434226
0.8885068
0.92404824
0.8967733
0.123431936
0.10944863
0.2673402
0.8192195
0.23761655
0.684047
0.16569608
0.13073343
0.11677408
0.094893865
0.16207278
0.120649904
0.090268165
0.11119316
0.10022406
0.13120428
0.1503725
0.17231978
0.20621988
0.6505761
0.63616693
0.6170931
0.63530415
0.6342327
0.64463246
0.6495202
0.69444823
0.74042344
0.8546438
0.5249646
0.3149423
0.20351174
0.08223395
0.067901686
0.07301568
0.08311183
0.121552095
0.21218637
0.18585095
0.09639558
0.074585296
0.07871643
0.11553713
0.7050414
0.100261025
0.0707376
0.07790021
0.114070006
0.07308948
0.0643401
0.110766485
0.08956494
0.13693039
0.90586656
0.9357544
0.9447139
0.9460915
0.94067556
0.87104887
0.06340443
0.046785492
0.051833536
0.06049057
0.08914301
0.077456675
0.07220582
0.07202897
0.07272875
0.06926007
0.06905325
0.08207441
0.12735108
0.10956308
0.116708405
0.1567512
0.14032902
0.15679339
0.82289
0.72329676
0.7577805
0.8633851
0.75186354
0.70484495
0.682498
0.69254506
0.122073226
0.08410367
0.062655665
0.06533662
0.060074214
0.059382223
0.057167005
0.063540645
0.11506401
0.87453246
0.8832717
0.8901184
0.89257526
0.16292088
0.060386617
0.053310476
0.07198359
0.063627765
0.057760905
0.059295066
0.07474635
0.20414644
0.8911559
0.8993481
0.75591826
0.18201128
0.67481554
0.08313684
0.061546043
0.0630283
0.06988919
0.06943581
0.07960787
0.06338893
0.06112936
0.06843058
0.1289409
0.89688057
0.8956795
0.18918379
0.23467344
0.8290867
0.112178184
0.08126635
0.107333265
0.8348697
0.8654645
0.87439555
0.8010273
0.09874366
0.08221617
0.12595756
0.88286525
0.9048931
0.32628042
0.17995644
0.78085643
0.7405862
0.08330436
0.05790979
0.05978814
0.073806316
0.08437207
0.079883076
0.12239712
0.092666246
0.077305615
0.10467309
0.65681666
0.19830218
0.70489043
0.69669914
0.13812622
0.14667955
0.0806968
0.09393473
0.14377014
0.16545056
0.1727859
0.11906285
0.16365582
0.8472491
0.10873195
0.063097864
0.057857376
0.05731056
0.055325653
0.053776033
0.057366606
0.08900684
0.88041407
0.91565245
0.94243264
0.94490844
0.91904145
0.8767647
0.0757646
0.047096606
0.04410359
0.04912543
0.056816753
0.067683935
0.14970678
0.7861675
0.22799331
0.69327986
0.11699016
0.09484311
0.17408836
0.84015
0.20582876
0.14126873
0.13866265
0.08451118
0.09923317
0.11481232
0.7853054
0.9046557
0.91984385
0.9021946
0.75513476
0.6910019
0.711465
0.71942097
0.7047436
0.16634285
0.122176595
0.0799186
0.07679618
0.10172161
0.07681607
0.077001475
0.10041984
0.66124654
0.69213057
0.7470895
0.8153442
0.8621559
0.8913004
0.9076763
0.87919056
0.8518572
0.8597279
0.9121551
0.9157445
0.87779176
0.13233924
0.100337945
0.1194213
0.23059815
0.69751674
0.82252914
0.71633565
0.70053595
0.4491329
0.27185795
0.8208121
0.11103971
0.06706698
0.0674881
0.060589615
0.059782866
0.058302023
0.05843384
0.067660384
0.109292515
0.84399134
0.2934913
0.8675718
0.9072496
0.9360394
0.9280479
0.9151407
0.9123202
0.08025183
0.052483387
0.06558826
0.056179684
0.059080362
0.06252928
0.06536308
0.06317494
0.06643162
0.09258582
0.6297798
0.15420431
0.2479255
0.8375798
0.7393313
0.72417676
0.713391
0.12510389
0.06835988
0.057281625
0.063206345
0.096223824
0.8092385
0.8993145
0.77209723
0.7538396
0.09554738
0.0625568
0.053998593
0.058929536
0.07030889
0.109835856
0.75149924
0.2319028
0.7321691
0.09714372
0.06133564
0.05553712
0.06182456
0.10462204
0.8903199
0.91825
0.9192444
0.85906094
0.07578075
0.05151057
0.04944595
0.060635637
0.09831945
0.7726768
0.3111588
0.85824645
0.11846034
0.08489536
0.060154267
0.06746613
0.14065105
0.35753393
0.89909226
0.81366736
0.09156329
0.06266077
0.061431725
0.083172984
0.25039774
0.8414154
0.11301451
0.064882725
0.05957764
0.06684642
0.09919026
0.7120982
0.13055669
0.089352936
0.13254696
0.8916798
0.9143482
0.91560197
0.9119526
0.89878744
0.8703036
0.8069179
0.093181945
0.08345407
0.17204244
0.7540302
0.11267844
0.084869966
0.121396445
0.7999529
0.17392997
0.19392084
0.8841317
0.9052137
0.7355264
0.12728193
0.18132873
0.14478259
0.63347983
0.23473397
0.25844458
0.43313387
0.77101094
0.8871309
0.78343904
0.18757926
0.32614362
0.08901427
0.06892982
0.06800215
0.079243876
0.13102832
0.1425512
0.3972108
0.81646794
0.4203837
0.22026505
0.30826062
0.6579349
0.6405766
0.18189289
0.15292166
0.24919386
0.2456296
0.6591309
0.6947908
0.7509298
0.8919559
0.89574736
0.7605668
0.25002685
0.68711644
0.10609105
0.07952911
0.07621258
0.09258729
0.19804426
0.16965878
0.15996788
0.32795787
0.84515435
0.7877691
0.8669568
0.75545514
0.6796197
0.17012037
0.17375599
0.13845748
0.18446073
0.18748212
0.50768584
0.7942214
