0.8141716
0.30614632
0.14930058
0.16383569
0.101028025
0.08499342
0.07754189
0.07601772
0.0787122
0.087807134
0.11337515
0.2949432
0.8357406
0.70851475
0.6910905
0.8310408
0.706368
0.80174184
0.16988496
0.12894832
0.20473684
0.14346437
0.123250656
0.079560935
0.07436424
0.08114792
0.11167143
0.7682846
0.8639546
0.7877996
0.89811647
0.9106049
0.89229167
0.76577795
0.7282068
0.82671887
0.6990321
0.65530515
0.5922163
0.1234309
0.09395924
0.10286859
0.1838819
0.82772446
0.6702629
0.15436155
0.17336468
0.67245495
0.6421795
0.12579529
0.11064804
0.28812715
0.87609595
0.793148
0.11529468
0.081817865
0.10382556
0.7947435
0.83878034
0.8457284
0.85808384
0.9011023
0.9207015
0.9193807
0.90218383
0.900877
0.924
0.9319836
0.931301
0.90776205
0.09423499
0.0651507
0.110011876
0.08419011
0.07471013
0.10562401
0.6741691
0.11872909
0.094352365
0.16124907
0.094582535
0.10306306
0.14172271
0.7276022
0.8310207
0.7132134
0.11307192
0.07412678
0.061994944
0.06535776
0.07897112
0.07663913
0.13073964
0.8922588
0.8889195
0.90437794
0.20876892
0.07623979
0.0724229
0.10776045
0.81855977
0.8574483
0.85856557
0.8313818
0.8348871
0.884017
0.19473264
0.09359474
0.11835661
0.21281204
0.8753311
0.8065871
0.7330635
0.099468865
0.08252791
0.13263467
0.082747996
0.09065132
0.11304693
0.18162602
0.80506253
0.71831864
0.67832434
0.6618083
0.6594095
0.71625924
0.84541047
0.85487956
0.7778128
0.7965879
0.85497504
0.7736546
0.39697447
0.32505354
0.13320018
0.10351748
0.109206416
0.088593215
0.110502005
0.111749396
0.5958372
0.66445345
0.67987806
0.7508998
0.9044102
0.89293385
0.1323508
0.13063851
0.06674262
0.058178604
0.06367806
0.082714975
0.14976467
0.27444124
0.6984085
0.7939288
0.26246694
0.1449251
0.11967496
0.1249693
0.16237876
0.745628
0.2405528
0.29060018
0.18200217
0.5507997
0.17482232
0.12194304
0.12598203
0.22994213
0.62137413
0.61036944
0.62395155
0.78124815
0.63649964
0.18792006
0.1414171
0.083981045
0.07518791
0.0749928
0.09349982
0.0720603
0.0703399
0.09382593
0.10772677
0.7843807
0.8901255
0.8097278
0.8894232
0.14536937
0.09313503
0.099870056
0.063216835
0.05543088
0.057623334
0.0698382
0.18565504
0.7831265
0.19430429
0.43905053
0.88831294
0.7758549
0.09614039
0.0766919
0.10329439
0.8703679
0.93125415
0.93756104
0.9088623
0.09875192
0.07519487
0.106001884
0.8107573
0.88365376
0.17710938
0.1392031
0.66873235
0.11717465
0.080324106
0.101494804
0.6269772
0.1311687
0.1620336
0.14030164
0.13313434
0.27808514
0.81514007
0.7460084
0.8626479
0.8668342
0.77578455
0.8363052
0.70718414
0.1704292
0.15567444
0.48672575
0.13799284
0.12781087
0.28973424
0.86008024
0.7437007
0.6788721
0.093303986
0.07414263
0.072140075
0.12258599
0.8822058
0.8912143
0.21274005
0.41121218
0.8566391
0.10262903
0.07176176
0.054287244
0.05943359
0.103786185
0.8855451
0.8888774
0.8672455
0.89633507
0.9309453
0.9170501
0.89209175
0.8273729
0.06966457
0.049861908
0.04970606
0.06494937
0.113350324
0.8238152
0.19611889
0.15643238
0.7877443
0.871811
0.15433443
0.0912134
0.13006884
0.11928585
0.70736474
0.7020366
0.7008437
0.70889336
0.70905745
0.14326112
0.0834247
0.07228242
0.082158156
0.153456
0.8674577
0.83210444
0.91182476
0.88927054
0.12670188
0.09137072
0.08858084
0.1357682
0.19806251
0.09650107
0.083883256
0.105598405
0.23107609
0.28676644
0.6682403
0.66169846
0.6800519
0.67754906
0.22978719
0.1428443
0.12718965
0.17008701
0.76535
0.88838893
0.87108654
0.17697003
0.16074145
0.10031971
0.09547793
0.12400758
0.11714266
0.14457862
0.4638495
0.88331246
0.91310817
0.9150988
0.9035631
0.8720751
0.8722214
0.8963204
0.90152496
0.88785654
0.8227071
0.75900584
0.72769177
0.7257108
0.7873352
0.88682914
0.9111895
0.912509
0.8917534
0.7468099
0.14062548
0.113591686
0.12140676
0.18359877
0.70479536
0.8513821
0.17525156
0.09070219
0.106465526
0.069869526
0.07910495
0.1617629
0.87635076
0.75313073
0.08405017
0.056253824
0.055210534
0.059394717
0.065042675
0.11612528
0.8837758
0.8388604
0.8241613
0.8410136
0.7843859
0.0828513
0.059935737
0.07920906
0.09509108
0.078919545
0.09413178
0.5937508
0.11442096
0.118165225
0.7588277
0.87373006
0.21449026
0.0922881
0.12221663
0.09799067
0.11481167
0.8634065
0.9144646
0.932476
0.9148345
0.84644586
0.2859666
0.8439895
0.16924833
0.08216355
0.07284077
0.10410113
0.7397297
0.8333015
0.17376108
0.18571475
0.83262277
0.72962624
0.7323462
0.18345799
0.09296056
0.071245484
0.10774102
0.103983946
0.20494272
0.7813657
0.13102478
0.08699751
0.11217882
0.8641136
0.90610296
0.8958706
0.13087708
0.10735344
0.32280156
0.9068588
0.93045527
0.8815055
0.13613175
0.1267883
0.079130635
0.06573888
0.10098178
0.12810133
0.8088876
0.80521256
0.905057
0.81171036
0.7574012
0.08690516
0.061539385
0.06304953
0.102170214
0.11975588
0.36838874
0.8550918
0.34865156
0.09685141
0.07727606
0.073917024
0.09095796
0.18112664
0.12703422
0.2252833
0.8097462
0.15104559
0.11714377
0.22760516
0.6946495
0.120728746
0.12341372
0.07837917
0.06711513
0.09316709
0.7636388
0.2755119
0.88033885
0.9229311
0.9125187
0.8889181
0.864489
0.8679785
0.80990773
0.21086533
0.7392531
0.08904439
0.06824278
0.10324186
0.112874664
0.17039137
0.82264143
0.79538995
0.13712394
0.0751726
0.073524125
0.124621734
0.092306904
0.13527797
0.19083585
0.8835621
0.91505206
0.9186394
0.9083636
0.87698555
0.9053307
0.91286874
0.9120221
0.8976618
0.91819
0.91412055
0.8295657
0.10763178
0.07680092
0.07885061
0.09799257
0.22981039
0.34152114
0.7337619
0.83638394
0.680796
0.6399195
0.25801876
0.19610868
0.25721297
0.86635727
0.91466206
0.9241241
0.9227693
0.9044146
0.76523167
0.16391519
0.10123693
0.09408873
0.13935491
0.14590734
0.6351459
0.14797294
0.1203321
0.1295538
0.22549452
0.17667213
0.27081576
0.86397517
0.90036345
0.8971656
0.8591517
0.84913373
0.8852191
0.8980561
0.90357774
0.90123355
0.88025504
0.7496329
0.25663322
0.27255946
0.5192875
0.14861953
0.119996704
0.12458975
0.17911796
0.8246993
0.74277735
0.73139745
0.10473086
0.0659753
0.061262738
0.070846625
0.10781782
0.6971722
0.12219726
0.07775413
0.09073462
0.13410297
0.80039245
0.77695584
0.7568872
0.7655004
0.14627494
0.07855675
0.08271595
0.18473995
0.7867737
0.8952963
0.7826842
0.11377962
0.06336546
0.055005386
0.058348723
0.065261506
0.08954573
0.21075535
0.16909494
0.7333132
0.7324566
0.8193829
0.23187584
0.23412411
0.23085384
0.7643175
0.68797374
0.70231575
0.8348587
0.83638054
0.6892013
0.6701176
0.76553273
0.20446087
0.16214818
0.1856145
0.7291624
0.22154546
0.2809261
0.27767852
0.5916533
0.12659787
0.0999225
0.12755367
0.81909823
0.69812936
0.73950493
0.90438783
0.9084712
0.73104614
0.12583268
0.2036672
0.69934297
0.08477081
0.05654562
0.054452937
0.056116294
0.054767013
0.060205426
0.097491935
0.87990916
0.9075075
0.9171768
0.905511
0.8324775
0.087897435
0.071376465
0.09885117
0.68809617
0.15799941
0.07598197
0.070488535
0.098516144
0.626281
0.23284322
0.24932806
0.8526072
0.8900848
0.8819685
0.8021059
0.8802174
0.8787717
0.746554
0.11207471
0.09237145
0.06344894
0.06228181
0.07344755
0.12574267
0.8027506
0.122522324
0.0855413
0.10969953
0.7443996
0.34536007
0.8255813
0.18460588
0.19117829
0.8770045
0.8992524
0.9061206
0.9176525
0.7982384
0.09223953
0.08596137
0.18509452
0.8457769
0.858185
0.8603612
0.8841454
0.8603381
0.095609084
0.054990277
0.05128598
0.059411563
0.07846011
0.19683328
0.7376788
0.10880919
0.07051821
0.06905736
0.073582456
0.09697871
0.08629615
0.10210735
0.1992783
0.18549688
0.75124943
0.23308928
0.25790033
0.14311077
0.15948863
0.1381533
0.18007448
0.8238338
0.7615934
0.8703502
0.83386683
0.24849582
0.5175575
0.12749736
0.10847988
0.14480455
0.86355466
0.8929307
0.791214
0.9096528
0.9103751
0.7402446
0.0693268
0.05418009
0.049156733
0.054205485
0.07200209
0.06779701
0.107682675
0.87644863
0.9258946
0.83117807
0.07745622
0.051436517
0.048390776
0.051490642
0.05232007
0.058078293
0.09312243
0.88135797
0.9255641
0.9040477
0.81606454
0.13626002
0.1695335
0.8378193
0.8248251
0.09652585
0.08115483
0.06358461
0.06359514
0.11511503
0.8924387
0.9376905
0.9387826
0.85555315
0.074900925
0.058594476
0.055153344
0.05062778
0.05526177
0.090603404
0.1277788
0.89772797
0.9249832
0.92014897
0.9330345
0.9239697
0.82173795
0.08468106
0.0672432
0.077061415
0.10753737
0.77046615
0.875839
0.78237784
0.84082335
0.1950387
0.19877385
0.21201281
0.13806371
0.1809349
0.23331171
0.66191417
0.6830526
0.7112857
0.7357183
0.7583645
0.786835
0.80483425
0.8666348
0.11606769
0.06490918
0.053343628
0.05325612
0.056470748
0.077927224
0.063873924
0.09918288
0.89325076
0.932627
0.9412932
0.9268519
0.9153633
0.9136367
0.082710706
0.052362498
0.05978275
0.058672782
0.0639354
0.06886291
0.07152391
0.071933076
0.07132668
0.07001031
0.07369727
0.10945202
0.12222
0.08534851
0.092802756
0.14955679
0.19828746
0.8632237
0.8600986
0.8992333
0.8793407
0.90057033
0.8914935
0.9082682
0.9137005
0.91652584
0.91978407
0.9227004
0.91907984
0.8857802
0.14164434
0.098633304
0.10168333
0.1317969
0.5387078
0.19840768
0.22026034
0.72491217
0.8017183
0.8706703
0.90200365
0.91435796
0.9125493
0.91284704
0.9100532
0.8739771
