0.26894295
0.18541986
0.13117373
0.12570967
0.18292594
0.639475
0.6455072
0.6783097
0.6947469
0.7048359
0.8372749
0.27363557
0.11356144
0.1178272
0.10087129
0.12546279
0.6438143
0.76649904
0.2028083
0.15658838
0.17664178
0.7499147
0.23957846
0.17959265
0.617066
0.27748936
0.72625446
0.8543829
0.1014988
0.060353458
0.058544494
0.061733436
0.06344384
0.06251614
0.05965551
0.057736173
0.06324459
0.1317537
0.1426849
0.85001546
0.86206573
0.8905603
0.9233071
0.9103546
0.9002466
0.89932156
0.8954458
0.8862305
0.86400133
0.33420306
0.2980507
0.8532276
0.090801544
0.054285258
0.050430346
0.055195343
0.06408064
0.096437186
0.7186348
0.6638757
0.13018902
0.113779955
0.16948439
0.8436643
0.8507753
0.5237781
0.6287124
0.27040437
0.2929067
0.5230002
0.43892854
0.16102988
0.15656725
0.21632873
0.8274627
0.86458695
0.84546924
0.37829968
0.1564904
0.13453029
0.14155436
0.20161392
0.3625495
0.8505482
0.8285693
0.78534204
0.7509696
0.74244916
0.8233607
0.89535767
0.90892255
0.906377
0.8908569
0.82707906
0.8376152
0.7243161
0.66482544
0.6201403
0.24387437
0.24180825
0.46276107
0.79541355
0.67514795
0.1938569
0.10909532
0.086697906
0.08288255
0.095068574
0.13137108
0.6957434
0.69240916
0.6750439
0.669631
0.6661395
0.71370274
0.8752228
0.9053851
0.906331
0.88491476
0.76904714
0.6992306
0.1246854
0.08787641
0.078488186
0.08038432
0.097161196
0.1567036
0.8412312
0.7813247
0.8555947
0.702441
0.6356631
0.50440145
0.2254941
0.4813144
0.19796853
0.22606863
0.34698945
0.74735934
0.8625203
0.7798138
0.7437696
0.7858726
0.8824454
0.8836304
0.81131023
0.78699285
0.8755822
0.8967948
0.8859795
0.8088845
0.8430124
0.7498731
0.65882003
0.19472814
0.11424695
0.0918949
0.08559946
0.09492604
0.122320935
0.63558793
0.21468751
0.16469906
0.28361714
0.33519
0.6752396
0.20095584
0.095853746
0.07162036
0.06948364
0.07574198
0.09593841
0.24038163
0.83897305
0.66865546
0.21352248
0.6564658
0.19280912
0.66874063
0.0897419
0.061868098
0.062446624
0.079456165
0.06480056
0.07227896
0.09987203
0.73391956
0.1753102
0.169954
0.82990545
0.35272422
0.8793262
0.9253191
0.91554433
0.89836675
0.8269963
0.19809893
0.6922721
0.12358235
0.15049168
0.62619907
0.120124035
0.11951781
0.73839194
0.7989607
0.9104637
0.8941405
0.37637228
0.83647525
0.15375282
0.08419669
0.08596031
0.14299047
0.6026358
0.15445429
0.15596849
0.66412646
0.77730095
0.2371101
0.1607082
0.17497316
0.62155765
0.65540916
0.67103183
0.6580694
0.17162482
0.14717823
0.10282157
0.11555148
0.097233005
0.1098721
0.32796785
0.8911258
0.90780526
0.92155844
0.9134202
0.86356205
0.8582969
0.8864789
0.83824813
0.8125121
0.88022673
0.86562675
0.8866175
0.7994299
0.7616534
0.7270388
0.16469137
0.10333588
0.101290606
0.16160648
0.14594793
0.13083516
0.15730344
0.60174525
0.69628537
0.73571587
0.8141066
0.7076705
0.6608571
0.5568696
0.17797793
0.15532534
0.21035618
0.121862136
0.108656935
0.117503956
0.22632334
0.16816208
0.2589502
0.78063846
0.24202515
0.13524877
0.119185
0.16140643
0.5665632
0.16582689
0.16164446
0.67980665
0.84148186
0.71531576
0.11037712
0.086855054
0.064484045
0.06853495
0.10640342
0.07391202
0.08844343
0.11195483
0.19450064
0.85286677
0.2684153
0.73785937
0.09729937
0.05884006
0.056021083
0.05696112
0.05876201
0.07991798
0.06862006
0.12218952
0.87980396
0.9093459
0.92652005
0.9268486
0.18698883
0.056209385
0.04782633
0.04722852
0.054240882
0.07941885
0.75421965
0.79044586
0.91704595
0.9198456
0.761444
0.07261964
0.052333858
0.05131076
0.06413052
0.113722734
0.8011163
0.7250579
0.10163125
0.0761678
0.1181643
0.1505999
0.87202716
0.8981307
0.91693366
0.93723696
0.92212623
0.896055
0.14988002
0.06134754
0.04582875
0.045744188
0.053570174
0.08538668
0.86548066
0.9121809
0.9195363
0.90840346
0.85304064
0.07449886
0.04874687
0.045394346
0.048650302
0.052515037
0.06160491
0.112217136
0.89126164
0.90487903
0.7801106
0.7073418
0.7019274
0.66897887
0.11281489
0.09328348
0.13821179
0.8847605
0.90226525
0.879536
0.8221849
0.095044054
0.07356901
0.095567726
0.6374277
0.13083394
0.16412021
0.14398955
0.6756179
0.30909136
0.2856897
0.21629661
0.11455245
0.1243558
0.10365017
0.12357613
0.2617573
0.32781625
0.8192148
0.43194664
0.11882629
0.0838271
0.07025893
0.070932865
0.084626704
0.17305253
0.21674815
0.28515783
0.8759533
0.8559702
0.83148146
0.89557767
0.84643257
0.7768103
0.80131316
0.85994554
0.90608084
0.8700456
0.8002102
0.2949155
0.1814235
0.17888157
0.16702479
0.6564795
0.6641936
0.12527034
0.090939574
0.09127976
0.120094605
0.23172066
0.810929
0.67675894
0.116062626
0.08016658
0.072010204
0.080150425
0.13348858
0.08802685
0.119370714
0.20583206
0.4773685
0.9073425
0.92529243
0.86473364
0.7726891
0.75559294
0.16808411
0.1519037
0.20801981
0.635055
0.10923819
0.10044399
0.08551744
0.11948749
0.116184466
0.16727139
0.7842969
0.68950695
0.7110521
0.7410867
0.8191037
0.7362097
0.7201239
0.78540456
0.8594404
0.8201026
0.7819672
0.74810237
0.70898306
0.120133184
0.08130699
0.06918584
0.07102596
0.082663104
0.12418275
0.7177226
0.13892336
0.08646505
0.068898745
0.06663632
0.06758522
0.08354612
0.06343356
0.06515431
0.09658844
0.83171684
0.8652473
0.22180098
0.38073874
0.86876285
0.9001775
0.905896
0.90777963
0.90186375
0.8915619
0.84772223
0.16447003
0.15321693
0.7597532
0.6940156
0.19368269
0.67000645
0.10835061
0.08886136
0.15651314
0.8158074
0.17310192
0.17259865
0.8001071
0.16762379
0.21789315
0.25186482
0.695924
0.70431626
0.72091955
0.09904285
0.0639886
0.063053355
0.07169056
0.095620796
0.08166901
0.08984314
0.11261282
0.243023
0.8602489
0.8036634
0.7823181
0.8019818
0.8990693
0.89580286
0.76273733
0.14982899
0.12800293
0.14994448
0.48186916
0.6133377
0.64426744
0.6807356
0.69564295
0.70128447
0.82577
0.20248574
0.11771904
0.15698196
0.10552009
0.093067884
0.08302275
0.16423513
0.72595793
0.1510827
0.16989356
0.88418573
0.8890992
0.84922534
0.7740345
0.09447589
0.07747939
0.11154878
0.7919637
0.15041834
0.14541142
0.856898
0.9066635
0.924453
0.9187237
0.8801439
0.07473473
0.049548246
0.051637504
0.05785505
0.06344467
0.06745758
0.0694058
0.07491177
0.080842584
0.15248488
0.20326304
0.12047213
0.087933704
0.13702647
0.07561618
0.073818736
0.11779526
0.08237746
0.10432061
0.285322
0.8363547
0.35761148
0.1503959
0.1698201
0.14687012
0.18711169
0.7641074
0.1953588
0.17330147
0.11293473
0.09796876
0.10288562
0.11182344
0.13746653
0.23901963
0.7198451
0.8207149
0.67751294
0.1546631
0.117685884
0.11848948
0.21172768
0.21840793
0.87851745
0.90355206
0.753918
0.08038582
0.056021854
0.053971563
0.06506567
0.11302578
0.81770813
0.18406555
0.1216333
0.37860286
0.9093919
0.9266636
0.93265855
0.82888323
0.06734751
0.048174594
0.046787217
0.05643355
0.08852598
0.8728945
0.91409594
0.92979944
0.94046813
0.91532004
0.0757528
0.049406845
0.04848534
0.05915634
0.11262906
0.8839869
0.8505135
0.8147916
0.11130994
0.068311
0.08783975
0.06017838
0.06070538
0.07296639
0.076056495
0.10989898
0.7788677
0.87947893
0.8748492
0.19834435
0.1187748
0.08196186
0.08468357
0.15777177
0.867973
0.82660276
0.8543742
0.89354026
0.91609955
0.8019473
0.08270972
0.061794125
0.06439939
0.0838878
0.18453069
0.65490884
0.70498055
0.77336216
0.8505711
0.89458084
0.87181884
0.8415537
0.83045495
0.8641435
0.81834507
0.7312947
0.6987741
0.72946185
0.80527866
0.88930655
0.90883124
0.907527
0.87952006
0.8221362
0.77555215
0.7170394
0.6542871
0.15428244
0.15282327
0.113676846
0.1126882
0.14783303
0.6304182
0.15604131
0.12662478
0.13265222
0.16991143
0.6587745
0.17958248
0.14354415
0.16641913
0.110029146
0.09519183
0.08476539
0.07722421
0.07372445
0.06866643
0.06482356
0.062462833
0.066701815
0.09816336
0.81940883
0.9032348
0.80016345
0.74354327
0.082093365
0.05799753
0.052822594
0.053314954
0.06043519
0.101870604
0.8430796
0.37642002
0.8961881
0.9156532
0.9198555
0.92790055
0.9159999
0.9000831
0.88331115
0.80044377
0.17245696
0.712207
0.079750426
0.060218405
0.05986816
0.108466044
0.13564537
0.122648485
0.80202985
0.79562896
0.8079526
0.79168403
0.09126692
0.06062959
0.062100537
0.078007266
0.06897593
0.06383344
0.06272815
0.062343623
0.07274522
0.11711796
0.80581266
0.8988513
0.9017069
0.80353343
0.86749893
0.7297735
0.17014007
0.14234775
0.16461433
0.7166358
0.8784643
0.8965143
0.85545945
0.9108073
0.9207987
0.9097964
0.8072382
0.7200487
0.11209231
0.09586939
0.114747666
0.2976676
0.69749165
0.2699131
0.2082403
0.098879844
0.08383131
0.07899411
0.11015988
0.08546108
0.088846385
0.10665411
0.2765776
0.7474374
0.8789507
0.8848804
0.782744
0.84625393
0.7065119
0.6529203
0.32426935
0.34107295
0.2581687
0.6562541
0.44385394
0.8780115
0.9129614
0.88627887
0.9201184
0.89990497
0.12876295
0.082732454
0.0711365
0.06738361
0.07556697
0.07464336
0.08014272
0.07538558
0.08125292
0.08491039
0.120312974
0.32144576
0.72322255
0.8075376
0.33488068
0.20359206
0.21522799
0.6559797
0.6565146
0.6577435
0.67927307
0.6855527
0.65653026
0.40802503
0.29958162
0.18610743
0.21156162
0.1880373
0.40668854
0.87678766
0.9111858
0.9227254
0.9197335
0.8859612
