0.37313312
0.22528493
0.27367538
0.1902418
0.22415212
0.34109536
0.69577605
0.76112723
0.8805059
0.87485915
0.69616693
0.28758594
0.16860212
0.20137304
0.21732123
0.81487983
0.7400768
0.8192193
0.19052017
0.17338195
0.1500688
0.5907047
0.5650231
0.18497315
0.27431044
0.73595715
0.87372935
0.7673686
0.25665885
0.2417641
0.83852977
0.84150827
0.20201474
0.24284154
0.23080452
0.77395135
0.6946964
0.6882589
0.70920765
0.7519715
0.84223384
0.783347
0.86711323
0.85113794
0.1892313
0.17118528
0.1623925
0.15099627
0.6894808
0.7078045
0.09293039
0.063609034
0.063594505
0.06899601
0.08878643
0.072738595
0.07884361
0.12167029
0.75021297
0.12663238
0.0729203
0.057664867
0.059715178
0.088381514
0.8440777
0.88121027
0.90153
0.9113335
0.9143354
0.92110944
0.9301316
0.9045783
0.8182552
0.10079576
0.107100554
0.63378316
0.09885305
0.08513865
0.17399421
0.7325173
0.13833968
0.13019097
0.66132534
0.10626
0.08498629
0.07894268
0.10676554
0.62044483
0.17749362
0.21142878
0.8100043
0.73397976
0.7218791
0.7085532
0.6579695
0.2562849
0.31829438
0.32781136
0.31778696
0.79033697
0.8097931
0.6600244
0.62144387
0.6376405
0.62599695
0.56864744
0.27019724
0.23774414
0.21618702
0.18815938
0.12543058
0.13468747
0.09033579
0.081987396
0.088209905
0.11684604
0.6866302
0.73048663
0.8317602
0.68311745
0.65899175
0.51970196
0.6420601
0.87842184
0.9099064
0.907735
0.8828793
0.75077385
0.65573645
0.6456356
0.59530354
0.21157011
0.14229399
0.15506844
0.1389136
0.20466082
0.7041857
0.84676826
0.8411313
0.38003922
0.25420016
0.769631
0.14189771
0.09449648
0.09825067
0.22081682
0.15746088
0.1384683
0.09496547
0.11627434
0.10552732
0.077466734
0.07583134
0.100485295
0.07083407
0.07276729
0.10484822
0.70778143
0.14835316
0.21382213
0.1967014
0.80488807
0.7533567
0.10358809
0.076233186
0.09879793
0.6611225
0.0939661
0.071961895
0.12276991
0.16828093
0.21084896
0.30112696
0.88869226
0.9140762
0.9133848
0.9191155
0.12314993
0.070780836
0.0634017
0.063717164
0.0690847
0.10845623
0.71775097
0.108445086
0.08037534
0.1107046
0.68246156
0.09902575
0.06994102
0.066608466
0.09608024
0.82143945
0.8501423
0.9231551
0.8683703
0.12862724
0.06530794
0.063593104
0.056859463
0.06498393
0.1228151
0.16193949
0.14048448
0.7607306
0.27185944
0.19722123
0.10823189
0.074252784
0.07772743
0.12233475
0.79315794
0.21679439
0.34502214
0.67592597
0.67539084
0.71933115
0.8337586
0.40474913
0.18261823
0.24934499
0.16137943
0.19003311
0.74888766
0.8676117
0.82926446
0.7907434
0.7487573
0.71727526
0.66446143
0.6392283
0.63845795
0.6148116
0.4014544
0.53176874
0.8211572
0.912283
0.92716277
0.92229
0.886908
0.13249195
0.08820003
0.09451358
0.13379866
0.173382
0.12616454
0.14377606
0.2669978
0.37404582
0.5837014
0.78793025
0.68886757
0.6577632
0.59448946
0.2750958
0.40424192
0.42271644
0.6268735
0.16142619
0.11494756
0.1004563
0.10916898
0.17279209
0.6443883
0.24847412
0.11055452
0.09293129
0.118380636
0.115430646
0.21381718
0.8455359
0.7586492
0.7643917
0.85825604
0.72486234
0.67071486
0.6530576
0.6328471
0.6054639
0.6409878
0.6340381
0.09817631
0.07469557
0.09517381
0.18455862
0.72377163
0.12597542
0.079768375
0.104144275
0.112733625
0.8577915
0.9245798
0.9066314
0.08771076
0.057191607
0.058271244
0.082840174
0.8320467
0.8905389
0.9116858
0.9226314
0.9306499
0.9346051
0.90790194
0.07918016
0.053799413
0.059201717
0.092264056
0.77311265
0.7806274
0.76010966
0.09695749
0.070265695
0.062156383
0.06779663
0.08291
0.07573922
0.079608925
0.11416067
0.6693099
0.119644344
0.085705854
0.08365751
0.1371646
0.88141155
0.89035726
0.90464985
0.9223851
0.9218907
0.91370404
0.8845205
0.8667052
0.899783
0.88925517
0.88384145
0.8889352
0.77010065
0.32194304
0.76882166
0.8991713
0.9107727
0.87531406
0.8583995
0.865609
0.854803
0.56811553
0.7749157
0.8396052
0.84548396
0.8344587
0.8576678
0.90679145
0.9185049
0.9224872
0.9256782
0.92827123
0.9244675
0.8709197
0.79736805
0.094805315
0.07245728
0.061534684
0.06327237
0.0698015
0.06864558
0.07766325
0.093278795
0.13451247
0.7248925
0.40660706
0.707177
0.3677781
0.12802751
0.097971365
0.09658785
0.1316169
0.6533243
0.2844328
0.3287313
0.5136645
0.88952506
0.91346204
0.89185584
0.71471375
0.11575882
0.09912856
0.113840796
0.1980387
0.6712393
0.6758866
0.6978392
0.7085811
0.6940952
0.22145842
0.13043812
0.11842295
0.15281464
0.14276633
0.20196679
0.79229635
0.7068966
0.67263174
0.7223575
0.83733207
0.89885813
0.9065235
0.8924736
0.83007693
0.8388358
0.86789423
0.80342185
0.7822
0.76646966
0.73727524
0.6615364
0.15619898
0.14633918
0.30314156
0.79961956
0.1571924
0.12810242
0.3101569
0.8226349
0.3195109
0.8340475
0.9087122
0.88557
0.87715596
0.9177539
0.87745214
0.83195966
0.78677005
0.08811157
0.07194361
0.055797927
0.059065666
0.082519464
0.08241356
0.12352675
0.73945796
0.81340724
0.17090227
0.1261753
0.1387757
0.65180665
0.6543098
0.68347603
0.79271555
0.19846947
0.16177835
0.18427172
0.6846965
0.7907023
0.8708434
0.90945494
0.88780165
