0.37160072
0.21971951
0.2645037
0.17820457
0.19920233
0.23009232
0.8427504
0.84406465
0.90485984
0.9138427
0.90877324
0.88515174
0.76127595
0.6811262
0.602267
0.567219
0.12670122
0.09767986
0.10835112
0.08947439
0.09931932
0.15944424
0.641397
0.65752184
0.64546025
0.6168975
0.6152493
0.6458612
0.6704569
0.10044115
0.071609125
0.07865997
0.15501525
0.10469091
0.14012684
0.6897152
0.12033215
0.07642282
0.07036062
0.07347594
0.09833242
0.1443971
0.8069644
0.14619222
0.12136667
0.613118
0.097004965
0.0791701
0.14036633
0.23178461
0.8502443
0.8783961
0.8933007
0.894538
0.89039767
0.88464546
0.8845294
0.88656586
0.9030268
0.92588675
0.909134
0.1489126
0.08445722
0.07189564
0.107515715
0.6554495
0.121096596
0.121043846
0.6639884
0.12052225
0.1400596
0.07477212
0.07008017
0.0813566
0.11695591
0.67391986
0.6814349
0.7116884
0.732769
0.8232517
0.15457812
0.10075349
0.09289468
0.1146997
0.6998084
0.81648684
0.2030501
0.21961622
0.659996
0.6704547
0.68034023
0.72493684
0.74769497
0.85747856
0.30931786
0.15413557
0.49669218
0.10285381
0.08925098
0.10923476
0.22088899
0.81477666
0.72394377
0.7105022
0.7072774
0.82210016
0.663273
0.12886435
0.102884226
0.111453265
0.21390116
0.85708517
0.7762911
0.75182265
0.7509208
0.11381558
0.06364788
0.058144927
0.0535912
0.057592362
0.0924017
0.10270573
0.8559558
0.8843637
0.90464824
0.92913014
0.9320926
0.93116224
0.9202053
0.9302682
0.90859854
0.08058231
0.056068398
0.0475984
0.05303135
0.08250712
0.069706656
0.10018201
0.7145399
0.6887727
0.20589757
0.108731404
0.11382756
0.16409707
0.83989793
0.8417836
0.15788728
0.13953893
0.09874007
0.15516645
0.13267328
0.077900395
0.08609542
0.10727713
0.84296095
0.9167483
0.85667354
0.75376135
0.07991548
0.058308646
0.06158022
0.1033747
0.16327359
0.6584144
0.20134841
0.27873346
0.2708745
0.8465948
0.8862292
0.861942
0.70251685
0.6710374
0.6644992
0.70799184
0.75833577
0.80664647
0.8550239
0.77482486
0.6963619
0.16209735
0.121250026
0.108845904
0.11239611
0.17168336
0.27476585
0.1592174
0.2792154
0.13080746
0.12040581
0.15157032
0.6765649
0.15212615
0.10301258
0.08708765
0.08536239
0.08364849
0.08116881
0.083236866
0.0893236
0.120795205
0.11692538
0.23116699
0.28866127
0.66852826
0.81278855
0.18505864
0.09379269
0.07935254
0.10703182
0.16229698
0.12897702
0.6713103
0.67262775
0.14482008
0.10048755
0.13936889
0.8117809
0.23391841
0.69848806
0.093452
0.06988246
0.085569404
0.07580842
0.07284626
0.07291696
0.073464334
0.06885849
0.06675613
0.07662627
0.06068248
0.06514958
0.12946734
0.9026898
0.93696487
0.9190074
0.8474996
0.07130549
0.04815755
0.044193503
0.050459996
0.059176438
0.08439168
0.81171054
0.84302753
0.87315094
0.90916026
0.9294668
0.90624285
0.8853431
0.09967942
0.07717065
0.10564413
0.8498247
0.9257381
0.9271387
0.7997608
0.086107895
0.076494806
0.11404216
0.83957696
0.7705906
0.78633857
0.82766604
0.90831375
0.80997396
0.08366435
0.05968183
0.06104051
0.11546176
0.0997592
0.08856866
0.14368849
0.58124363
0.19634072
0.64269716
0.6581049
0.68639076
0.7148119
0.7362723
0.75422734
0.8440063
0.32683504
0.13669468
0.09323884
0.09208932
0.22058204
0.8826076
0.9230132
0.92811686
0.9230536
0.9091144
0.90436864
0.90779895
0.877825
0.83611465
0.8589741
0.89237237
0.8659611
0.8780911
0.91474104
0.92365605
0.9204247
0.87530535
0.8049758
0.19361675
0.11929238
0.1617893
0.21668717
0.20597067
0.61484134
0.16558051
0.15684788
0.41439354
0.8476768
0.70906425
0.14475887
0.14632164
0.09223204
0.07682182
0.083416104
0.122604504
0.6692068
0.24150473
0.24669413
0.25211018
0.34223583
0.13189182
0.11340187
0.15219542
0.6983135
0.2334204
0.113200694
0.0999244
0.08398518
0.08713041
0.0790747
0.078651376
0.092906006
0.14040408
0.14344315
0.67316335
0.63628924
0.25848898
0.2656214
0.13197568
0.11686194
0.13528869
0.23757918
0.75550556
0.866876
0.8666314
0.73510665
0.67547107
0.1274363
0.10093097
0.11353004
0.55947506
0.14362334
0.19586535
0.16993228
0.7937771
0.12571742
0.1010498
0.102272175
0.15061902
0.8831774
0.9326343
0.9430431
0.94233555
0.927078
0.19076751
0.05385028
0.045786846
0.04786382
0.05783942
0.08641274
0.13164923
0.78498685
0.1627527
0.13630094
0.1901494
0.8277525
0.79943067
0.88353425
0.8737138
0.6973502
0.17311664
0.21504709
0.14010191
0.16748375
0.17727403
0.21084265
0.14522547
0.15086463
0.24114414
0.20285775
0.53004223
0.8749568
0.89135575
0.791877
0.7237012
0.22013898
0.14266601
0.1595776
0.13768005
0.16478302
0.63171303
0.63611823
0.6438043
0.56614166
0.16876446
0.14230701
0.17399432
0.18076126
0.169645
0.10732397
0.08901382
0.08244013
0.0842847
0.098452516
0.1647719
0.24063623
0.8108008
0.6395188
0.1704599
0.14281967
0.18564986
0.2627622
0.8246031
0.820139
0.5519285
0.15511954
0.13631958
0.16695873
0.7585653
0.15324582
0.093249
0.082255855
0.083964296
0.088524066
0.106995024
0.21528116
0.21696094
0.109669685
0.09958865
0.12916361
0.14322604
0.1278492
0.16502997
0.75599205
0.1783986
0.15328512
0.114746906
0.16354255
0.64863
0.114668794
0.092778884
0.16938831
0.16454712
0.09454221
0.07014151
0.07870077
0.080885164
0.19642943
0.33497763
0.9005536
0.89180154
0.10637889
0.08253768
0.104026735
0.11036457
0.7322483
0.15552773
0.07457734
0.07364806
0.21450926
0.8973103
0.93691736
0.94563276
0.9443551
0.9254854
0.09485861
0.047195025
0.042448875
0.04666795
0.050824378
0.06595694
0.10614465
0.13081546
0.8906245
0.9086103
0.8533579
0.89660877
0.8323086
0.78718185
0.8495525
0.9036731
0.8973433
0.90389854
0.92395866
0.9261957
0.8967117
0.89903367
0.14596088
0.0773651
0.054358143
0.052754797
0.06388953
0.12901329
0.1307148
0.1539577
0.18172531
0.19028471
0.77167696
0.18541716
0.14730273
0.2048912
0.14070569
0.15974323
0.25960645
0.2656322
0.6097003
0.453261
0.53545654
0.7345523
0.8703118
0.87475586
0.7769661
0.77633065
0.82180125
0.4706055
0.34849083
0.5612766
0.3108254
0.24479266
0.23276256
0.21724842
0.37556797
0.64955443
0.86546504
0.8874702
0.8560824
0.25059876
0.131315
0.11909105
0.13112153
0.26891506
0.86445284
0.88501656
0.7234078
0.70892876
0.6712447
0.09301192
0.06672632
0.06440332
0.0784465
0.116315395
0.67548126
0.78849
0.66362536
0.21768534
0.18499203
0.13660544
0.22955783
0.09946464
0.08219679
0.080598086
0.101818524
0.109293245
0.122995414
0.6767214
0.123216145
0.14044054
0.11093244
0.14784937
0.12971587
0.68943125
0.09052671
0.059838194
0.05581426
0.056506082
0.062190194
0.14804669
0.27150422
0.90310216
0.9378562
0.94531715
0.94176364
0.9044591
0.097592644
0.0663273
0.062003557
0.06839514
0.050513722
0.05280174
0.0760545
0.83051765
0.90257084
0.9331554
0.93667465
0.9221456
0.9252602
0.84164244
0.08730363
0.08846848
0.12514423
0.09930851
0.099816255
0.08206179
0.17328459
0.1695198
0.07329307
0.06790013
0.08347566
0.17071877
0.7241601
0.6745369
0.16801415
0.15264994
0.28518125
0.25371894
0.13527128
0.13239703
0.1848982
0.21564916
0.2292663
0.7344093
0.82743734
0.7556898
0.746803
0.8412055
0.80176944
0.80716425
0.868218
0.77485067
0.36271665
0.8122382
0.10882535
0.06627545
0.061985403
0.073242076
0.13656627
0.13363823
0.07667286
0.083816156
0.113914326
0.07272151
0.059675194
0.06856541
0.095837064
0.866094
0.8989379
0.90729
0.9133042
0.9228815
0.84192795
0.11237743
0.1272047
0.14290082
0.8784091
0.9131193
0.9315073
0.9022778
0.89707017
0.09892144
0.08616493
0.11879654
0.0924692
0.1001965
0.11050424
0.1213578
0.69808507
0.11887761
0.08700353
0.116038606
0.6751579
0.13753442
0.12197803
0.16209744
0.77638626
0.18235926
0.15398094
0.22741973
0.63212687
0.24494864
0.18832506
0.22296661
0.765643
0.3559221
0.17801592
0.16670151
0.19859548
0.6845947
0.7609988
0.8590692
0.8470467
0.88318956
0.8728334
0.7979255
0.82076216
0.6702728
0.239749
0.22633877
0.34078783
0.8605637
0.9012526
0.87527204
0.8388913
0.8045107
0.7572566
0.7615051
0.80239236
0.25512543
0.21224068
0.28280762
0.7983521
0.7902196
0.7969521
0.8333644
0.7135144
0.6389461
0.23534645
0.22135863
0.30901054
0.71425146
0.86305064
0.8597842
0.50023353
0.24169509
0.27914944
0.7536414
0.68602455
0.6474061
0.67291015
0.78865206
0.6668807
0.19585168
0.22925057
0.119035184
0.10427938
0.13110083
0.14686215
0.2097253
0.5781612
0.12402233
0.12207963
0.14738165
0.6887933
0.30674648
0.8892388
0.9207694
0.9095943
0.76958525
0.7530333
0.8767312
0.7759692
0.6493285
0.16209927
0.48343748
0.12183384
0.1489673
0.13282262
0.5673531
0.24645378
0.3389308
0.67533106
0.67302847
0.6406332
0.23247516
0.13233052
0.13245748
0.19024311
0.28016746
0.77337784
0.6426256
0.18501411
0.1577607
0.18352412
0.17843708
0.65337473
0.77530515
0.3005401
0.38898587
0.62019265
0.64154506
0.67110425
0.79960835
0.307141
0.23306619
0.6365117
0.7697832
0.22930816
0.25995043
0.19500013
0.26555046
0.66694915
0.7057983
0.74564093
0.8255593
0.71065664
0.21241306
0.1998483
0.14555512
0.15552919
0.6252956
0.13892628
0.11119692
0.19605622
0.1727998
0.08051106
0.07397613
0.090370685
0.27059922
0.8529996
0.20393011
0.14962351
0.07542317
0.07421856
0.13004637
0.85522634
0.90469366
0.8036612
0.6937296
0.12402103
0.12847948
0.78664804
0.883582
0.9217755
0.90028703
0.86594176
0.8652772
0.15717089
0.17028876
0.8094033
0.70325506
0.7168289
0.78901124
0.9050788
0.8376384
0.8814798
0.08627349
0.05327988
0.05372807
0.059722092
0.06256079
0.06375173
0.06280961
0.059105143
0.057448585
0.06401196
0.124199234
0.9115766
0.92420125
0.9105878
0.8578062
0.0755441
0.051072694
0.04834173
0.05722274
0.085819386
0.1275549
0.85500115
0.83994263
0.11013565
0.09226657
0.06375064
0.064556524
0.06878383
0.084547244
0.070124
0.06989586
0.088884816
0.16906935
0.13834964
0.17461662
0.8400905
0.123804264
0.07457388
0.08953573
0.10178669
0.088124536
0.15591137
0.70143646
0.12532257
0.10000023
0.17160575
0.15693627
0.69726557
0.69000787
0.6715197
0.6971828
0.77954566
0.8665313
0.8035098
0.83339214
0.87701285
0.8231734
0.82785195
0.8989042
0.9087892
0.8846485
0.8576192
0.8332507
0.8083155
0.76093084
0.737826
0.41587183
0.31485167
0.11508042
0.12505695
0.07883419
0.071728855
0.07077097
0.082359515
0.108585045
0.24061602
0.17579636
0.45554614
0.89200515
0.91867644
0.8967677
