0.7163036
0.47155815
0.53394794
0.6201512
0.7865576
0.20728427
0.14702837
0.21132624
0.12471847
0.12925541
0.5545328
0.14953113
0.14506501
0.6252891
0.28227586
0.26689357
0.23747575
0.19277327
0.101557925
0.09326043
0.1262655
0.8402211
0.78303486
0.90769494
0.92246634
0.906488
0.7574336
0.70068055
0.19502628
0.16588172
0.15241657
0.13711174
0.11748616
0.6518393
0.16698839
0.1675918
0.84682596
0.7741418
0.8051002
0.90587234
0.8793388
0.20149729
0.3239728
0.8774595
0.84722805
0.9060702
0.77251583
0.07259861
0.051942114
0.05230319
0.08792794
0.11675188
0.07681948
0.1436812
0.8954571
0.9314435
0.9450042
0.9323952
0.9068445
0.12862234
0.053871416
0.05461567
0.06051242
0.064166665
0.06911926
0.07283031
0.07597231
0.083175234
0.094369814
0.098953724
0.0883068
0.07025741
0.06468591
0.067106426
0.092971146
0.14438222
0.6953876
0.2663488
0.3486493
0.84165955
0.70499504
0.15865423
0.14775059
0.53943133
0.12710501
0.11363635
0.15382974
0.15582468
0.2659868
0.76612276
0.35612825
0.28499845
0.23176004
0.6353207
0.18898633
0.1528676
0.17034659
0.11344109
0.09789909
0.0884355
0.08632286
0.08523071
0.1078991
0.08347148
0.08854389
0.123836905
0.7582991
0.75074697
0.7457327
0.72812766
0.7043458
0.6763782
0.1504374
0.1391397
0.5968494
0.12863092
0.1097829
0.15681756
0.7665967
0.1326246
0.08415727
0.07662683
0.09389588
0.13765424
0.2046225
0.11565398
0.12184805
0.5787788
0.19624718
0.16513918
0.67194057
0.7054513
0.7362409
0.8362651
0.27813718
0.39304096
0.7853154
0.15918747
0.14868449
0.16071154
0.22928263
0.23233567
0.6741138
0.20295267
0.09654397
0.075539485
0.06887359
0.06763986
0.07201569
0.09155313
0.23360768
0.797596
0.88247
0.13305293
0.06477074
0.0586866
0.0627051
0.06326718
0.06388126
0.068270504
0.079331584
0.20957899
0.4216659
0.87444
0.115910225
0.068927564
0.05337559
0.052688085
0.052772954
0.059326593
0.1145769
0.9107085
0.9356089
0.9466694
0.93003696
0.8661126
0.06777296
0.04864795
0.053618427
0.06242465
0.06518293
0.071151815
0.06978615
0.072105296
0.06926073
0.06325464
0.066694416
0.09580235
0.74889755
0.74317586
0.7142064
0.15049866
0.16672528
0.105480194
0.11704944
0.27177623
0.8044278
0.6863903
0.68155617
0.6744641
0.21109213
0.12871654
0.1211771
0.20734859
0.14861566
0.17315459
0.66259336
0.66947746
0.6736583
0.67033213
0.12825857
0.08125374
0.0700619
0.0748204
0.093095645
0.22325048
0.7432175
0.76219064
0.8776794
0.8094795
0.7951693
0.8724181
0.73428285
0.2399187
0.20286925
0.7579416
0.12586693
0.091265686
0.10319246
0.17544876
0.6594876
0.6737127
0.677732
0.14610836
0.10591586
0.12297411
0.09890497
0.09306213
0.0865042
0.08608245
0.090036586
0.10680386
0.17183472
0.24649891
0.79480344
0.62236345
0.6037512
0.5294175
0.18058787
0.21097012
0.6383615
0.27565208
0.11169968
0.08719963
0.08921838
0.114206545
0.08555875
0.07671806
0.07592429
0.08375727
0.10507477
0.222434
0.8805305
0.9008219
0.89006245
0.83632225
0.541627
0.4869443
0.15254477
0.19563696
0.15440126
0.15316653
0.15565398
0.1448494
0.6276823
0.123642795
0.0975439
0.12827101
0.11193786
0.19795825
0.09814039
0.08650437
0.087025896
0.10190485
0.19410339
0.22231333
0.22986986
0.17377423
0.2995007
0.79074013
0.62427354
0.6274989
0.6065948
0.63813007
0.7886075
0.23302281
0.13709018
0.19857648
0.089189656
0.07632796
0.07698613
0.100938134
0.08844169
0.11136367
0.68792427
0.6620259
0.69062096
0.74008584
0.86470777
0.22431648
0.10950086
0.16595149
0.078078814
0.06990324
0.07671641
0.09673347
0.07966947
0.081959516
0.09943743
0.15680479
0.18627027
0.78490543
0.17862552
0.109481096
0.09318642
0.09323741
0.12987359
0.10834729
0.120390534
0.25689983
0.2665725
0.1176263
0.094519705
0.08820225
0.09123518
0.09524285
0.12464662
0.09683435
0.093895346
0.10283691
0.15348627
0.23912726
0.22538859
0.11267475
0.101644
0.120150834
0.6248043
0.14015391
0.14237894
0.12330542
0.22107826
0.2893555
0.3194352
0.85202837
0.75158143
0.7383215
0.102055386
0.062288135
0.055898987
0.057414155
0.066055186
0.06214434
0.07740363
0.25238597
0.84046644
0.8556082
0.91101015
0.8120271
0.799914
0.795463
0.12650916
0.08787139
0.069032304
0.10391292
0.079191916
0.10041674
0.6518747
0.6243216
0.20432982
0.2271777
0.8366735
0.7991131
0.8206129
0.8955943
0.88379794
0.7002856
0.19569749
0.21042104
0.6872105
0.8439019
0.8450668
0.66592604
0.24215251
0.24558857
0.6971206
0.8769543
0.896534
0.8633056
0.11540815
0.07162341
0.063922115
0.06466141
0.07473713
0.094027855
0.17952502
0.7611367
0.7983517
0.8773162
0.7969168
0.75823927
0.7787595
0.8676076
0.7795013
0.74610025
0.7366428
0.108637325
0.069595
0.06275129
0.06711553
0.07211477
0.08894706
0.120221905
0.10488835
0.186492
0.115295745
0.13163432
0.7127493
0.7521818
0.89825773
0.9020042
0.7530881
0.1030597
0.07986966
0.09914751
0.095101394
0.17836682
0.12123385
0.27075318
0.1513455
0.08799669
0.072671615
0.06709319
0.06731796
0.07555436
0.14298676
0.10349953
0.20163101
0.833663
0.33527774
0.8285646
0.23157993
0.14650245
0.3809564
0.8968166
0.92877245
0.9339876
0.93248737
0.9205535
0.80634016
0.091582276
0.076958396
0.13921884
0.27005067
0.82640064
0.16529022
0.17497067
0.8227912
0.8478418
0.81818324
0.7710553
0.71331406
0.12957579
0.14909723
0.8104436
0.15096468
0.09923133
0.08793801
0.17374803
0.81747013
0.8164147
0.7826986
0.7366666
0.7142711
0.69552773
0.16152579
0.12951216
0.29464704
0.8285844
0.15445729
0.15971221
0.10054365
0.13425484
0.14417577
0.65952873
0.12912045
0.09763599
0.090017065
0.100460365
0.12887993
0.22214292
0.6988482
0.77491224
0.28151935
0.2822906
0.29837373
0.22899511
0.20069055
0.5557582
0.23536551
0.62570316
0.6048731
0.1559039
0.14679424
0.6235323
0.6591981
0.6962435
0.85519755
0.19834794
0.080110736
0.074496225
0.07670693
0.16491972
0.81602514
0.74300736
0.11241441
0.08928763
0.14528067
0.8770135
0.91908187
0.9115311
0.89942133
0.9005356
0.9129647
0.9268065
0.8984847
0.821873
0.082297094
0.06852707
0.09441763
0.6804836
0.15425512
0.13533436
0.16825275
0.1133669
0.23875862
0.8865587
0.88018477
0.16042337
0.15652035
0.6305814
0.13200757
0.12487506
0.21273108
0.20136295
0.25993028
0.21830991
0.70699686
0.74698323
0.8597727
0.835905
0.20945485
0.18934369
0.5604823
0.26128036
0.20298612
0.18159088
0.14706215
0.21617642
0.16664794
0.5967016
0.1344414
0.10657655
0.11166665
0.15153922
0.15863745
0.1426034
0.24528477
0.16106257
0.29279974
0.25864655
0.13381098
0.19623023
0.09513417
0.10335132
0.097134665
0.084938586
0.06949493
0.07678954
0.15186626
0.22237454
0.8776909
0.30748913
0.122595474
0.067078866
0.061842587
0.06369805
0.06588558
0.07047969
0.08077221
0.11677764
0.07581614
0.099890955
0.72774345
0.13832368
0.15182838
0.88923573
0.9291648
0.87391883
0.12169558
0.12400772
0.7258855
0.088447794
0.061393254
0.062470656
0.066152625
0.07687726
0.07758853
0.11231806
0.70344204
0.11068362
0.10254138
0.097551465
0.137066
0.6855644
0.10486523
0.06363949
0.058591537
0.06814149
0.17415588
0.9112258
0.9334742
0.9108517
0.10488131
0.09059441
0.06887327
0.09262859
0.85443455
0.9165692
0.9358204
0.9416483
0.88414633
0.06969465
0.048025496
0.05091982
0.055228908
0.06005874
0.063297324
0.06645469
0.08107204
0.14309041
0.1511769
0.1036671
0.09091152
0.080575906
0.13985382
0.17629285
0.18137792
0.8416613
0.7942107
0.8749795
0.7525887
0.21407482
0.16184781
0.11901133
0.14855866
0.1644477
0.16230993
0.26343974
0.7559
0.6305529
0.25971344
0.19818564
0.26447156
0.19462493
0.29602247
0.53841907
0.1799983
0.16687728
0.27169472
0.5917601
0.58668387
0.16747889
0.21143317
0.10551792
0.09149399
0.10093782
0.14902839
0.84098446
0.78686625
0.8900219
0.8856304
0.7320197
0.7098349
0.70137453
0.09224028
0.059030604
0.052713413
0.0553689
0.060405098
0.08486305
0.12408439
0.8685276
0.80927795
0.8604961
0.90866333
0.8670664
0.8157271
0.80953926
0.89367753
0.852406
0.839245
0.9123277
0.8898237
0.08608099
0.05865151
0.062373262
0.091895826
0.83322054
0.8733805
0.89352506
0.8977349
0.09126223
0.058508515
0.059616122
0.08658885
0.6786063
0.6674139
0.63904464
0.6498837
0.7011253
0.7447779
0.7844391
0.86921924
0.14472386
0.06797237
0.057824377
0.061851036
0.11143762
0.8916665
0.9191634
0.9063979
0.88410354
0.8918049
0.9227486
0.92955476
0.9260653
0.9311994
0.906886
0.07785806
0.050389927
0.04944969
0.06105598
0.0997252
0.6832433
0.09462085
0.06319637
0.058035173
0.060865365
0.08766738
0.18160759
0.90509677
0.938226
0.9408198
0.90286696
0.194759
0.11050166
0.056688353
0.051231965
0.058796305
0.1080922
0.8326595
0.9123916
0.91712654
0.83547497
0.781656
0.7517324
0.71576566
0.71523184
0.25844955
0.33052114
0.104978025
0.076522194
0.078069136
0.07507548
0.07789682
0.090853065
0.12942277
0.09643427
0.09144436
0.14421664
0.14310196
0.65524054
0.21736
0.16812353
0.20429535
0.76828796
0.25909647
0.17796662
0.21518394
0.19231728
0.49124995
0.8419466
0.79515964
0.85543275
0.73932403
0.6766423
0.64513326
0.6554844
0.70059645
0.76597714
0.89815974
0.90368026
0.7974662
0.77171737
0.12438533
0.085476786
0.10134043
0.07351078
0.075684
0.087069795
0.14908606
0.8147281
0.66675127
0.14160493
0.11779313
0.12455756
0.30349857
0.8953485
0.91353935
0.7963715
0.25249347
0.115073666
0.105840355
0.13088636
0.6268825
0.67922765
0.74778974
0.82513964
0.8972096
0.89314896
0.90765154
0.89450693
0.9111347
0.9014781
0.7972552
0.20173448
0.19653186
0.4054487
0.87309957
0.90527815
0.8697638
0.9065573
0.885158
0.3374
0.16422215
0.24176331
0.6745271
0.2496681
0.10046108
0.07931311
0.08424982
0.09344918
0.10974518
0.20113128
0.117122136
0.12154468
0.13030727
0.16579996
0.73465574
0.8781604
0.9011152
0.8822251
0.7683402
0.7925553
0.21769318
0.18570684
0.21337129
0.6509474
0.7804384
0.69782066
0.6517798
0.6610645
0.68840116
0.76456267
0.8592269
0.8462441
0.19601034
0.12820886
0.11560058
0.14592132
0.203474
0.13981931
0.17416136
0.835105
0.70921654
0.13535759
0.15289362
0.09030001
0.10793647
0.7328476
0.84940326
0.1445644
0.12570195
0.6455547
0.09586976
0.07544671
0.08667762
0.14091788
0.8018649
0.209371
0.110673994
0.06083414
0.058222324
0.08304178
0.8208458
0.8608985
0.9064448
0.92558724
0.93677497
0.9406288
0.91762364
0.07128673
0.046360098
0.04511821
0.056381073
0.082608216
0.17306465
0.17810278
0.12576461
0.0696869
0.073436916
0.1313129
0.8648858
0.737097
0.09306878
0.064637505
0.06931209
0.09483696
0.7272923
0.7475423
0.87082404
0.38993782
0.18285316
0.18180782
0.83228475
0.096661
0.056340814
0.05037783
0.052169442
0.05972528
0.11568619
0.8963936
0.92653954
0.9377578
0.93445134
0.21796723
0.056052163
0.05122066
0.058240093
0.06455986
0.070007876
0.07349762
0.07562288
0.07804341
0.074630626
0.072625935
0.07548072
0.06609657
0.063265875
0.07263419
0.10475497
0.76725554
0.88850147
0.9106277
0.91184616
0.88810855
0.75963706
0.70239615
0.5949675
0.1462906
0.12682295
0.15858978
0.28154403
0.80507225
0.86808693
0.8956203
0.91629076
0.88838214
0.39080647
0.26505414
0.19027264
0.25093842
0.83767056
0.8585339
0.84863514
0.8360735
0.84912354
0.87517124
0.8901016
0.8951656
0.8771768
0.8528247
0.8594971
0.8909135
0.90052354
0.8972659
0.8981953
0.905992
0.8954092
0.8057868
0.63340205
0.15434077
0.13030419
0.13583711
0.22482342
0.16018955
0.2302929
0.8758327
0.9134561
0.90728694
0.83893967
0.8208922
0.89618325
0.9121938
0.9012043
0.8143667
0.83667123
0.13014051
0.09737857
0.11239691
0.098557316
0.11546298
0.16237237
0.74860996
0.60992646
0.19126953
0.17631704
0.22634263
0.3029739
0.2533014
0.7423693
0.22012872
0.17458412
0.2251495
0.8563587
0.89185536
0.80699706
0.78173023
0.8517311
0.3446855
0.12453576
0.11037773
0.1313467
0.7006726
0.74837226
0.871509
0.747745
0.6926121
0.5911625
0.1033408
0.085622154
0.10092259
0.21881002
0.8394316
0.7846639
0.797207
0.859732
0.8099851
0.8456443
0.79522794
0.86480653
0.8596223
0.72298956
0.66437525
0.2269637
0.24572667
0.8097494
0.7004977
0.20224625
0.2441353
0.15773788
0.06818109
0.060207076
0.06153376
0.056151614
0.05481047
0.060361184
0.10408227
0.85958725
0.885114
0.9033028
0.910098
0.9149255
0.92536515
0.93583804
0.91332144
0.07420578
0.047608785
0.04937636
0.05174469
0.055715267
0.059263825
0.06742912
0.10134478
0.13691287
0.22262038
0.6400332
0.1677148
0.18820393
0.7812256
0.39557678
0.6922429
0.1027386
0.067285016
0.06473837
0.07801606
0.07737442
0.11542565
0.7737639
0.781086
0.15168804
0.06860393
0.0598483
0.070161596
0.122492805
0.7786412
0.17369254
0.07670134
0.07975024
0.13222414
0.15344304
0.90378034
0.93258256
0.9397139
0.903373
0.11024183
0.08557715
0.10842424
0.0773656
0.13291891
0.81355846
0.15176181
0.067182235
0.06060104
0.076198794
0.13945308
0.8396525
0.7953675
0.10437623
0.07258198
0.09315369
0.1002807
0.6228078
0.11983976
0.11640029
0.6937677
0.47073472
0.90439916
0.9278417
0.9171807
0.76775867
0.07522946
0.060224544
0.085820846
0.056971516
0.061848037
0.113313645
0.15647064
0.11767954
0.1701438
0.8762028
0.87388307
0.82793325
0.082657635
0.05475774
0.056163516
0.06036444
0.05933914
0.057422865
0.057014238
0.058760464
0.08331153
0.8237274
0.90670365
0.8670731
0.9246905
0.9014158
0.11735768
0.09159684
0.13368575
0.79746443
0.12044866
0.09210738
0.07560328
0.08347675
0.12002093
0.762601
0.8589705
0.9083546
0.9067061
0.907264
0.8799567
0.8459223
0.8370043
0.85156065
0.8724631
0.90005386
0.909391
0.9125069
0.9136537
0.9116932
0.89762545
0.9157338
0.90988845
0.7918653
0.07849159
0.056525726
0.056996487
0.05162474
0.053269297
0.059257567
0.063322835
0.11400298
0.8700399
0.88415134
0.45082468
0.9009104
0.92219514
0.930975
0.91224986
0.9035047
0.33124316
0.85593647
0.08182122
0.05117007
0.048840217
0.052936405
0.060584784
0.10310304
0.07730133
0.111256555
0.806934
0.78980297
0.7907971
0.18418038
0.10115409
0.123245336
0.12652764
0.115716524
0.08219679
0.09024607
0.12720832
0.7030964
0.7437882
0.8217839
0.6822495
0.6143328
0.58647764
0.6066062
0.64442295
0.67196023
0.35521665
0.24719718
0.13195132
0.084548
0.08436846
0.20236471
0.9063432
0.9326964
0.89805216
0.16597365
0.06897493
0.06744315
0.11677622
0.13247095
0.24712539
0.8703027
0.7890504
0.8510059
0.16712676
0.17109056
0.17095514
0.19910572
0.11802796
0.13021664
0.5800279
0.13811317
0.13093032
0.19426517
0.14899394
0.20088896
0.20995322
0.7032103
0.7844671
0.6743554
0.6361767
0.22323608
0.34125963
0.2805794
0.13435854
0.15699142
0.19778995
0.10073804
0.06565386
0.059809294
0.058093876
0.06133279
0.097626075
0.1115899
0.85416746
0.87698454
0.9161478
0.7785364
0.094719626
0.08111619
0.12123856
0.8799975
0.9112796
0.91760486
0.9237531
0.9311728
0.9078084
0.8355565
0.08711406
0.07508068
0.108646356
0.8151312
0.88538665
0.10766818
0.072835214
0.059198793
0.07106393
0.067595325
0.085132845
0.17695674
0.22621015
0.7513736
0.8435509
0.7504615
0.76814646
0.8741329
0.8643975
0.37171167
0.14933188
0.16416772
0.15483649
0.13289404
0.22026679
0.13491666
0.13179791
0.15810926
0.6386932
0.13621302
0.098245114
0.09667393
0.12761024
0.7073727
0.7248383
0.7159305
0.10373974
0.06753713
0.06644315
0.09459686
0.6540287
0.14136083
0.20227349
0.26254734
0.80331516
0.774826
0.81126326
0.81850725
0.8458498
0.83567643
0.121523656
0.07716851
0.05420811
0.053839967
0.059278406
0.075241044
0.13199529
0.854261
0.8580849
0.68926674
0.24166927
0.26087865
0.7660485
0.681044
0.6662956
0.26775303
0.64221686
0.14068304
0.10198357
0.104552835
0.16677576
0.81500196
0.12798715
0.083752185
0.06712556
0.068633325
0.06528751
0.06429176
0.06744582
0.07382378
0.12729596
0.83412516
0.2026009
0.19524972
0.12114788
0.14266627
0.871015
0.8646476
0.84435695
0.89809203
0.93603617
0.94229215
0.9369719
0.8442982
0.06214942
0.045929667
0.04912993
0.053875744
0.058460902
0.061349858
0.06404393
0.07219377
0.1254336
0.24895756
0.18327
0.72943085
0.32657403
0.10672605
0.08447987
0.08019103
0.0853028
0.08655464
0.08453496
0.08791771
0.080803014
0.071772724
0.06910394
0.072631955
0.09847809
0.73266494
0.7537009
0.77675056
0.910625
0.89015734
0.08662835
0.052621678
0.048716154
0.05098781
0.052188218
0.052839715
0.060521897
0.14810766
0.20537005
0.89951646
0.93025565
0.9354375
0.9288593
0.87361574
0.8333421
0.86087245
0.8566844
0.15603961
0.077444926
0.060006224
0.06893278
0.15268928
0.8760704
0.7917497
0.09389127
0.06733376
0.07059157
0.11160208
0.8460882
0.7901845
0.8337426
0.9198944
0.93249464
0.9276767
0.8931546
0.08258425
0.054738127
0.054140188
0.068114825
0.14899752
0.831679
0.10719763
0.06384271
0.06213524
0.09135818
0.87484556
0.9250122
0.9363135
0.9378472
0.9371789
0.9306839
0.8524748
0.19124235
0.7594376
0.07485569
0.051604226
0.051857855
0.055002324
0.056787524
0.058971524
0.06884533
0.12648147
0.8686078
0.76707095
0.72295076
0.116077445
0.10244056
0.07798588
0.08572311
0.10836698
0.25880754
0.86618525
0.8623688
0.89802015
0.87884593
0.8787907
0.9018742
0.904295
0.896671
0.90466493
0.9079933
0.9069383
0.8995032
0.9054561
0.8866758
0.8672521
0.26505765
0.1471378
0.11194876
0.13085024
0.8192844
0.9001817
0.9292278
0.92435646
0.9280796
0.87038106
0.7868326
0.07987961
0.061509646
0.08882054
0.061032515
0.06312141
0.071578614
0.112715214
0.75308365
0.71968085
0.10624724
0.06868972
0.06843715
0.10338446
0.79478955
0.73920596
0.14853953
0.14473383
0.8402466
0.9140704
0.89528567
0.8968222
0.9010727
0.89668936
0.13360721
0.121534765
0.688718
0.08926053
0.06362507
0.07056161
0.11380391
0.75738025
0.7483125
0.105058156
0.06831346
0.06812054
0.08139547
0.124279395
0.70787346
0.10595861
0.0718408
0.071393035
0.06759443
0.060106795
0.062553816
0.07103131
0.107453965
0.89720225
0.93312186
0.9432907
0.90871394
0.10498502
0.123770766
0.094712675
0.055280972
0.057755303
0.07957299
0.08071512
0.10875006
0.72708875
0.15142241
0.16151714
0.81063414
0.15070905
0.12845479
0.6243886
0.10329116
0.08127846
0.09486614
0.2307337
0.8865238
0.91332084
0.9085748
0.85868406
0.8780953
0.7960175
0.795602
0.86750674
0.7487842
0.19326107
0.63093877
0.083705485
0.05634808
0.05230447
0.053828925
0.059798755
0.09088308
0.8365164
0.8608459
0.8984359
0.9128607
0.907397
0.88357425
0.8078867
0.07347864
0.050192416
0.04767196
0.05301511
0.06250172
0.09677672
0.676358
0.25863868
0.71755767
0.7106925
0.16389838
0.09696488
0.06265691
0.060803328
0.07331043
0.10419634
0.81695116
0.8333205
0.89863455
0.13152486
0.06749281
0.07512657
0.05948115
0.061826758
0.09143642
0.7815365
0.77715343
0.7007927
0.13776913
0.13774468
0.8417044
0.91012794
0.9313514
0.9113328
0.838156
0.12816769
0.14106041
0.82162905
0.8906366
0.9029931
0.09881536
0.066045105
0.09683543
0.086208045
0.09073148
0.2889755
0.8682654
0.15496027
0.17722094
0.103388414
0.07023181
0.075963296
0.1289965
0.07615787
0.06772676
0.06947685
0.08638148
0.16153148
0.8360222
0.25299367
0.11534489
0.083215885
0.08692044
0.099751405
0.20496206
0.6949064
0.40929827
0.2094009
0.46742463
0.33322838
0.109877884
0.08680549
0.0811487
0.08879916
0.10597876
0.18142867
0.8623734
0.88045794
0.9134784
0.91819525
0.91603833
0.912
0.9047232
0.88594675
0.88290644
0.9028858
0.90614694
0.89456224
0.87767035
0.85546356
0.83302
0.842214
0.86758167
0.8978575
0.8986982
0.90231454
0.9110424
0.9111189
0.9020011
0.8993557
0.91159296
0.90702134
0.8324263
0.76202494
0.7521216
0.75716865
0.84037805
0.13309038
0.08722157
0.083861865
0.10095135
0.21155347
0.13540615
0.21956512
0.149209
0.17111714
0.6302988
0.62992215
0.6732655
0.76884186
0.8733027
0.87257075
0.8958202
0.8793793
0.85984606
0.87082845
0.89764076
0.91102827
0.90953445
0.8731718
