0.701173
0.37806323
0.37560478
0.33120513
0.5820158
0.21224746
0.18746257
0.31503153
0.8246358
0.7635435
0.7084998
0.68242884
0.6623327
0.6571742
0.6788935
0.8026554
0.6681968
0.18179895
0.15636817
0.20828678
0.61868185
0.7241374
0.8548353
0.77306545
0.8368628
0.3114465
0.15143335
0.16182172
0.55290926
0.6626973
0.80068487
0.6807277
0.21750541
0.1650024
0.1240868
0.08400136
0.079183765
0.095177755
0.3119156
0.89726454
0.91449076
0.8126953
0.74448764
0.7059427
0.7058646
0.109722234
0.066678606
0.062041033
0.078364395
0.17740324
0.23800014
0.28350446
0.6130486
0.21643525
0.27220973
0.17823982
0.21350844
0.8353924
0.8607593
0.74806434
0.84887874
0.8345266
0.6534391
0.56453544
0.62818235
0.76835394
0.20920205
0.23484272
0.14653867
0.21744393
0.22935188
0.2357877
0.21488449
0.6902497
0.6760692
0.66113096
0.6841848
0.6880231
0.72181994
0.20716272
0.12590834
0.10641284
0.09557417
0.08489552
0.118834786
0.15160322
0.80935776
0.738784
0.7807695
0.8856831
0.8810499
0.7477726
0.13599175
0.10739528
0.12221163
0.0968486
0.103576735
0.120506525
0.22858222
0.1110266
0.09480554
0.088314086
0.09710506
0.15211493
0.2533093
0.21554504
0.08576963
0.07027465
0.07487084
0.12830612
0.80505186
0.9137954
0.9208913
0.8093865
0.7488969
0.71326375
0.079046786
0.055419397
0.054108188
0.06848225
0.118326955
0.1810494
0.68288493
0.6838195
0.6972251
0.7295914
0.8233232
0.7211816
0.6868469
0.2974899
0.66429186
0.15333192
0.104310736
0.0913942
0.08592465
0.088335305
0.09517069
0.110384546
0.2391021
0.1083294
0.093723804
0.09107322
0.11662277
0.09610586
0.12279239
0.11497932
0.16216049
0.843548
0.83411765
0.14992258
0.104457565
0.10697157
0.18556182
0.16152564
0.6958019
0.71659285
0.8468008
0.7743237
0.8489636
0.74850446
0.8089823
0.64263964
0.5986383
0.60172015
0.6005584
0.60412335
0.5646065
0.39918813
0.39631304
0.40639424
0.64472216
0.24097048
0.17402947
0.11743785
0.18699236
0.08396506
0.07554683
0.092711456
0.08284814
0.11168717
0.73950493
0.7321941
0.8515417
0.12250616
0.08285731
0.10271506
0.66235006
0.09896038
0.080969654
0.113301404
0.086825356
0.10652081
0.71581495
0.16684595
0.16177025
0.81211644
0.21321324
0.19091538
0.8739313
0.8886804
0.9074225
0.92604464
0.9373128
0.9320388
0.8529265
0.069703504
0.054919668
0.0646499
0.15098935
0.79173964
0.121548064
0.12294197
0.10410527
0.13551818
0.118922316
0.70367247
0.13843389
0.094898865
0.13300551
0.88374364
0.9114457
0.83973247
0.90052515
0.77906704
0.104457684
0.091273375
0.1607358
0.16515923
0.80180746
0.34805503
0.81558865
0.2150829
0.12657438
0.1393456
0.25979277
0.62672514
0.29399264
0.28579196
0.32663465
0.680629
0.7667223
0.8311343
0.8648241
0.78938246
0.739171
0.7549309
0.84064484
0.79230213
0.7936456
0.85752696
0.7630733
0.7440765
0.7094173
0.10163778
0.069585
0.06708396
0.096016355
0.14358881
0.79652447
0.7413762
0.124776505
0.1335523
0.09141832
0.16440961
0.894788
0.93654925
0.93700117
0.8693035
0.07883378
0.060641598
0.07446934
0.13132156
0.893851
0.9110328
0.19689141
0.06564229
0.05435975
0.06013591
0.091897175
0.7401197
0.7346185
0.85471445
0.3009663
0.104610145
0.09004868
0.115595944
0.860866
0.9233168
0.9354678
0.93497866
0.9228838
0.81960917
0.090402015
0.07389429
0.09215692
0.23844561
0.8921599
0.9184162
0.8833702
0.13672307
0.12195546
0.092802614
0.102591135
0.1460831
0.79850006
0.71632963
0.8241359
0.7156656
0.7150364
0.8254336
0.43169928
0.7087741
0.15021797
0.20819394
0.071897686
0.055704817
0.05542616
0.06227666
0.114550754
0.88724643
0.9285319
0.9078282
0.8539798
0.83581614
0.123391174
0.06363609
0.061426666
0.09128912
0.65391946
0.10560246
0.093689404
0.10704045
0.65254706
0.30991688
0.7146309
0.7716424
0.88497263
0.8448706
0.88632774
0.7770794
0.6943937
0.11939994
0.11727949
0.09694325
0.13898446
0.8670011
0.8409977
0.81158614
0.7600935
0.11621111
0.10038576
0.16435738
0.18109459
0.8515494
0.8229039
0.8382056
0.91312766
0.90825295
0.7835656
0.14233968
0.12868592
0.19971162
0.13588758
0.20141813
0.15169513
0.17794728
0.6526359
0.66214496
0.6426703
0.6476102
0.64726603
0.58632
0.22265458
0.2598452
0.25059637
0.76269436
0.17157836
0.121188305
0.110697515
0.14004967
0.12662666
0.15641205
0.6159932
0.15512738
0.12829854
0.1175406
0.12340837
0.1642233
0.17435633
0.17244269
0.1412099
0.16004072
0.6189846
0.28637394
0.61695254
0.259552
0.16259514
0.1116652
0.11639562
0.22704183
0.35772797
0.8419283
0.71612567
0.68231595
0.22308344
0.1027179
0.09269844
0.13802162
0.88097847
0.90839005
0.76842695
0.10762145
0.05721298
0.052445482
0.060929146
0.08383637
0.18338735
0.8445934
0.107093796
0.061212786
0.05561713
0.06704808
0.23665333
0.8814087
0.89506775
0.8983471
0.8883907
0.883624
0.91115713
0.93178695
0.9350966
0.9168726
0.87417793
0.084912375
0.050936006
0.048933603
0.059617624
0.1000195
0.7753185
0.7584168
0.09591671
0.060638856
0.057430957
0.07057985
0.08258965
0.2097758
0.90104884
0.8959358
0.10704618
0.07074854
0.07578576
0.13651153
0.75186425
0.7179199
0.18266293
0.14391504
0.088451035
0.09201509
0.20077401
0.21017057
0.64194435
0.23297437
0.6301844
0.17712136
0.17453903
0.34050778
0.67167455
0.6642321
0.6621478
0.21162589
0.25316948
0.13032362
0.124779075
0.14965588
0.6579669
0.7303655
0.8706038
0.8943304
0.8835224
0.8043143
0.8771118
0.85957307
0.10504205
0.06970459
0.0682258
0.11605897
0.08716118
0.074433364
0.11987817
0.8817229
0.8639999
0.8943461
0.24920698
0.1114367
0.149088
0.8724655
0.87957567
0.86122507
0.7974282
0.10055952
0.083579466
0.12657458
0.85745436
0.9187042
0.89536005
0.13457018
0.12097633
0.33264378
0.88246906
0.8252136
0.14527579
0.080888815
0.0763416
0.099850036
0.6658645
0.70201606
0.8279698
0.6966041
0.70257676
0.7346246
0.78133005
0.9025877
0.89759135
0.37039867
0.10634626
0.08863581
0.116230875
0.09519928
0.1304737
0.090053074
0.07689302
0.079502426
0.079082124
0.09966156
0.21105571
0.14991477
0.12071908
0.18092424
0.18987212
0.7753274
0.19754356
0.16004927
0.21700603
0.86302
0.87096554
0.56865275
0.86684114
0.8197765
0.79203814
0.83527046
0.34453067
0.65876544
0.5967632
0.14383823
0.12861831
0.1531564
0.5396264
0.26180664
0.6340129
0.86902475
0.8866437
0.90152645
0.8820949
0.8736717
0.8701509
0.8786352
0.8910961
0.8990804
0.8958982
0.8961964
0.8994803
0.8984638
0.9015532
0.90686035
0.901348
0.8583736
