0.690535
0.34540534
0.33669963
0.29097673
0.2760402
0.3129565
0.6776169
0.7471941
0.86114544
0.8004202
0.7485293
0.72676885
0.74488974
0.8107034
0.88105905
0.87996835
0.87849516
0.82010716
0.78862774
0.8405474
0.78995866
0.7842497
0.8608157
0.8284316
0.8447214
0.29697534
0.12445076
0.095589586
0.0860123
0.09286515
0.12205329
0.67372817
0.80574924
0.21375196
0.12447094
0.1631305
0.12580156
0.12670669
0.13015954
0.73333675
0.74764335
0.86344594
0.14696924
0.08656536
0.099122405
0.18326442
0.8451465
0.10995187
0.067566685
0.06000778
0.081158355
0.06081486
0.06995142
0.095406026
0.80896574
0.7963954
0.8025882
0.8449444
0.8680796
0.90036774
0.91553164
0.91823965
0.90681195
0.8604939
0.07606135
0.059631553
0.051808525
0.057335366
0.061440427
0.06860375
0.0619547
0.0596362
0.06110501
0.06656661
0.11827637
0.86789024
0.8769508
0.3355015
0.8375502
0.89025617
0.9248244
0.92536134
0.8965758
0.8766323
0.26528677
0.76012534
0.79461265
0.1951409
0.113822885
0.17719844
0.18108562
0.8848047
0.9143504
0.82567674
0.2803349
0.22247046
0.13756436
0.23969902
0.63210267
0.62477165
0.16118102
0.20458588
0.12735087
0.1648553
0.15877107
0.5125059
0.89114213
0.9101158
0.8737052
0.1872462
0.16823225
0.11504758
0.11596177
0.13942482
0.28381866
0.6866046
0.7375034
0.78544647
0.83460855
0.57506394
0.28173438
0.33809984
0.66295516
0.88398355
0.89646536
0.7837588
0.6878029
0.31604514
0.30683517
0.23381849
0.43747684
0.8717078
0.90945095
0.9082395
0.9110435
0.9100319
0.9051157
0.8911905
0.8778835
0.8276374
0.82098943
0.86716616
0.89384735
0.8938924
0.87085414
0.863856
0.8778478
0.870879
0.88404447
0.9027947
0.9083587
0.8993453
0.8312366
0.67954534
0.48278564
0.33482668
0.74822134
0.21829596
0.21206117
0.25725827
0.21174629
0.22271094
0.64561343
0.15595096
0.08234596
0.07089608
0.08091474
0.18274158
0.30731475
0.84027565
0.89092815
0.77517843
0.74335706
0.75556856
0.8641365
0.9150479
0.9212543
0.91530097
0.8930259
0.899638
0.8692497
0.88374126
0.9019483
0.8845448
0.87875706
0.8861585
0.8977501
0.90843403
0.898241
0.88639283
0.8760214
0.86213225
0.8494282
0.84673196
0.8570506
0.9009981
0.8338342
0.21505626
0.13566157
0.089785635
0.08749207
0.1147431
0.30563417
0.80779886
0.51587
0.38567442
0.27736178
0.30244148
0.21213987
0.6263085
0.16992748
0.1796979
0.15196408
0.09969568
0.08679397
0.08635672
0.0992541
0.20183042
0.24085774
0.2013604
0.800663
0.22587888
0.2357902
0.8706267
0.89417875
0.7774804
0.80044
0.9063875
0.92358017
0.92609453
0.9189529
0.87768245
0.15191995
0.1423784
0.46292943
0.18812998
0.2710815
0.6857405
0.6996346
0.6838117
0.22250746
0.13116394
0.117036976
0.13079652
0.18237013
0.75561124
0.6509751
0.6053344
0.26692158
0.30899677
0.400617
0.49722585
0.6644529
0.652749
0.64917004
0.62592316
0.3216734
0.3122395
0.36184412
0.3489551
0.7939905
0.75078595
0.74700767
0.8201618
0.20204169
0.14616977
0.18590227
0.109016255
0.104775645
0.15113425
0.8256113
0.3787497
0.23745343
0.17350067
0.10654968
0.11638449
0.6795075
0.08881446
0.064038366
0.061821967
0.06547285
0.10204852
0.08471662
0.092813455
0.14400637
0.119962126
0.8234526
0.8215494
0.8402965
0.837274
0.89594877
0.9338408
0.9316386
0.85996526
0.09016915
0.089953594
0.161116
0.24038355
0.8054334
0.10812982
0.05964407
0.056056716
0.0595006
0.07237111
0.0765875
0.14596064
0.14022721
0.161915
0.21872616
0.7707379
0.8954639
0.9148074
0.9117032
0.8931055
0.8318838
0.8453809
0.77889895
0.8050703
0.86166257
0.82123625
0.7755605
0.8132211
0.16939639
0.11157507
0.097990975
0.10108509
0.12646173
0.3369081
0.82850987
0.7067039
0.66032296
0.65970963
0.13615634
0.085968
0.11471162
0.068825126
0.07209805
0.115326695
0.7523398
0.7582984
0.7668137
0.7685186
0.11609151
0.060245097
0.057495743
0.0610483
0.06502682
0.06638263
0.073746875
0.11168565
0.73478043
0.10409809
0.0733049
0.070597515
0.14241524
0.8977606
0.9330794
0.9222806
0.26296037
0.088641234
0.12558085
0.14271295
0.86873
0.8225165
0.10081696
0.079352774
0.10634367
0.86634535
0.92873526
0.9201784
0.19817883
0.06429761
0.057749614
0.066854976
0.15509751
0.89053893
0.87582827
0.90310293
0.19821696
0.06945326
0.060876545
0.0775912
0.09455201
0.26259226
0.853886
0.71830535
0.14357136
0.08677497
0.08236114
0.10824901
0.08146219
0.07907543
0.0883009
0.10547664
0.17396829
0.40970606
0.8657329
0.80256855
0.8502249
0.13964751
0.096380934
0.091291204
0.14165288
0.88655114
0.92380106
0.9305776
0.9293281
0.92344666
0.881866
0.8071718
0.7253134
0.10443229
0.09275025
0.122334994
0.13938683
0.7229819
0.86512023
0.85849625
0.41052526
0.32458943
0.18977658
0.20092002
0.58411527
0.5811742
0.22919768
0.23331657
0.65951717
0.7029248
0.75335735
0.88401616
0.8872816
0.743055
0.10303982
0.07696821
0.08050596
0.11842929
0.18143037
0.16576982
0.79241145
0.16366635
0.19511445
0.15413114
0.21611997
0.84753376
0.20495862
0.15362309
0.7273404
0.09317609
0.061637364
0.07265279
0.05884562
0.06869006
0.21526971
0.90485346
0.92845964
0.9261966
0.10591459
0.05357334
0.047754724
0.053841468
0.063351326
0.095942885
0.68899536
0.14406304
0.21367837
0.68799764
0.13791363
0.15642373
0.12289234
0.123760484
0.6184865
0.1235923
0.12959787
0.1158993
0.15012033
0.74713576
0.26053503
0.2790974
0.80970925
0.763742
0.8906842
0.9017332
0.87226623
0.121278785
0.07875264
0.073837556
0.08325818
0.12079134
0.12696263
0.09742523
0.09489328
0.10496698
0.12325919
0.22512783
0.25047284
0.17018807
0.183289
0.6336404
0.63283086
0.22394213
0.33059618
0.2769275
0.12292719
0.100158185
0.12637506
0.10408172
0.12691878
0.6512608
0.115166724
0.08034178
0.08050252
0.10102377
0.29620016
0.86291736
0.76845634
0.86440325
0.23576343
0.116106905
0.17020756
0.18417123
0.18174016
0.88219243
0.88587683
0.11107576
0.082286626
0.11931496
0.71471936
0.10076131
0.062331297
0.05478607
0.053129043
0.053215154
0.06334675
0.21800591
0.8963035
0.92230546
0.9415593
0.9403294
0.91762704
0.13695605
0.08141601
0.12202119
0.82695717
0.12225014
0.072728254
0.10384694
0.12275825
0.115484916
0.08501895
0.12901996
0.8280998
0.6738767
0.123361126
0.1238742
0.12690957
0.123772636
0.22210622
0.81193155
0.72609794
0.7582311
0.876624
0.8701122
0.22025965
0.0995312
0.07906873
0.07766932
0.084955625
0.1078464
0.18376969
0.12608892
0.14293326
0.26337892
0.8340863
0.8428423
0.341335
0.14761543
0.15337878
0.14151321
0.31789163
0.8646982
0.85556257
0.10959963
0.07390449
0.07886943
0.15902536
0.8239146
0.11684448
0.079415396
0.07078334
0.12002107
0.12925261
0.82453394
0.29820377
0.8412463
0.87953323
0.8854958
0.8962718
0.08724145
0.057504557
0.054164555
0.05738711
0.10106351
0.8740997
0.9135792
0.9345714
0.94149846
0.9266128
0.22820002
0.0705443
0.09886
0.10939492
0.08594159
0.113214165
0.71361446
0.09872419
0.06997962
0.07126986
0.107554175
0.12373445
0.711077
0.107064985
0.07283079
0.079012185
0.19060172
0.87924266
0.80705804
0.76781934
0.1591099
0.10562469
0.17361596
0.12243581
0.24737236
0.8366779
0.30851984
0.11447435
0.10650872
0.15205897
0.20644453
0.86931384
0.8959777
0.84444594
0.88009584
0.78046167
0.74793774
0.7871501
0.8803572
0.7871396
0.11604978
0.07957218
0.07434173
0.08132748
0.10443177
0.227778
0.7635744
0.8476933
0.7219922
0.3584727
0.2707742
0.66546625
0.6596536
0.15816504
0.13133073
0.15550306
0.15735582
0.13609186
0.16197164
0.6213014
0.651022
0.48090777
0.43757814
0.33880964
0.20000184
0.1315948
0.11809626
0.1153059
0.12651677
0.18445064
0.5109204
0.17452417
0.16741511
0.19960316
0.7409543
0.57959056
0.18796425
0.19459888
0.16851649
0.5215984
0.20449582
0.25935936
0.4639256
0.838451
0.8271202
0.14190906
0.09062169
0.082543716
0.096695885
0.21654376
0.6370965
0.16689993
0.20953922
0.12525138
0.1477481
0.788964
0.24347359
0.12854625
0.15755071
0.73330504
0.8737355
0.7530005
0.7054422
0.10337807
0.083478026
0.12183628
0.8036959
0.12316694
0.10773661
0.07480678
0.09631102
0.8378227
0.9083399
0.8978484
0.894146
0.9169499
0.9043077
0.897774
0.90642256
0.9225291
0.9213774
0.92497456
0.89634514
0.0884081
0.06203918
0.07759634
0.1241792
0.8869393
0.91267407
0.74008095
0.085221805
0.07182192
0.09735341
0.67238253
0.19972216
0.09044093
0.09410398
0.10924121
0.80838555
0.86154085
0.19728024
0.21310923
0.8910127
0.9278589
0.9218889
0.79419404
0.132378
0.16977909
0.86389095
0.8723257
0.12858438
0.1308677
0.10109445
0.15964489
0.83968
0.90889436
0.9042193
0.9221469
0.91863436
0.8747132
0.88192844
0.4589621
0.19313085
0.35613713
0.82888985
0.13301374
0.09007998
0.11246069
0.08834183
0.122896016
0.12661968
0.093100004
0.10932881
0.17386943
0.8683922
0.8832976
0.75484455
0.72037923
0.28698128
0.31595668
0.10520674
0.08765169
0.14332013
0.08279734
0.09216109
0.19893418
0.16226427
0.2567871
0.24865149
0.1301603
0.17531317
0.89673537
0.92133045
0.8123295
0.09585859
0.08316939
0.12967339
0.26076052
0.8666833
0.45594
0.17434679
0.081624515
0.0696589
0.06598669
0.0713204
0.077054344
0.087415785
0.113033816
0.19001621
0.8653708
0.8742857
0.9012801
0.8758424
0.86661476
0.89893675
0.91505945
0.9148533
0.8823688
