0.45850357
0.34902194
0.67643934
0.8803626
0.9083567
0.88453007
0.859628
0.87075734
0.767889
0.632723
0.20208849
0.2511197
0.21675532
0.23121649
0.31206018
0.82164586
0.7044591
0.6567134
0.17878582
0.12127805
0.15188189
0.8390756
0.7677122
0.7722452
0.8638899
0.11999394
0.09209452
0.10400623
0.6592315
0.09566233
0.07294733
0.12514041
0.16008064
0.14534941
0.7941091
0.15768579
0.07192384
0.06651148
0.09549184
0.70718247
0.13133357
0.13416079
0.8491664
0.88662326
0.9060649
0.90973634
0.1390407
0.12728432
0.72885233
0.086156465
0.06004009
0.060598325
0.06742429
0.06890168
0.08287868
0.089602195
0.0796215
0.1031362
0.6289861
0.17142378
0.24280357
0.23876567
0.83974195
0.8768988
0.87112194
0.83288294
0.27752143
0.16275062
0.21126339
0.16721913
0.13953769
0.16470979
0.7256402
0.20190106
0.20639077
0.22152874
0.2713066
0.78830564
0.626952
0.19079727
0.2344154
0.15812062
0.18251026
0.7682115
0.6309806
0.52667767
0.4939805
0.25695515
0.17794518
0.5454117
0.15800972
0.2217245
0.20140931
0.10237832
0.091667034
0.12147676
0.13430747
0.16154863
0.56995904
0.22705677
0.7640184
0.8892756
0.8894072
0.72362834
0.6777662
0.62299657
0.09482386
0.068785764
0.07115629
0.106002025
0.7405998
0.7214006
0.6989619
0.68096334
0.66826826
0.71027786
0.7453359
0.7671732
0.77434975
0.7918955
0.15035537
0.062386036
0.05828131
0.06311299
0.07079839
0.07440999
0.07082858
0.06428659
0.05999054
0.057655904
0.06257514
0.108080454
0.87337226
0.8852365
0.9155784
0.90951836
0.091848716
0.05984604
0.0633037
0.10378701
0.87233347
0.9304921
0.91727054
0.1127206
0.1066704
0.08905278
0.054583527
0.053564996
0.058830753
0.07575134
0.16161384
0.83891726
0.74590933
0.86591923
0.78032845
0.8598553
0.1572595
0.07877139
0.07042727
0.092841715
0.60236144
0.12756395
0.13281038
0.80105716
0.8904679
0.23634526
0.09062327
0.07141943
0.105453774
0.15358949
0.89025635
0.84697217
0.08981609
0.054446552
0.04933542
0.052962612
0.06114767
0.13642456
0.19517684
0.90512997
0.91500145
0.8796202
0.083157584
0.05532098
0.055642717
0.061311275
0.06627993
0.0689396
0.0692375
0.06813471
0.06914162
0.07239334
0.11490362
0.1516362
0.7271576
0.13639547
0.12641965
0.6272863
0.13189356
0.1371091
0.13529745
0.34374154
0.8754292
0.8925554
0.7944042
0.70752233
0.6816657
0.7141931
0.75332916
0.80759525
0.84152323
0.86338454
0.8797203
0.8379516
0.7918245
0.7702543
0.7321398
0.6767975
0.19367824
0.16732472
0.22283821
0.66389763
0.73150194
0.8373056
0.42616168
0.2004825
0.21345791
0.7047335
0.8750295
0.8922569
0.83869296
0.7776681
0.7731003
0.7942573
0.86480916
0.8664434
0.89327043
0.8810592
0.74847835
0.21157254
0.19331107
0.14708605
0.15590717
0.4605549
0.20275663
0.3020541
0.31641737
0.7373049
0.8861036
0.90049374
0.878037
0.65321046
0.10426934
0.098333396
0.085617565
0.12116503
0.78495467
0.13737532
0.09955723
0.15058215
0.8854879
0.91704285
0.9032905
0.8910888
0.8932556
0.8978854
0.9048987
0.91216683
0.90324795
0.8995937
0.9078086
0.90311545
0.91389537
0.91880935
0.92211074
0.9239776
0.9199007
0.8845023
0.15159747
0.12321816
0.18896712
0.8466851
0.8504569
0.18933277
0.17269325
0.3055204
0.28599203
0.80571
0.7350729
0.6820402
0.4699951
0.33634263
0.29326922
0.758149
0.20408447
0.16434944
0.22415434
0.16769704
0.19881922
0.5224996
0.8467681
0.8499903
0.5036231
0.22489123
0.2046254
0.2763595
0.85689783
0.895449
0.8612841
0.8817783
0.86254525
0.89964473
0.9073703
0.88795257
0.72252566
0.13824423
0.12646006
0.14724764
0.2549475
0.7616576
0.63589746
0.22653319
0.16209665
0.16810882
0.26564372
0.27489656
0.4208406
0.64564806
0.6453918
0.21491994
0.12336881
0.0980376
0.09365072
0.11026019
0.18556859
0.69224954
0.8074897
0.14428371
0.09440674
0.10778657
0.11452437
0.6975306
0.81321996
0.22998805
0.61749965
0.1321208
0.13007605
0.7401835
0.86619866
0.17138924
0.075910285
0.072781555
0.12008145
0.8533575
0.88786286
0.8968188
0.90367365
0.9211599
0.9172192
0.88760966
0.88285255
0.9009692
0.92129153
0.9102779
0.8897567
0.86553735
0.19301692
0.07135675
0.06918235
0.10836779
0.68265575
0.14550032
0.1602467
0.8062143
0.2707258
0.7172032
0.6596708
0.14973064
0.20499367
0.12558503
0.14401083
0.7143856
0.74466646
0.8585284
0.4074911
0.11860674
0.09767605
0.09957936
0.12346746
0.29671317
0.66453016
0.35884875
0.4083557
0.3059372
0.27567992
0.7059501
0.838286
0.79389507
0.78984505
0.83041227
0.865012
0.9000941
0.90677625
0.9019277
0.889601
0.89606977
0.8940697
0.875739
0.8611185
0.8518003
0.8548026
0.8910351
0.88726246
0.78920764
0.74775153
0.8172021
0.17667362
0.13460867
0.179285
0.8157197
0.14364143
0.06695414
0.058067493
0.060612906
0.06891441
0.07814871
0.17543691
0.76825833
0.119796194
0.10992669
0.07617881
0.12710536
0.12830755
0.8830031
0.9253149
0.92304856
0.9171525
0.9096485
0.8924198
0.8416939
0.07376764
0.054751992
0.052029815
0.06640422
0.105212234
0.8566019
0.90096766
0.15897188
0.0827055
0.12419089
0.08317016
0.06511674
0.069271766
0.1181593
0.08726502
0.10660463
0.23462434
0.8787778
0.9041181
0.89817053
0.85487485
0.8776213
0.86460406
0.7760672
0.768587
0.866243
0.86980516
0.6430369
0.24492991
0.1225932
0.092280224
0.08048888
0.075595945
0.0795938
0.09464004
0.07256604
0.07121574
0.09273597
0.1101524
0.7773341
0.8707691
0.69470626
0.13671626
0.18202919
0.21005078
0.84598005
0.11451542
0.058797095
0.050928064
0.052665982
0.058991525
0.09406304
0.869745
0.90484226
0.9299214
0.8259997
0.07576753
0.055106636
0.05757
0.085996255
0.8701934
0.9260829
0.93788975
0.93760073
0.919252
0.8862649
0.8196879
0.07124643
0.05366589
0.0586355
0.09295508
0.81312066
0.84381235
0.8439729
0.107393764
0.05843061
0.052177213
0.058875475
0.06426229
0.095899425
0.73603326
0.2388682
0.19147448
0.29237312
0.88806504
0.848975
0.82214344
0.2139319
0.23641804
0.12464568
0.08360396
0.14984122
0.0736623
0.074699424
0.1014807
0.11514367
0.100992404
0.18119738
0.12419456
0.09423876
0.100714475
0.25993314
0.22998647
0.08413193
0.06872514
0.076094195
0.19465102
0.8688136
0.9143261
0.8235691
0.78019774
0.74418163
0.101897925
0.0638102
0.06145991
0.076111935
0.2065426
0.89710987
0.9228623
0.9055263
0.7330774
0.17832227
0.13311318
0.15681578
0.6611059
0.70972914
0.8275136
0.21333434
0.11284369
0.105784155
0.16195184
0.14506888
0.77134377
0.79691124
0.8072442
0.8866078
0.7880396
0.7554079
0.761096
0.82768214
0.15150431
0.14080828
0.14248016
0.13844681
0.32773775
0.85551435
0.86373216
0.7039561
0.691579
0.165423
0.109327964
0.14638369
0.08928182
0.10439985
0.64747256
0.15950245
0.29068527
0.8417053
0.86224186
0.88041884
0.8920688
0.8956961
0.89462423
0.8800278
0.8445638
0.18664476
0.13889608
0.6561951
0.09632668
0.0750035
0.0976591
0.10275337
0.27394366
0.8033692
0.9056158
0.92164177
0.9209306
0.9114888
0.8624391
0.8381487
0.8593299
0.9014632
0.8175647
0.111588776
0.076671444
0.06859701
0.076975994
0.11082047
0.664493
0.33566946
0.31100076
0.23285554
0.13650893
0.14455567
0.24741198
0.78971964
0.29103354
0.19754152
0.63091457
0.13141382
0.12202195
0.08320308
0.07408722
0.07649601
0.08822822
0.15457237
0.7270485
0.74779886
0.8648518
0.17843327
0.08764422
0.09021155
0.111740485
0.07386314
0.09600438
0.66974324
0.10865875
0.08963298
0.2388202
0.91076845
0.94102937
0.9452171
0.9246812
0.8557714
0.06570128
0.045870405
0.045575593
0.050223015
0.056317255
0.0729122
0.11565956
0.08038983
0.108546026
0.7737279
0.8691335
0.7741911
0.7372013
0.7355649
0.8409406
0.2898712
0.12453413
0.11307512
0.12677607
0.20233533
0.8480573
0.886156
0.87504596
0.7787443
0.71220076
0.72813594
0.80216897
0.69408643
0.53498083
0.18604688
0.16319093
0.17032847
0.46314487
0.49308664
0.17320229
0.15998256
0.21148193
0.23708324
0.7789429
0.68908536
0.6672435
0.78008324
0.15945013
0.10001461
0.08328128
0.081600375
0.09695346
0.13844043
0.74044406
0.8604681
0.746559
0.1247841
0.07814267
0.07612325
0.10114445
0.09852803
0.07309778
0.06835538
0.07001845
0.080973424
0.14394173
0.82890546
0.14102246
0.10510275
0.11684087
0.66895014
0.095299594
0.06436027
0.06587216
0.11628886
0.8445725
0.87046033
0.89236677
0.90012383
0.8808064
0.16771115
0.1843961
0.86716086
0.9000262
0.9199506
0.9001319
0.87621033
0.84397936
0.8424043
0.79515064
0.15142648
0.18723087
0.8987813
0.9289798
0.8490175
0.075087346
0.05124553
0.052370515
0.057711523
0.06535471
0.08615745
0.06613646
0.06365348
0.06948176
0.105851054
0.76856226
0.84628844
0.21454373
0.118325345
0.1311781
0.7492494
0.86006975
0.15606302
0.081323385
0.07656538
0.1255791
0.889852
0.9232007
0.9277528
0.92166096
0.9042237
0.9145023
0.9130209
0.892713
0.91062677
0.8925385
0.91406196
0.85938615
0.77140003
0.0852567
0.06832238
0.084402874
0.21856904
0.6633114
0.14718083
0.14548714
0.3111654
0.7245038
0.8581862
0.73070306
0.16851006
0.15151301
0.29667845
0.28606233
0.11307454
0.11126719
0.1603269
0.11313291
0.1694311
0.108438686
0.0875575
0.08839826
0.07969593
0.0841218
0.08885142
0.096406594
0.13481107
0.7038186
0.63720787
0.19154787
0.19798903
0.3917125
0.87236565
0.8823501
0.72476
0.14464903
0.1300082
0.17076237
0.16784897
0.6660427
0.64649785
0.6594316
0.6338157
0.22492598
0.3340124
0.29648027
0.19172345
0.60843855
0.1586334
0.13731188
0.24860618
0.21537076
0.19313169
0.51626736
0.8728425
0.8897608
0.8276303
0.88659346
0.86597145
0.88342816
0.7853129
0.22311698
0.22707957
0.48419058
0.8066727
0.67229736
0.3744481
0.28918946
0.20166609
0.24953435
0.33979777
0.72849226
0.82047486
0.7252339
0.7047697
0.732676
0.7665463
0.88132125
0.8719602
0.11475942
0.07119369
0.061897703
0.07174367
0.06742679
0.10395798
0.0720701
0.09439732
0.80489594
0.8202355
0.87405825
0.9275418
0.9331238
0.91485405
0.91787165
0.79508555
0.08556824
0.07651386
0.12143896
0.6495154
0.097256616
0.07441379
0.079533644
0.10315939
0.17582485
0.85112333
0.86928934
0.79929024
0.85337603
0.77604264
0.7255916
0.67361736
0.30407536
0.21965823
0.29226583
0.2584228
0.15300757
0.1446173
0.20719294
0.71202123
0.8368047
0.7004167
0.6796396
0.7097887
0.74447125
0.8006933
0.897282
0.902602
0.82007164
0.76574653
0.2534498
0.10944673
0.098809294
0.12421541
0.13626507
0.12314431
0.19934312
0.207844
0.13713296
0.14067191
0.2007945
0.6425305
0.77955645
0.6651418
0.6717773
0.64687884
0.12952313
0.09490146
0.10081824
0.09477058
0.17812826
0.19637139
0.7896601
0.9019762
0.77221173
0.07936169
0.054813642
0.055507056
0.05947368
0.06260516
0.06612427
0.07000763
0.13273987
0.16033769
0.1250952
0.07458732
0.11861359
0.11747227
0.86646116
0.8899962
0.9050923
0.89937806
0.90903866
0.9037988
0.09196099
0.06961598
0.082217276
0.13747425
0.8023898
0.1229588
0.07330688
0.060122635
0.080293216
0.10096778
0.8075797
0.823592
0.85313237
0.8224805
0.09388081
0.06313614
0.06329493
0.09033223
0.7839829
0.8066274
0.8542553
0.9117416
0.80478007
0.10565574
0.09904865
0.08201068
0.14890464
0.112019144
0.16813871
0.86188424
0.8530743
0.1438485
0.10545509
0.11236766
0.17579812
0.67718893
0.7276705
0.87398684
0.88182247
0.7751271
0.73999125
0.11674672
0.103028
0.06972938
0.070824206
0.09793179
0.13606237
0.068572305
0.061649043
0.06263441
0.067550585
0.11164568
0.8784764
0.89730906
0.8662085
0.09065807
0.058840595
0.057954445
0.07194889
0.11673583
0.7204457
0.11396976
0.06984053
0.06507409
0.066272564
0.07307096
0.10519016
0.6764772
0.14466624
0.19113229
0.17020206
0.106159486
0.1536138
0.8654793
0.7542059
0.09672981
0.07818812
0.052893173
0.052904226
0.060876418
0.08796414
0.8553281
0.90975875
0.93868476
0.9277885
0.91712093
0.14077337
0.091120064
0.05511158
0.054645132
0.07752479
0.10647877
0.78887695
0.8837541
0.7725593
0.70040417
0.11319919
0.093622975
0.12190073
0.15330349
0.20625511
0.64455694
0.66180277
0.66812
0.6935741
0.710838
0.7249482
0.80785656
0.15802868
0.103504166
0.105001956
0.08707869
0.10969373
0.6235892
0.20321545
0.1855156
0.22854002
0.8039462
0.22585039
0.30959848
0.8640882
0.8424632
0.80740166
0.8343079
0.91562676
0.92044854
0.86223334
0.8865508
0.19462863
0.086157985
0.11733222
0.09744002
0.18976137
0.6321683
0.12792152
0.11382377
0.17534053
0.15244444
0.26469716
0.79827374
0.7140864
0.7912732
0.22334126
0.180126
0.24541554
0.16739163
0.11556046
0.11020648
0.18266891
0.12780884
0.17800716
0.23471174
0.7668291
0.17726105
0.15170784
0.13337652
0.11007811
0.13459912
0.7534327
0.88169837
0.87472415
0.28998548
0.1498644
0.09714915
0.10077941
0.18624118
0.6618615
0.6579704
0.6472005
0.6751151
0.6890127
0.087644145
0.0612411
0.064118646
0.06473278
0.07088813
0.077048995
0.11481475
0.7170663
0.11865189
0.08229104
0.12346051
0.14148538
0.7841355
0.12559563
0.07475754
0.062200915
0.05662992
0.066068806
0.09599399
0.8613429
0.87658316
0.90842557
0.9092877
0.89486426
0.83102095
0.071873
0.050505206
0.05104832
0.08140333
0.14465556
0.21199495
0.777332
0.16957557
0.21922894
0.84153396
0.21916841
0.42046174
0.8649082
0.11473792
0.071366295
0.096008375
0.07968671
0.1188882
0.7110157
0.099598296
0.069463305
0.07314582
0.068159044
0.0772661
0.16086826
0.1916556
0.77341133
0.18540964
0.11245883
0.18626694
0.1757924
0.09977485
0.16620684
0.11157189
0.1474459
0.8029626
0.26673448
0.16976175
0.21622148
0.7907555
0.3625719
0.20478073
0.14674237
0.1621631
0.5972611
0.687198
0.73995763
0.78491324
0.8312986
0.5022635
0.3334376
0.63563216
0.8523033
0.90482205
0.9194052
0.9173747
0.8840115
