0.6978924
0.23740071
0.16548806
0.17291173
0.5750245
0.24987344
0.18796247
0.3107543
0.72780514
0.893457
0.91815907
0.9185855
0.90445805
0.8233341
0.8465819
0.26368207
0.15527773
0.23811194
0.55473894
0.130538
0.10688526
0.12746643
0.5226989
0.16502605
0.2156292
0.12431966
0.12056604
0.20110711
0.18101902
0.20778953
0.30033976
0.24388847
0.79575425
0.6539486
0.29610297
0.17314996
0.1921472
0.8121722
0.7278172
0.8332188
0.14720608
0.113065556
0.19747788
0.643091
0.103496395
0.0854802
0.079119615
0.16314128
0.31427118
0.89195466
0.9345169
0.9363655
0.8840047
0.8177921
0.10247052
0.07650278
0.06769989
0.1098697
0.11173801
0.65252775
0.15640408
0.11223276
0.1526221
0.77135116
0.13773434
0.09542196
0.11131795
0.0951337
0.09987267
0.13740367
0.7396059
0.85366833
0.7800821
0.85647744
0.75606394
0.7118348
0.68516165
0.6678496
0.15659732
0.12388772
0.13653755
0.5974683
0.13770099
0.10363205
0.117676206
0.0926024
0.097897045
0.18113895
0.13728248
0.10698645
0.11777397
0.24497162
0.7667585
0.8937997
0.90283567
0.87262666
0.29958022
0.12817566
0.116720125
0.13962862
0.633107
0.65247566
0.6719847
0.7953196
0.15314567
0.09955216
0.096431494
0.17462426
0.11912418
0.1418442
0.6906485
0.6804865
0.66087866
0.6275642
0.14438032
0.11918061
0.17780685
0.19485176
0.87881094
0.9103945
0.88094884
0.88096094
0.91325414
0.9161733
0.90650266
0.9078464
0.8827756
0.84964675
0.849311
0.8915361
0.87358683
0.8546117
0.8484474
0.8697856
0.89473885
0.80041295
0.15539119
0.16376196
0.17926113
0.1873573
0.6687917
0.697311
0.6989357
0.70826507
0.6731702
0.14132088
0.10906357
0.120763995
0.103467435
0.118443795
0.18918496
0.6268508
0.6386293
0.6346219
0.15903556
0.12083297
0.11407272
0.14411074
0.13991919
0.18848825
0.19423285
0.6561428
0.6678059
0.65625966
0.23240998
0.16791001
0.098074704
0.07971218
0.088432685
0.0712382
0.077331856
0.13246262
0.79414684
0.8192596
0.85584676
0.91190493
0.82379866
0.7386338
0.08314344
0.061926696
0.06817287
0.13012171
0.8197117
0.25205818
0.7096524
0.15407826
0.19127315
0.81308043
0.12294821
0.089166865
0.13817538
0.89558345
0.9333637
0.9412319
0.9377048
0.9092387
0.09144252
0.069730975
0.10025475
0.7395768
0.18383174
0.0997218
0.14080928
0.82277215
0.10898246
0.065981865
0.06671532
0.101325855
0.7458752
0.7483281
0.73607826
0.11111724
0.07469156
0.07653558
0.13905157
0.10410071
0.13527663
0.64384216
0.36764467
0.41716227
0.6575692
0.68199843
0.689914
0.67001414
0.23797514
0.27754784
0.17155272
0.22647169
0.13468477
0.12018842
0.124554545
0.15530884
0.6842198
0.8171201
0.72916865
0.7085005
0.69326794
0.79845184
0.20741864
0.18202153
0.58617634
0.13743635
0.11397496
0.14587666
0.14062554
0.2736841
0.16358617
0.09299997
0.07853158
0.073397696
0.073416494
0.088882595
0.09157042
0.08748963
0.08174681
0.13877548
0.83936423
0.9005475
0.19507782
0.071858376
0.054950245
0.05909545
0.07578463
0.16386876
0.74384916
0.09916005
0.066142894
0.07180329
0.13021508
0.9061572
0.93786484
0.94482446
0.9325632
0.9186861
0.088032335
0.07799393
0.056931157
0.055214316
0.06845732
0.100208394
0.066701785
0.067472614
0.095098466
0.13008375
0.7302257
0.1069332
0.07826776
0.12619792
0.18065909
0.30127555
0.8745785
0.8024464
0.83755565
0.92072916
0.9027256
0.09414185
0.06061056
0.06925591
0.07007241
0.12855957
0.10734124
0.10607527
0.09107142
0.118181616
0.7198356
0.7045055
0.6785734
0.16340579
0.15559474
0.667593
0.66739583
0.10852254
0.07651544
0.0774509
0.11291763
0.6823038
0.122836374
0.12733999
0.07327783
0.07791082
0.25265664
0.8983752
0.918927
0.8909008
0.10499953
0.057933345
0.054157373
0.06864927
0.09884705
0.66513264
0.10019463
0.07570707
0.08877282
0.20760787
0.85844105
0.79653895
0.75654334
0.72375095
0.7167646
0.74055237
0.7807197
0.87100613
0.8508655
0.84406227
0.89387584
0.8981822
0.8530022
0.8076671
0.7939572
0.78171265
0.84391433
0.22723636
0.118101366
0.11687109
0.18749373
0.17400613
0.18893652
0.20114414
0.23791781
0.13304219
0.1455132
0.118748456
0.124097325
0.15138327
0.28391346
0.80857474
0.71105146
0.6519376
0.1917694
0.22053222
0.13400221
0.14455506
0.6436586
0.6353691
0.6521601
0.6752555
0.6447271
0.19157282
0.62372226
0.10680188
0.093481086
0.10962406
0.07857326
0.1301598
0.14844352
0.8364752
0.8429652
0.86985105
0.88584983
0.9055942
0.93367016
0.9327529
0.88599885
0.14799242
0.07523276
0.060430806
0.07820935
0.12912749
0.120903425
0.67597055
0.09716738
0.06948888
0.075978465
0.1128362
0.12949826
0.64952546
0.13497724
0.10756565
0.12909372
0.68276924
0.6671936
0.69548875
0.30354738
0.1696225
0.6382573
0.096849196
0.066372156
0.07100639
0.118321836
0.79536575
0.7877415
0.77101004
0.09220356
0.06143239
0.058561247
0.05692643
0.05631357
0.056652986
0.06594161
0.10322376
0.87803817
0.8972472
0.9046546
0.8529879
0.09117922
0.07489679
0.06453825
0.09552402
0.69504535
0.11400069
0.12055608
0.12847263
0.12076382
0.82891744
0.86521894
0.90619725
0.22387686
0.07304628
0.06580441
0.08753997
0.63376445
0.14111748
0.18233563
0.832285
0.8623782
0.90941584
0.79296666
0.11794949
0.1038755
0.14997612
0.8490404
0.7627388
0.73947716
0.10554494
0.07141038
0.06609779
0.07502778
0.1028
0.1850472
0.36803308
0.7278375
0.72539896
0.7088188
0.43950865
0.23568572
0.15618755
0.15314323
0.20556374
0.23551877
0.7678753
0.6967844
0.6722021
0.63357437
0.25018638
0.17573555
0.19344817
0.19799879
0.18315145
0.28145874
0.75652
0.22384442
0.2504134
0.12122115
0.108528614
0.18740466
0.1635034
0.1525288
0.31418177
0.81842923
0.37003002
0.25402296
0.15090843
0.10628774
0.16673172
0.17165497
0.14551438
0.080486275
0.07971259
0.12723239
0.85535145
0.7543912
0.75120425
0.6917172
0.08030397
0.055634506
0.05580699
0.06561979
0.10194294
0.7313779
0.13297956
0.086183675
0.13817845
0.1276206
0.868893
0.92524236
0.9358575
0.93285865
0.90072405
0.89194024
0.2372304
0.752586
0.11432017
0.089198574
0.16890877
0.70938605
0.098059215
0.06734005
0.08182785
0.085801356
0.13460335
0.7694265
0.15594459
0.11920901
0.14361906
0.59674305
0.6694543
0.7012455
0.7372763
0.8422139
0.8309438
0.33681956
0.1982813
0.26981163
0.16202767
0.20345128
0.610224
0.11305675
0.078535534
0.07536289
0.0908965
0.16549268
0.69947106
0.32150444
0.8444381
0.7302342
0.6890911
0.120416865
0.091879174
0.12327876
0.6326984
0.13945118
0.10203155
0.17678
0.27337164
0.84686184
0.8825024
0.9095009
0.92976546
0.9287799
0.89468086
0.8395715
0.779257
0.11744357
0.09571247
0.09215373
0.19404335
0.78683376
0.1156469
0.0824781
0.10237722
0.6864996
0.7445418
0.8833806
0.86736584
0.121215425
0.0864391
0.107434645
0.6470267
0.12625979
0.12943389
0.68691534
0.09824819
0.07153516
0.06638303
0.07397642
0.13971488
0.19515875
0.13557875
0.06573348
0.060646567
0.07886987
0.07072059
0.14305076
0.89754885
0.9179985
0.9097042
0.23946021
0.09446829
0.13424323
0.7757369
0.09379407
0.060249798
0.06146292
0.069735214
0.079688855
0.11525533
0.73795736
0.12221595
0.10827813
0.11441639
0.6849008
0.14909935
0.16659065
0.7731488
0.7227887
0.12550965
0.103961796
0.20205432
0.8906166
0.9203981
0.88929397
0.91360027
0.8201649
0.26300785
0.78983355
0.27191326
0.12215919
0.0682021
0.058937095
0.05935478
0.063930295
0.07319571
0.11104885
0.11609212
0.25150314
0.67952937
0.6979375
0.72084737
0.74881953
0.85302824
0.74022657
0.30004084
0.23371327
0.19781545
0.15139401
0.2394527
0.21834351
0.24674588
0.6119182
0.23827863
0.1883785
0.27858534
0.26278448
0.60046345
0.1779467
0.15311535
0.18584122
0.18366429
0.5671416
0.64961684
0.6614428
0.6765305
0.66058826
0.2866574
0.22085999
0.13046736
0.10663569
0.09528689
0.09449363
0.11139692
0.083085105
0.07736769
0.081528366
0.069187835
0.0670678
0.0783539
0.08511943
0.21861744
0.8340317
0.877756
0.105413765
0.063734286
0.055839237
0.06666963
0.18347423
0.8626673
0.86589515
0.8632368
0.80693644
0.10223358
0.10624266
0.105510764
0.07876687
0.1047261
0.7017833
0.1070829
0.081747994
0.11933106
0.87155277
0.896749
0.86691815
0.08529024
0.055300813
0.056147892
0.06440892
0.09239326
0.088701084
0.08738215
0.082224645
0.07225767
0.060612243
0.06056725
0.085349806
0.1266852
0.89871794
0.8915373
0.87455916
0.85154194
0.11733283
0.074039705
0.1109097
0.08473218
0.07308388
0.12550232
0.10343546
0.108433396
0.13011986
0.082510285
0.1095854
0.7185121
0.6913003
0.12166952
0.096382394
0.16980153
0.15985769
0.09658646
0.09291629
0.12155631
0.76204216
0.81149644
0.8487465
0.8989538
0.84743243
0.79335207
0.79963833
0.80780816
0.81824416
0.8857385
0.7636592
0.09538602
0.075639516
0.09664177
0.11408236
0.1233841
0.6539517
0.13278916
0.15656634
0.0979034
0.14828609
0.8327868
0.12912859
0.06411533
0.056171454
0.066262595
0.10131183
0.8843578
0.9237895
0.92211354
0.9136666
0.90369564
0.8944232
0.8870359
0.8566055
0.08879421
0.08649754
0.06223514
0.055687543
0.05803356
0.06080773
0.06431988
0.076805726
0.11000616
0.7190127
0.14148208
0.17943227
0.16366564
0.110257596
0.1805161
0.20307237
0.1569071
0.33674285
0.82805747
0.89899087
0.92376
0.92361695
0.89313996
