0.8489846
0.89229906
0.9108027
0.89690757
0.75630146
0.19313262
0.21216346
0.11999416
0.10824751
0.12467338
0.26880634
0.6640623
0.6560076
0.36073768
0.22925505
0.5419829
0.3659726
0.65825605
0.74175566
0.8520017
0.7440438
0.7691814
0.87235695
0.8119535
0.7193546
0.31441242
0.48178753
0.19719216
0.24788119
0.6512966
0.6902333
0.7042232
0.7078683
0.73854357
0.78801817
0.88241893
0.86217755
0.89139736
0.7924014
0.12586291
0.06984263
0.06407829
0.057325378
0.061414294
0.0727456
0.13208832
0.83785856
0.14205877
0.075172044
0.09168346
0.07302219
0.12221973
0.86789054
0.8956523
0.8998748
0.90027255
0.9206829
0.93081677
0.8585055
0.07169486
0.05288361
0.05862228
0.07723591
0.257111
0.8599372
0.12007264
0.07464487
0.059387643
0.06187748
0.07151583
0.097253665
0.24221927
0.70137477
0.6940725
0.6677623
0.68548983
0.70995563
0.8153728
0.74618274
0.7069203
0.71831393
0.81040096
0.7083166
0.5003008
0.5167156
0.1881689
0.1601401
0.1776076
0.59478605
0.6626247
0.7291083
0.83827645
0.775487
0.8515037
0.7623131
0.7081342
0.15760559
0.123847105
0.13429101
0.48479232
0.16603616
0.120360285
0.114063255
0.14492504
0.13567165
0.17035986
0.6944348
0.8013491
0.29387295
0.19935095
0.13697001
0.1487506
0.6029523
0.63930225
0.6637501
0.6615692
0.6451025
0.66293484
0.67374176
0.67784506
0.69305414
0.7127199
0.7172535
0.70519966
0.16383837
0.1352711
0.20782892
0.1627343
0.6325157
0.124642365
0.09029983
0.087617174
0.09708084
0.12648961
0.5501228
0.5399028
0.1538908
0.13059011
0.12935641
0.15938362
0.11705509
0.11039576
0.13013507
0.09563057
0.08772708
0.095072225
0.122394614
0.65568066
0.28645992
0.16653384
0.17251615
0.67928326
0.71982294
0.86623055
0.8665986
0.74397737
0.8384993
0.76672935
0.8340521
0.7207779
0.6770418
0.5645365
0.12661874
0.093491144
0.091099985
0.10669445
0.15956089
0.80218524
0.67651445
0.63962334
0.16648403
0.16204332
0.15583178
0.14386202
0.61722386
0.17244208
0.10962467
0.107553564
0.16608723
0.68224484
0.82056975
0.14940113
0.117605284
0.087900154
0.064826265
0.06702855
0.098874696
0.8326791
0.9208452
0.9256487
0.8192448
0.10983143
0.0558466
0.049242917
0.054503027
0.08786865
0.8698598
0.92095554
0.93060577
0.92692864
0.9102564
0.9055466
0.91661376
0.93137926
0.92841035
0.85273576
0.06673979
0.04880895
0.05083763
0.0679642
0.13857663
0.87295264
0.7878737
0.90415645
0.7779615
0.0765657
0.053297356
0.05456334
0.059167903
0.06330022
0.067519724
0.0743009
0.113634065
0.7400344
0.10341609
0.07063951
0.06641154
0.10799123
0.8979956
0.93779206
0.9383939
0.92029506
0.0909047
0.06289085
0.08384344
0.115327366
0.75161934
0.09807881
0.064187236
0.06656661
0.08294978
0.18571651
0.8625868
0.1288135
0.07553003
0.0644129
0.063645326
0.065285325
0.06884003
0.10680415
0.08747305
0.14535071
0.84776956
0.2691307
0.1051869
0.12329449
0.16746306
0.10418514
0.20122881
0.2389618
0.17321768
0.74919736
0.8435827
0.14941698
0.10362864
0.1410925
0.13108137
0.1836972
0.8412306
0.7351744
0.14774287
0.116326675
0.14453678
0.08907845
0.08539622
0.09556139
0.11175114
0.23080403
0.12303392
0.1439541
0.10817717
0.11193557
0.13434148
0.19994979
0.79145926
0.7195382
0.71269566
0.70594394
0.7824905
0.64102584
0.20524977
0.18031883
0.20763049
0.19519389
0.31628862
0.75984454
0.65107685
0.64304006
0.624747
0.2871305
0.5893226
0.24244156
0.54344994
0.16040508
0.16190551
0.13633868
0.2664351
0.6505777
0.1305394
0.11927745
0.093207456
0.16634841
0.08133828
0.08593161
0.0685696
0.0747114
0.1369792
0.9007161
0.9228753
0.8520417
0.7574164
0.08755166
0.06810427
0.07907785
0.16512522
0.65848225
0.6282482
0.62904793
0.673114
0.70407355
0.73557246
0.7987448
0.857573
0.8972842
0.8875858
0.9042545
0.8985289
0.84241045
0.76442033
0.75127035
0.749664
0.7300438
0.751427
0.8001832
0.835551
0.8442515
0.52382743
0.29418388
0.41914245
0.49706966
0.66166794
0.6817403
0.6715835
0.6152152
0.22267091
0.18957852
0.16445982
0.2720207
0.6506981
0.77130497
0.2017439
0.1684479
0.10915647
0.10020276
0.11664275
0.5197487
0.53210354
0.6244412
0.64699703
0.7059648
0.85720146
0.7281721
0.0895277
0.06151757
0.05863157
0.07242166
0.15047967
0.81954765
0.1396206
0.112541385
0.12902094
0.8588041
0.9157562
0.9047951
0.8883104
0.8747868
0.8405193
0.8404938
0.7824322
0.13393997
0.17226572
0.17114013
0.82060015
0.22141126
0.096377164
0.10676308
0.0953761
0.12542349
0.7336128
0.8665749
0.83929765
0.8990302
0.9046027
0.88060206
0.7688085
0.74441135
0.77978486
0.87071514
0.8881147
0.8679946
0.89042467
0.8775396
0.7363711
0.23346022
0.2910492
0.14157805
0.14361897
0.09544851
0.08550143
0.08536861
0.11020928
0.08880694
0.09397645
0.13098338
0.7296611
0.74754995
0.85981095
0.7162223
0.11981634
0.08074689
0.08459684
0.07097497
0.08109768
0.14787082
0.81094944
0.8962056
0.84426886
0.89810896
0.7697139
0.70993024
0.08774251
0.064261995
0.06822047
0.1281838
0.10227848
0.15645276
0.60136604
0.7505957
0.2776345
0.20618324
0.33142057
0.74599904
0.19842896
0.186561
0.1689824
0.6300152
0.6678466
0.68539375
0.7218315
0.8779166
0.87555605
0.3594587
0.21566488
0.1599476
0.09099809
0.103494614
0.1342165
0.8456171
0.73953855
0.681706
0.08828405
0.06369713
0.06911426
0.19378255
0.8802243
0.91905063
0.9424858
0.94136614
0.9110995
0.07000164
0.046285212
0.043793492
0.04806759
0.058040675
0.10154653
0.88469684
0.914799
0.8874875
0.084414355
0.054815527
0.054905206
0.075306304
0.06423497
0.10081802
0.8265485
0.82274795
0.8890662
0.92568535
0.85886306
0.10783188
0.0674109
0.068822056
0.09628238
0.7655016
0.87000436
0.7378662
0.67177975
0.69195443
0.69915646
0.69772446
0.7421976
0.7699777
0.7836997
0.83834153
0.16825786
0.18053155
0.11242324
0.15289484
0.8871577
0.9212644
0.8636496
0.7719151
0.75484437
0.7314193
0.07914963
0.056816146
0.06337516
0.067140825
0.11377439
0.06996973
0.07693789
0.08322883
0.10272973
0.83259004
0.8514249
0.8566
0.9029937
0.9245847
0.84101886
0.1064201
0.12402798
0.10816067
0.07880324
0.11272668
0.6488741
0.6162202
0.61101454
0.6104503
0.14105661
0.15086558
0.22797713
0.67672604
0.13292012
0.11887084
0.14699578
0.8834524
0.9096255
0.91657376
0.9276097
0.9048325
0.8702697
0.87591624
0.09674519
0.07438998
0.100683756
0.6670924
0.23643422
0.3238533
0.27162758
0.8852777
0.90299433
0.7402122
0.1406848
0.1913369
0.10945971
0.1376475
0.16545413
0.21266721
0.6561148
0.6723382
0.6747844
0.6718414
0.68714684
0.6785651
0.25256094
0.34222004
0.23529738
0.6469153
0.64140064
0.6675205
0.29510304
0.21392895
0.43698007
0.69278044
0.14088078
0.108087674
0.108777285
0.22590128
0.10343584
0.089354254
0.08915376
0.098263696
0.116673015
0.18503828
0.2174186
0.7823432
0.6985784
0.67620397
0.6992143
0.69281894
0.68904185
0.15113889
0.10062431
0.08304441
0.08592063
0.116119415
0.69660676
0.69689536
0.1005466
0.06772827
0.071026444
0.07168328
0.117483184
0.12483101
0.77303135
0.26169178
0.1968771
0.83095616
0.10047983
0.059841707
0.05542863
0.0711779
0.1514069
0.900547
0.9282624
0.927312
0.32643336
0.10944757
0.05931409
0.060232084
0.084441096
0.63946694
0.12862985
0.16503069
0.8540554
0.91413355
0.80064297
0.09446499
0.07941201
0.070162214
0.11133486
0.08890478
0.11908635
0.66862375
0.687315
0.6923142
0.73319775
0.8825977
0.8978305
0.86449367
0.116336465
0.07855088
0.07908283
0.10607364
0.7288117
0.75146365
0.7655752
0.80281943
0.7921469
0.09683039
0.062036056
0.059242893
0.06150361
0.06694217
0.0732664
0.107176505
0.101307645
0.13628319
0.6872613
0.7124167
0.7945047
0.3516839
0.24434368
0.17360008
0.24922691
0.14374197
0.21923743
0.10201095
0.08538674
0.08622789
0.11997901
0.1291444
0.6296398
0.30939317
0.8684921
0.89167136
0.86438227
0.17335416
0.084044926
0.067996636
0.07089875
0.101199165
0.6929651
0.66133296
0.25073153
0.74541867
0.8750236
0.7319053
0.18768992
0.6631554
0.09419096
0.0793223
0.05463669
0.05426175
0.06236548
0.08789996
0.8155047
0.85766596
0.8804829
0.8971339
0.91068816
0.92661136
0.90291584
0.8691346
0.7812101
0.08492719
0.07141034
0.09602021
0.808671
0.8630263
0.89779294
0.9173742
0.93050855
0.92689264
0.92874366
0.9002587
0.09674781
0.074738346
0.10724471
0.7687317
0.7918367
0.11594843
0.12634411
0.06235533
0.058307942
0.0709199
0.07552531
0.12932424
0.875441
0.82459635
0.7846068
0.27171227
0.7299643
0.11437234
0.08025938
0.07640544
0.09743617
0.27257058
0.7281455
0.8403518
0.68574166
0.23985375
0.58535
0.17205685
0.23320813
0.16144714
0.21145423
0.8442437
0.8614532
0.31399944
0.110402495
0.10819215
0.08702612
0.11045662
0.76840556
0.8646253
0.18141414
0.11069638
0.081414975
0.10395651
0.8385076
0.88798636
0.89985794
0.89240104
0.86358863
0.79969484
0.100561894
0.090848565
0.17501003
0.4089076
0.90593976
0.90220517
0.098175935
0.061530888
0.061793193
0.08202448
0.21194601
0.8184563
0.17508087
0.15883024
0.11178994
0.14629553
0.1416673
0.2733423
0.35170847
0.67277426
0.67971015
0.69411296
0.69838995
0.75721896
0.8358434
0.75141245
0.73625845
0.8105889
0.90400535
0.90511847
0.80055267
0.10426393
0.08307622
0.15055221
0.09312733
0.07958376
0.066890694
0.0580113
0.057769783
0.06611825
0.13928312
0.9048612
0.92630315
0.89115775
0.08539563
0.05607708
0.059602395
0.067882314
0.10633069
0.085736334
0.13228098
0.096379556
0.08046754
0.079267904
0.079916246
0.080183715
0.082451165
0.10006053
0.08123771
0.07826979
0.08438228
0.0842918
0.12803051
0.07951767
0.08878687
0.086060956
0.15844774
0.18002892
0.6719699
0.21562894
0.6431146
0.13858257
0.1126432
0.12015405
0.20805074
0.18039148
0.35618743
0.84351677
0.8615235
0.7984012
0.85840595
0.83597976
0.41612634
0.3242881
0.17899348
0.16817842
0.20191132
0.7850183
0.38832057
0.14107257
0.11918578
0.16889551
0.8048036
0.11526681
0.06742805
0.06718451
0.06058808
0.063135184
0.08423781
0.13591042
0.8043415
0.76516056
0.72838277
0.10210095
0.07793941
0.124020666
0.18841138
0.8404275
0.10726298
0.064342454
0.064081095
0.12786375
0.17451556
0.91436195
0.9390529
0.89604676
0.075619794
0.050567117
0.04723331
0.0509421
0.05656396
0.081775285
0.090892695
0.116246454
0.18456227
0.8595865
0.7598244
0.7509618
0.75124794
0.7429055
0.7317543
0.13715033
0.15241438
0.08287892
0.08560525
0.16193576
0.108238
0.13958175
0.68165076
0.121817864
0.09172512
0.09385584
0.12452514
0.10130528
0.101519436
0.117698796
0.080499016
0.071107924
0.07071707
0.08143645
0.16923726
0.7330817
0.7512722
0.8215215
0.872842
0.9026842
0.91875297
0.912842
0.9180496
0.9159469
0.9042361
0.8362912
0.81304026
0.8518044
0.9048205
0.9139096
0.9076813
0.91058224
0.898023
0.8964843
0.91960144
0.91380554
0.7925147
0.08038737
0.06139849
0.065212674
0.096907124
0.77520657
0.79212755
0.74486774
0.10245376
0.075010695
0.079006255
0.1291459
0.8618332
0.8476942
0.90620637
0.89679664
0.76624954
0.71462166
0.79266715
0.8857312
0.85654634
0.8428457
0.8647225
0.11630735
0.074668095
0.07826521
0.06897251
0.092397876
0.8309477
0.9130514
0.916983
0.83517724
0.783931
0.8249905
0.8442006
0.8360042
0.8213353
0.86380243
0.91146106
0.89926624
0.9180867
0.89225817
0.12752049
0.0983359
0.18354942
0.12065466
0.16951425
0.8137662
0.21285084
0.101762876
0.078500636
0.08441432
0.10465493
0.21875358
0.20059328
0.20649025
0.71206206
0.74516404
0.8303928
0.73646945
0.75305843
0.8312106
0.7336652
0.7083288
0.71153694
0.79209685
0.18702357
0.14551452
0.15382785
0.22962403
0.51615137
0.850887
0.8730627
0.80484617
0.7800465
0.7783575
0.8460678
0.18836835
0.08965068
0.07559507
0.09301431
0.132583
0.13174759
0.097079985
0.10923385
0.74664414
0.7280189
0.27996913
0.8387932
0.10088653
0.060042974
0.05799433
0.06298272
0.119324684
0.89943284
0.92518604
0.90439564
0.8396427
0.79851717
0.79912937
0.7344737
0.117073834
0.12528698
0.70789105
0.1770496
0.10072271
0.13128157
0.8042779
0.2893367
0.77490264
0.85932696
0.15792127
0.17997901
0.122120455
0.103966065
0.0814768
0.08819303
0.12006382
0.3328772
0.8555543
0.86701584
0.7883415
0.85140777
0.82055783
0.28760943
0.3031007
0.21242976
0.16282368
0.19068703
0.18480793
0.6334154
0.70003873
0.82754207
0.8269306
0.16693205
0.10366359
0.08482624
0.09128614
0.17301117
0.087691225
0.0773561
0.08101048
0.10246663
0.20799613
0.8218945
0.4570397
0.86178285
0.86698705
0.67053056
0.6453851
0.6320682
0.616207
0.61805004
0.5903632
0.6180392
0.58218336
0.15629561
0.14504749
0.10984175
0.1202523
0.23326308
0.6453097
0.6369582
0.66953146
0.6743148
0.66619766
0.66866255
0.16213858
0.09147025
0.08375586
0.14253944
0.1302213
0.12388371
0.22879447
0.25785482
0.2414275
0.114827015
0.10124617
0.11058959
0.16243489
0.8317901
0.81977427
0.17021388
0.14575899
0.10363546
0.12614813
0.12670177
0.5779784
0.616022
0.25073403
0.15551242
0.16613804
0.7485731
0.88714886
0.87068945
0.10210932
0.061942168
0.05482892
0.064848796
0.1331809
0.12402419
0.8064021
0.88898575
0.7291361
0.13258786
0.13982669
0.77762455
0.87782
0.22217752
0.10423449
0.087295674
0.17357025
0.8948412
0.9136147
0.9251862
0.7867687
0.073837005
0.060771424
0.06419801
0.121685445
0.88217276
0.91869473
0.914301
0.89135826
0.12005252
0.060479175
0.060472358
0.08622914
0.8373357
0.92332196
0.88355917
0.8291421
0.08529253
0.06388608
0.10643658
0.08547986
0.06656734
0.06509288
0.06555433
0.067356095
0.061380826
0.061135456
0.080515474
0.13458712
0.89896643
0.91504306
0.84652686
0.7996729
0.73537564
0.12804022
0.11527941
0.18450917
0.75769514
0.78998715
0.7978532
0.8108294
0.8573287
0.20287421
0.24865565
0.14688055
0.24107601
0.22666869
0.6682757
0.11531129
0.07868795
0.07065156
0.084533855
0.13651414
0.17663437
0.23123175
0.27439603
0.88199013
0.9093605
0.8782899
0.34229356
0.73477817
0.12632191
0.085194
0.08908172
0.13181373
0.10125332
0.15563878
0.14894663
0.09741998
0.09652182
0.12767582
0.6893464
0.76308036
0.8837133
0.88907534
0.79002136
0.75683886
0.76386285
0.85824054
0.7856388
0.7308771
0.7320197
0.81909704
0.20332924
0.22740328
0.117763154
0.114351586
0.1648716
0.22792308
0.8746559
0.91105837
0.90802693
0.83805406
0.80970925
0.7865254
0.7729727
0.7753013
0.1936412
0.08992562
0.06872205
0.07163463
0.09729413
0.07975346
0.082411565
0.101698406
0.077498846
0.08225857
0.11029187
0.7553157
0.7688218
0.842718
0.90605766
0.8436813
0.77699924
0.7214932
0.17394759
0.18130659
0.16854829
0.28309414
0.43411347
