0.13492952
0.073548175
0.075605966
0.076821126
0.14258443
0.17523801
0.8583071
0.8867575
0.107291676
0.06904585
0.07769668
0.11873064
0.8727667
0.8515438
0.8424013
0.8264577
0.7835996
0.7621611
0.788141
0.8710463
0.111500494
0.09158682
0.07646443
0.1240546
0.8102617
0.10314865
0.06163041
0.059960984
0.06057119
0.091842085
0.86908054
0.90735334
0.92663693
0.93879527
0.935118
0.9383895
0.914552
0.07346004
0.048196245
0.053457785
0.055007752
0.060269374
0.06429678
0.06538499
0.0639196
0.06173233
0.058714516
0.06303913
0.09842702
0.8640351
0.8699438
0.88164157
0.87344766
0.11492094
0.06771191
0.07217023
0.15800239
0.7569982
0.108816594
0.07909175
0.10205396
0.7738075
0.7942263
0.82619196
0.24399848
0.124498196
0.088452734
0.12641148
0.092907965
0.116295956
0.7773651
0.88955605
0.8791095
0.9010091
0.9159066
0.8864319
