0.8110532
0.8011273
0.7428679
0.6637084
0.3394459
0.19219698
0.17982309
0.23887795
0.63444513
0.76807463
0.41704977
0.22843511
0.25350213
0.7979797
0.75509477
0.8403567
0.7278028
0.7875104
0.14576614
0.099784784
0.09676343
0.12088364
0.6161532
0.30209678
0.23410434
0.19307514
0.39373755
0.8604784
0.8710076
0.70534563
0.68317014
0.8262027
0.7767975
0.863201
0.85322356
0.7135342
0.7774145
0.21648873
0.12258177
0.10986233
0.1285322
0.57399815
0.62406844
0.23883167
0.64996284
0.1531976
0.1274806
0.08035867
0.07454223
0.08235389
0.115362644
0.67932445
0.30975696
0.26921886
0.20889372
0.24440497
0.2286324
0.7234993
0.8781499
0.8804549
0.72626543
0.72110033
0.8822451
0.8930481
0.7949443
0.8589841
0.35169834
0.18233904
0.20874076
0.13827622
0.116190635
0.07643431
0.07282391
0.081673734
0.09191976
0.19366574
0.13703638
0.1181075
0.08907318
0.106475055
0.67964756
0.67251146
0.21873248
0.121624514
0.14585188
0.3106836
0.8681822
0.8279742
0.7686547
0.805464
0.8478725
0.90224797
0.839289
0.84275484
0.8807298
0.13804153
0.07430682
0.076503165
0.12336642
0.6512513
0.60430485
0.1406347
0.1404537
0.3420311
0.8574468
0.8533288
0.1518824
0.12609701
0.08613631
0.0825879
0.11458539
0.1031086
0.124986716
0.65970737
0.82832557
0.76514155
0.89146227
0.90275663
0.87021923
0.15423132
0.12251365
0.19377127
0.15133218
0.121179454
0.21968521
0.17838639
0.08134204
0.07742881
0.123965
0.0984028
0.109156325
0.65670204
0.11032419
0.098177455
0.12309643
0.75772
0.7395821
0.78707224
0.89942086
0.79463875
0.22815391
0.19650294
0.17184024
0.8032552
0.1390631
0.15172137
0.11171306
0.10128169
0.08098248
0.10986189
0.1249568
0.12208179
0.2550419
0.7686882
0.16009758
0.10303013
0.09068083
0.1065818
0.20311998
0.83357584
0.73602813
0.8392839
0.42115635
0.28989977
0.18803596
0.2887969
0.84755075
0.806895
0.7336797
0.7102775
0.7112452
0.77127475
0.85191125
0.27518308
0.13092917
0.1538979
0.1860099
0.5506735
0.64384377
0.6671776
0.7374792
0.8843614
0.90798634
0.90170884
0.85556465
0.8161129
0.8178173
0.81114566
0.7818126
0.34779045
0.11279242
0.088170245
0.078432776
0.08548553
0.09838383
0.13100249
0.11173687
0.12420797
0.20191222
0.8727097
0.89578104
0.8235445
0.78052527
0.85409015
0.79504764
0.73840886
0.7697183
0.8475634
0.9000633
0.89901495
0.81864464
0.7176991
0.14301726
0.11669985
0.12508409
0.20352177
0.18109994
0.6269829
0.74788356
0.20186733
0.18711437
0.15249686
0.111619875
0.11166041
0.1492034
0.19657533
0.8644157
0.85579354
0.8655136
0.8988204
0.85642576
0.8326344
0.85518473
0.8806939
0.89987135
0.89521015
0.90894645
0.9154384
0.91800255
0.91378754
0.87005025
0.8115396
0.7407504
0.11683844
0.10743009
0.09066281
0.14487106
0.8853998
0.8952692
0.09868626
0.0644965
0.077292345
0.06860932
0.11182803
0.8118031
0.15532982
0.14829355
0.85329425
0.8929326
0.9021389
0.8571815
0.12588932
0.12739469
0.7274966
0.08864215
0.05967989
0.0623652
0.07483035
0.11104049
0.7706432
0.71846664
0.13161577
0.12641408
0.67601067
0.091877446
0.06280426
0.06169135
0.069377236
0.07382502
0.08236478
0.11933126
0.114576414
0.8671025
0.91090184
0.93127257
0.90821195
0.8996162
0.8914054
0.84545887
0.078791544
0.06186648
0.05838251
0.09803941
0.1197061
0.11236625
0.7260865
0.6556145
0.10830255
0.08347309
0.109526016
0.87049675
0.92492527
0.93497616
0.9269292
0.9317269
0.8916591
0.8231332
0.07310116
0.05100043
0.04941815
0.062076174
0.12211586
0.08380165
0.09641058
0.24638188
0.3138538
0.3951843
0.8368453
0.75367856
0.76668763
0.85710573
0.80171144
0.85775423
0.76274043
0.7590652
0.8533189
0.24519673
0.14878775
0.10195041
0.06018149
0.054585468
0.05862227
0.09368145
0.8898848
0.9385515
0.9449794
0.92217225
0.078247465
0.048321255
0.04544569
0.05402748
0.09797223
0.13876082
0.12894447
0.7884461
0.75115705
0.72220033
0.12113675
0.1000851
0.18865617
0.13509957
0.19510777
0.86798626
0.86488295
0.14512704
0.10194403
0.0988312
0.13219413
0.7402387
0.87401956
0.87311965
0.6948354
0.22935988
0.18339798
0.300061
0.27605686
0.6518792
0.15066934
0.10743741
0.10806605
0.13984747
0.6999676
0.74469584
0.8550918
0.73446614
0.15916596
0.12473016
0.13882391
0.11049767
0.115537755
0.14348136
0.32874247
0.86508524
0.89396596
0.8811015
0.78717506
0.7607003
0.77655125
0.8630945
0.86142206
0.70467347
0.5323381
0.37623712
0.19741204
0.18025185
0.2817804
0.541322
0.145107
0.11586084
0.120344855
0.17267928
0.84605217
0.86538184
0.69602084
0.65487796
0.57229084
0.21143094
0.106543094
0.0921477
0.10751044
0.26568654
0.8385471
0.72900397
0.8245716
0.23192331
0.26440176
0.20324358
0.78868973
0.89444876
0.8800585
0.88270617
0.9137868
0.91928387
0.9195087
0.9188983
0.9172119
0.9045751
0.80907416
0.7677659
0.8180008
0.16777655
0.16143017
0.17117028
0.7080613
0.86951214
0.8662236
0.22807635
0.11943867
0.11071773
0.12321497
0.18945897
0.6063678
0.64863294
0.645035
0.59857816
0.17481364
0.1726293
0.13233094
0.13976803
0.25648662
0.26013964
0.15251324
0.15939659
0.122227535
0.12748569
0.19275756
0.61490667
0.28750518
0.68706423
0.6988927
0.8008544
0.16828947
0.11048102
0.102717675
0.13058054
0.66977173
0.35255003
0.8466593
0.7886093
0.7509074
0.8108268
0.8962896
0.8930882
0.78306955
0.71799266
0.7707712
0.8880719
0.9095611
0.9072382
0.8851709
0.8760257
0.8834235
0.8001152
0.7288682
0.6582583
0.2146309
0.5413908
0.13595353
0.118043944
0.18844745
0.8000207
0.16591069
0.18505009
0.14836007
0.75924516
0.77692384
0.87691754
0.12664948
0.06720277
0.066236675
0.116701834
0.15074751
0.8998974
0.93372303
0.9409727
0.9387893
0.9053457
0.8074502
0.06744014
0.052757155
0.052099098
0.068320975
0.19397998
0.8339593
0.14929077
0.12903723
0.16067499
0.81657994
0.2673565
0.12763703
0.14686209
0.5422316
0.2425013
0.67669415
0.7088634
0.79323065
0.8567613
0.88972324
0.9099524
0.91374844
0.9117167
0.9049138
0.8820314
0.8785168
0.7977529
0.7491556
0.73815435
0.6735505
0.2454088
0.29962775
0.26623577
0.5720539
0.8873975
0.9104819
0.92419964
0.92608947
0.9188085
0.8614517
0.87767214
0.26735705
0.19951954
0.107396394
0.067563884
0.06302475
0.068851545
0.0966997
0.13972592
0.8829857
0.8902148
0.8989991
0.90986663
0.8696803
0.86381733
0.9062735
0.91143006
0.89909744
0.90933824
0.90356547
0.9170401
0.90994716
0.80617297
0.1655825
0.22236447
0.13806526
0.15841654
0.6878432
0.7193881
0.8537702
0.7253937
0.27189106
0.6563988
0.16203552
0.16235967
0.12474005
0.15651326
0.66574925
0.67538244
0.6714851
0.2759111
0.64369595
0.15573776
0.11845354
0.12179966
0.1965827
0.15324381
0.20989572
0.2758449
0.69602317
0.80146533
0.7015183
0.6314459
0.22223276
0.197778
0.22328058
0.6947044
0.8179586
0.7287349
0.74034405
0.76855195
0.84874916
0.72689027
0.17784357
0.15910356
0.19918673
0.75718015
0.30106205
0.26450175
0.13825825
0.12400101
0.16236237
0.8369791
0.78471696
0.7904583
0.90703374
0.92266333
0.9134672
0.8279103
0.72441447
0.11170416
0.10080147
0.1375063
0.3584722
0.88446414
0.8250688
0.7667705
0.12028729
0.07671682
0.07708924
0.10619395
0.7036943
0.73478144
0.7887699
0.8961223
0.89271045
0.7583849
0.70514566
0.65051615
0.14630254
0.12278569
0.13214152
0.1936699
0.33262405
0.71680063
0.8389222
0.8004852
0.7944623
0.86850953
0.86361384
0.7807048
0.7642673
0.8151941
0.8905489
0.9052749
0.8892573
0.7707138
0.15155877
0.10757681
0.09212406
0.087944254
0.09738441
0.14485471
0.17049985
0.20415258
0.5624712
0.22183342
0.58513695
0.21917617
0.2628368
0.7349876
0.21986195
0.22515233
0.4713298
0.22232275
0.41799834
0.8632001
0.88348824
0.8325049
0.23419791
0.27224818
0.20008233
0.5872165
0.612651
0.6107198
0.14563291
0.12713769
0.09525443
0.10088331
0.14808187
0.84019107
0.83250225
0.19974141
0.18113995
0.63944376
0.64231545
0.6970312
0.81041306
0.27208075
0.28299147
0.84228534
0.8900395
0.8767728
0.74711066
0.7143923
0.7933414
0.19948518
0.15269518
0.1930234
0.5740477
0.11804165
0.08771479
0.08342105
0.1029261
0.21633512
0.27144676
0.6509419
0.61595345
0.18685211
0.22770366
0.21570848
0.14611164
0.18042618
0.85854614
0.88700867
0.7615374
0.8669489
0.22197625
0.07578402
0.06612107
0.056767084
0.06563832
0.12386987
0.17653587
0.7224401
0.20668805
0.1250881
0.29238984
0.8467174
0.31606966
0.8124064
0.72745746
0.084960856
0.059175823
0.060280994
0.0930139
0.8741674
0.9213243
0.9269634
0.93192655
0.93178844
0.9291961
0.90730333
0.8279059
0.18871975
0.7241094
0.089501604
0.07302714
0.098726995
0.77462614
0.78336644
0.36563045
0.89367926
0.89675295
0.20827584
0.16030113
0.19066015
0.7766694
0.13796449
0.093053006
0.061868474
0.059672005
0.06400749
0.07649274
0.15027277
0.70873713
0.12526457
0.10276753
0.14739351
0.19538866
0.29794157
0.77300096
0.8750636
0.74574757
0.23430319
0.17102735
0.093335554
0.08910358
0.12584798
0.14173202
0.68421954
0.4871891
0.7099739
0.12478252
0.07784494
0.06768878
0.069110386
0.08242482
0.12520239
0.76261735
0.7493231
0.8477819
0.14642654
0.09667281
0.098159775
0.123048864
0.68650806
0.7899685
0.15750547
0.12209454
0.11977109
0.18712962
0.87864727
0.9049137
0.83645546
0.7603175
0.74534065
0.7982252
0.8952719
0.8998952
0.83120143
0.78359205
0.8161867
0.8559667
0.89886653
0.8370987
0.7674298
0.14248031
0.10795893
0.11388087
0.17717496
0.8452615
0.83877975
0.89305913
0.8489773
0.84066606
0.8915562
0.81739503
0.76673305
0.734107
0.13799874
0.1019685
0.109705046
0.22733249
0.17494197
0.66582346
0.6602283
0.6317173
0.2021358
0.23017867
0.21396981
0.6920144
0.74129826
0.8554039
0.73691624
0.37592754
0.29720563
0.782148
0.21276492
0.18453382
0.61582285
0.1811502
0.17894335
0.62953424
0.25377703
0.6458999
0.38357645
0.35724217
0.28008357
0.14762169
0.1344278
0.17307302
0.74731606
0.21699882
0.20978314
0.6879077
0.81056505
0.72105545
0.70708835
0.6854616
0.1980564
0.23372258
0.6666058
0.10390187
0.07038859
0.07414287
0.07132524
0.13932885
0.3568371
0.9069598
0.9246694
0.93839514
0.92517054
0.91629267
0.15168169
0.08430853
0.06296917
0.09394595
0.074215464
0.10842535
0.6890628
0.10307626
0.07332097
0.09236517
0.08173453
0.09656653
0.16684791
0.22312802
0.4147111
0.8047835
