0.8694
0.8992073
0.89327693
0.8771284
0.7332664
0.3143697
0.400288
0.44681805
0.7782713
0.4366079
0.31677115
0.69449395
0.82930917
0.266806
0.12030918
0.11288074
0.07052619
0.061929032
0.06166796
0.066105306
0.08666276
0.34499836
0.90544397
0.9282812
0.9257389
0.87273484
0.9006154
0.76995456
0.12273237
0.07783923
0.08018818
0.108417615
0.6239691
0.6469707
0.6397258
0.61545485
0.52895963
0.20271344
0.2004603
0.6080803
0.60145503
0.6156182
0.613098
0.18334326
0.17034529
0.5908698
0.60380965
0.15139145
0.124210194
0.19301811
0.13625666
0.17696147
0.84845084
0.8013672
0.8993498
0.8743548
0.11461815
0.08254319
0.105974175
0.109629765
0.20350118
0.81488633
0.6934374
0.112115145
0.07545794
0.06775148
0.08214272
0.14527975
0.7690618
0.85884017
0.119714946
0.077153236
0.09864327
0.079804026
0.13229743
0.885306
0.88984734
0.10713402
0.083032615
0.06512101
0.09861068
0.11509744
0.8660056
0.90304035
0.9083988
0.16701356
0.13159646
0.6928747
0.08911934
0.06550261
0.086390935
0.11365811
0.8566779
0.88388056
0.83619416
0.09089766
0.06485332
0.06615977
0.10947386
0.81742346
0.20203517
0.3877483
0.89956987
0.83934635
0.08898043
0.064928755
0.058891527
0.079648696
0.117758594
0.84044707
0.8844179
0.11125634
0.067553714
0.06918461
0.071484685
0.10389154
0.70392007
0.6932614
0.23330173
0.10949388
0.10291878
0.13636114
0.1523288
0.66404617
0.7067061
0.74151474
0.8224861
0.6875244
0.38782203
0.37110618
0.25534436
0.30698577
0.80477303
0.7945408
0.8427832
0.74401337
0.7069255
0.70277524
0.8017284
0.67709005
0.25240123
0.31458467
0.26632804
0.5315031
0.20917171
0.21758866
0.7479455
0.18924746
0.14620234
0.22442035
0.15379025
0.20489323
0.8677292
0.90086645
0.8764623
0.5698574
0.1621435
0.1754194
0.6395101
0.66490346
0.65799445
0.6420729
0.6207063
0.20969963
0.22250621
0.7783934
0.6840279
0.68103236
0.80913496
0.12501507
0.08397153
0.09297337
0.07942664
0.09154759
0.1765016
0.11573217
0.12862587
0.25818825
0.656683
0.70279396
0.7492839
0.8659564
0.8415967
0.16746484
0.117623135
0.11886996
0.19722264
0.17421094
0.76673925
0.9007276
0.9202085
0.9183969
0.9059468
0.85274833
0.86754584
0.7862888
0.72345185
0.7059413
0.68338996
0.6711611
0.774452
0.24971473
0.14278837
0.1308424
0.20716219
0.19395487
0.18380204
0.6210364
0.60722286
0.27424115
0.6112063
0.57918733
0.292238
0.77351916
0.40315408
0.26443508
0.11621517
0.0907647
0.09128595
0.12944748
0.14223698
0.75000167
0.87498015
0.8763694
0.8225174
0.18149418
0.1492879
0.17360166
0.7419131
0.53100246
0.14334631
0.12358164
0.15479282
0.75561774
0.2213482
0.13506816
0.13696928
0.5332431
0.1854601
0.21655264
0.8697012
0.9113543
0.9151188
0.9056388
0.8741077
0.70354474
0.6605421
0.6431561
0.7789273
0.19254698
0.1128444
0.10849445
0.18844715
0.17891638
0.8166326
0.69423515
0.6704105
0.6406317
0.12723476
0.120498806
0.57751274
0.19261922
0.6203213
0.112934396
0.09645448
0.20405519
0.9035782
0.9073513
0.09200671
0.054241754
0.04986344
0.05126451
0.05323426
0.06034215
0.08736084
0.78554124
0.3090774
0.9017726
0.92679757
0.9373735
0.9365158
0.91550046
0.84978235
0.20223932
0.76964027
0.080366276
0.06377334
0.049925137
0.050537832
0.051972013
0.056993898
0.08451241
0.82725024
0.9074679
0.8640233
0.89328915
0.26916522
0.106618606
0.12536195
0.671677
0.4002439
0.81224287
0.20578785
0.18846454
0.82378244
0.91994864
0.93267626
0.92122555
0.7959431
0.111165255
0.121298075
0.0861624
0.09050142
0.2031473
0.118932016
0.14457852
0.6333596
0.18440858
0.17533402
0.30253178
0.6010775
0.20871097
0.20156062
0.27579924
0.81812406
0.8354956
0.7054014
0.6884484
0.7121913
0.7474109
0.8454365
0.8335546
0.84896946
0.7316618
0.31508076
0.19599558
0.19078681
0.5019125
0.16035268
0.14406975
0.25174314
0.14719774
0.15837924
0.6473207
0.15074311
0.112181276
0.1424996
0.6807307
0.11434569
0.08062855
0.08432773
0.1651097
0.13667153
0.07347304
0.070052475
0.09499599
0.07624511
0.14023839
0.14918634
0.10932972
0.16307943
0.16660853
0.13892868
0.8437719
0.8743758
0.3992421
0.8408531
0.89195526
0.9142628
0.92969054
0.92927027
0.91074413
0.55125815
0.8417357
0.7964827
0.082920864
0.06944016
0.07991926
0.138357
0.11705336
0.1692146
0.7781117
0.10604458
0.07533085
0.06817505
0.08104719
0.08882339
0.08489343
0.072743945
0.08342564
0.11434722
0.71910125
0.15194273
0.09687649
0.11655132
0.71519154
0.2974163
0.8394731
0.22631714
0.15446302
0.1017071
0.11164892
0.5751579
0.13459246
0.12855831
0.18184789
0.8052101
0.70543295
0.6721379
0.6494503
0.65653133
0.64057267
0.64388824
0.6652118
0.65568274
0.15582412
0.1248148
0.13997391
0.7081533
0.7262571
0.7689028
0.8853722
0.8386802
0.8306318
0.90554875
0.85232794
0.80847377
0.112009406
0.06907509
0.05984676
0.06640322
0.08273451
0.12612846
0.7788769
0.8696594
0.7507748
0.19216019
0.26527107
0.10377933
0.086300254
0.0979387
0.1720872
0.29105678
0.7967794
0.46597925
0.67116463
0.6475582
0.3119103
0.6526498
0.645718
0.2378552
0.32280728
0.21899593
0.16137312
0.1711009
0.31472892
0.699989
0.81774944
0.7306417
0.71028477
0.75383323
0.85716796
0.85858166
0.89417946
0.89484596
0.845679
0.83080435
0.8399209
0.22765163
0.25222543
0.20977382
0.15251765
0.18150389
0.1681192
0.6860284
0.18865637
0.45101893
0.9065545
0.90368986
0.09884182
0.06647824
0.08289533
0.10259833
0.71706396
0.115201645
0.099755965
0.15727736
0.9052148
0.91640276
0.8525964
0.07595273
0.050404403
0.04796492
0.051386703
0.055259746
0.06114632
0.09431021
0.8282167
0.8259788
0.8959572
0.15179873
0.08201854
0.11849804
0.095797196
0.12334687
0.09936026
0.10617625
0.14547554
0.87901896
0.8293714
0.7932497
0.104410365
0.08450966
0.063459896
0.06922077
0.10071417
0.73550105
0.8213835
0.20888598
0.12515345
0.12980786
0.21885392
0.78943884
0.6504078
0.6345692
0.16866693
0.16050206
0.5816717
0.18219183
0.22761635
0.7000271
0.686642
0.13621463
0.10545966
0.14529945
0.8770359
0.8928847
0.87924016
0.8731603
0.9099482
0.8157236
0.74290645
0.098054774
0.0836743
0.111230746
0.6964881
0.33877736
0.19281124
0.6395074
0.1652044
0.15451993
0.6385808
0.6241117
0.625342
0.15018167
0.13221307
0.20843768
0.19328043
0.189306
0.675957
0.67894834
0.68100965
0.66850615
0.14319931
0.12138648
0.21850507
0.1568983
0.687962
0.09838637
0.06628309
0.06275155
0.06366771
0.065377966
0.07512981
0.13460577
0.83644354
0.1420015
0.13458791
0.08310052
0.11066025
0.85288763
0.8641532
0.8700572
0.8113359
0.07786656
0.051049277
0.047101174
0.050465178
0.05831265
0.10268149
0.8631077
0.87869644
0.87350076
0.8712855
0.84809667
0.7785751
0.770106
0.22069874
0.16879256
0.8151175
0.8985184
0.9314631
0.91145736
0.11042202
0.07781994
0.11111761
0.72557956
0.09606537
0.06471955
0.061399262
0.06301813
0.067045294
0.084848136
0.088428505
0.14099866
0.8079617
0.16489373
0.14494374
0.23004608
0.44799367
0.80302876
0.1992233
0.15383595
0.24386878
0.17617093
0.30324218
0.62921995
0.6043421
0.28344327
0.5515053
0.8194259
0.7543325
0.83196497
0.69622356
0.6253689
0.10458396
0.080998115
0.08172162
0.13036461
0.6381905
0.13031338
0.12829684
0.16859059
0.89372116
0.9281822
0.9297161
0.8888205
0.81504136
0.752505
0.68586737
0.102294266
0.09540255
0.14816578
0.8588959
0.8548464
0.12237687
0.09123407
0.09923031
0.15427104
0.80816
0.7165459
0.7037073
0.348006
0.17280082
0.11541454
0.1592976
0.10355561
0.14597197
0.88259524
0.90942854
0.860655
0.84308946
0.8526631
0.88067555
0.92366844
0.9331179
0.9302721
0.90267146
0.09465513
0.062192634
0.07799708
0.07151212
0.13105728
0.09258559
0.07193135
0.07394458
0.097231425
0.7902847
0.90876234
0.92891544
0.9324845
0.92961985
0.91443443
0.7950878
0.11336465
0.090855524
0.11299866
0.6289485
0.2353831
0.16150777
0.122781515
0.20760275
0.14323354
0.5718283
0.12927654
0.109804265
0.1653729
0.88961816
0.9235522
0.9087679
0.923714
0.89371115
0.11884322
0.086859725
0.09553892
0.12491693
0.30631393
