0.7711161
0.7945548
0.7895506
0.81140965
0.85023457
0.88123006
0.9026711
0.9086307
0.9080592
0.9032919
0.8945208
0.8912087
0.8984359
0.9018961
0.9003004
0.8995572
0.8830108
0.87313986
0.8714122
0.7506265
0.2447735
0.22183914
0.56271744
0.33763272
0.20038185
0.2481568
0.6333656
0.1458377
0.13322315
0.08262714
0.07245837
0.06802908
0.07099333
0.08433646
0.13854955
0.89083457
0.91903263
0.92003787
0.89567775
0.6990635
0.6877224
0.6650862
0.10229696
0.08321213
0.109845504
0.75350463
0.8644049
0.104444265
0.061981473
0.059666988
0.06684841
0.099625215
0.69217384
0.102284655
0.08305049
0.096751764
0.15895797
0.8883336
0.9249821
0.9408696
0.92882246
0.90690106
0.24291271
0.15044436
0.09294553
0.05213276
0.051287342
0.05403597
0.057240035
0.06792401
0.124191426
0.8710292
0.8553246
0.1560973
0.12718481
0.15292746
0.7412766
0.89012545
0.9132706
0.9111994
0.8895827
0.7944284
0.719015
0.70945823
0.7794879
0.86768574
0.8564348
0.4460136
0.23249416
0.31526327
0.28312245
0.18241596
0.18560153
0.39492673
0.80110896
0.6764674
0.62290436
0.64158916
0.64553344
0.6342687
0.6279456
0.5946242
0.31467828
0.50982857
0.22464028
0.35963807
0.7816174
0.18774289
0.21224344
0.13499764
0.21135792
0.86579436
0.76159424
0.10661181
0.06756728
0.05855587
0.06395244
0.076317534
0.12812984
0.7320379
0.10632704
0.07532586
0.07737477
0.1539027
0.20091225
0.1364841
0.06515673
0.059132405
0.055382192
0.059051253
0.091984056
0.8768191
0.90367615
0.9341392
0.94214344
0.8830694
0.07017925
0.048646446
0.049388066
0.06677275
0.057545453
0.069512084
0.1205393
0.8513458
0.81867915
0.18414178
0.18620813
0.83560497
0.15837488
0.1463281
0.73804027
0.09897199
0.065081514
0.07001961
0.0681722
0.076254845
0.14447767
0.15610896
0.079134315
0.08735945
0.1060979
0.6761434
0.1714391
0.14812708
0.71736306
0.45090106
0.7739227
0.8624771
0.17558756
0.08994761
0.08183115
0.11024637
0.12700018
0.12816596
0.25155365
0.72544485
0.8701724
0.8920103
0.8747431
0.7341822
0.6877643
0.56725204
0.15024863
0.17881492
0.10806966
0.1248201
0.64466816
0.23286207
0.779737
0.87191945
0.14474007
0.15157427
0.079294026
0.059624948
0.0785893
0.062183894
0.08716458
0.8608083
0.91139203
0.9341889
0.94463974
0.94285625
0.91759497
0.07072826
0.045200475
0.042687878
0.044928238
0.049303487
0.05767079
0.08366434
0.79250443
0.83676714
0.9101883
0.85814774
0.8223563
0.7645533
0.20356618
0.6610173
0.10381877
0.0824797
0.11299293
0.14537929
0.809369
0.6578631
0.1382364
0.13389786
0.62799215
0.10219517
0.07501559
0.08544554
0.10665971
0.8035701
0.83089674
0.90380245
0.80211824
0.14724633
0.15100518
0.79835665
0.8724586
0.9003851
0.91464597
0.8130226
0.14306267
0.16126673
0.82250625
0.9061278
0.8231432
0.14614524
0.20081
0.10514928
0.120594196
0.57098395
0.16006146
0.16496797
0.6497821
0.6750325
0.69496506
0.6978146
0.6774467
0.41157335
0.763912
0.32692537
0.22889419
0.29621264
0.842328
0.8805451
0.8196744
0.83243835
0.20790584
0.17284001
0.24183771
0.18916085
0.54771227
0.27320126
0.1912608
0.24469343
0.5888949
0.20460019
0.19783111
0.5573929
0.16975486
0.14120401
0.1425061
0.1956172
0.2427681
0.6378445
0.63836503
0.23213919
0.33590963
0.26243925
0.12121085
0.11569007
0.08353777
0.08184899
0.11220186
0.7974999
0.9175162
0.9264301
0.8952131
0.08526271
0.05397742
0.055979908
0.05896591
0.06344683
0.06643752
0.07005955
0.0677913
0.060410924
0.061765913
0.08867661
0.19366913
0.90153456
0.8848921
0.808133
0.21194485
0.7293564
0.098006375
0.069796205
0.09678382
0.11059215
0.8614495
0.9043634
0.9049987
0.8641193
0.08490712
0.062480636
0.06423212
0.116403
0.74737436
0.23532315
0.8144316
0.84602493
0.82786345
0.19134891
0.13710722
0.08396957
0.10418295
0.84215033
0.9231885
0.93125176
0.87783116
0.9058403
0.30180445
0.14945222
0.06525481
0.06046439
0.053713292
0.057233684
0.06727229
0.12000838
0.73523426
0.6618928
0.16040711
0.15012957
0.76754147
0.8518323
0.9261382
0.92984504
0.8964047
0.11642031
0.088550024
0.16057554
0.09722916
0.12154213
0.7824242
0.7833687
0.76651484
0.759327
0.12803425
0.11020179
0.19030502
0.70990944
0.11650878
0.08449277
0.08670527
0.18087053
0.11209593
0.16129327
0.18834433
0.18967637
0.7200407
0.7276359
0.75934047
0.83835125
0.5888701
0.3676781
0.19455646
0.18917662
0.3431401
0.8520386
0.913885
0.92083573
0.8921808
