0.8288388
0.885885
0.90140635
0.8965332
0.8823994
0.8699759
0.87240094
0.885592
0.9060752
0.90513957
0.8651684
0.25148624
0.1701428
0.21255381
0.23503919
0.2965054
0.24649185
0.6586559
0.6862175
0.72518677
0.8315488
0.7314845
0.6962219
0.6663158
0.6423364
0.6397383
0.16562481
0.16755792
0.17564322
0.11107356
0.111310035
0.16571066
0.51642615
0.18302396
0.24653414
0.15439719
0.16370845
0.5702048
0.17352742
0.1541355
0.17650814
0.65696824
0.6660237
0.66021955
0.16044629
0.11170169
0.10487566
0.17593636
0.11282588
0.11838662
0.17182744
0.8493934
0.86168617
0.68343365
0.63660634
0.5647705
0.587093
0.57947206
0.21024087
0.14293565
0.19275418
0.1599276
0.145671
0.27375898
0.3756252
0.8083784
0.6654527
0.17899342
0.100430295
0.08487671
0.093052045
0.14141163
0.7577841
0.17038567
0.15105394
0.13345642
0.10907945
0.13042535
0.6632315
0.6528699
0.63896835
0.19019997
0.18707733
0.7937996
0.25389627
0.12509933
0.14690268
0.81904805
0.6518328
0.1022363
0.0877337
0.15648472
0.83707255
0.2034168
0.086066194
0.08865489
0.30701464
0.9072302
0.89045674
0.80908483
0.07496597
0.050217386
0.046358183
0.050529737
0.059567273
0.11396441
0.89136505
0.8950169
0.41348508
0.89268965
0.92431766
0.8595403
0.25393686
0.7971241
0.7631815
0.07606256
0.051665753
0.04957771
0.05563838
0.0630956
0.10259155
0.84184515
0.8592683
0.8387211
0.11447959
0.06431837
0.06109225
0.08807575
0.15629098
0.08687229
0.11334346
0.68830997
0.11353231
0.086974874
0.13767135
0.7017696
0.142671
0.13310021
0.65285313
0.12817495
0.110075034
0.2241729
0.76007605
0.3342598
0.20696919
0.7432613
0.7361516
0.7662822
0.18128034
0.087084636
0.06639591
0.068070106
0.08346273
0.13831143
0.1509902
0.09205733
0.09530358
0.1320669
0.106564455
0.14393887
0.68181866
0.62342453
0.14705746
0.12985685
0.14513285
0.26940477
0.805065
0.73600733
0.8215627
0.6824709
0.67111915
0.6656489
0.18354551
0.27304164
0.199374
0.088199414
0.08673909
0.07746226
0.11222763
0.7685936
0.72007036
0.11392366
0.08812728
0.10441327
0.66494
0.10325186
0.07888504
0.109182596
0.8751631
0.9167683
0.9191744
0.8611137
0.0889307
0.069174536
0.09152872
0.65365446
0.11399024
0.11979596
0.123761624
0.86750245
0.92676777
0.9374461
0.933079
0.88059425
0.7951406
0.09546981
0.08788819
0.18669164
0.742432
0.11257744
0.09852535
0.09925093
0.07558401
0.10353706
0.09799063
0.1603678
0.81779337
0.22565633
0.11147133
0.091650434
0.08859377
0.105441205
0.16394855
0.24407732
0.88315713
0.91806746
0.92104805
0.8843822
