0.18124716
0.08302882
0.06936751
0.07014914
0.08221247
0.17388943
0.7328332
0.6578537
0.11388838
0.0963726
0.11031737
0.8336011
0.91544384
0.92283946
0.87439114
0.78795224
0.7185236
0.7424452
0.8438517
0.9067204
0.85254353
0.8700007
0.14073607
0.15586556
0.15700534
0.82039094
0.1609957
0.06386048
0.052186042
0.056781206
0.09990513
0.15941696
0.8961086
0.930706
0.94509006
0.9458216
0.93319964
0.25596455
0.06461354
0.047233973
0.05069034
0.05597855
0.060779236
0.060190145
0.058147684
0.056990273
0.061923362
0.10064268
0.88515645
0.916403
0.9152159
0.8432841
0.07828925
0.054072
0.05402002
0.067431815
0.10251991
0.684181
0.08746626
0.058746375
0.05444637
0.05780357
0.08884891
0.8733542
0.9144137
0.93321675
0.9428574
0.9423833
0.9154463
0.85907227
0.06728532
0.04727778
0.04902174
0.05527213
0.060900494
0.06720752
0.062739804
0.059610486
0.0588664
0.065306775
0.09744683
0.8005314
0.89419293
0.8733139
0.90100867
0.91948634
0.892778
