0.8115065
0.8290277
0.8265724
0.85602033
0.77308476
0.6941914
0.52019584
0.5690007
0.2571872
0.19280912
0.2261994
0.50596917
0.19513045
0.13725653
0.14508659
0.52408546
0.22681968
0.43569058
0.82764524
0.7288291
0.71079075
0.7149962
0.8162871
0.1462301
0.112201124
0.08079425
0.094458036
0.23018037
0.73925364
0.22906001
0.08943895
0.067047484
0.06662122
0.069004044
0.070327215
0.07318762
0.100351766
0.07429281
0.06131742
0.06537893
0.068915725
0.19055855
0.8716227
0.88806343
0.90660983
0.91456074
0.91962755
0.9280754
0.9053139
0.85822266
0.84931225
0.81233686
0.08138934
0.0544165
0.054300856
0.0733901
0.2568553
0.8679734
0.15917854
0.07344355
0.06827726
0.099611044
0.6628907
0.10945697
0.09129979
0.17298792
0.19605061
0.715882
0.6799989
0.18298861
0.1161318
0.121709056
0.20888211
0.3210382
0.86021477
0.8849152
0.829689
0.8634074
0.77429664
0.7125385
0.22298703
0.13463435
0.11474154
0.1200186
0.18167908
0.68055123
0.8010419
0.32985282
0.63778
0.62808937
0.6401985
0.6218955
0.6384583
0.61926866
0.23173581
0.62742853
0.6367983
0.17780505
0.095011406
0.08973055
0.11310751
0.25765905
0.76376164
0.26135337
0.33688855
0.26763546
0.26150343
0.79172605
0.6694678
0.6056789
0.58013797
0.5340418
0.17971796
0.2339547
0.21833727
0.22139907
0.7724459
0.6700378
0.6234564
0.6165868
0.5961392
0.10920131
0.081150725
0.090820186
0.18965392
0.09944443
0.068363264
0.06369174
0.06400014
0.07195768
0.12312326
0.82938343
0.15502463
0.0874633
0.10567126
0.85082114
0.9127776
0.9367323
0.9405275
0.9359372
0.9067794
0.0936206
0.07431627
0.12935565
0.6879155
0.10735118
0.09000865
0.17082909
0.8756966
0.78606814
0.098353714
0.05677363
0.049678013
0.05232001
0.061657846
0.09406691
0.87825495
0.9195568
0.94240427
0.9235767
0.8515801
0.068265155
0.046548743
0.042787682
0.046869874
0.05330741
0.07932064
0.8120349
0.9164674
0.9276907
0.9035553
0.17912236
0.12908985
0.62845564
0.095478214
0.092540234
0.06259292
0.06784235
0.18948108
0.89266986
0.9323006
0.9284021
0.91697997
0.91018707
0.10007403
0.054637626
0.053067382
0.06851136
0.11220668
0.7929366
0.19571693
0.2802977
0.7077153
0.70351785
0.7222092
0.76640505
0.7920715
0.79189944
0.75146174
0.13647746
0.11057008
0.15454464
0.12474232
0.10237862
0.11439437
0.17992172
0.67077756
0.8036066
0.7581967
0.86594874
0.8798135
0.83566064
0.8691736
0.7824748
0.2334924
0.10789603
0.079560086
0.0702672
0.07723527
0.110092826
0.6886675
0.23397647
0.13243233
0.14156693
0.70222765
0.1069644
0.07789569
0.07282116
0.075595014
0.080317475
0.08026019
0.075893655
0.072937824
0.069088235
0.064458326
0.059920993
0.058072433
0.06910396
0.11081398
0.9015685
0.9361772
0.9366134
0.9173554
0.1147322
0.10662945
0.1062971
0.6713164
0.08698206
0.060621113
0.0630003
0.11357512
0.9051737
0.93825495
0.9358865
0.8197509
0.07422081
0.05928
0.09006229
0.07906132
0.073574945
0.113424785
0.07959625
0.08992749
0.17871389
0.20450684
0.6635995
0.6974633
0.7390951
0.83067185
0.7573358
0.7375993
0.7327762
0.7289232
0.81133366
0.23752284
0.20534837
0.11623963
0.09442986
0.08660166
0.082213536
0.08020976
0.07913586
0.07802134
0.08481181
0.11587534
0.117078796
0.09756883
0.14146078
0.18898277
0.7728014
0.8576826
0.72003216
0.66531503
0.6275261
0.35517156
0.3639333
0.84042203
0.7903287
0.7809662
0.8982681
0.8970831
0.72762096
0.18560189
0.28840497
0.84045446
0.7677026
0.7362666
0.7224845
0.148349
0.17251272
0.110265896
0.19683373
0.18869427
0.09071986
0.08660488
0.10531698
0.08540467
0.09552709
0.10744582
0.14964779
0.70083785
0.8044519
0.28647062
0.15812916
0.14386521
0.24361172
0.17394172
0.6237002
0.13518223
0.09605192
0.094635345
0.11815514
0.739558
0.87964004
0.8866458
0.77814424
0.85847586
0.7414555
0.8134848
0.15315649
0.112788625
0.12189577
0.30173796
0.8216633
0.13949953
0.10845528
0.087988086
0.07534541
0.10332122
0.65514565
0.12984936
0.13269207
0.73420954
0.74387974
0.11244459
0.106199786
0.07182113
0.06458604
0.059207436
0.06030294
0.06066305
0.06245732
0.11279049
0.9016262
0.9185615
0.9318239
0.9159631
0.9213397
0.9345747
0.90643585
0.8239544
0.06586608
0.04977815
0.04969035
0.07301146
0.065337844
0.062218904
0.09232887
0.08961699
0.14031908
0.8953554
0.89640784
0.15137166
0.13472888
0.68642366
0.09797694
0.07031538
0.097372465
0.07729934
0.11125115
0.78751093
0.77106243
0.7808586
0.13578598
0.071413495
0.061736505
0.06660919
0.07952697
0.1242718
0.71847075
0.1316411
0.08462997
0.08972198
0.12311133
0.103173345
0.12342492
0.2538083
0.6364155
0.6096119
0.20066884
0.18581948
0.22918616
0.801802
0.897424
0.9134424
0.90772617
0.8859159
0.8902001
0.9017906
0.8988493
0.86742187
0.81717974
0.8059692
0.82366574
0.847029
0.8520866
0.8404014
0.83698946
0.8485704
0.9003798
0.9052592
0.8470128
0.8126319
0.78946143
0.15706417
0.0721193
0.057385843
0.05789932
0.063765876
0.07661599
0.110595345
0.69267505
0.12221011
0.12948297
0.15535441
0.73235667
0.099206574
0.064844206
0.06061056
0.059763256
0.05983391
0.06560086
0.10239321
0.8279641
0.7857468
0.16746145
0.18630473
0.88591886
0.8866352
0.8392154
0.13672492
0.1479553
0.79513836
0.80071664
0.13166842
0.13042751
0.7142318
0.092094064
0.06103157
0.06263201
0.07072466
0.11024319
0.758051
0.21687
0.14705493
0.19175534
0.7469494
0.10200637
0.066018716
0.064614154
0.07632996
0.0749014
0.092453174
0.23347391
0.6987784
0.110552914
0.07739498
0.080473825
0.09856423
0.19339791
0.21075048
0.6487928
0.22416128
0.1555686
0.2172966
0.16703586
0.14164488
0.25112283
0.68888646
0.68584496
0.70477647
0.7042111
0.16673389
0.10514807
0.13924874
0.12464007
0.121553846
0.24467416
0.7554982
0.20831928
0.17458951
0.23814382
0.6484789
0.66420853
0.66368353
0.63678354
0.6413179
0.62119126
0.15140493
0.12259615
0.14325644
0.62255466
0.7621756
0.4062714
0.23927611
0.3583329
0.6283271
0.63263494
0.17174959
0.13988993
0.2227522
0.15895936
0.12145714
0.20138071
0.11260264
0.11646822
0.23169547
0.6482786
0.6357084
0.63416433
0.09976952
0.07345055
0.08552919
0.17866391
0.8336424
0.11422639
0.068535306
0.057978153
0.0608286
0.07645686
0.13854736
0.8938642
0.8926788
0.103705965
0.06760983
0.075020455
0.12463431
0.8722678
0.8348407
0.13902369
0.108542256
0.118302956
0.8435919
0.8965132
0.9312184
0.90857446
0.9004519
0.86083394
0.10305366
0.12830934
0.12124872
0.06724743
0.091800876
0.08165587
0.12665173
0.7447659
0.10883525
0.072747305
0.06992096
0.073974855
0.069603905
0.06551548
0.06151573
0.059560835
0.06700931
0.11816954
0.8371219
0.89842993
0.8113069
0.8065004
0.2381927
0.17130542
0.70511156
0.10310924
0.07767083
0.062039595
0.06379651
0.07925308
0.082210384
0.12284427
0.72283816
0.68556947
0.29108697
0.2148098
0.30766293
0.7256552
0.8353579
0.7483198
0.7576586
0.85735565
0.78583235
0.7286498
0.7135522
0.14642416
0.106018655
0.098735236
0.11093096
0.14266774
0.3593273
0.7959689
0.69522667
0.69863725
0.7095306
0.7726085
0.8343014
0.87919563
0.8759364
0.81593144
0.82519513
0.86463094
0.7964464
0.7242467
0.1711744
0.12601164
0.11171056
0.1176495
0.24007279
0.18727577
0.14421809
0.27766892
0.10372422
0.083075404
0.07683952
0.082678124
0.11876618
0.13173212
0.69582856
0.41938972
0.7032248
0.107666396
0.06806046
0.06775707
0.06701898
0.094261885
0.6880777
0.1945918
0.7337969
0.30354762
0.24568409
0.8873911
0.9238474
0.9295736
0.92958075
0.93020767
0.9307651
0.9239662
0.84467334
0.079216674
0.05554867
0.06262843
0.08557103
0.8410807
0.9016183
0.92256343
0.93322146
0.9371408
0.8745825
0.07018882
0.049383245
0.049920164
0.07345816
0.076601915
0.13984728
0.76932293
0.10265218
0.06384404
0.06307464
0.08570596
0.071701124
0.09949089
0.7427845
0.7251345
0.7229917
0.34571868
0.69947433
0.14325999
0.15820098
0.08829795
0.08595296
0.103240654
0.17641209
0.8479894
0.8650222
0.7616304
0.709483
0.68311936
0.24788062
0.17483558
0.26157358
0.17628117
0.11063827
0.09793971
0.095156364
0.09440514
0.10400616
0.11524787
0.14350119
0.25149992
0.78671074
0.652285
0.2907632
0.6481136
0.644669
0.25890383
0.14125778
0.15656778
0.18729283
0.6594122
0.11490536
0.09195562
0.08924518
0.15176661
0.82354945
0.110342
0.06730953
0.06498223
0.07042317
0.09728223
0.091796525
0.11756532
0.08718737
0.12639767
0.74371934
0.107190914
0.076278426
0.057762668
0.054908045
0.059349045
0.09481274
0.8815293
0.91441226
0.924207
0.9180099
0.8909572
0.08841632
0.050952043
0.046940703
0.05382524
0.07101866
0.14536943
0.87851644
0.8571873
0.10000143
0.06678779
0.08191301
0.16772838
0.099945016
0.07429408
0.07280745
0.07616953
0.07159258
0.06807202
0.066754185
0.0714246
0.10220783
0.6995276
0.13758738
0.18198936
0.17799443
0.29342502
0.8834157
0.80526006
0.13603851
0.16013624
0.07642852
0.073249765
0.09850115
0.7405637
0.7770067
0.8818712
0.81664294
0.7808047
0.7797368
0.7656042
0.4433709
0.48143157
0.8076397
0.1839695
0.14630066
0.24691942
0.52010953
0.15630615
0.15300922
0.26196808
0.57705814
0.53884566
0.85964113
0.91403973
0.9184113
0.8832571
