0.785723
0.82254595
0.8393053
0.87076396
0.8938899
0.9064221
0.90885854
0.9017097
0.87143135
0.8539677
0.8576705
0.86775047
0.8787516
0.7753925
0.1872222
0.1402108
0.13349116
0.15069784
0.59609467
0.1351455
0.100706704
0.097222894
0.14043155
0.16642466
0.16861957
0.69081485
0.7994051
0.5802098
0.18536775
0.124671355
0.122052394
0.17325722
0.85183114
0.876452
0.77072686
0.83976483
0.69230163
0.6425337
0.7575543
0.19356574
0.16671649
0.59779
0.15822016
0.08864265
0.07416763
0.07624718
0.0918078
0.1591358
0.71709
0.71061313
0.71285135
0.8536637
0.7229004
0.684746
0.6966288
0.11285309
0.080201685
0.10044474
0.08178063
0.09145878
0.13023104
0.6904785
0.11826835
0.0823956
0.08412417
0.080416426
0.075080365
0.076043986
0.08349428
0.123372376
0.15925072
0.8123401
0.17214951
0.18466207
0.10299031
0.11836782
0.73529094
0.7280239
0.76887167
0.7913168
0.80714685
0.9053278
0.78656155
0.078028716
0.056286614
0.06372458
0.06496375
0.07880437
0.16920397
0.13949302
0.12275101
0.08396836
0.07927535
0.10703137
0.10192831
0.12887275
0.6200391
0.7458229
0.2520803
0.3168071
0.28109583
0.63458145
0.6725268
0.7964017
0.21630828
0.21357223
0.19749066
0.75220376
0.1403261
0.09381535
0.09329596
0.12705195
0.13640414
0.11271859
0.18037356
0.09590065
0.090310626
0.111999
0.6419239
0.63750154
0.67383206
0.7907343
0.18873768
0.20353611
0.13340577
0.20476817
0.19885355
0.8460138
0.7933976
0.7610083
0.75186914
0.83667356
0.12981732
0.10728249
0.09274659
0.13263601
0.16805765
0.8356703
0.85964555
0.75754386
0.8489124
0.83166325
0.1721864
0.118920065
0.12795007
0.08956025
0.086445406
0.096388325
0.18438143
0.0980449
0.09328152
0.106013566
0.17520784
0.6592278
0.62519586
0.15918492
0.1256408
0.14082071
0.6142788
0.3954103
0.70602447
0.8325526
0.35095075
0.120334625
0.08995784
0.11047776
0.08263119
0.0775969
0.07923989
0.088602036
0.123572305
0.11854371
0.2270013
0.634932
0.27169788
0.25702086
0.17109407
0.18537162
0.76433825
0.57835203
0.17573003
0.16779234
0.5712002
0.48698717
0.8717024
0.8970005
0.8719219
0.68467045
0.24716754
0.14653304
0.09888368
0.097776964
0.14181107
0.19776559
0.6835083
0.81580645
0.2596041
0.15500967
0.21692017
0.109714106
0.12469706
0.09263215
0.09109611
0.11765285
0.08960089
0.084525086
0.092815414
0.16161272
0.109598726
0.12919918
0.64336616
0.29379797
0.69019073
0.6697551
0.6524049
0.628284
0.16479424
0.13261557
0.15817215
0.79422563
0.66417044
0.14138712
0.1990516
0.15199588
0.06994034
0.06677958
0.057211664
0.057052106
0.068865575
0.17503074
0.895935
0.90429896
0.79471886
0.84383035
0.9287649
0.93579376
0.91524804
0.0927928
0.053875864
0.045975976
0.050393615
0.068492256
0.089217246
0.70043015
0.12214371
0.12502947
0.85642165
0.90489787
0.93700653
0.9317755
0.92024505
0.9121757
0.07272862
0.045693453
0.041982397
0.04602633
0.048462182
0.054026175
0.09338845
0.2779259
0.90405095
0.9193371
0.89111936
0.9229461
0.92627096
0.9118948
0.91645265
0.8358218
0.09795726
0.0792863
0.107992545
0.8160437
0.9121692
0.82900435
0.08481262
0.05818115
0.056909565
0.079405546
0.10179481
0.11270918
0.6662012
0.117948264
0.0988809
0.13114595
0.7430445
0.7156396
0.5239579
0.68740356
0.1450456
0.10677017
0.14396928
0.12397865
0.17264633
0.80363405
0.6725802
0.6548206
0.15864159
0.1294003
0.15098028
0.6878638
0.69330835
0.72128683
0.73085034
0.7081785
0.67095745
0.66046154
0.66084254
0.15733725
0.14260522
0.23480284
0.69771695
0.7082929
0.118038654
0.08452125
0.07671902
0.07427344
0.08275101
0.093099974
0.14904815
0.14453533
0.32308504
0.6615993
0.15021227
0.11425906
0.10584415
0.1236797
0.21267833
0.20757689
0.20941012
0.46026957
0.78275204
0.47112224
0.44858122
0.84920824
0.87736374
0.8176333
0.8559428
0.7536715
0.69237435
0.13604611
0.10158433
0.09852836
0.12478111
0.7963544
0.9113059
0.9112252
0.7397723
0.10223527
0.08932254
0.10115396
0.1388148
0.7112223
0.79672295
0.88435924
0.88544786
0.80342954
0.75001377
0.7977798
0.36926666
0.4198628
0.60173076
0.2917501
0.24217817
0.5873518
0.6248244
0.26104367
0.2058795
0.13106497
0.11344054
0.13155508
0.09833841
0.09661958
0.10955211
0.18181778
0.6436854
0.21765077
0.14812498
0.20580183
0.16585647
0.14648624
0.5117679
0.52342266
0.17633724
0.18168987
0.72972304
0.17088738
0.13307434
0.17408492
0.6091665
0.69116944
0.86537224
0.86813474
0.639151
0.09220826
0.06916773
0.07292661
0.10538774
0.8096721
0.8987104
0.8362477
0.79687995
0.7827654
0.74553686
0.08410634
0.057784148
0.056355804
0.068125084
0.132468
0.10052427
0.1451551
0.7992626
0.22894952
0.1431838
0.096953616
0.15742335
0.107145704
0.10008004
0.11027217
0.06644067
0.06840665
0.12365357
0.14799671
0.89008397
0.889835
0.25688168
0.70804447
0.12891906
0.124122806
0.6791338
0.09401808
0.072762765
0.055827048
0.0584408
0.08751187
0.8471768
0.8822121
0.9072829
0.91958624
0.9234966
0.9207454
0.91115206
0.8443204
0.06717892
0.047779195
0.046737734
0.057677347
0.08856415
0.7141782
0.17365445
0.26325032
0.7752126
0.28824893
0.8248175
0.8746136
0.12187374
0.09949721
0.10778506
0.13908501
0.8194627
0.16197167
0.09948738
0.1517533
0.15978715
0.6749946
0.16379121
0.21737301
0.28784528
0.7828535
0.9087536
0.9259999
0.92030925
0.88032925
0.22078285
0.24238504
0.782791
0.1942133
0.26373592
0.20405021
0.1707221
0.37171727
0.6926163
0.705635
0.31939554
0.12585638
0.092312865
0.093906425
0.19501515
0.11043938
0.11473677
0.2581989
0.30131704
0.6409911
0.31825766
0.645086
0.22726654
0.24410847
0.81400114
0.67194366
0.1283922
0.10682221
0.13657749
0.14993761
0.15368856
0.13187513
0.25255573
0.21894343
0.22445534
0.79579586
0.17492951
0.15149723
0.09580954
0.08685027
0.09479666
0.18522294
0.65471745
0.28128615
0.626686
0.16319768
0.14675342
0.22286923
0.66198224
0.6650325
0.6696856
0.15791436
0.11974237
0.11465992
0.16562352
0.73882735
0.8516745
0.2946752
0.11369859
0.078380704
0.07140565
0.076122165
0.09388275
0.15658177
0.83570945
0.76634985
0.81798047
0.91439193
0.9200098
0.8871391
0.18517415
0.16602074
0.10534378
0.13816746
0.09104785
0.10871665
0.24263647
0.092399575
0.08591917
0.088153966
0.10235998
0.25890234
0.15664516
0.32868382
0.27599475
0.14616226
0.1419692
0.18185781
0.74292576
0.18438336
0.14718726
0.15155663
0.19519018
0.7294385
0.8334532
0.78976417
0.7811046
0.7859241
0.79674673
0.8388194
0.71759033
0.17240027
0.12547073
0.10710319
0.107131444
0.12352912
0.17952774
0.7924713
0.69730777
0.7304825
0.8340606
0.7290409
0.6911955
0.14075519
0.09468563
0.079178646
0.07887326
0.08239488
0.09991825
0.20856325
0.16623728
0.6949378
0.82090056
0.6754245
0.6303687
0.17885019
0.15796565
0.2650335
0.61750853
0.6280661
0.148921
0.110029005
0.11474436
0.15744087
0.8063942
0.67858166
0.112364516
0.073547274
0.06708521
0.07699747
0.12939873
0.855758
0.79218227
0.8914503
0.77628875
0.7571642
0.71372753
0.07922909
0.053510197
0.052201323
0.066738985
0.055261277
0.058932163
0.09062803
0.85679567
0.89291257
0.9142175
0.92904454
0.91540056
0.90937096
0.9160399
0.9260356
0.83423305
0.06564851
0.04684484
0.045428537
0.055786684
0.059812736
0.07706584
0.17821448
0.85255677
0.7513347
0.7445266
0.74014616
0.71862495
0.09338529
0.064112015
0.06654865
0.06438182
0.090443745
0.07186477
0.09951054
0.75687766
0.27786237
0.8201675
0.8666827
0.17013824
0.16390812
0.81226647
0.85278803
0.8196774
0.8221687
0.7511836
0.1291286
0.13437463
0.74054503
0.87741786
0.20363948
0.0731349
0.062501945
0.08148806
0.08342936
0.1531384
0.16090298
0.1976016
0.8428309
0.8733435
0.8546857
0.7285252
0.80133575
0.67142856
0.2900797
0.6059621
0.2760701
0.28724962
0.16991903
0.10474215
0.09092261
0.096824214
0.15871324
0.7303522
0.8849553
0.8890346
0.74057144
0.7151319
0.11489348
0.108256996
0.12356188
0.06384912
0.059441727
0.06339183
0.08246646
0.14365777
0.8947363
0.8926978
0.09882268
0.06169023
0.059401903
0.0827763
0.19072348
0.8501381
0.11009416
0.06393648
0.05534235
0.06133586
0.106610514
0.8803459
0.8570443
0.8565959
0.90197116
0.91595227
0.9176126
0.9072309
0.8479629
0.07148258
0.051006567
0.05234698
0.07219495
0.107788265
0.7001542
0.09084663
0.06150099
0.05699919
0.056192286
0.06289355
0.11478447
0.899149
0.8968962
0.87960535
0.8875318
0.83443266
0.07708957
0.05282282
0.046848778
0.051784497
0.06008378
0.09546981
0.841373
0.9008439
0.37652403
0.22693697
0.11707623
0.08276181
0.119859755
0.71261907
0.098160915
0.06655443
0.06243644
0.063464366
0.06743751
0.0957497
0.17557901
0.14655651
0.76599467
0.75280076
0.2003095
0.07808463
0.061033804
0.06683763
0.083944395
0.15905258
0.35846454
0.71391904
0.15487602
0.14869297
0.08019628
0.06740206
0.063965134
0.0644181
0.07501317
0.137201
0.8091868
0.7674745
0.70717174
0.6873799
0.69793147
0.704581
0.7131503
0.751728
0.87363243
0.7788152
0.7328069
0.735537
0.16069691
0.104168124
0.13987575
0.66929
0.103484415
0.07925626
0.10387218
0.8610885
0.91063446
0.91304487
0.89799714
0.8501064
0.082382776
0.062277485
0.060109936
0.106773704
0.07920645
0.15513337
0.14611056
0.06942076
0.06011231
0.057663493
0.060219716
0.0788375
0.32680684
0.91303664
0.922901
0.8066017
0.10374297
0.081250444
0.07522442
0.090868846
0.15680915
0.8006996
0.15666774
0.09960422
0.1040797
0.127022
0.6704962
0.645313
0.24168134
0.17214431
0.1824327
0.6854332
0.6950677
0.81093353
0.17474376
0.15690443
0.10375359
0.10760978
0.169761
0.6359159
0.55712926
0.14990377
0.14770462
0.23966928
0.7920398
0.32537365
0.1626759
0.24406037
0.22788042
0.1394043
0.22405073
0.8182262
0.11683958
0.07542251
0.08159138
0.10892473
0.8796591
0.92694485
0.93740785
0.9373492
0.9286947
0.85489434
0.10143394
0.118177794
0.08700389
0.13199228
0.87138397
0.87481546
0.10719037
0.078173175
0.10349531
0.12569475
0.15230665
0.1953761
0.6598205
0.6990889
0.7291995
0.7761081
0.8790102
0.8464916
0.8933802
0.8194786
0.18386905
0.109192476
0.061958924
0.053106103
0.05758979
0.08447649
0.8096789
0.85689956
0.86291623
0.85690534
0.8911867
0.9336687
0.91990334
0.9114352
0.082665175
0.05075569
0.04887133
0.052922193
0.05800957
0.06131124
0.06460958
0.072628275
0.10060646
0.16445561
0.79308385
0.27965105
0.32263818
0.813416
0.7630074
0.83575016
0.88071066
0.8364847
0.7998196
0.7817911
0.8468063
0.900107
0.911643
0.9119577
0.9077871
0.9015875
0.90371907
0.9103066
0.9093458
0.8780214
