0.40250638
0.22095695
0.28119513
0.19119313
0.13288401
0.13008633
0.18498145
0.8433988
0.8603028
0.68953025
0.6055176
0.14953464
0.12338308
0.14479478
0.6317118
0.6419396
0.6536007
0.22068639
0.15901187
0.09755137
0.0864262
0.11055493
0.09618835
0.11331576
0.20213307
0.8023307
0.3158285
0.15844166
0.15291195
0.28817064
0.7890663
0.15835372
0.10403836
0.11116494
0.09366821
0.11397917
0.66516244
0.66239995
0.6684557
0.73964167
0.88128304
0.8756849
0.70966303
0.592891
0.10032802
0.0908202
0.104796134
0.6462492
0.16815786
0.18277812
0.7260576
0.107111454
0.061194148
0.055937488
0.054894425
0.054225907
0.059419923
0.10115771
0.84553605
0.86138505
0.90908605
0.9363031
0.91885895
0.889959
0.8548355
0.10196649
0.051592164
0.045895267
0.051739305
0.06793374
0.07981872
0.17961024
0.6810245
0.23310067
0.15713656
0.5110802
0.17241651
0.25077617
0.30965874
0.8047775
0.73136735
0.82182807
0.69803745
0.16679002
0.09339344
0.08373894
0.13697672
0.07314485
0.070424266
0.10723008
0.075776204
0.09861994
0.7608446
0.7766982
0.79733527
0.8111666
0.8751546
0.088744126
0.052630734
0.0458199
0.049079843
0.05653717
0.10480063
0.8777222
0.9174175
0.9056207
0.9015015
0.9276296
0.92106795
0.9232074
0.9310325
0.85597205
0.065791935
0.04696926
0.04942898
0.057424285
0.073105894
0.08335787
0.07440648
0.074959
0.09268019
0.08615845
0.11130472
0.11265418
0.08513153
0.09347513
0.12772249
0.6690274
0.6862955
0.6858995
0.6714849
0.59515595
0.16045362
0.14458221
0.10429879
0.10510955
0.15100452
0.20078556
0.62848705
0.23910691
0.62913245
0.22316933
0.14700478
0.15807019
0.6705105
0.7013326
0.17684959
0.08116582
0.06603291
0.06629846
0.08372389
0.08759166
0.080052406
0.12400824
0.76783806
0.86023575
0.18022496
0.13914806
0.64438045
0.104317464
0.08634879
0.17728756
0.32923362
0.859808
0.11707297
0.062051576
0.057154115
0.08401085
0.11000518
0.7730945
0.26701012
0.8839019
0.92947227
0.9300244
0.9264535
0.9129921
0.29724893
0.836312
0.13252245
0.065339096
0.05628112
0.06314911
0.06697573
0.074040435
0.07588273
0.071626924
0.071615815
0.07836338
0.11574412
0.7188563
0.10851408
0.08337137
0.14695725
0.15801248
0.08251138
0.09147949
0.09435633
0.22928514
0.73513424
0.12385142
0.09603257
0.16150215
0.14734654
0.75039315
0.34827146
0.22831507
0.08004789
0.063816555
0.07155965
0.101900846
0.6890297
0.6694843
0.3804676
0.31030592
0.16278966
0.20141526
0.88089186
0.9167524
0.90380895
0.74073726
0.69379413
0.7501992
0.8901421
0.8705979
0.11666469
0.091089636
0.12030053
0.15495576
0.5976135
0.10945999
0.08786035
0.108497836
0.11622198
0.7461622
0.8153803
0.87963665
0.9206421
0.9226504
0.9040256
0.9091304
0.8475987
0.7806696
0.7038068
0.24409229
0.27077615
0.18091582
0.23483202
0.8734013
0.8975778
0.7553025
0.13295723
0.11576087
0.19282351
0.118698224
0.14009906
0.6501262
0.2010118
0.12812795
0.14396903
0.26696894
0.73412406
0.8427733
0.15862146
0.09667025
0.07285175
0.074455634
0.080063224
0.09344073
0.124355905
0.2787802
0.63638043
0.19324836
0.18353052
0.21318929
0.7111712
0.80390006
0.67152584
0.2167265
0.18406579
0.19874582
0.63383067
0.7511239
0.8751207
0.8740105
0.7361643
0.6563692
0.20268765
0.18672673
0.2265961
0.73671824
0.8530063
0.8260823
0.7975781
0.8284623
0.8631793
0.8177754
0.80500567
0.85758424
0.7616074
0.16116805
0.112349406
0.09177693
0.08217067
0.08348272
0.094150975
0.15171935
0.8675763
0.86386484
0.9014192
0.85548484
0.8446787
0.89759856
0.89108366
0.7849622
0.705112
0.7217637
0.77572197
0.8112356
0.8206809
0.8091667
0.78674036
0.8261148
0.89556754
0.8791318
0.15646225
0.09525997
0.087595716
0.08993685
0.12408566
0.11611146
0.14088692
0.5487215
0.5397317
0.1642107
0.13866563
0.1343023
0.14988464
0.2250214
0.6370043
0.7520514
0.30371118
0.2100044
0.22007924
0.62680835
0.65587
0.6625884
0.66495544
0.6514269
0.21992931
0.12477366
0.10452214
0.12865734
0.13174033
0.10325287
0.108409174
0.17401241
0.6473975
0.2032926
0.14190972
0.23909393
0.11688918
0.114694744
0.23407595
0.10265458
0.08617238
0.084685765
0.08964701
0.12300623
0.12786913
0.11412452
0.079082064
0.078495584
0.11039417
0.120050475
0.7844605
0.8644688
0.7842299
0.8981725
0.90009636
0.8039184
0.880528
0.7651534
0.7307684
0.84679085
0.085429594
0.052220717
0.046300795
0.050250597
0.058721393
0.10719078
0.8894196
0.8872089
0.8933636
0.9340837
0.92770517
0.7804922
0.08199737
0.07506691
0.11822272
0.793989
0.09877535
0.059563592
0.05540016
0.06214125
0.079536155
0.20163947
0.90265846
0.920891
0.8507596
0.73419976
0.1263985
0.11742664
0.17708535
0.6999394
0.83447516
0.7185893
0.74632144
0.89125645
0.91286385
0.9000028
0.77739424
0.17844549
0.20911704
0.14861222
0.17418621
0.6696358
0.7952394
0.68360835
0.3432817
0.18952908
0.11778227
0.103480525
0.109282725
0.17713206
0.8782804
0.9017618
0.7469674
0.10043387
0.07873006
0.09490727
0.101134844
0.20148905
0.25540698
0.7829522
0.66603154
0.6021257
0.52353936
0.19386347
0.14167431
0.20557852
0.11192523
0.107316665
0.19523114
0.1653656
0.1685232
0.77351165
0.22237146
0.60702145
0.12964068
0.12962867
0.16446434
0.8729573
0.8364967
0.7817137
0.13004045
0.14666116
0.12254455
0.66721827
0.09058364
0.06662018
0.069156826
0.08385279
0.07399306
0.077397175
0.109593615
0.1203353
0.27349278
0.7983599
0.24362068
0.33600074
0.11439792
0.092490025
0.11939006
0.10946064
0.075261764
0.0736441
0.09586614
0.11529657
0.17999464
0.18104611
0.769555
0.76801157
0.79124016
0.83995974
0.9089278
0.8351094
0.8015689
0.7463205
0.074946165
0.051169448
0.048801586
0.056029808
0.079096586
0.21371144
0.8572819
0.8096698
0.13763537
0.13763356
0.6833571
0.09078509
0.061719008
0.06363011
0.11098044
0.8916142
0.90245056
0.9122183
0.90944815
0.86015904
0.22902843
0.75800973
0.08950602
0.06920693
0.08957871
0.6226025
0.12046174
0.12731056
0.8153123
0.86326134
0.85900676
0.17310645
0.14880213
0.07452941
0.054472502
0.057658255
0.08010487
0.72355247
0.7219112
0.7855647
0.91635454
0.93295586
0.9262727
0.84715146
0.7744913
0.09869704
0.0931406
0.0816662
0.14900951
0.12109154
0.10475313
0.1888762
0.17128058
0.10549112
0.11035189
0.16253188
0.19932011
0.8072105
0.8002787
0.63717335
0.27084067
0.15974282
0.20756142
0.14406978
0.19108497
0.8650838
0.8892577
0.7365182
0.6680114
0.10071725
0.084641814
0.15092975
0.16556418
0.1279801
0.6649733
0.103775606
0.0779904
0.099763885
0.83887917
0.8964632
0.9236499
0.91237384
0.9029077
0.9078527
0.92348385
0.9132763
0.90227574
0.8897848
0.8415671
0.072925046
0.048303135
0.04554058
0.051132236
0.066284366
0.085191004
0.084763646
0.14061154
0.8869818
0.8957334
0.73627865
0.68570757
0.13851768
0.1513341
0.14861916
0.11794357
0.19823796
0.640022
0.19467597
0.36395928
0.28360522
0.121391624
0.1314009
0.09416785
0.09904787
0.13730718
0.13463946
0.21012084
0.62087965
0.25446534
0.20083486
0.22625102
0.7115388
0.81545186
0.7415123
0.70020497
0.6455781
0.26947483
0.1924799
0.19167267
0.44875303
0.2356989
0.3651667
0.6533315
0.7284037
0.84886646
0.8098179
0.80191934
0.84447384
0.50017655
0.33631024
0.78246903
0.18897103
0.14955032
0.21839014
0.16730615
0.120787434
0.13546284
0.09827623
0.09624065
0.1283853
0.12539399
0.08694406
0.09487421
0.06974476
0.07082187
0.09821088
0.77433944
0.79927397
0.846229
0.9073258
0.8177206
0.7079586
0.11492745
0.11629257
0.11652634
0.26459995
0.824554
0.72304654
0.6886268
0.6818878
0.7135062
0.81823516
0.7190881
0.6513699
0.66290796
0.691373
0.7073202
0.83703697
0.17573337
0.081291236
0.065005496
0.06921966
0.104056485
0.7569981
0.7717968
0.7484194
0.09950558
0.0659337
0.06405114
0.08359075
0.27585548
0.8957558
0.9161979
0.88733304
0.10155222
0.07132605
0.05544716
0.059446536
0.078774676
0.12339071
0.75233865
0.73063374
0.09726998
0.05755382
0.05157967
0.05220091
0.06241785
0.20010532
0.89664996
0.92875326
0.93585926
0.93511456
0.93211913
0.9143028
0.8912179
0.9016781
0.10832527
0.06562447
0.060856204
0.08652405
0.6593878
0.08570967
0.05989429
0.061762482
0.09573102
0.86903024
0.9082752
0.9203377
0.91066384
0.09019955
0.05840792
0.061621726
0.093518235
0.7959315
0.7837332
0.2068302
0.43489897
0.8702778
0.345092
0.17244942
0.07440075
0.06863568
0.11419281
0.11884996
0.7905047
0.81366575
0.89978683
0.79156953
0.18523242
0.30245608
0.22216769
0.09033288
0.07383478
0.08241442
0.10631302
0.3691804
0.85455054
0.7552819
0.85416836
0.3681359
0.15408474
0.13662225
0.2773263
0.26449457
0.11863702
0.10947385
0.20295888
0.12041205
0.13081335
0.3146309
0.68009716
0.6526322
0.32343096
0.19408752
0.1304557
0.13109523
0.16542388
0.67444456
0.68243486
0.6888978
0.6593414
0.24442877
0.16455501
0.16003016
0.24841927
0.25275338
0.30501848
0.4931369
0.7589716
0.6142603
0.20619218
0.19110203
0.24696167
0.38944638
0.7436368
0.2270772
0.21294048
0.16891946
0.22460547
0.8620104
0.9059454
0.89269304
0.7492827
0.656504
0.12383892
0.10417698
0.1373364
0.16243547
0.83015925
0.7092083
0.66587436
0.13160472
0.14397678
0.108158894
0.15765396
0.61590344
0.63394076
0.67143154
0.6977217
0.714725
0.825851
0.24200827
0.15137394
0.21219987
0.1688443
0.6410392
0.17771189
0.25630683
0.09329702
0.07570637
0.07933473
0.112203635
0.6684237
0.10511852
0.078786284
0.09959539
0.65141296
0.11499077
0.097649604
0.29792306
0.891479
0.925767
0.9294298
0.9218139
0.895902
0.8866078
0.91241443
0.9143415
0.8994222
0.8872303
0.89632607
0.9241463
0.9267297
0.883383
0.8374484
0.10635801
0.062202375
0.068190716
0.059244525
0.06827833
0.11250188
0.78588873
0.85660434
0.13030095
0.08375237
0.077521965
0.092616126
0.16128574
0.22396141
0.85376894
0.85099965
0.46696156
0.4085149
0.22397156
0.23362681
0.68062574
0.7821186
0.891332
0.9054024
0.89100415
0.9039707
0.91458654
0.9129469
0.8786329
