0.23879316
0.14604442
0.14183846
0.19640057
0.24832027
0.6669935
0.6729626
0.6667365
0.788329
0.15237689
0.098356724
0.093512654
0.11751715
0.7447089
0.8926735
0.8954332
0.684378
0.09038248
0.07327517
0.08277832
0.14431424
0.68824184
0.81903636
0.7170855
0.7045402
0.17923361
0.2071306
0.097040035
0.08901641
0.1095819
0.093270056
0.088127926
0.088359036
0.109048754
0.22075163
0.16257249
0.63014483
0.19149402
0.22263925
0.21383393
0.7812516
0.16947605
0.10172175
0.08671197
0.08873379
0.11660844
0.091069326
0.085426845
0.089646496
0.11906347
0.10408014
0.12673558
0.66792196
0.68171173
0.68028885
0.82712173
0.69396144
0.13354844
0.08930241
0.076981395
0.089169115
0.12219352
0.6622532
0.11747881
0.080229916
0.07952599
0.1116406
0.11225598
0.26741433
0.7592079
0.7857228
0.8800225
0.8251422
0.8787847
0.78564477
0.7644245
0.856316
0.7246747
0.6532189
0.101019345
0.078232504
0.09475839
0.110756084
0.7553125
0.7866538
0.8858646
0.7859597
0.67793846
0.6638677
0.64499456
0.2779465
0.79261035
0.3080363
0.16829267
0.21003737
0.8344037
0.8382854
0.8975302
0.8937615
0.80003375
0.7292624
0.69538915
0.6744857
0.678287
0.15563843
0.09265955
0.0805751
0.08770301
0.11336687
0.16883008
0.76766354
0.6415627
0.24869965
0.3246118
0.28235295
0.19644368
0.24250433
0.2462787
0.7797471
0.70214903
0.23230304
0.11333132
0.08175425
0.073464796
0.07420498
0.07833687
0.09594439
0.16074647
0.7108477
0.70591444
0.7273325
0.87120867
0.87678415
0.77631885
0.86844873
0.86073387
0.72651726
0.12871452
0.08941543
0.077429816
0.08252926
0.115147114
0.10614131
0.19066925
0.106073424
0.10300712
0.13066424
0.6393456
0.24738447
0.6985603
0.81379414
0.2155457
0.10218826
0.07566374
0.07140606
0.07806658
0.08894652
0.13357303
0.15964185
0.22879648
0.18056466
0.64965403
0.60488576
0.6287373
0.6247087
0.12726252
0.087644964
0.08187818
0.110648185
0.11163892
0.21722989
0.6317229
0.25783977
0.76321703
0.2709503
0.32388836
0.8214057
0.681429
0.15362984
0.18157715
0.08723006
0.08329432
0.15975223
0.1651132
0.09476173
0.15284152
0.13587198
0.08600124
0.119147934
0.6691649
0.24465999
0.8326947
0.25164813
0.713019
0.098045096
0.07196838
0.11960488
0.13956597
0.085262366
0.075344235
0.06844775
0.060852405
0.05528036
0.058386132
0.0922983
0.892161
0.9357511
0.9430501
0.9430252
0.88489264
0.067872025
0.04779368
0.047218725
0.058977775
0.10829901
0.26436654
0.8615043
0.20181465
0.07998995
0.06851529
0.06831922
0.07154572
0.073816866
0.07465147
0.07380091
0.072065
0.06674027
0.06231914
0.060649633
0.063262984
0.09739106
0.86912924
0.8886326
0.8974673
0.8981677
0.84664696
0.07468987
0.04918029
0.04651754
0.049775667
0.054146156
0.07592963
0.091029294
0.18559183
0.89578193
0.8708086
0.839749
0.7885602
0.27906626
0.8367765
0.10010023
0.06521738
0.07370485
0.09616602
0.12992477
0.7623387
0.15921743
0.10231752
0.063968144
0.06313208
0.08114317
0.110418044
0.782331
0.77883375
0.29298353
0.18028042
0.6647083
0.22330786
0.71284515
0.2010877
0.16075307
0.16327175
0.08134621
0.07681479
0.10460912
0.71255565
0.76910204
0.8774958
0.84953916
0.23639484
0.27376714
0.40900347
0.7416046
0.88125026
0.87351555
0.12381637
0.093767576
0.059477933
0.056393296
0.06009096
0.068751
0.10968328
0.77132297
0.20315519
0.09330345
0.10570104
0.68826216
0.14057812
0.16719249
0.8938805
0.9266426
0.9383932
0.9262952
0.902873
0.8274095
0.06869753
0.050487567
0.0512497
0.06740977
0.17053555
0.89772636
0.85854995
0.08945093
0.056415793
0.052591443
0.055901993
0.063885786
0.066830255
0.09698901
0.73456365
0.72248095
0.7374666
0.746186
0.73305875
0.71861386
0.69751006
0.7316829
0.84038466
0.9073078
0.9151606
0.90303546
0.8432372
0.8581149
0.9158305
0.9296579
0.9283338
0.90344113
0.12189916
0.07333021
0.06348672
0.07129925
0.07942153
0.10739762
0.37439585
0.10635421
0.08436441
0.08627368
0.09546733
0.14686987
0.11528787
0.16239189
0.681747
0.14698184
0.10868069
0.11839874
0.1581348
0.7227067
0.806068
0.17730232
0.12166611
0.13162339
0.21886672
0.6890402
0.68077147
0.7021812
0.7104758
0.1491822
0.10805601
0.10368947
0.23302706
0.11869263
0.21365555
0.10928368
0.13704859
0.12781812
0.08577402
0.085827
0.106867224
0.0906486
0.12180037
0.13543172
0.20809564
0.20382173
0.16302687
0.08893667
0.10405989
0.7719002
0.7912144
0.786418
0.8093163
0.7995359
0.7430562
0.08534121
0.062884524
0.07745003
0.10608314
0.13275184
0.19321056
0.16499983
0.09443965
0.09538616
0.12339043
0.62997365
0.7185613
0.8540024
0.86123455
0.77209157
0.82339877
0.75407
0.79732186
0.8761567
0.8783819
0.7965148
0.722246
0.16377042
0.1206474
0.1078461
0.12574174
0.10895509
0.17965123
0.118514925
0.13460366
0.7533629
0.8882624
0.8908405
0.7052504
0.08123149
0.05968283
0.06570613
0.07042575
0.12825201
0.84591156
0.9092063
0.83748984
0.7841713
0.75449634
0.7164038
0.07673697
0.05433552
0.056603126
0.07597398
0.07794086
0.11185693
0.7192337
0.09678572
0.063316904
0.062289372
0.09808496
0.8829516
0.9278145
0.94294
0.92175615
0.08475652
0.056430567
0.060740065
0.098349825
0.738037
0.15324296
0.14059423
0.079304926
0.063569404
0.06994549
0.11832945
0.83860886
0.7424588
0.7439731
0.7970008
0.8793602
0.7664419
0.24064569
0.13379733
0.176939
0.13505879
0.17048147
0.7667339
0.67531353
0.68104255
0.6948931
0.8296607
0.48871702
0.22552168
0.6774125
0.10987294
0.07909254
0.09475036
0.11418315
0.07051308
0.06525454
0.0627973
0.061054327
0.06366613
0.07100562
0.17737447
0.24111158
0.8976521
0.8900256
0.15745436
0.18528701
0.1643532
0.8207757
0.40359497
0.9023144
0.9307118
0.92259943
0.9010473
0.2415123
0.74999434
0.09408699
0.082943454
0.11016383
0.8173673
0.8538213
0.20818394
0.10082267
0.06907126
0.10164357
0.071699314
0.078659154
0.12073217
0.72756064
0.10887267
0.07994086
0.06413278
0.05931051
0.059257932
0.06828529
0.12521006
0.7962517
0.8239549
0.9089923
0.86073244
0.87873673
0.13681895
0.098238654
0.12096458
0.10705275
0.18094523
0.15211597
0.12964846
0.15399416
0.6823986
0.8245565
0.89344275
0.8932746
0.8927645
0.89940196
0.90822935
0.9093628
0.9053116
0.89381564
0.8840277
0.8848201
0.89104116
0.8862226
0.88651
0.89361936
0.8948103
0.8992699
0.8998785
0.8969563
0.8992756
0.89356005
0.86816204
0.8419911
0.83807904
0.8542123
0.87728363
0.89352745
0.8936904
0.8916854
0.8920786
0.8937444
0.8865543
0.8828679
0.9011216
0.91191167
0.916013
0.9092509
0.8726833
0.19978295
0.11487014
0.1023358
0.10448177
0.17906667
0.09876989
0.09480916
0.12685099
0.1414724
0.13210641
0.22088887
0.7851369
0.32049045
0.6606161
0.64971507
0.6330579
0.6169326
0.6043092
0.17946081
0.17768717
0.7520489
0.17269091
0.21748765
0.21774703
0.19272092
0.74017555
0.87097484
0.12138619
0.102485865
0.06568713
0.06867328
0.08539615
0.07532286
0.075509265
0.07584306
0.07647906
0.07299721
0.07239976
0.08911661
0.06623329
0.05713276
0.059796907
0.09546366
0.8902798
0.9260961
0.9445437
0.9457405
0.91929567
0.8592714
0.064626426
0.045094993
0.044319134
0.048575033
0.053275645
0.05726898
0.06331346
0.12604123
0.80074394
0.32672253
0.9089091
0.93079525
0.8712752
0.793413
0.08130842
0.060351934
0.06723745
0.09474782
0.66741425
0.12299156
0.11730246
0.1679687
0.89530283
0.90953434
0.29326317
0.12742387
0.09428439
0.06055945
0.05899454
0.0675434
0.10641774
0.712566
0.2915565
0.15644231
0.2711583
0.21899608
0.116311714
0.11757024
0.16278094
0.19721949
0.56459224
0.16092797
0.14860931
0.17676234
0.65662277
0.73892397
0.62460047
0.5602516
0.15340477
0.1293983
0.16444735
0.23504788
0.2690825
0.64673775
0.64935905
0.13703187
0.12868044
0.6570716
0.10954731
0.06625959
0.064413376
0.0810182
0.12636927
0.82678705
0.22124222
0.16197886
0.8009318
0.8459262
0.86123455
0.8602459
0.84932506
0.86667556
0.8891546
0.9135898
0.878334
0.18642549
0.26524106
0.7467459
0.3579822
0.8994703
0.9290311
0.9130337
0.23567106
0.08327053
0.08505145
0.19823751
0.66845167
0.10893414
0.08473997
0.13388288
0.1700476
0.24276397
0.108502954
0.12934667
0.6698305
0.10864686
0.07927389
0.09251779
0.07334262
0.07783754
0.15552463
0.124874346
0.16994748
0.89698577
0.8987917
0.10343093
0.065012485
0.06687449
0.106234625
0.86335063
0.89529264
0.8525831
0.092060186
0.06363791
0.06862715
0.11579635
0.72726136
0.10129665
0.06882054
0.06881569
0.06295114
0.060005188
0.06028016
0.06912812
0.11329122
0.8390821
0.7679238
0.89750975
0.9114438
0.89516765
0.7189307
0.099876426
0.10134006
0.10557382
0.14355545
0.7040152
0.11281546
0.0676546
0.054329254
0.05293998
0.058936752
0.10872259
0.90074
0.9235699
0.93473655
0.9343689
0.9261695
0.9215819
0.9169585
0.90610945
0.07308491
0.04625535
0.0436883
0.04941499
0.062602304
0.13222052
0.7868369
0.22816084
0.18327095
0.10925109
0.15346439
0.8744736
0.8084175
0.7949886
0.10393661
0.06575782
0.06546564
0.06636496
0.07369039
0.076907195
0.0775516
0.09756097
0.15227778
0.7180963
0.19681202
0.16532242
0.42213443
0.11255521
0.08446851
0.084251806
0.0919719
0.13098377
0.12651326
0.18607491
0.7841341
0.42035988
0.80308366
0.27917597
0.1470524
0.12933888
0.13178363
0.16019067
0.5987585
0.52418214
0.17479976
0.1540865
0.1543026
0.18948215
0.74360824
0.88375187
0.90614974
0.8966384
0.8469978
0.3225744
0.28703377
0.63485825
0.7328443
0.8259776
0.7385524
0.7289202
0.80051845
0.33649728
0.328792
0.7826828
0.680804
0.6365475
0.1442877
0.11456048
0.11015849
0.13069464
0.46142894
0.16084796
0.15897283
0.24817102
0.24078192
0.33297166
0.3358788
0.7755652
0.30165496
0.24158575
0.2289649
0.83721894
0.77423537
0.78177375
0.86685777
0.10171635
0.065373495
0.052962493
0.055677902
0.053161398
0.053103812
0.061118405
0.15128733
0.3186865
0.90729606
0.93946534
0.9407117
0.88075805
0.84215534
0.08784176
0.06196346
0.055950638
0.053040966
0.059367187
0.09197984
0.08199292
0.15349129
0.18392113
0.6949181
0.6757903
0.6430244
0.21163096
0.20155403
0.71222264
0.8469503
0.7079304
0.6359658
0.16860524
0.17253293
0.6325018
0.66531986
0.6773703
0.6822956
0.37779891
0.24449207
0.784252
0.14633603
0.14930724
0.12289908
0.084426194
0.11146148
0.7671961
0.7962696
0.88256305
0.9232946
0.84830624
0.13457972
0.06880273
0.07626934
0.07870592
0.070336975
0.08554728
0.1550325
0.679847
0.6825642
0.68769914
0.717174
0.7624032
0.84109795
0.776163
0.7610153
0.85818315
0.8554037
0.6999097
0.35159355
0.2423545
0.22662534
0.19875231
0.6105052
0.6209125
0.1864814
0.12569003
0.17806047
0.19934975
0.21701105
0.20264976
0.8803235
0.9056912
0.7724389
0.7117119
0.16116859
0.6025937
0.07725681
0.05339795
0.052371457
0.05458323
0.06319685
0.12196634
0.90250015
0.92037046
0.82481086
0.10456069
0.09216837
0.20536815
0.89597815
0.9274765
0.93345696
0.911851
0.24692489
0.09422007
0.11932292
0.848883
0.9142387
0.9344529
0.8670121
0.07201044
0.048824184
0.04597318
0.052397072
0.06460128
0.09646048
0.7054992
0.20478618
0.7303649
0.6887106
0.12106675
0.11527155
0.122365065
0.13476244
0.13090262
0.33790636
0.8425969
0.73119444
0.6902903
0.65640277
0.28095856
0.37693736
0.40944058
0.5005583
0.78686965
0.69297314
0.6454288
0.6692292
0.75374633
0.8707662
0.87554026
0.77285403
0.68692005
0.25710237
0.18290238
0.2343287
0.8723861
0.9178913
0.91893905
0.88877463
0.876639
0.47592035
0.20316023
0.18380062
0.81031317
0.91166866
0.9261833
0.92601085
0.91885275
0.88262403
0.85538816
0.2354932
0.32776326
0.47033662
0.8804947
0.90307796
0.9240559
0.91490155
0.80257595
0.1275737
0.11563317
0.20152201
0.13671225
0.25501016
0.28894722
0.62288743
0.28950438
0.2218378
0.24111769
0.18066986
0.14746988
0.20616317
0.8455173
0.87018585
0.76776403
0.29292476
0.08690509
0.061807662
0.05809024
0.059008718
0.061517008
0.0815062
0.10165359
0.18232039
0.8427872
0.30387634
0.8472162
0.9086461
0.8746089
0.8870189
0.91440034
0.8809012
0.8382775
0.73272294
0.23246963
0.7658498
0.8683707
0.3378586
0.23428719
0.20304784
0.12364799
0.15253672
0.80605453
0.6403009
0.136137
0.12574333
0.14123677
0.3614151
0.87005234
0.87467
