0.76487005
0.6815215
0.26290235
0.27400184
0.30396777
0.48095793
0.7833066
0.16972089
0.1104663
0.11794137
0.0949159
0.10515687
0.15606079
0.82292366
0.7205322
0.69087887
0.6768627
0.6638154
0.6665492
0.6845698
0.80357414
0.117616
0.07065705
0.067536816
0.111451246
0.07273065
0.085926406
0.09910136
0.14276293
0.12024952
0.7579662
0.7617762
0.78708744
0.7605372
0.23408693
0.7304284
0.17915937
0.18550636
0.1496438
0.07764559
0.08641206
0.06968509
0.06990292
0.080635585
0.17022921
0.106359154
0.13493842
0.13167161
0.34454542
0.86274594
0.8026119
0.7538951
0.76696604
0.85777307
0.80004627
0.8500245
0.7617155
0.70528996
0.6690879
0.6437559
0.66473097
0.67061234
0.6784651
0.6748639
0.18591058
0.14346497
0.21107468
0.105985716
0.09548571
0.16618067
0.09882597
0.10002098
0.14724293
0.8536977
0.8034699
0.904389
0.9001658
0.7500766
0.7037198
0.08011185
0.05737038
0.057554226
0.07716512
0.07491548
0.08475754
0.14169286
0.8501298
0.7164972
0.10172119
0.069440626
0.06837542
0.10008919
0.8611046
0.91870904
0.928808
0.92414516
0.905898
0.90005636
0.90940136
0.8936019
0.893742
0.9148702
0.9080354
0.89496374
0.87066966
0.8026521
0.0858284
0.064757384
0.06790445
0.09661493
0.58650005
0.13789082
0.12718391
0.16051772
0.6919031
0.73911476
0.86531913
0.875751
0.791445
0.7491786
0.7013291
0.15319619
0.11853595
0.12913832
0.09586732
0.0925503
0.09986206
0.112645276
0.14216591
0.29849055
0.63707393
0.18249841
0.14421774
0.1362367
0.16259564
0.66754246
0.7468255
0.84855175
0.74840003
0.6685297
0.6249605
0.62673616
0.67096204
0.70922446
0.7663054
0.82360405
0.8690567
0.8302848
0.8494982
0.71370083
0.20840551
0.13038293
0.11227791
0.1125611
0.13388264
0.35335606
0.8338373
0.77296406
0.88797677
0.9084094
0.90816694
0.89407074
0.8450028
0.18699728
0.15338399
0.21045399
0.6174163
0.6274923
0.16063243
0.18887697
0.10233364
0.111802384
0.5541155
0.13574767
0.13449876
0.7417744
0.77328783
0.883651
0.77989644
0.73915637
0.8666092
0.17496705
0.077501886
0.076118074
0.1283939
0.8877752
0.90168005
0.102093205
0.055069827
0.048714373
0.054826483
0.11197119
0.18428792
0.904177
0.93924516
0.9465613
0.942298
0.88820237
0.068267286
0.049527504
0.046557482
0.05595983
0.069322385
0.15171865
0.7666682
0.100140005
0.06383447
0.06374442
0.103014596
0.8585847
0.9240901
0.93057215
0.8964955
0.16393338
0.16613832
0.7640342
0.7819584
0.76315147
0.10385973
0.07998107
0.10247894
0.12536703
0.67832553
0.10527306
0.07017794
0.07197997
0.08072623
0.10866985
0.35453558
0.8332373
0.18077631
0.21316357
0.113399714
0.090435565
0.16024542
0.2294744
0.7768532
0.13837941
0.08640774
0.104583755
0.80521274
0.8154447
0.84290105
0.8965602
0.91720134
0.92766815
0.85274583
0.0971515
0.08700074
0.19178624
0.8063023
0.14533383
0.08793017
0.062080935
0.06575982
0.082703695
0.12228036
0.72925496
0.13605645
0.076928616
0.07272886
0.08987219
0.07327525
0.07133698
0.07727132
0.11204197
0.41975036
0.8987031
0.9245228
0.9295569
0.91957736
0.8776739
0.12174889
0.08738027
0.089827105
0.12220611
0.6490985
0.18653567
0.11484262
0.10732077
0.13257504
0.67340577
0.7742737
0.21657276
0.20492788
0.61901814
0.2115264
0.25726888
0.8635303
0.8676703
0.908986
0.87720263
0.14115377
0.10741328
0.13077961
0.73356915
0.7670334
0.8138627
0.84488
0.8521849
0.8423271
0.8117851
0.75414443
0.14282727
0.12924053
0.1820025
0.85706013
0.8781741
0.6785116
0.16898526
0.19068694
0.6335102
0.618121
0.24296217
0.30233744
0.86382854
0.9088085
0.9157688
0.9150284
0.90777814
0.8631289
0.8546963
0.89354
0.80002767
0.096186355
0.06820634
0.065895066
0.09163311
0.6805893
0.1338814
0.14188038
0.8645945
0.9135121
0.93269837
0.8860446
0.19006588
0.15131594
0.75476784
0.090591334
0.061086666
0.060028683
0.06564138
0.08348394
0.07518151
0.077382736
0.09255593
0.22759867
0.73674786
0.14091836
0.085395314
0.08113237
0.08872182
0.11382332
0.21949309
0.69057393
0.65737426
0.32171944
0.2679931
0.409511
0.5641953
