0.827655
0.87201035
0.88966346
0.9020327
0.91353923
0.9135277
0.89065987
0.70825106
0.30558428
0.24473704
0.22643961
0.25805503
0.18970491
0.17060293
0.13595363
0.18338437
0.299127
0.66153294
0.15280078
0.14013875
0.089677766
0.08429732
0.087530896
0.11691716
0.095073216
0.11194895
0.088945664
0.11073171
0.09707169
0.14532141
0.8220982
0.25482398
0.10159338
0.0918492
0.13745587
0.8619444
0.8278356
0.81069046
0.79929686
0.76821274
0.7488625
0.8430139
0.11237334
0.08192452
0.09383907
0.20000261
0.84517825
0.78977835
0.7744451
0.82370853
0.8792854
0.829422
0.7790798
0.7585626
0.7810729
0.8251639
0.87333274
0.8451226
0.8287979
0.8593408
0.74686897
0.34776124
0.32346547
0.19938494
0.16313124
0.13430758
0.091944866
0.0911201
0.12812486
0.16508962
0.6328114
0.23153552
0.22451772
0.6317458
0.27237907
0.19160615
0.18135199
0.80240375
0.18960424
0.1436468
0.6679945
0.0931346
0.06612245
0.06884689
0.08460056
0.122625165
0.7120319
0.096154526
0.063058734
0.057124764
0.054941364
0.059006944
0.09108741
0.86922085
0.91949713
0.92420095
0.87788224
0.86544573
0.87261033
0.8850437
0.8981764
0.9110148
0.91964924
0.9193273
0.90549755
0.07535391
0.046924703
0.043347813
0.047666688
0.05766536
0.106172025
0.8857643
0.9018274
0.75141704
0.69965607
0.71923953
0.17019433
0.082994126
0.08946246
0.10140497
0.19655113
0.8901503
0.90049124
0.8802644
0.8633722
0.8809338
0.8899645
0.8964227
0.12047574
0.12896658
0.1140859
0.06594885
0.07417229
0.083605215
0.20861477
0.7251838
0.1115437
0.07437754
0.07400707
0.10150354
0.37191847
0.82741445
0.41138852
0.45615965
0.3349666
0.657817
0.2106033
0.30772898
0.23052685
0.11852497
0.106680214
0.12860928
0.24491924
0.31178927
0.3600315
0.3461383
0.51653695
0.7043339
0.7381671
0.8208239
0.7274228
0.4808239
0.67349684
0.67888385
0.5213627
0.39348727
0.24748471
0.1803644
0.24727398
0.20973507
0.18785624
0.61342347
0.57918257
0.2705947
0.17939283
0.1285162
0.1921858
0.14396381
0.12404187
0.2187064
0.18308362
0.7675343
0.19164671
0.21763901
0.13713929
0.20284618
0.82029814
0.17923474
0.113347076
0.088780105
0.075319454
0.12786332
0.12252084
0.82879704
0.86791396
0.917097
0.8007661
0.08987792
0.079385355
0.07448969
0.13499837
0.1876028
0.2643297
0.69045305
0.81807685
0.27582023
0.13251415
0.14271729
0.1364131
0.4598696
0.5324166
0.5396823
0.1746523
0.22710751
0.112262934
0.09502172
0.099719875
0.15081188
0.18036303
0.81747365
0.7131574
0.6945731
0.6865431
0.67236334
0.12542988
0.08845201
0.10088539
0.08039918
0.0887463
0.16905533
0.123616606
0.09618571
0.11847855
0.709992
0.69054306
0.29774362
0.34850314
0.49653015
0.8801009
0.89220876
0.91228366
0.8966773
0.9164824
0.91872895
0.9080814
0.82269865
0.8524794
0.2506787
0.207323
0.2897124
0.6496052
0.64572567
0.12095568
0.09397178
0.10180701
0.1721684
0.71868443
0.8511721
0.85844153
0.7432948
0.70544255
0.80727637
0.68277705
0.22133578
0.16518158
0.10973484
0.105462484
0.17682217
0.674952
0.11955223
0.089549825
0.15341234
0.09277491
0.06943806
0.06999759
0.1017569
0.086310424
0.15081044
0.8199594
0.8001888
0.107682705
0.06014375
0.05490169
0.055228986
0.05557764
0.062745236
0.08491329
0.1422842
0.8832083
0.8917726
0.89756244
0.9057883
0.89173764
0.22503014
0.1583606
0.12326619
0.11127589
0.6865787
0.091304466
0.06721938
0.06744525
0.07351015
0.0692934
0.06577222
0.06161165
0.058165725
0.058810584
0.08753826
0.10922015
0.88841045
0.92222
0.92092186
0.91506743
0.91315264
0.9134665
0.9110951
0.9009863
0.86903787
0.09098149
0.05821764
0.04556736
0.046230573
0.0509292
0.062243745
0.153737
0.914922
0.93714887
0.89731264
0.19117928
0.063408345
0.058495484
0.05454289
0.05702474
0.05991822
0.068485305
0.07887619
0.14971405
0.78427905
0.8538873
0.14196399
0.101624854
0.07909669
0.10460485
0.6613493
0.092739955
0.06322938
0.0632784
0.10197363
0.8888629
0.93312013
0.9441491
0.9105762
0.091278166
0.049272563
0.043388814
0.046006456
0.049198817
0.05491215
0.094772995
0.14647481
0.8825551
0.92141134
0.9286677
0.92488706
0.9173813
0.9016999
0.91506106
0.92072535
0.92248297
0.91542083
0.8429852
0.27765274
0.119585335
0.1312602
0.27388874
0.44564763
0.8429491
0.7286827
0.6521812
0.13709484
0.12515724
0.20282133
0.16343103
0.30520537
0.81339836
0.38149157
0.33213565
0.120004795
0.0953346
0.098621696
0.13037653
0.120828986
0.21248108
0.14042951
0.10091329
0.11606627
0.55441076
0.13110036
0.13332222
0.60162526
0.19664411
0.6207584
0.19654594
0.40895036
0.8760649
0.757171
0.12556148
0.13932951
0.11472955
0.6462155
0.08621376
0.05915642
0.05974567
0.08909428
0.85407746
0.89531755
0.9102307
0.92304754
0.9307056
0.9332905
0.8778592
0.07537772
0.055362362
0.061692126
0.10395606
0.8010216
0.12388962
0.104695305
0.14804472
0.8112132
0.7793015
0.74206054
0.16352871
0.14438494
0.653258
0.2631084
0.70723915
0.17802387
0.1828685
0.7861978
0.15305412
0.13011873
0.25328553
0.30003512
0.78864014
0.88855255
0.8215311
0.797604
0.8487649
0.17538884
0.16113003
0.115576215
0.18692695
0.15255761
0.14084478
0.27267587
0.35985303
0.8385539
0.76062083
0.73903334
0.7202211
0.68332666
0.65899605
0.19555393
0.25456935
0.18533981
0.14179347
0.24094664
0.22497536
0.2782745
0.67969656
0.6549497
0.35708237
0.7306271
0.8495192
0.76879823
0.73285097
0.7064876
0.7141395
0.74146414
0.76480126
0.7594027
0.11711974
0.07624352
0.073376745
0.07495986
0.07909701
0.082043625
0.09158217
0.10461479
0.14001969
0.109008946
0.10604819
0.11004959
0.14956431
0.12620583
0.14152867
0.27080953
0.28877443
0.1949105
0.13375954
0.12899871
0.14852574
0.10965127
0.09878031
0.09171957
0.08808579
0.089168996
0.10066857
0.13724545
0.74551994
0.82186574
0.90437794
0.9138443
0.89668095
0.8081463
0.7649977
0.7604164
0.8502767
0.73337734
0.1589636
0.19503605
0.13360533
0.15330233
0.10509114
0.098107226
0.11615698
0.6745521
0.094597846
0.06926256
0.08831522
0.08138908
0.1133294
0.7765428
0.7116574
0.09405686
0.061669983
0.06098427
0.09073881
0.84931123
0.88396496
0.8967793
0.9122187
0.92508274
0.9342009
0.91290987
0.8366614
0.071879335
0.05566607
0.0630489
0.11557253
0.8700536
0.9054594
0.19716871
0.15359172
0.08662741
0.070854284
0.10597742
0.6936281
0.11307209
0.12002641
0.08257594
0.1155464
0.17983522
0.13205555
0.11276155
0.078242294
0.07503092
0.08844243
0.12442018
0.65955776
0.7396577
0.8319682
0.76749486
0.7544188
0.81726784
0.20344223
0.14091443
0.12327871
0.13825583
0.5844281
0.12917933
0.10404869
0.12317731
0.68966854
0.70998114
0.18166277
0.16375111
0.086520314
0.06842982
0.094394
0.079879954
0.08373999
0.121655375
0.8327965
0.25656363
0.1213744
0.23072116
0.8953078
0.9212207
0.92819756
0.9321715
0.8951681
0.1587693
0.0831443
0.1192198
0.6947684
0.11539489
0.13002162
0.1443143
0.1620495
0.81988865
0.86808956
0.8979068
0.92286354
0.8734938
0.7780849
0.09752497
0.08619
0.12748933
0.24265042
0.70629907
0.7126148
0.11595131
0.07728329
0.07176318
0.07520694
0.082724586
0.09551176
0.13012443
0.60049444
0.25111282
0.56501406
0.8287122
0.8173797
0.15348011
0.10785211
0.10456569
0.146124
0.23495466
0.8477977
0.75030994
0.743513
0.77239066
0.22366875
0.08626536
0.055388343
0.05225941
0.05235788
0.051998146
0.056130454
0.08587144
0.8688637
0.9179407
0.9197082
0.91899735
0.92417043
0.9121215
0.9069643
0.9085748
0.90620387
0.8883849
0.10793381
0.0869243
0.14419697
0.8465133
0.8828398
0.099258065
0.06489179
0.069290474
0.13644493
0.21244273
0.87075406
0.92335343
0.9075396
0.4125143
0.22017442
0.103682294
0.1021223
0.1561771
0.5864369
0.6015175
0.24690601
0.2136878
0.65353984
0.6690016
0.7252586
0.7682786
0.85078204
0.1274392
0.074516855
0.06038046
0.062276438
0.07970996
0.103047684
0.83835644
0.87680775
0.8908063
0.8925287
0.8937997
0.8969428
0.89946216
0.900455
0.26291794
0.18673019
0.1026483
0.070517145
0.07349407
0.11022677
0.6553585
0.1294467
0.10556712
0.10981895
0.13483545
0.20389892
0.800529
0.7292617
0.71596396
0.69371784
0.64497507
0.611553
0.22941324
0.19785808
0.21851535
0.70609456
0.84858406
0.8322831
0.8450872
0.8858295
0.8565486
0.8352523
0.85628676
0.14328851
0.08838251
0.079609685
0.08433127
0.117434226
0.13156423
0.11882357
0.20893471
0.8122771
0.1623619
0.08543733
0.08195928
0.12949024
0.843592
0.9088936
0.84168077
0.77249
0.73912966
0.16746037
0.13573574
0.10326804
0.063833535
0.06864038
0.21303138
0.89908606
0.93133616
0.9336772
0.92573285
0.100345865
0.05227526
0.052227926
0.06320807
0.077026926
0.08201709
0.07479454
0.072946034
0.07174044
0.07048224
0.06879231
0.07088025
0.08656703
0.17551115
0.19717333
0.6407304
0.17868927
0.15944298
0.26461092
0.26782325
0.8596993
0.87839895
0.72147655
0.65701324
0.15580708
0.15747818
0.15976623
0.15943287
0.5550319
0.6643657
0.7098479
0.8162723
0.48226205
0.2022125
0.10574157
0.08038822
0.074816994
0.080657095
0.09383245
0.19512634
0.16917992
0.18475296
0.18601938
0.7901754
0.34398994
0.19233908
0.558382
0.14922486
0.152275
0.16030346
0.77888155
0.30156472
0.75695235
0.8697338
0.74337184
0.7149613
0.6847369
0.22726972
0.70295644
0.73915434
0.14628474
0.0666313
0.06477925
0.06726989
0.078985564
0.094987385
0.1559672
0.114718035
0.07570556
0.0708996
0.0690733
0.06886654
0.06769822
0.09493233
0.06518706
0.07539865
0.31738704
0.9107032
0.926438
0.9039114
0.092448995
0.053499304
0.050675392
0.05668313
0.063196436
0.070599094
0.105911456
0.70709133
0.107711084
0.08219173
0.12402013
0.7760458
0.20532607
0.23321876
0.24857974
0.7519342
0.122402154
0.12123831
0.110722445
0.14304611
0.78909683
0.7380708
0.26736015
0.80496216
0.8718442
0.90407574
0.92745286
0.9210942
0.8270376
0.21946886
0.72072905
0.14139016
0.20870204
0.21265478
0.72902423
0.12287877
0.10469247
0.07347448
0.08675226
0.1925098
0.12982756
0.09197711
0.1081762
0.083839424
0.08824731
0.15582806
0.29055902
0.3385294
0.8496839
0.7270093
0.10724411
0.07019781
0.06315971
0.07256114
0.1129503
0.1994271
0.8414696
0.21531129
0.11408774
0.15630499
0.88508534
0.89242834
0.8238619
0.11364708
0.10608086
0.27660605
0.85252887
0.45408076
0.3716005
0.7309447
0.1092407
0.08019014
0.0921954
0.17821494
0.792059
0.88205725
0.790324
0.7039684
0.30254003
0.40326327
0.5106289
