0.825881
0.8826573
0.9028786
0.90612626
0.9013266
0.88919973
0.8848317
0.8907459
0.90003383
0.9032332
0.89990497
0.8886663
0.8879693
0.89295715
0.879848
0.8589608
0.8283673
0.82190377
0.8038576
0.7810129
0.7574989
0.7378596
0.6837697
0.20981243
0.19006863
0.13529527
0.13201424
0.19272017
0.62408745
0.15812758
0.13051987
0.2069264
0.1334844
0.15183213
0.6830498
0.69336176
0.68644196
0.12431376
0.08535014
0.09871668
0.09209089
0.12282921
0.68485373
0.80180013
0.18421663
0.12941876
0.2221299
0.08840197
0.07161569
0.067280695
0.06892864
0.07800653
0.16421476
0.10699575
0.1663083
0.9000849
0.9300916
0.92348194
0.7652172
0.07813663
0.0602392
0.07134025
0.071415104
0.101020396
0.68696433
0.69629776
0.8373443
0.8202303
0.15511918
0.1383872
0.12932488
0.14090383
0.19232993
0.17684384
0.814502
0.403101
0.28017327
0.88508976
0.9208713
0.9089382
0.7550509
0.19882211
0.15183182
0.66362
0.749694
0.87537754
0.9181425
0.9217289
0.9143271
0.9175783
0.9174133
0.9146424
0.9057011
0.9031904
0.91070294
0.9043659
0.91201806
0.8937745
0.8572333
0.77641165
0.22736073
0.36459365
0.83281285
0.7238107
0.6083235
0.24124832
0.436096
0.88618577
0.9124464
0.87669665
0.1940688
0.20616537
0.23901248
0.1551186
0.25874344
0.16874234
0.62925345
0.13576211
0.10503003
0.108376734
0.15485287
0.14818372
0.22259453
0.83766735
0.827689
0.8760136
0.9032311
0.89388347
0.8829121
0.8713253
0.8557342
0.84712195
0.83721
0.83938515
0.8513102
0.88621753
0.8914702
0.9082003
0.90985435
0.8851295
0.8815971
0.5730632
0.21587385
0.099709705
0.11988925
0.080698326
0.0666725
0.08623692
0.16974679
0.85113543
0.9094822
0.77256775
0.0926707
0.07552379
0.099683955
0.8446355
0.9169021
0.91454536
0.9051962
0.886936
0.32644486
0.8071391
0.1546515
0.15495962
0.8314387
0.9189831
0.8953942
0.9033598
0.13131388
0.062034495
0.054683723
0.062116932
0.09311245
0.09473999
0.15134342
0.1952998
0.6263892
0.6534444
0.7122721
0.7838435
0.8345291
0.86892545
0.90210885
0.9043392
0.8816151
0.78043187
0.72742105
0.7594203
0.815499
0.8891521
0.90489733
0.8912081
0.7859058
0.3549428
0.23126987
0.29714236
0.24014392
0.6265289
0.69072807
0.73413897
0.8267351
0.18759309
0.15760374
0.1173747
0.16400774
0.115754575
0.1227863
0.23224798
0.6052655
0.15670116
0.17048435
0.17267492
0.7796439
0.135443
0.09534948
0.11520502
0.7564222
0.8033735
0.84295523
0.8808718
0.11975069
0.084373415
0.105747744
0.6435058
0.12632832
0.15463677
0.09000756
0.10066797
0.091971755
0.12019569
0.65353817
0.81256616
0.8255647
0.69822365
0.3977314
0.23126943
0.16685079
0.24382636
0.1492287
0.2506129
0.17101425
0.112954184
0.11221911
0.21382448
0.09803042
0.085292324
0.087738276
0.10469588
0.24342303
0.26627862
0.1371312
0.21628766
0.089554824
0.07267958
0.07097051
0.07952687
0.12421179
0.16033967
0.8845889
0.9137352
0.9136975
0.8865048
0.6081243
0.16319084
0.23926137
0.3456447
0.874165
0.87497723
0.2200099
0.40249696
0.88414717
0.7754702
0.08513155
0.053973205
0.05278376
0.057873677
0.061784625
0.0746468
0.17209995
0.7768162
0.14459299
0.13461427
0.7053619
0.10214955
0.06470975
0.06567026
0.09464405
0.8718125
0.92322224
0.94377923
0.931995
0.8788263
0.06797875
0.046257958
0.043202195
0.050695032
0.053692717
0.07866686
0.8061923
0.85907596
0.8666655
0.89624715
0.9331203
0.9393189
0.9349007
0.8875973
0.11189207
0.05508526
0.050445568
0.069321655
0.05811447
0.06809522
0.1407641
0.7653205
0.6936079
0.16002002
0.13683331
0.64985126
0.6225283
0.16812286
0.15945503
0.15419917
0.69597584
0.69601697
0.68157864
0.13755526
0.114202134
0.17721827
0.1595624
0.85750246
0.9156739
0.84837705
0.728356
0.09501082
0.08799899
0.08015809
0.110245176
0.80287385
0.90982556
0.91696715
0.8346303
0.8194646
0.8645863
0.1159603
0.07533118
0.06784928
0.0706351
0.0894313
0.13623697
0.15184785
0.14194514
0.210996
0.2969459
0.7229275
0.8027619
0.6704963
0.26596436
0.30581188
0.20620394
0.20879757
0.3946963
0.8448219
0.86975276
0.7678285
0.7346709
0.7211058
0.69145775
0.67016745
0.6514291
0.18524823
0.15045942
0.20792878
0.12057839
0.11095038
0.12455161
0.244687
0.6472804
0.64994943
0.7025742
0.8163709
0.6860885
0.64611375
0.1463613
0.10839134
0.11014485
0.20047675
0.1627587
0.35322976
0.82963353
0.7072969
0.6680958
0.6352693
0.124871776
0.09311455
0.11005861
0.11878042
0.66785336
0.6908901
0.69848096
0.8242464
0.17785601
0.19496651
0.12373274
0.14520408
0.65921825
0.77345055
0.6312929
0.1537864
0.12820841
0.17381285
0.5660389
0.16441968
0.16935188
0.14351463
0.26407924
0.7606492
0.88827395
0.8874907
0.74499965
0.6926376
0.6876236
0.70904493
0.81282675
0.7144587
0.6543698
0.666324
0.7731013
0.18590578
0.13850778
0.20050673
0.10914909
0.098365486
0.11910018
0.5587129
0.15775347
0.14688648
0.25016108
0.8575647
0.86658394
0.68896
0.12132876
0.09790763
0.12155144
0.69870204
0.7151891
0.09834376
0.0629676
0.06062766
0.06768955
0.10529656
0.08097339
0.116315
0.76707226
0.20513639
0.08076707
0.07107395
0.103612475
0.8726661
0.9208651
0.92866266
0.91836685
0.9177291
0.89411706
0.8744421
0.88153714
0.9106911
0.9014715
0.8973159
0.9019315
0.90331006
0.88962364
0.8332218
0.07949657
0.05956669
0.06627233
0.12013718
0.8239151
0.77589965
0.100047536
0.06983579
0.08358605
0.11369044
0.1652966
0.8342919
0.114560746
0.06787046
0.06323412
0.07192159
0.11464763
0.7700944
0.7509548
0.8554866
0.44599208
0.19985963
0.29188362
0.7063121
0.2012552
0.10573274
0.0835232
0.115428396
0.09720654
0.14004463
0.1499221
0.12383304
0.25105116
0.18326159
0.6584813
0.32915023
0.17446603
0.19373612
0.73710704
0.16014469
0.12470591
0.1303782
0.2860369
0.8885434
0.92146677
0.9252024
0.9206854
0.9028275
0.7917233
0.7166553
0.71696275
0.76199776
0.8478409
0.45985937
0.15724751
0.15082644
0.19300102
0.78169227
0.23465717
0.13424228
0.14368245
0.114848845
0.1275399
0.19817273
0.6635454
0.7656313
0.52502877
0.5661765
0.2094642
0.19820344
0.30618504
0.76253504
0.8513949
0.8938141
0.8586343
0.8567334
0.87499565
0.7711505
0.6821142
0.16859388
0.14731501
0.17171568
0.5305251
0.56564873
0.861978
0.88809997
0.8510301
0.85850215
0.88844943
0.89277846
0.872361
0.8849347
0.8480914
0.36296445
0.49813288
0.19136208
0.22774124
0.630125
0.64846873
0.1514159
0.09691082
0.12520765
0.07604348
0.079645626
0.13939114
0.88676286
0.8619349
0.7824419
0.08844363
0.060632713
0.06169144
0.09260683
0.10834156
0.31141075
0.85925347
0.853711
0.36982527
0.21521132
0.442632
0.22986655
0.5879827
0.6261036
0.7517743
0.6416858
0.15214574
0.112026595
0.095584065
0.09752743
0.1280968
0.11057259
0.13186836
0.5690872
0.5712797
0.5141052
0.48838317
0.20967443
0.19591688
0.17313199
0.6137732
0.2766478
0.18439974
0.1340439
0.19625126
0.14541921
0.20457157
0.73071927
0.84266543
0.7228332
0.69484097
0.8262749
0.722023
0.72086656
0.8253408
0.71112716
0.6819001
0.8155184
0.32357475
0.10568277
0.083839975
0.10826042
0.113546476
0.0988661
0.07232785
0.07011443
0.07624808
0.11020832
0.2453693
0.7285417
0.10015011
0.065426484
0.06156727
0.06339502
0.066818714
0.095124416
0.7068275
0.12828784
0.13179523
0.8530435
0.9142089
0.9065485
0.9006717
0.89833814
0.89869493
0.8938913
0.880091
0.12240443
0.11625198
0.56465715
0.134012
0.15960667
0.8826082
0.9235152
0.9150445
0.7423049
0.13252734
0.19354734
0.8154184
0.10482596
0.07619378
0.07844913
0.21308072
0.87136596
0.8759335
0.8577121
0.11335316
0.07437429
0.09784168
0.12714013
0.833082
0.32889163
0.21827714
0.8671443
0.7401978
0.080719315
0.056009352
0.055203527
0.06697294
0.10265852
0.7515089
0.14586952
0.12566267
0.19858015
0.18687221
0.90214384
0.92497987
0.9134545
0.8602712
0.08869709
0.077905364
0.160361
0.13470402
0.06986574
0.068836905
0.07284999
0.07696816
0.082379304
0.10494081
0.082643636
0.07898751
0.0784812
0.08126751
0.07450289
0.071215354
0.08140118
0.08373211
0.16608685
0.20153712
0.17695194
0.089551315
0.09148076
0.20831023
0.8767174
0.8266985
0.89736754
0.7865172
0.74978274
0.113176465
0.08296715
0.09362966
0.08112021
0.09832176
0.18471918
0.6794048
0.64657557
0.2830859
0.5037423
0.66393787
0.8681502
0.8234147
0.8489963
0.1892855
0.14983295
0.20507555
0.12456008
0.1266714
0.14868797
0.33933815
0.86642015
0.8932106
0.87234926
0.8937738
0.88999945
0.8629083
0.8748263
0.85022336
0.8250944
0.8349494
0.86012703
0.74301267
0.21166883
0.19130151
0.1413395
0.15065248
0.63628393
0.1628423
0.090343416
0.07646483
0.09583981
0.09142572
0.1839323
0.7476342
0.795337
0.9081703
0.82167274
0.14457548
0.06147757
0.055429194
0.061250243
0.08220808
0.06951262
0.08572422
0.061897457
0.06033421
0.08175374
0.17673756
0.17113183
0.9014961
0.91992104
0.8424994
0.15199682
0.18039168
0.89103377
0.9334532
0.9303817
0.91178006
0.865208
0.068870984
0.04731152
0.04678088
0.055812135
0.07516209
0.06003775
0.06730466
0.12554888
0.8726591
0.8829101
0.8475922
0.09680912
0.0680224
0.060481485
0.064206265
0.06996697
0.08187651
0.0839744
0.06965701
0.06434676
0.06381658
0.0723059
0.12671657
0.8254161
0.48437327
0.3138756
0.8868579
0.89690757
0.22316848
0.07396839
0.062525414
0.087324716
0.06925085
0.111188136
0.1450106
0.8949098
0.9221594
0.912723
0.8944013
0.88490653
0.88112843
0.8927625
0.9260895
0.9218882
0.81700945
0.08881846
0.08931152
0.108603254
0.68580437
0.13404128
0.08087398
0.08299667
0.15912832
0.7736247
0.8413711
0.28261873
0.41174805
0.80279845
0.17912614
0.14797688
0.24274072
0.19897646
0.6738014
0.6912864
0.7087885
0.7525815
0.8689006
0.78653884
0.783527
0.2106982
0.09114059
0.0767388
0.08454502
0.12244729
0.1022079
0.13920163
0.10270497
0.09558744
0.108061925
0.14354299
0.10306061
0.0984302
0.10191673
0.12397632
0.09135661
0.090601034
0.12139465
0.6626888
0.14128566
0.14157943
0.6896712
0.15776305
0.11789687
0.12147847
0.0669573
0.06471383
0.10409782
0.8517129
0.8969849
0.92097914
0.8885749
0.88617015
0.90125215
0.91632277
0.9283926
0.9119223
0.1757022
0.06080765
0.058106955
0.08045458
0.15537135
0.35607928
0.91008073
0.93097854
0.9039773
0.14225477
0.12985761
0.66891795
0.0913364
0.063443705
0.06515967
0.08111989
0.06713965
0.074453585
0.12665506
0.7983168
0.779279
0.80564857
0.82553315
0.27555254
0.09255844
0.083857715
0.13734159
0.085741214
0.098808
0.18519568
0.14294313
0.21513863
0.8595138
0.88471824
0.8493306
0.8950031
0.89597577
0.8989879
0.8756458
0.8380126
0.81836104
0.82840925
0.8516883
0.8914059
0.90465444
0.9065923
0.8989326
0.8948198
0.8377312
0.75099015
0.71299076
0.25571176
0.16161561
0.23538248
0.13726592
0.08911562
0.10017024
0.08824286
0.06871018
0.07386862
0.12549701
0.7822755
0.7851028
0.7916633
0.26393095
0.13676858
0.14903061
0.74065804
0.8737099
0.8261986
0.84699965
0.89102376
0.8488151
0.83128846
0.8413914
0.8690196
0.9016937
0.9045396
0.89221615
0.90192515
0.90751386
0.9101153
0.911034
0.907055
0.87994266
0.88447654
0.7729404
0.13622345
0.12061063
0.08975037
0.09622625
0.1901745
0.67119133
0.23654935
0.78301823
0.8935201
0.74282986
0.08838872
0.07156805
0.06856851
0.07078859
0.19544213
0.88382953
0.9147881
0.92840964
0.9236129
0.92913395
0.931304
0.92890894
0.9068094
0.15193054
0.081730545
0.13878122
0.15287289
0.13292344
0.73679626
0.6844085
0.21823494
0.68054473
0.15304978
0.09097591
0.093618356
0.16869779
0.14749317
0.72871816
0.8500718
0.8001234
0.8920934
0.8765494
0.13007158
0.09544046
0.14428936
0.073149435
0.078699954
0.07958365
0.077321365
0.22590482
0.88712466
0.9013029
0.88728434
0.84389687
0.12519217
0.095419966
0.18848996
0.7627509
0.095048256
0.06028642
0.062057875
0.06642104
0.09658642
0.7004994
0.2302875
0.14962904
0.11609397
0.3962568
0.9069047
0.92276484
0.93021035
0.85967094
0.11751448
0.082458325
0.1333961
0.12386934
0.19399653
0.19175446
0.10581656
0.18666585
0.1377456
0.10805288
0.1468389
0.74590987
0.8497055
0.17311177
0.11777083
0.15838374
0.099701576
0.13520321
0.09127429
0.084861465
0.09147301
0.12878574
0.09606531
0.12932442
0.103522144
0.123155236
0.24267088
0.7083174
0.6880183
0.42129862
0.18736075
0.17597067
0.2545984
0.23593345
0.742726
0.82864624
0.8728135
0.90633696
0.91978496
0.91805756
0.8859299
