0.8123122
0.8669651
0.89136106
0.90455735
0.90910584
0.90816164
0.9007606
0.87940717
0.86405146
0.8611288
0.8605531
0.8644483
0.8896148
0.8758243
0.84606045
0.33250126
0.22902504
0.31883383
0.2480667
0.6207883
0.7587688
0.26544112
0.24171515
0.6235683
0.6295748
0.17800197
0.13985592
0.19293939
0.12529504
0.13667484
0.5877886
0.63386935
0.6517666
0.64950085
0.17747197
0.21113223
0.12838228
0.084712654
0.08415807
0.1220154
0.15033029
0.8364341
0.7386192
0.7334929
0.7511773
0.7626795
0.8479649
0.14557528
0.13994089
0.079689205
0.08060745
0.14922014
0.17121208
0.24345325
0.78227544
0.6622698
0.32014158
0.6431782
0.12083385
0.08307242
0.077789
0.1030216
0.08064423
0.08541253
0.115563266
0.7508001
0.8325885
0.23036224
0.6652167
0.09026756
0.062569
0.0671958
0.07630162
0.13504353
0.8259426
0.1363335
0.10121311
0.21940388
0.77324563
0.10936001
0.062205534
0.060422625
0.06656058
0.07317526
0.39194527
0.9143974
0.9317984
0.9385129
0.9420148
0.90197265
0.08041519
0.04828417
0.04696224
0.06084771
0.057851877
0.07661492
0.06644135
0.06859297
0.12354432
0.8976372
0.90271646
0.29004702
0.7450558
0.09119252
0.06320701
0.06502848
0.09520423
0.65548784
0.09232368
0.067882836
0.070934564
0.13039118
0.8940639
0.9172576
0.8953066
0.87170786
0.87091863
0.87591153
0.87959677
0.87889534
0.86725366
0.1627063
0.12905152
0.18908122
0.8654569
0.90202993
0.8503441
0.8113144
0.8741153
0.8185146
0.7810226
0.7788958
0.7677476
0.7919387
0.7938386
0.7837164
0.7496853
0.72765565
0.123316966
0.08884632
0.09301606
0.15731835
0.10157228
0.10770643
0.1741128
0.5656424
0.19353342
0.5481606
0.1504859
0.1301693
0.14397989
0.2979933
0.7412207
0.8838123
0.88894165
0.77565444
0.7369612
0.73803866
0.85153764
0.18873982
0.085817255
0.06744606
0.06391185
0.06894459
0.07129851
0.07886271
0.11364711
0.12604654
0.77985454
0.82666045
0.8733639
0.90967065
0.85104823
0.7801636
0.7761366
0.7468194
0.16149242
0.18078871
0.10571028
0.10544849
0.13834165
0.66689473
0.689768
0.69928914
0.7219452
0.72048795
0.7212127
0.15874137
0.078251645
0.06635251
0.0635391
0.06356301
0.06338819
0.0666282
0.099842735
0.07543196
0.11173792
0.87414193
0.9230047
0.8391475
0.08454494
0.058023144
0.05994844
0.06493114
0.10079139
0.7569876
0.7732911
0.88041395
0.72801447
0.10160253
0.07562416
0.078538544
0.10704462
0.30574587
0.86394376
0.8854966
0.85897446
0.69454056
0.15393318
0.123984136
0.122751415
0.22277583
0.22150028
0.11691445
0.10766525
0.13027455
0.6585058
0.6545442
0.23806947
0.22775662
0.12223838
0.16620475
0.11027823
0.13934016
0.7871328
0.23039342
0.32117113
0.8497114
0.7821927
0.7913888
0.88224095
0.7967601
0.7691671
0.8719269
0.72692573
0.7140905
0.12458338
0.09005462
0.13024262
0.8131406
0.09674677
0.056865986
0.052196365
0.052121308
0.05917484
0.12340609
0.8987568
0.93107677
0.93524414
0.93757385
0.93947923
0.9162706
0.0736735
0.046948027
0.046138156
0.06435984
0.06907186
0.09390775
0.77012485
0.7468053
0.69428164
0.120434456
0.10138028
0.20294844
0.8600202
0.9173773
0.9238766
0.90836644
0.91553545
0.8902608
0.86702454
0.852564
0.86507875
0.18843913
0.19339094
0.79646593
0.12148034
0.08473848
0.11324361
0.10826877
0.18375526
0.3528944
0.69885594
0.69544846
0.682692
0.14779773
0.11406224
0.11650881
0.17169343
0.23753086
0.6747638
0.69396055
0.69605947
0.7211651
0.7648428
0.8859563
0.9053744
0.887718
0.76219594
0.32029176
0.17801106
0.6543114
0.12982625
0.07545978
0.07083143
0.09947373
0.8552816
0.9166519
0.8924744
0.8371215
0.82379836
0.8728776
0.097224355
0.06580317
0.07033572
0.11708099
0.78635716
0.20512514
0.30813324
0.8339225
0.21394703
0.13039146
0.084292814
0.11429854
0.069864005
0.07429965
0.20633473
0.89149445
0.9239476
0.9110158
0.88774794
0.86629593
0.84671015
0.8505919
0.8394518
0.1167159
0.059149712
0.052044
0.061757874
0.06266946
0.081910305
0.25513262
0.86448926
0.793339
0.8890384
0.8693963
0.90982723
0.89954114
0.7806401
0.7016713
0.15966068
0.14882484
0.2066956
0.8594299
0.90237755
0.88431764
0.36838892
0.119472146
0.107316606
0.12645628
0.755104
0.87875175
0.7779567
0.7276054
0.72856766
0.71441597
0.11199364
0.08471565
0.09246617
0.17582554
0.6620907
0.13064632
0.10591511
0.13063194
0.09912247
0.10176163
0.12066384
0.1745906
0.74109644
0.21647695
0.20960215
0.16017367
0.1735566
0.51202655
0.57912856
0.57407886
0.19701351
0.17297071
0.18656506
0.34441525
0.7372683
0.23662813
0.2292688
0.18772464
0.5614802
0.14877991
0.11823289
0.12403821
0.19335791
0.6536925
0.794792
0.3324659
0.14540696
0.12498818
0.14343384
0.67596644
0.80896026
0.6490902
0.27933022
0.63191175
0.7939905
0.26181749
0.12579268
0.12753874
0.11404917
0.19697234
0.6610101
0.6541139
0.71040195
0.84843975
0.69045323
0.66722685
0.16622372
0.110717855
0.15686269
0.124070734
0.1916238
0.67570204
0.7896336
0.30750155
0.66926324
0.23177655
0.1315382
0.11962815
0.24131316
0.1094128
0.102463454
0.19998892
0.09204542
0.08313479
0.09439188
0.090361744
0.07775903
0.07479979
0.07493029
0.068244524
0.06502599
0.06839568
0.06993344
0.117817275
0.7578104
0.26516944
0.8631918
0.7912366
0.809993
0.8479369
0.906246
0.93446374
0.93408996
0.9034561
0.07798189
0.054707777
0.060575616
0.09857772
0.8816681
0.9262416
0.9201162
0.087340906
0.053248968
0.050473128
0.06227261
0.09909234
0.71482617
0.1614191
0.08841259
0.1338314
0.105985425
0.08919255
0.14886266
0.11132978
0.14553258
0.6969359
0.78541803
0.6623965
0.61241347
0.58873963
0.61767936
0.5976234
0.20200548
0.12787391
0.11858573
0.19856876
0.22166699
0.17234018
0.651606
0.6702726
0.6797484
0.664452
0.10705185
0.074357584
0.07547791
0.12106132
0.8550873
0.8008131
0.760344
0.82669646
0.9049223
0.8649922
0.90993303
0.8293734
0.7618603
0.088500574
0.08044829
0.066026255
0.09894982
0.6803873
0.088007145
0.062491253
0.06720615
0.0998853
0.07476251
0.15739925
0.16986056
0.9064465
0.9070508
0.86980605
0.086574055
0.062632605
0.06491061
0.081852876
0.12695725
0.08851447
0.15128069
0.8461129
0.1090154
0.06224427
0.057857573
0.056552317
0.056467276
0.063131005
0.09275262
0.8335899
0.84080493
0.86425537
0.92736715
0.8623447
0.81929344
0.08842297
0.079310484
0.058597483
0.062324263
0.06810634
0.0722152
0.07431533
0.07428404
0.07243868
0.068588056
0.06529602
0.058460113
0.056116924
0.06446176
0.19617647
0.9126274
0.93350494
0.9394362
0.93657976
0.9143305
0.87780076
0.18119466
0.09296727
0.1261625
0.8362192
0.8890093
0.09541243
0.057488848
0.05316644
0.06406195
0.11613422
0.85187006
0.74451244
0.7158515
0.69535375
0.13116635
0.12925647
0.12180352
0.1030229
0.12258105
0.2542084
0.69922787
0.738549
0.83468455
0.779303
0.870642
0.86973834
0.74534506
0.69178987
0.30944
0.19617324
0.089357644
0.07925299
0.06527897
0.07322071
0.15834092
0.8283933
0.87657946
0.91903555
0.81069905
0.10600706
0.068346746
0.07040418
0.119912826
0.10102271
0.15920101
0.2679001
0.83384246
0.7851666
0.87312645
0.8678108
0.754517
0.71424705
0.68926233
0.64178985
0.2633248
0.3564561
0.33199963
0.24138165
0.25364494
0.13317974
0.116230235
0.1329909
0.622251
0.6534509
0.8169193
0.68522656
0.12914495
0.10569203
0.07466866
0.08115841
0.1583083
0.14385113
0.7605482
0.74518573
0.7397479
0.7341889
0.70289415
0.11247111
0.10010887
0.09407824
0.0864008
0.15473206
0.13040632
0.6412154
0.61499804
0.17513652
0.16261883
0.6423847
0.6491761
0.1754123
0.17913015
0.78379107
0.11588116
0.07857436
0.110950194
0.08869019
0.1616841
0.8537694
0.72139436
0.16708498
0.25770277
0.8470068
0.924506
0.9360073
0.93061334
0.85339916
0.90022874
0.115024745
0.050794616
0.044108965
0.047203343
0.051927485
0.06785421
0.06463682
0.116860874
0.90447813
0.9143478
0.9127409
0.8627912
0.09416399
0.075339854
0.11055472
0.73568046
0.089317836
0.05600688
0.052725773
0.056966476
0.087409936
0.81785905
0.84667784
0.9268077
0.93835306
0.93595845
0.9146483
0.27505946
0.15461026
0.75104946
0.08796959
0.058954824
0.06654361
0.060332533
0.06062762
0.06825086
0.106928304
0.73852885
0.67852867
0.20677994
0.20706974
0.73018855
0.83479756
0.71001315
0.7095138
0.7332429
0.79133177
0.87694913
0.7905145
0.75543046
0.83952916
0.13638845
0.08688938
0.090205885
0.13589257
0.20130531
0.17267975
0.18547632
0.17470111
0.6919487
0.70580214
0.81714183
0.47547916
0.3011332
0.15556346
0.15793256
0.6816576
0.689762
0.72601104
0.76557744
0.8291513
0.8993067
0.8408365
0.8580437
0.1522321
0.11704789
0.18153864
0.25354537
0.7027661
0.47808847
0.39239496
0.11104197
0.08878959
0.11568474
0.08735619
0.08776404
0.11847087
0.09895904
0.11218197
0.19761454
0.17174202
0.16084224
0.5515025
0.18284336
0.187252
0.6973271
0.79664207
0.90354395
0.910092
0.8690308
0.18314502
0.14507607
0.16547759
0.30267802
0.6528035
0.6647045
0.67376375
0.65308154
0.61153066
0.16969007
0.16272418
0.13736086
0.22767366
0.66432685
0.65015703
0.26192147
0.7852063
0.12616341
0.08972179
0.11414767
0.79239804
0.8405452
0.88069737
0.10239523
0.06407648
0.06434584
0.09626554
0.8730037
0.9219067
0.9269933
0.9308396
0.918409
0.905844
0.8889954
0.81970847
0.077642106
0.05843107
0.06575111
0.1140051
0.8766134
0.86511016
0.7997444
0.11742294
0.09909265
0.13779995
0.78881943
0.26570678
0.6830131
0.6491791
0.21241648
0.16168198
0.24377894
0.2038447
0.75298107
0.88818884
0.8991123
0.858875
0.26323947
0.27369577
0.80859923
0.67958707
0.66178393
0.631394
0.17593262
0.18807226
0.74544466
0.1948823
0.2600285
0.22755289
0.13077359
0.16540109
0.8813032
0.9099446
0.9251649
0.9024714
0.8974019
0.91752607
0.83485967
0.09284587
0.07199796
0.10787136
0.11679483
0.07103727
0.06568884
0.068869404
0.09190764
0.19560072
0.74416286
0.8353676
0.384516
0.1603951
0.13447402
0.15979965
0.6581545
0.63341355
0.19674206
0.20162901
0.60614973
0.25906298
0.64260924
0.2584953
0.16701333
0.15773602
0.18582503
0.70012677
0.83599645
0.78467655
0.7387394
0.76879805
0.7960118
0.8666707
0.90273404
0.9075019
0.9022392
0.9054554
0.90561056
0.9022914
0.89540595
0.8984476
0.8987962
0.90174246
0.90074986
0.8960123
0.89931875
0.90579224
0.90082604
0.8578923
