0.834665
0.86318636
0.83515203
0.37912744
0.2819477
0.6885848
0.8503668
0.90683293
0.9094125
0.88352436
0.85363585
0.85709304
0.8964312
0.9080854
0.9024926
0.85407704
0.75564116
0.32242763
0.3820821
0.8360166
0.8645735
0.7251597
0.21283047
0.13995276
0.14645532
0.12033593
0.14069661
0.64844966
0.6570396
0.67657155
0.6859435
0.65262973
0.15140302
0.1316514
0.20586967
0.17993787
0.36729622
0.78407514
0.6624819
0.43137014
0.3341949
0.2149481
0.27655834
0.21258415
0.5587903
0.60766405
0.6158442
0.19758691
0.23242033
0.13133939
0.12639233
0.16302629
0.76464826
0.29203805
0.6324825
0.5585626
0.20761351
0.24447463
0.709831
0.88074654
0.8826169
0.71150595
0.64129275
0.6688449
0.7295754
0.87230396
0.86893284
0.52929807
0.35433778
0.80462027
0.7403224
0.7096445
0.6752629
0.23005041
0.53524303
0.1433261
0.13886409
0.122159705
0.1725409
0.18918173
0.72992474
0.21791478
0.18089506
0.21045598
0.22457811
0.2523693
0.3719356
0.65133995
0.7068206
0.8109752
0.70465505
0.6699611
0.15662318
0.11081275
0.09666825
0.10421633
0.19852303
0.10948126
0.10618406
0.13127783
0.6440276
0.16989118
0.22543325
0.11544101
0.11272893
0.16439657
0.17970003
0.7695804
0.15519197
0.097891
0.08947401
0.108547404
0.63813
0.6141043
0.18155153
0.13759732
0.2186989
0.2790643
0.70702326
0.72077596
0.8628249
0.7067145
0.18079282
0.14999805
0.13277215
0.25430334
0.7991373
0.6838767
0.66734606
0.6709786
0.66810393
0.6647666
0.65677625
0.16453789
0.1277252
0.16308774
0.23153995
0.10091558
0.08748558
0.10204387
0.07925004
0.08044721
0.10739519
0.6430464
0.2556248
0.8362273
0.77783316
0.89845777
0.9110899
0.8865431
0.68875736
0.57884616
0.57222354
0.21492767
0.52144283
0.10535338
0.08921289
0.13393103
0.24253912
0.66628456
0.19669719
0.11838543
0.13719288
0.16581841
0.093166806
0.089406274
0.119420104
0.11168593
0.18515743
0.122549556
0.15824077
0.15498535
0.64184856
0.6123271
0.15661712
0.15967718
0.153681
0.13919416
0.57955676
0.12367294
0.10358991
0.14301969
0.22457635
0.26963234
0.29702714
0.6371851
0.13219616
0.095485255
0.097639725
0.18812753
0.23219828
0.27718914
0.6823548
0.6781718
0.6740259
0.7192031
0.8571919
0.1984156
0.11925679
0.09119253
0.06493434
0.06276218
0.069124594
0.09259132
0.102185875
0.09394481
0.1864279
0.6509071
0.13337706
0.13165821
0.7200683
0.7497591
0.75885105
0.10460366
0.06490723
0.06640784
0.06966932
0.069963664
0.070089445
0.068365246
0.06633779
0.06076783
0.05819201
0.06544367
0.16425198
0.24583213
0.8647469
0.84221375
0.8798497
0.92673326
0.91465575
0.90502775
0.9149979
0.91720617
0.114662364
0.057792686
0.047038402
0.05124228
0.059139278
0.07365171
0.14069524
0.852263
0.14110835
0.06697133
0.05891413
0.06313343
0.080031335
0.2598179
0.8534709
0.17720063
0.15565276
0.72660714
0.15405582
0.08876173
0.13882859
0.121048175
0.07347962
0.05935409
0.060907174
0.08531757
0.7338863
0.21701393
0.8595091
0.9120496
0.93736
0.9411598
0.93469375
0.8710295
0.07416143
0.055405907
0.06662905
0.07675282
0.25059694
0.86395293
0.18233366
0.11508834
0.09145565
0.06983177
0.076690085
0.12745656
0.78684515
0.2023996
0.25459534
0.17106542
0.21003942
0.79845804
0.6902977
0.4049281
0.78321075
0.39821354
0.20896377
0.24574281
0.22800313
0.50529855
0.8242101
0.8136442
0.88090426
0.8810311
0.5679024
0.14931144
0.1403537
0.08199087
0.06854783
0.06648679
0.06554405
0.0651694
0.064405054
0.070861086
0.075637676
0.16604523
0.24133214
0.808539
0.2492315
0.18689941
0.15470268
0.10549807
0.1157147
0.867918
0.9245143
0.9446442
0.94198316
0.8805266
0.07627198
0.06697158
0.05993416
0.06595615
0.07230947
0.07588486
0.0742159
0.06805916
0.078000285
0.066650406
0.074475646
0.14754048
0.8026389
0.73325133
0.12875631
0.14599927
0.14148554
0.10587109
0.14339574
0.8958487
0.9157303
0.90358067
0.8387605
0.078769565
0.057237774
0.06325244
0.08163093
0.13176356
0.87752986
0.8818124
0.17904969
0.11232201
0.1334029
0.68756694
0.7604932
0.8842126
0.8470259
0.8939381
0.7831286
0.10113343
0.071717374
0.0698972
0.081394225
0.12213159
0.6245314
0.14239384
0.12097333
0.13055293
0.19485426
0.6161369
0.72599554
0.21576528
0.18329258
0.23319453
0.15836334
0.19454563
0.21392538
0.21142332
0.7337731
0.2827564
0.19587289
0.22408648
0.81946504
0.83830917
0.5896203
0.1717886
0.11381773
0.11275805
0.16813402
0.7033951
0.848693
0.7223561
0.64198506
0.64411306
0.6510506
0.6657115
0.76227933
0.8835795
0.8908479
0.9055976
0.8983013
0.86491656
0.8932947
0.89896226
0.88005733
0.88546646
0.81808007
0.7023421
0.29997128
0.18584828
0.20357037
0.4120826
0.808505
0.80627525
0.20086369
0.16039452
0.17837818
0.15489598
0.2676728
0.57349384
0.13123676
0.09811548
0.096316345
0.13181937
0.15687351
0.18640785
0.20963997
0.83959323
0.8512796
0.6928826
0.79765743
0.639698
0.6441465
0.6541372
0.62970996
0.12432457
0.11136827
0.075327024
0.06816183
0.07015313
0.077888235
0.14023142
0.098667964
0.080838904
0.10945305
0.76571244
0.74891895
0.7492708
0.15645018
0.07411451
0.05493576
0.05657396
0.082728796
0.8370253
0.9032432
0.9289245
0.93104297
0.9279686
0.92406374
0.918908
0.89044666
0.83621037
0.82356507
0.81645846
0.80717826
0.86630714
0.92582667
0.9255402
0.8220232
0.07024944
0.051967546
0.052139558
0.064119406
0.17122781
0.9025974
0.9305492
0.92074543
0.7677525
0.111710995
0.10676494
0.18720557
0.21566772
0.7572094
0.89874554
0.9197316
0.9201309
0.909992
0.85009736
0.81041086
0.8473636
0.8967032
0.80747986
0.11353269
0.08204246
0.080562614
0.0925481
0.19911624
0.1674171
0.75460356
0.8867966
0.8989954
0.8361584
0.8164932
0.8140597
0.80713344
0.78293437
0.75310415
0.7089864
0.6744439
0.12705605
0.11159008
0.1384374
0.6564597
0.29867697
0.19204913
0.13311611
0.13828675
0.64158034
0.1994869
0.13139385
0.20473976
0.12385776
0.13725622
0.6693638
0.7686909
0.17704329
0.1683119
0.1349692
0.23186763
0.23815097
0.7784517
0.89070904
0.8355403
0.7857671
0.7335735
0.71203494
0.7012197
0.22439378
0.12653536
0.08195838
0.080444984
0.10560145
0.6175911
0.20774375
0.19481975
0.18658613
0.7628358
0.83827
0.89966494
0.8163628
0.73024935
0.69218475
0.16360028
0.15824193
0.2768733
0.66536427
0.71253604
0.787583
0.8969375
0.8927305
0.73621774
0.1183185
0.11774309
0.09398693
0.11373426
0.8009525
0.8639814
0.9207367
0.8725782
0.7985791
0.09755862
0.07167293
0.07988804
0.12820141
0.8384939
0.7602854
0.77492714
0.8916015
0.869681
0.22331908
0.20739916
0.46779042
0.8236385
0.25034076
0.46749932
0.3424526
0.12290573
0.14804117
0.09117824
0.0770039
0.08241173
0.08668698
0.13046257
0.102660686
0.11483841
0.21561436
0.11558804
0.1299126
0.19839326
0.21215722
0.75171673
0.21613073
0.18074761
0.19020268
0.32307
0.78261805
0.7183351
0.7844476
0.5905946
0.15835093
0.12707256
0.11756476
0.12838599
0.21397118
0.16886304
0.29577282
0.31059107
0.7167747
0.8376824
0.72752786
0.6864208
0.79068214
0.17102376
0.124489374
0.12396701
0.24656396
0.8745023
0.89151007
0.89967865
0.91821915
0.9184197
0.9089647
0.8660137
0.84579635
0.89873517
0.9049396
0.8666415
0.82849115
0.8089661
0.85290545
0.35714528
0.12998086
0.120619826
0.1433545
0.5051634
0.7099455
0.8631376
0.882903
0.84409505
0.8346189
0.8611751
0.9024728
0.90790194
0.87304914
0.8730836
0.1325816
0.07457914
0.06107679
0.059078936
0.067284204
0.1155302
0.086159356
0.07573107
0.13880743
0.17132004
0.87383115
0.91551024
0.80966985
0.11063079
0.13013695
0.10348858
0.1341203
0.8834537
0.90943503
0.9101127
0.91754955
0.92419344
0.84431565
0.09128108
0.09697326
0.08854178
0.10611134
0.80205375
0.8400713
0.8291486
0.8343684
0.8072359
0.092659645
0.06849286
0.059293345
0.063511975
0.07791504
0.06961197
0.06838137
0.071512625
0.08786044
0.12745279
0.67781967
0.72179455
0.83344895
0.769546
0.7295245
0.71612865
0.68162733
0.69255304
0.7422459
0.8462781
0.84967494
0.8897001
0.8915091
0.84820414
0.2876791
0.223086
0.18066344
0.20019016
0.5541282
0.61571634
0.65807706
0.7473046
0.8732869
0.8775564
0.75778764
0.20165494
0.2108042
0.23479845
0.12028414
0.11189966
0.106109865
0.10224169
0.09928768
0.09442556
0.091732785
0.089773275
0.09651553
0.11032071
0.25789872
0.112346165
0.107256845
0.19238849
0.11878755
0.08124291
0.0832915
0.15850833
0.17932679
0.14294699
0.2122593
0.6460015
0.13342252
0.13384922
0.7139229
0.20767291
0.13212623
0.08009854
0.09997643
0.68451357
0.21098568
0.75582045
0.72585094
0.7115602
0.10834188
0.104724444
0.084852755
0.10477154
0.85336894
0.902393
0.9135431
0.9069017
0.8692844
0.1582889
0.16396439
0.120680384
0.14813519
0.8955986
0.9271928
0.84577715
0.07424739
0.05225514
0.052252043
0.07063373
0.13108504
0.8673965
0.91196984
0.7995187
0.12818538
0.13441557
0.6749756
0.17962973
0.18015954
0.122660175
0.10879398
0.08825835
0.12562428
0.16409133
0.13038543
0.10583283
0.12927866
0.5621351
0.6344101
0.64134747
0.22667986
0.14878027
0.14126866
0.19500706
0.20156123
0.43533525
0.78806794
0.1938298
0.12221059
0.09436201
0.08773588
0.09194799
0.122824945
0.10705257
0.12739125
0.6060517
0.17577532
0.16923562
0.63234884
0.65127724
0.6523775
0.65312606
0.6472008
0.6371325
0.2636311
0.13631493
0.077760115
0.06573719
0.07064711
0.08906162
0.23190759
0.8103239
0.13269077
0.09521289
0.1336273
0.73748946
0.35450235
0.5196479
0.89607644
0.9107077
0.9290741
0.92445326
0.8572517
0.7451064
0.14682934
0.1588009
0.64657325
0.17581703
0.11209482
0.14500667
0.80760026
0.69699883
0.67130184
0.65964544
0.66020894
0.5991751
0.08803704
0.06626194
0.0816002
0.14342365
0.17014451
0.15453687
0.72282803
0.10858169
0.08080111
0.11017845
0.8765342
0.92344517
0.93216306
0.92848784
0.90863603
0.8897444
0.8793876
0.86882085
0.8670664
0.8171471
0.07516142
0.051796347
0.052934706
0.08730724
0.08442453
0.09291538
0.11474315
0.07290828
0.092299975
0.7900996
0.91062754
0.9213003
0.8872303
0.097272485
0.06764352
0.07747913
0.08439189
0.103891365
0.82910836
0.8610226
0.8657478
0.8637751
0.880228
0.8769319
0.8290144
0.11494797
0.13185348
0.075138465
0.07669479
0.122596756
0.83882976
0.73195714
0.71128505
0.735691
0.7351277
0.7259484
0.1859226
0.09309683
0.07497633
0.080025755
0.09683975
0.21185413
0.22415291
0.6683338
0.68506473
0.72742444
0.84111893
0.7630608
0.7216776
0.7880598
0.8964851
0.9138917
0.90968406
0.8790524
0.85107934
0.83226603
0.81896687
0.8598492
0.901897
0.85572606
0.8427843
0.8753709
0.13907562
0.08291407
0.08120067
0.08913186
0.23144157
0.09984464
0.09556816
0.13559967
0.6527246
0.17013527
0.1771303
0.63551474
0.2389274
0.1842254
0.24550167
0.8424295
0.8644781
0.76441425
0.8452968
0.7493653
0.7700465
0.81332076
0.8503171
0.9002527
0.81188667
0.12344511
0.08134064
0.07470139
0.10927233
0.08791269
0.09579521
0.13020074
0.69015723
0.16901238
0.18024644
0.108891144
0.1373298
0.0925979
0.08539657
0.105239764
0.18516009
0.6719457
0.68893427
0.7039497
0.70436996
0.69422406
0.72106874
0.77146083
0.8240257
0.88225627
0.9267883
0.9298196
0.90451133
0.11662045
0.06777069
0.061840292
0.065784305
0.09404416
0.08038964
0.093664095
0.19947605
0.14112523
0.21262527
0.84493345
0.83048093
0.22984187
0.23341778
0.18602596
0.23941271
0.42579907
0.86193407
0.8859438
0.9026593
0.91628045
0.89394385
