0.83044934
0.88167447
0.8961864
0.8896379
0.88111836
0.8830967
0.9009638
0.904982
0.8925095
0.8807787
0.77904016
0.6951098
0.5788396
0.22365713
0.16589528
0.17296499
0.30713013
0.65424484
0.6643614
0.3319299
0.2418112
0.1402975
0.16597566
0.8411075
0.7576255
0.74545276
0.7149231
0.098454386
0.0772222
0.109910496
0.69495225
0.098044336
0.070853285
0.06979059
0.06876445
0.067419626
0.064116016
0.06012288
0.057580777
0.062212363
0.13268758
0.17000973
0.91811204
0.9454404
0.9477345
0.9094184
0.07201822
0.049091965
0.046470877
0.050471086
0.05385306
0.054742407
0.05605364
0.06577795
0.14696904
0.86437845
0.9162029
0.8090395
0.12659699
0.1258993
0.6772298
0.090768814
0.0649995
0.06334312
0.06426121
0.06256987
0.059036005
0.0570598
0.061721675
0.094329566
0.86368877
0.9055386
0.92857045
0.9402772
0.9325126
0.84320915
0.08341785
0.068770535
0.09145924
0.5370586
0.114124656
0.10762004
0.17469443
0.68139553
0.7032395
0.75691915
0.8899597
0.9088508
0.89758646
0.85200095
0.8872123
0.89051247
0.8637614
0.87438613
0.82453483
0.74907386
0.7174435
0.67309844
0.63096267
0.24110334
0.22312102
0.3312517
0.3335534
0.2580992
0.58797914
0.6208806
0.6238046
0.62438756
0.619333
0.64911664
0.6760063
0.6866625
0.67085344
0.18367057
0.17459653
0.15383422
0.12266697
0.14227736
0.57913953
0.1741241
0.18719848
0.16443658
0.111706086
0.10027729
0.101135015
0.123870715
0.5663497
0.15546738
0.1424275
0.18363231
0.80304116
0.6934464
0.6991055
0.8481311
0.8402785
0.7012329
0.6177112
0.16581169
0.2172995
0.099916875
0.08346497
0.08722366
0.12619057
0.11410194
0.21793364
0.20641597
0.09613197
0.083020784
0.09082962
0.14785777
0.6861888
0.7010603
0.7118623
0.8620006
0.2837172
0.08497334
0.063574366
0.06705482
0.09120471
0.08196074
0.084684476
0.12132499
0.17550533
0.101460285
0.110826835
0.22578149
0.3470075
0.82988256
0.69309515
0.63315916
0.6794909
0.86273676
0.87204456
0.7606299
0.88725317
0.8898746
0.75463825
0.70638955
0.07673974
0.053484924
0.051049672
0.061022032
0.095777236
0.79012203
0.79928327
0.89040697
0.10664577
0.05674948
0.049800415
0.05194971
0.055619914
0.08560835
0.08571649
0.12866955
0.881139
0.90800804
0.9251105
0.92602503
0.9273123
0.16653858
0.054350194
0.049253095
0.05275124
0.05836591
0.06571729
0.073079936
0.108819105
0.7021661
0.116004474
0.072346464
0.07593617
0.110817
0.12835163
0.6731769
0.64099175
0.6361794
0.6162163
0.6260388
0.6012408
0.22037153
0.22229885
0.7137877
0.7991865
0.87288743
0.76938176
0.69617736
0.21922961
0.2501972
0.8293066
0.7883527
0.85986066
0.25664943
0.14491668
0.08951166
0.083304144
0.105536655
0.08970582
0.09599352
0.11892497
0.17617148
0.7670267
0.64753634
0.20615457
0.20209786
0.1574721
0.24135384
0.16383788
0.30424935
0.30367362
0.23251286
0.09019869
0.07311582
0.083176225
0.1453043
0.71030265
0.14169648
0.082439594
0.05978214
0.060894497
0.08845584
0.84364605
0.91711694
0.9249107
0.8809814
0.8567844
0.8724343
0.92399246
0.90431124
0.08024353
0.052491724
0.054998707
0.09979635
0.07941537
0.13085505
0.106427155
0.08634934
0.11311166
0.13407505
0.1602444
0.19829969
0.6210822
0.578641
0.57959145
0.20955887
0.14323543
0.14322115
0.22315392
0.7756581
0.27066207
0.1849998
0.12494467
0.19298004
0.13008538
0.095034584
0.11473739
0.6463732
0.10495657
0.08116776
0.103085324
0.13314264
0.7970339
0.16428366
0.1625301
0.20877585
0.8607275
0.9182184
0.924682
0.91084063
0.91575533
0.89693254
0.894161
0.9105043
0.8712842
0.81939244
0.7743969
0.19074643
0.20462945
0.8105486
0.8790771
0.21348171
0.10295868
0.1318997
0.8714391
0.92478275
0.9042346
0.11543294
0.0886038
0.14579993
0.87099415
0.9091476
0.36539692
0.22580774
0.18925326
0.14053643
0.0675277
0.065074205
0.090758465
0.066916876
0.0639345
0.06858359
0.105670825
0.20420808
0.16222249
0.14104246
0.37109908
0.48602772
0.82558936
0.39020205
0.17390159
0.17144278
0.33628178
0.70316654
0.73632747
0.7848298
0.8833862
0.846623
0.84375757
0.88658243
0.75716865
0.1536755
0.16169934
0.12930056
0.2310193
0.18779781
0.67887104
0.6581253
0.24961928
0.6751208
0.23261493
0.1501472
0.2773851
0.12507239
0.15057525
0.100971006
0.1276372
0.09081971
0.08911081
0.10030569
0.13381155
0.660648
0.1880629
0.119394735
0.10564062
0.10725035
0.13409929
0.2592449
0.22920115
0.74477583
0.281359
0.40335217
0.3371476
0.2537245
0.13539043
0.12050729
0.15881392
0.57823145
0.16392158
0.13531652
0.12856713
0.12938575
0.15679139
0.8935301
0.9334739
0.9400057
0.9315523
0.82279944
0.10106947
0.05262737
0.05136817
0.058382347
0.07470966
0.07003418
0.08127223
0.06642697
0.062023196
0.061490703
0.08502
0.065875165
0.09819884
0.8890656
0.9316975
0.92969733
0.91625804
0.8409428
0.074033886
0.05520272
0.061354592
0.09182354
0.8311041
0.8553668
0.8231348
0.1635668
0.1851212
0.8902131
0.8981203
0.87244993
0.11436896
0.05871217
0.054739974
0.05157477
0.054506604
0.0641067
0.11953104
0.8342505
0.8208796
0.77296436
0.1606676
0.21178657
0.2363344
0.28652298
0.41234174
0.8217119
0.13009973
0.086034626
0.09441887
0.14263153
0.18406862
0.23596321
0.4095691
0.8489604
0.8352187
0.83327997
0.88870215
0.8907667
0.90424776
0.9064539
0.90269506
0.89313155
0.8920814
0.88692796
0.8954914
0.89229953
0.85179204
0.80831116
0.8325386
0.868026
0.7881362
0.7115706
0.18541065
0.17151842
0.10954845
0.092871875
0.08749939
0.08910572
0.09666643
0.14321251
0.16142169
0.17235711
0.2280034
0.1436531
0.09472048
0.09203817
0.11626404
0.6111978
0.20569475
0.3184718
0.32719195
0.8150928
0.7017151
0.6835664
0.7981961
0.5832696
0.14666687
0.12220448
0.14186735
0.6376847
0.6451201
0.79825574
0.20591703
0.110070154
0.0920283
0.10336563
0.2093924
0.6042403
0.18760134
0.18294911
0.7198578
0.8407508
0.7360203
0.73174256
0.82887733
0.6883315
0.7853682
0.21517566
0.13213556
0.12936437
0.21128109
0.21083406
0.82779616
0.7953876
0.8938088
0.9103892
0.9079933
0.89229554
0.8584618
0.21203403
0.09549643
0.07421627
0.06842231
0.07216017
0.076920494
0.09014674
0.11987114
0.65227747
0.6525669
0.31353688
0.7943657
0.6691926
0.6146134
0.17461018
0.101861194
0.08741707
0.114525415
0.09964738
0.12504385
0.6471248
0.16069208
0.23586115
0.14961776
0.09634893
0.0876597
0.091941535
0.12315389
0.11123456
0.19928858
0.14157836
0.17259102
0.7975327
0.6457179
0.14811131
0.114438936
0.11972969
0.16131881
0.8006427
0.67914
0.6528613
0.6269084
0.6213493
0.13997784
0.12242087
0.080494426
0.07387193
0.07819729
0.09708625
0.16246147
0.67759365
0.6547536
0.6789728
0.68863
0.79918146
0.16053936
0.09940718
0.084223166
0.08833046
0.11717104
0.65034735
0.79482293
0.6391219
0.63595414
0.6375419
0.6090754
0.15326643
0.08747473
0.078695066
0.098247565
0.081015736
0.08642397
0.15977027
0.0988118
0.16267474
0.13908604
0.078193
0.09196313
0.10451371
0.14245464
0.89236003
0.92093915
0.9160278
0.80537254
0.7133282
0.73505026
0.76195467
0.799451
0.8630606
0.21093479
0.62596375
0.08112713
0.05897134
0.063229516
0.107115634
0.8205909
0.24836431
0.24688925
0.86406744
0.8979267
0.9038291
0.9048319
0.9089183
0.9126649
0.585804
0.5273146
0.8744229
0.09114177
0.055108998
0.056278244
0.06219876
0.068952635
0.07672757
0.10501381
0.081222914
0.07923104
0.09547674
0.11433405
0.119899526
0.10368575
0.07334315
0.06386957
0.060446724
0.059968293
0.07171092
0.169161
0.8052085
0.8934
0.8580662
0.9120693
0.8703546
0.8820621
0.2054112
0.095781885
0.08835355
0.10241156
0.15464666
0.7899965
0.70165354
0.6761437
0.68797916
0.694949
0.752309
0.89025146
0.90819645
0.8935935
0.17738976
0.071288124
0.057223868
0.05973723
0.05421087
0.055108014
0.06490278
0.09535197
0.8615549
0.8993102
0.92763686
0.8375025
0.08754384
0.06007455
0.0634261
0.11225664
0.88862437
0.9351619
0.9378278
0.8810566
0.08348014
0.063882776
0.07836287
0.34670824
0.9152779
0.91636455
0.09220711
0.05445253
0.052337077
0.05636364
0.060729142
0.06443418
0.07648953
0.15955473
0.6956258
0.11698251
0.1207432
0.0724122
0.07918999
0.089108974
0.13731916
0.8790786
0.9214386
0.9243678
0.88738835
0.8455513
0.88131404
0.9172967
0.90807194
0.9017386
0.90140265
0.3294305
0.14695798
0.07299771
0.06851614
0.09960313
0.15276414
0.8790678
0.8983381
0.756172
0.75630087
0.75175285
0.1138712
0.07256171
0.066876166
0.070949934
0.09170337
0.22451895
0.20053177
0.80406094
0.14272341
0.0991159
0.124054536
0.1177664
0.1008427
0.07471121
0.11171836
0.078654245
0.12968068
0.88213813
0.92127067
0.9388372
0.9263171
0.9044243
0.8524406
0.07398242
0.05076646
0.052196287
0.055671863
0.07060855
0.17375131
0.73237944
0.13326441
0.10661379
0.16998686
0.8632306
0.76471573
0.12235817
0.08392093
0.075417235
0.07186191
0.075660236
0.09108833
0.13449635
0.118868254
0.21775272
0.12598397
0.1482552
0.64641297
0.22871391
0.4172249
0.67319643
0.64527416
0.650272
0.27709725
0.21216768
0.6429266
0.14924856
0.12371383
0.21795146
0.11930609
0.11560492
0.18658783
0.83787435
0.749414
0.73984134
0.107449755
0.07268981
0.06270099
0.06256273
0.06938076
0.08666578
0.2471519
0.90746224
0.8899852
0.84252155
0.09419553
0.06035333
0.0559855
0.06532136
0.091732234
0.07128557
0.07459326
0.08988293
0.14522399
0.76848763
0.8344343
0.16799025
0.118805245
0.10725282
0.12143031
0.30001003
0.6723156
0.6755969
0.6630563
0.17034008
0.16804014
0.120015524
0.12955372
0.24240035
0.6368405
0.6908416
0.71378094
0.7804367
0.86817455
0.7668486
0.15177834
0.11222099
0.12358787
0.09649564
0.1010063
0.12133337
0.20190346
0.84550667
0.8743611
0.85826224
0.7055844
0.20349929
0.18158095
0.20436801
0.61129785
0.6424469
0.76714754
0.2736128
0.15008852
0.123139486
0.14142893
0.10206875
0.09537106
0.11191921
0.083785355
0.078799926
0.08854083
0.17419648
0.15722357
0.21522601
0.1983697
0.6858763
0.65683097
0.71512204
0.8554499
0.72513187
0.6939534
0.8429523
0.26949382
0.1657486
0.6748692
0.7071293
0.112479255
0.0785207
0.072466716
0.07748147
0.100102015
0.07580966
0.11273763
0.81220174
0.7705308
0.11028094
0.082092926
0.10252515
0.7084205
0.1568153
0.16425832
0.8309734
0.8341771
0.86874384
0.8601089
0.27615368
0.25213057
0.7598038
0.1009164
0.07929111
0.11327948
0.79468656
0.77001816
0.09187926
0.05901261
0.0593831
0.0661994
0.12886263
0.18745402
0.2928482
0.8301556
0.18695201
0.20379221
0.81372374
0.9073519
0.84721655
0.836667
0.2674962
0.11625555
0.073886976
0.088100515
0.07520539
0.10047443
0.07840236
0.080197714
0.086178996
0.123948224
0.10477495
0.116665475
0.15497616
0.42586917
0.8199528
0.82051224
0.3181874
0.18154891
0.17365739
0.12816748
0.13058855
0.18598068
0.5821069
0.6101941
0.6408882
0.63250154
0.115548305
0.08902351
0.0939503
0.1697525
0.12441445
0.18668957
0.14697334
0.22293757
0.17608729
0.25895536
0.68757784
0.7831514
0.61710334
0.30100912
0.26014206
0.4960376
0.8268053
0.8214325
0.28005666
0.34461784
0.34629968
0.6271251
0.2403155
0.24049744
0.14330961
0.10869348
0.07696759
0.07973405
0.15082191
0.6827755
0.7186987
0.89101267
0.87407464
0.30908102
0.8090981
0.1101642
0.08817455
0.10841429
0.7257585
0.74677193
0.13275668
0.06693315
0.062213406
0.085176505
0.83652455
0.9028987
0.93052834
0.93460864
0.9351037
0.93639255
0.93573415
0.9051998
0.81383514
0.062595434
0.04523397
0.04503178
0.049827896
0.05176477
0.0526626
0.057640374
0.08635326
0.81700385
0.8214383
0.85476583
0.8736846
0.88319045
0.9046341
0.90878093
0.90338993
0.085832804
0.056345895
0.059069857
0.09038802
0.6656428
0.09017166
0.06723743
0.062778436
0.06109951
0.088281766
0.8453642
0.8945861
0.9268995
0.92349565
0.8645731
0.7614822
0.76104736
0.8528086
0.92332894
0.93566257
0.9345008
0.9113837
0.0993418
0.068041615
0.11916916
0.06188837
0.058652036
0.07188396
0.16980678
0.13301827
0.6737419
0.23223245
0.7204049
0.8150334
0.2510589
0.15880217
0.15103772
0.28906822
0.6339075
0.60865337
0.3581554
0.31759697
0.41753572
0.64310926
0.62993616
0.27339008
0.25002065
0.20095228
0.61349016
0.5775093
0.2527881
0.21990247
0.46627238
0.82226473
0.70439553
0.6796387
0.24306267
0.25305414
0.77989393
0.3473932
0.2609282
0.76342905
0.17185147
0.14478375
0.2620627
0.24245457
0.8621658
0.832864
0.7772693
0.7390891
0.6884657
0.13343288
0.14982113
0.12748839
0.17180198
0.8302594
0.41415402
0.1861777
0.09991357
0.073741175
0.07368375
0.09264698
0.19786981
0.15998006
0.14872499
0.32578167
0.70400476
0.72519606
0.8376698
0.16206725
0.10098825
0.075867854
0.07783617
0.08746222
0.11153709
0.32990572
0.28850454
0.865879
0.8749274
0.7220161
0.67952347
0.15504427
0.14205465
0.19522615
0.23871687
0.6156188
0.224388
0.15847987
0.16286637
0.287437
0.6865536
0.7931458
0.8620566
0.889818
0.85717064
0.87378377
0.8987957
0.90160346
0.9076373
0.9076343
0.9035364
0.9029475
0.9005811
0.86298484
