0.6913739
0.24272718
0.16640303
0.1592178
0.32451105
0.8793235
0.9175978
0.9193422
0.90767187
0.87313783
0.89712226
0.88884735
0.7905212
0.68389744
0.1998555
0.18970107
0.3149275
0.82164216
0.7343081
0.69319165
0.67662966
0.202991
0.09659412
0.08398199
0.10832487
0.09496974
0.11947996
0.6650719
0.74856746
0.85886997
0.7575383
0.74056953
0.8111301
0.23956117
0.21766633
0.39432076
0.78194463
0.6820306
0.66231555
0.6396003
0.23878807
0.18056014
0.12183413
0.13113874
0.105020896
0.13849603
0.18608579
0.11141442
0.11268655
0.15785038
0.8120046
0.6883159
0.65126264
0.2842967
0.18817583
0.13884228
0.16056672
0.7802865
0.6317827
0.14675523
0.12317617
0.15607078
0.8233839
0.726349
0.7231916
0.8364118
0.14000271
0.11430102
0.089768544
0.11334742
0.7112435
0.6952768
0.6623387
0.66763526
0.6567822
0.67990905
0.66521424
0.6847575
0.6529884
0.11247277
0.09463971
0.1548481
0.18234478
0.8721225
0.8975921
0.7637891
0.090156354
0.06298261
0.062480737
0.08190981
0.17197926
0.15087785
0.07066009
0.06279881
0.06833378
0.1216845
0.8798378
0.8571879
0.819259
0.7920246
0.85681665
0.91476
0.884611
0.8635217
0.88125676
0.08865746
0.05701794
0.0545372
0.06552475
0.10901172
0.14434777
0.15956753
0.7279535
0.83162963
0.73912317
0.71759003
0.79810554
0.29290754
0.19569272
0.13420032
0.13058127
0.16241188
0.7106944
0.8348952
0.68687075
0.36852756
0.20278592
0.20511524
0.6596673
0.79520106
0.6540252
0.65141034
0.7962833
0.64774865
0.14260584
0.12153694
0.16640016
0.5067837
0.2912493
0.29580447
0.27388796
0.180813
0.22188729
0.5890528
0.28303325
0.35160682
0.61350024
0.643378
0.19413944
0.1095481
0.09556873
0.12717216
0.1141633
0.22571081
0.0989897
0.080067046
0.075155266
0.07821928
0.0908994
0.12828174
0.7822597
0.8850635
0.8851599
0.83421224
0.1637404
0.13015512
0.1643895
0.17142439
0.757809
0.5735041
0.12918584
0.10506331
0.16234922
0.11102597
0.14428298
0.15633428
0.76067054
0.19593029
0.17033033
0.33052504
0.8346654
0.7033071
0.6656594
0.107007794
0.07803008
0.08291211
0.17704749
0.25294772
0.43148682
0.88311577
0.8731924
0.90605
0.8316469
0.7899832
0.7656174
0.745108
0.71267116
0.12961358
0.099765815
0.085969634
0.07097499
0.07937824
0.12972553
0.81342435
0.7378272
0.7730766
0.87949544
0.88827145
0.858126
0.70515203
0.6190943
0.5897066
0.26080248
0.6303222
0.20001297
0.2924905
0.17078508
0.13070719
0.080891244
0.07403595
0.08313503
0.07328154
0.07899044
0.114623055
0.7013852
0.10154398
0.06968655
0.0828186
0.09726769
0.113614075
0.8368431
0.88837427
0.7692768
0.7791511
0.8939587
0.83052903
0.82861835
0.9182493
0.9021165
0.09906412
0.0877755
0.081920326
0.063043
0.0852578
0.14810076
0.16496395
0.82735586
0.10579021
0.06161712
0.057864826
0.05971744
0.060673095
0.089809075
0.081313476
0.11184849
0.88707644
0.9201155
0.923755
0.8912243
0.09669613
0.09465144
0.06451377
0.05983798
0.09212977
0.076449886
0.06991316
0.09282027
0.6148458
0.15604061
0.20739831
0.7146256
0.78312904
0.89882696
0.9164163
0.91399074
0.9003364
0.8482755
0.83591634
0.86608535
0.81634986
0.7540164
0.6853767
0.6529094
0.5966951
0.19683787
0.17210205
0.21382257
0.2536882
0.8269532
0.8024715
0.88933724
0.868058
0.12973407
0.08081476
0.07024215
0.07419997
0.10044449
0.19346398
0.11995764
0.12966982
0.1704215
0.77337426
0.2233082
0.11435117
0.093021214
0.098929286
0.15709311
0.6819837
0.6905285
0.8445472
0.82422763
0.16580941
0.15663469
0.15214133
0.20059691
0.20205055
0.16108446
0.07356841
0.06309703
0.068056755
0.109466776
0.8593342
0.80079424
0.9173168
0.9340499
0.9340624
0.9224412
0.7549347
0.063934736
0.049539007
0.051583987
0.08069998
0.10452455
0.7825203
0.7105437
0.20789988
0.6868521
0.10041682
0.07487645
0.11304867
0.15172593
0.9003679
0.92361605
0.9164215
0.8616222
0.080299295
0.060110334
0.059918303
0.08661438
0.7096014
0.30023748
0.8920467
0.88893825
0.10631565
0.07780739
0.06666047
0.07567958
0.13089311
0.7498239
0.8954745
0.9170517
0.91796476
0.91368175
0.9094418
0.9044425
0.8883733
0.82212675
0.7881206
0.8659337
0.8480656
0.36289567
0.51789975
0.8307731
0.4402217
0.2310001
0.14748845
0.5421868
0.10128065
0.08204603
0.11674085
0.78313684
0.88070124
0.33938637
0.21150011
0.8410642
0.13296004
0.08394627
0.09292743
0.06750023
0.09032751
0.6762939
0.12127779
0.122765586
0.8529772
0.9072246
0.9343197
0.9438276
0.9227618
0.07399462
0.046453204
0.044018205
0.05000511
0.062549144
0.1178901
0.12432873
0.07851465
0.12149775
0.84862995
0.8937181
0.21465884
0.095146336
0.10657506
0.62781847
0.12901688
0.13819887
0.21804968
0.82555205
0.3145283
0.25047702
0.834849
0.7508153
0.710692
0.72911346
0.80333453
0.8810371
0.77732223
0.69643307
0.15578446
0.1446882
0.19481298
0.8335302
0.7749025
0.8370398
0.19809099
0.20921895
0.19859745
0.20803034
0.27641475
0.2900922
0.21762712
0.72268265
0.85125893
0.7379249
0.15136722
0.11795804
0.14576326
0.11663968
0.19265501
0.10848552
0.10150165
0.12119736
0.18593977
0.2085669
0.7544389
0.5951867
0.2595983
0.2728409
0.60468954
0.8252881
0.7916434
0.81032
0.8814991
0.89338803
0.8803525
0.8107608
0.831723
0.7028036
0.20266207
0.18037608
0.2393895
0.16611561
0.17950638
0.5691812
0.59982294
0.5658329
0.3129071
0.39059973
0.619486
0.2080008
0.18456364
0.6349432
0.17800657
0.099782646
0.08454796
0.10373143
0.090644754
0.1228164
0.12865147
0.73563945
0.87256414
0.87198997
0.7077796
0.74930644
0.8870624
0.90732443
0.9025949
0.87851
0.70312166
0.11345411
0.11699981
0.14448032
0.09642423
0.07541972
0.120592006
0.09478324
0.08974905
0.22608782
0.8359533
0.28388596
0.7619677
0.4890656
0.864324
0.09756468
0.05781687
0.055516
0.066185884
0.061544474
0.06857197
0.10772699
0.78192616
0.18773215
0.093186766
0.11062623
0.82552445
0.8460004
0.8711713
0.8665982
0.8829671
0.8675805
0.79766315
0.095507935
0.08332201
0.1410835
0.86874735
0.89864004
0.09511698
0.05700852
0.053020447
0.06671605
0.09212758
0.6451544
0.14295387
0.16651484
0.8425378
0.8035151
0.90134877
0.90984243
0.88274676
0.70039713
0.6632323
0.726188
0.86333126
0.767911
0.73431957
0.088442
0.061402168
0.062621474
0.116436794
0.11202674
0.059725836
0.05483739
0.0623139
0.15810208
0.9072962
0.9265233
0.93361235
0.9397741
0.9180688
0.84835094
0.06625306
0.047274552
0.046465132
0.055486254
0.101092696
0.8633546
0.89380896
0.9045829
0.26543742
0.19731559
0.81606
0.11239331
0.08379902
0.12614183
0.6560587
0.1917301
0.67742616
0.12921675
0.07773227
0.076975755
0.10292473
0.08921689
0.102219164
0.16355817
0.24652493
0.18850586
0.64497155
0.22419433
0.16739313
0.11114584
0.10969194
0.17603625
0.17093132
0.31939194
0.8403064
0.87589127
0.88198614
0.8812017
0.8951505
0.9100568
0.84393495
0.25764287
0.20508926
0.14277545
0.11150305
0.12812807
0.23805588
0.46633902
0.8273599
0.7778833
0.7226687
0.73584247
0.820205
0.7639284
0.77404994
0.86454105
0.8692855
0.7786198
0.7407642
0.695368
0.23694263
0.26090008
0.134822
0.11051026
0.10678953
0.12977427
0.72684234
0.89074624
0.9154663
0.9169773
0.9134712
0.9083374
0.88824093
0.77242035
0.716363
0.7128918
0.16397445
0.09130501
0.081420146
0.13382466
0.12222374
0.07670073
0.09082334
0.1251806
0.70636433
0.22311729
0.6511014
0.15165056
0.17228666
0.87294185
0.88003194
0.1825114
0.19996767
0.8908315
0.9176087
0.7784241
0.074825734
0.05787685
0.065542296
0.11441535
0.8971329
0.9294294
0.9396585
0.92283916
0.8662042
0.08748431
0.08751442
0.06733626
0.094101354
0.7346687
0.68645453
0.124675155
0.1209179
0.6697346
0.63632077
0.14581181
0.17755541
0.7684734
0.5525147
0.860533
0.15387762
0.15351486
0.077111684
0.09093998
0.09365797
0.076996446
0.09929947
0.26608807
0.7503405
0.838176
0.15260336
0.09793893
0.089291975
0.10225513
0.15371001
0.16872178
0.67486894
0.68196124
0.78877157
0.3386674
0.2316429
0.3293832
0.32028383
0.2750611
0.80133253
0.89307636
0.8484705
0.7703746
0.7301796
0.6301508
0.16098776
0.17379338
0.18171825
0.17401068
0.403111
0.8448934
0.84478366
0.89891064
0.9024325
0.8776882
0.85877293
0.8600659
0.8855645
0.8886326
0.87193567
0.8994013
0.90981895
0.90079504
0.82636046
0.8620171
0.2287128
0.10548865
0.14129268
0.0661617
0.06003545
0.062027685
0.067656845
0.10139916
0.0896413
0.09236377
0.13863043
0.82861525
0.15122351
0.13018657
0.66577333
0.10333751
0.078610174
0.10826144
0.87657124
0.9236962
0.93117267
0.91618526
0.9096228
0.93001974
0.90882725
0.8526762
0.08144169
0.066893786
0.09360097
0.6899809
0.0890625
0.06159302
0.06546613
0.113892734
0.13701086
0.097527616
0.08403802
0.12599659
0.83271056
0.70005244
0.6896195
0.64773303
0.11472523
0.09574231
0.1261513
0.13282089
0.32748365
0.8557133
0.86902475
0.74637747
0.84925824
0.2809306
0.09039759
0.069051735
0.069473095
0.095821165
0.68394023
0.23181976
0.14025667
0.41275796
0.9024646
0.9299816
0.93024075
0.91248345
0.7409044
0.13556865
0.18177399
0.8778071
0.92348033
0.9293252
0.9198713
0.84132844
0.15584819
0.1973509
0.87393486
0.9122413
0.8466779
0.7822591
0.74962676
0.17984128
0.12961675
0.21576315
0.7030077
0.11680053
0.07785888
0.07772382
0.09302447
0.21143016
0.7588528
0.85837126
0.70199174
0.19587442
0.29769307
0.15677524
0.24019198
0.1200143
0.116325185
0.16805561
0.7635481
0.21794257
0.22565936
0.6874785
0.41493547
0.6122232
0.81182885
0.17733926
0.124579854
0.15012063
0.12707761
0.15599157
0.75105387
0.87343466
0.86209273
0.89561486
0.86523587
0.892715
0.85407937
0.8401044
0.8790632
0.77500796
0.27236193
0.19415145
0.23590848
0.82872844
0.7699703
0.87448305
0.7618534
0.1351531
0.09890268
0.11092242
0.24671818
0.095992185
0.08299366
0.08769961
0.102461256
0.15509726
0.16824722
0.640938
0.43096837
0.8730384
0.90900546
0.90910095
0.8923471
0.89746386
0.88787353
0.88991034
0.87360305
0.8673204
0.8882736
0.8942545
0.88907945
0.8930715
0.88189024
0.8765989
0.89420086
0.8757537
0.5932162
0.20740855
0.23633407
0.23059262
0.78446525
0.14935386
0.11053478
0.06883882
0.066377416
0.08072045
0.099994764
0.654919
0.1462348
0.21802932
0.32901832
0.8741815
0.7559431
0.118607305
0.089055434
0.13301975
0.89589834
0.9312582
0.9097667
0.09383649
0.06894006
0.090139635
0.6518766
0.08667273
0.06319431
0.07261729
0.14516062
0.8999728
0.9351347
0.91845566
0.10905142
0.09677427
0.076763
0.09516786
0.67527306
0.105978206
0.08680025
0.18844934
0.91350704
0.9406784
0.9240067
0.084286116
0.051296756
0.050484113
0.061676495
0.071355775
0.063553944
0.06983472
0.13042602
0.1667429
0.75293684
0.15200958
0.16629854
0.13618626
0.65756005
0.10193484
0.07438459
0.07957458
0.1465365
0.78874475
0.90687203
0.9216815
0.902974
0.7362706
0.17746004
0.14319576
0.10107597
0.102641925
0.1772339
0.119769566
0.15827578
0.14705718
0.18522836
0.7513236
0.6127874
0.20403175
0.26385275
0.16658284
0.17595564
0.59743613
0.20187373
0.13091516
0.11102112
0.1071771
0.117155604
0.16462897
0.16472408
0.6466754
0.63993055
0.18125421
0.15924191
0.25120065
0.8285331
0.19124523
0.08635298
0.08628644
0.080134906
0.13482258
0.108992755
0.13933428
0.08246661
0.06653499
0.064603865
0.07817824
0.0617016
0.06968762
0.17886989
0.8077395
0.2853852
0.8778023
0.92140615
0.9353899
0.88066757
0.24099374
0.78920364
0.0884679
0.055080693
0.056001484
0.06684989
0.074176975
0.0700499
0.07843616
0.1342848
0.69258684
0.11840523
0.10787208
0.093824655
0.1571435
0.10624923
0.1554562
0.1144507
0.14855793
0.1526151
0.67768586
0.71730536
0.8502356
0.72909385
0.121350735
0.083904415
0.08644271
0.18353097
0.24188186
0.6844091
0.09437509
0.06202479
0.064983085
0.06648263
0.0655035
0.12471069
0.14617087
0.8964061
0.9204634
0.9094094
0.92709297
0.9287059
0.92421585
0.88213664
0.8631503
0.8532757
0.7757539
0.07617547
0.061713677
0.06088516
0.099857755
0.114048965
0.7198022
0.7023879
0.12604547
0.118942656
0.1080366
0.1002211
0.08481696
0.10199126
0.21371794
0.8588879
0.8773027
0.8390012
0.22515637
0.24168237
0.17576075
0.50464725
0.14320746
0.11447088
0.10965108
0.12607746
0.20620225
0.4705028
0.8439723
0.8419798
0.62952137
0.25637308
0.13600114
0.12799565
0.1834094
0.265842
0.8080947
0.3703299
0.122569695
0.08872709
0.0820143
0.093981676
0.13628201
0.7758879
0.2521482
0.25800928
0.8383035
0.84694093
0.63222885
0.60445046
0.55368114
0.14021344
0.13827227
0.16045089
0.10479732
0.11445131
0.2933781
0.8513648
0.7351381
0.6890475
0.66568965
0.67020935
0.11487966
0.06818868
0.06354193
0.08820799
0.08565712
0.11433673
0.64494413
0.6393904
0.66828203
0.6853754
0.6906959
0.77882123
0.61555696
0.13608944
0.102574624
0.11694379
0.09067702
0.0915515
0.11984234
0.102044895
0.13291873
0.13451232
0.10735995
0.1367788
0.1252367
0.23576413
0.64897674
0.17524348
0.104378745
0.09658078
0.13078527
0.14716029
0.7582799
0.1949795
0.16294156
0.26678857
0.8703209
0.9061627
0.90515196
0.8761471
0.7160037
0.81991583
0.104754984
0.07266397
0.08964231
0.12757799
0.06981415
0.07065603
0.06443815
0.071064755
0.11441533
0.7517129
0.71450543
0.12849021
0.09111511
0.13183244
0.8165469
0.15580651
0.1480575
0.7508987
0.13706404
0.112269334
0.06217297
0.062346857
0.090635784
0.7606734
0.24832335
0.8591161
0.88539857
0.89577323
0.9084612
0.9094884
0.8587236
0.2095885
0.74595577
0.0773847
0.05336708
0.05315485
0.07044937
0.1729161
0.7807229
0.15808085
0.1838957
0.89778763
0.92900896
0.90567225
0.123791896
0.10319313
0.24318624
0.8231242
0.78853554
0.08804007
0.0573787
0.056109544
0.05909729
0.06134751
0.06689236
0.06729696
0.09184828
0.14241475
0.872189
0.7818747
0.7664487
0.28084618
0.13404176
0.17166469
0.806038
0.12233934
0.08313843
0.08458071
0.14891298
0.18063463
0.79179496
0.25624076
0.15443303
0.17465532
0.6521099
0.39233106
0.877225
0.9094433
0.8871768
0.5923064
0.38497764
0.17833723
0.2492625
0.13604385
0.13736185
0.22825214
0.19140312
0.35316414
0.8063198
0.72539294
0.6746467
0.6373959
0.26209813
0.2797155
0.7430464
0.29538625
0.300733
0.76157284
0.36090115
0.17478825
0.16285363
0.22932231
0.17802869
0.2877723
0.6219652
0.649994
0.67612463
0.7873852
0.15294565
0.11795624
0.15409914
0.66305476
0.7103884
0.7381943
0.7455003
0.74944526
0.7579784
0.15189466
0.11966436
0.05962436
0.054009404
0.059797604
0.09117795
0.8281067
0.85885686
0.8973268
0.22489022
0.10178838
0.15895252
0.16380018
0.89674145
0.9354454
0.9343255
0.92419773
0.9155858
0.07941062
0.05247175
0.049632885
0.056701545
0.059371203
0.06158038
0.062184356
0.06349712
0.07810666
0.14335835
0.15248877
0.0940393
0.13628793
0.85828465
0.78590137
0.7708934
0.7820299
0.86194456
0.19191222
0.10192252
0.10706909
0.08879148
0.1017717
0.1750871
0.65949255
0.68087226
0.7799073
0.17205362
0.13021094
0.13236713
0.19260524
0.6049868
0.31835297
0.27558085
0.15704797
0.15238093
0.20794268
0.34458756
0.39308026
0.34864953
0.14734446
0.118461184
0.12980354
0.0891171
0.07964531
0.08352635
0.110995404
0.662596
0.15687542
0.10612346
0.16162282
0.14916787
0.2816598
0.82258046
0.23707148
0.47004256
0.90873146
0.92685515
0.83902985
0.79291433
0.07888012
0.049888734
0.04635585
0.047805607
0.049694013
0.056783617
0.11170767
0.892081
0.92321676
0.9121863
0.9169503
0.9250732
0.9274952
0.92489386
0.21121125
0.054629114
0.04788517
0.058527194
0.081249714
0.06727379
0.08596935
0.08360104
0.114252955
0.7126573
0.15019387
0.16076414
0.104467444
0.08909136
0.16408336
0.16148002
0.07621553
0.06738312
0.0646926
0.062584646
0.0631836
0.073325396
0.17329152
0.8019729
0.25845656
0.78862745
0.7304157
0.091927126
0.062302116
0.06339389
0.10253599
0.8869515
0.9325036
0.91504985
0.8243773
0.07743942
0.058579754
0.06484567
0.11680968
0.86289245
0.7764914
0.12332724
0.06496111
0.051497154
0.05616803
0.09258704
0.13512671
0.13150433
0.89353627
0.93349063
0.94278336
0.89874125
0.07394516
0.052841093
0.048443343
0.04791733
0.054462686
0.08760976
0.1703582
0.900021
0.89540136
0.83667547
0.30716163
0.85113525
0.12438301
0.06423457
0.058580175
0.07810575
0.12907486
0.8533931
0.7143192
0.12142797
0.111036725
0.23289825
0.87270045
0.7964259
0.76196253
0.119276986
0.111292765
0.07984565
0.08697024
0.16601518
0.096411586
0.10562044
0.14890487
0.16093726
0.15334348
0.11101961
0.10356468
0.1080578
0.13481978
0.7483516
0.89493227
0.9152828
0.9072083
0.8680641
0.891476
0.8884195
0.9035645
0.9097554
0.9129161
0.91479164
0.910238
0.8701366
0.8499322
0.14072987
0.10116393
0.1112577
0.14801589
0.7229808
0.85496646
0.8587219
0.37719753
0.16801028
0.24694766
0.6002635
0.12078704
0.1354527
0.08426102
0.12297086
0.12447823
0.09292346
0.21905741
0.8736354
0.90209657
0.8870115
0.18087244
0.19584712
0.8775105
0.91287905
0.9205255
0.9270991
0.8965435
0.14030717
0.14795305
0.7948676
0.8158766
0.12045749
0.06849305
0.07793211
0.080044
0.06780289
0.085836336
0.10346679
0.65463626
0.17756206
0.13855462
0.21172519
0.7490772
0.884552
0.89043504
0.7955421
0.79992527
0.8886006
0.8945632
0.85542667
0.8781109
0.84236217
0.84391195
0.9029687
0.9155717
0.90464956
0.81063604
0.17792791
0.16178843
0.3412862
0.8400085
0.9229959
0.9358703
0.93351626
0.91143966
0.1741501
0.079557784
0.07818319
0.12923129
0.2335595
0.08722427
0.080085285
0.07772125
0.09943583
0.22969003
0.09770344
0.096694395
0.11137482
0.30444816
0.2598452
0.8480881
0.8332437
0.21223715
0.1834287
0.28144446
0.48101142
0.8374507
0.69914633
0.15154265
0.116920814
0.12226947
0.20063528
0.85650533
0.8580615
0.16376428
0.118626915
0.15213123
0.12440893
0.2509802
0.096456595
0.083316356
0.09822529
0.16153747
0.24814868
0.2218011
0.13290788
0.16613603
0.18596596
0.2366145
0.72158164
0.8588057
0.8647175
0.76110756
0.840864
0.6837001
0.121284835
0.11460704
0.087893076
0.09231215
0.19670777
0.8863535
0.9039592
0.915625
0.8839514
0.9045342
0.86203885
0.83617073
0.82076573
0.8017907
0.8269954
0.8863459
0.4387618
0.11239202
0.099530965
0.20247358
0.084136665
0.07373505
0.07519722
0.077240415
0.104334235
0.2616364
0.117662124
0.12890449
0.3352057
0.2975167
0.70237595
0.22591847
0.12307198
0.09855148
0.13372041
0.10432548
0.11466282
0.22939743
0.15203895
0.2670901
0.19939172
0.63420963
0.27819198
0.15658511
0.14768814
0.17166448
0.64696413
0.70134646
0.82262933
0.41359425
0.13514918
0.106766135
0.14569508
0.07395002
0.06874238
0.08593298
0.0977944
0.13608083
0.89152044
0.9114335
0.8005911
0.88339597
0.2078437
0.096429914
0.12728205
0.7969085
0.09772169
0.06278274
0.06339559
0.11129089
0.8965471
0.9263908
0.9397377
0.9417705
0.9364996
0.887502
0.083851755
0.053696465
0.056052174
0.08300157
0.63379914
0.09741078
0.081684425
0.13126834
0.7684586
0.8351065
0.1524459
0.13019003
0.20837021
0.22886176
0.87228864
0.91337186
0.90866625
0.8669421
0.16029164
0.14684892
0.118564926
0.13512418
0.22822353
0.7565422
0.30215964
0.21961373
0.5558399
0.25842145
0.17048277
0.21599384
0.6352798
0.6301561
0.13446781
0.10477278
0.12309698
0.7315556
0.7588635
0.79113054
0.8957539
0.79006386
0.12839785
0.07930113
0.0785369
0.13303143
0.10659766
0.16474251
0.51910263
0.219901
0.45779058
0.83144003
0.8360771
0.6988082
0.6419259
0.18757427
0.15883711
0.18222596
0.16944072
0.24317548
0.6462716
0.77501994
0.45110342
0.27147114
0.13497998
0.11875115
0.15858196
0.18381912
0.8195665
0.8133913
0.22529574
0.26376683
0.18205859
0.29015416
0.36892965
0.7813472
0.61401546
0.55912834
0.17318158
0.1604082
0.5181136
0.22005647
0.24683098
0.202744
0.18274625
0.66728705
0.82672614
0.80644965
0.19306204
0.1585032
0.19344088
0.8525523
0.8995739
0.89174765
0.85424143
0.17733507
0.09464773
0.0865933
0.14665328
0.10811286
0.1503584
0.85775423
0.85954374
0.1203157
0.091971114
0.076284364
0.09850209
0.79517376
0.89885545
0.813475
0.87456256
0.08998116
0.057759553
0.059054356
0.07531319
0.12157938
0.7442748
0.11552489
0.09191618
0.24048632
0.8870912
0.9273489
0.9341599
0.9316933
0.9153596
0.899413
0.8899752
0.9024063
0.097737335
0.053273663
0.05278174
0.08663743
0.12623806
0.13365446
0.098702125
0.11146869
0.73238564
0.69138485
0.10401042
0.078021154
0.11341368
0.11708883
0.7220255
0.8174133
0.15319757
0.12461347
0.30909777
0.8418155
0.19479737
0.28351668
0.7271968
0.09817074
0.06658008
0.07118936
0.12329348
0.8182467
0.11386967
0.07595116
0.10982101
0.1273546
0.89222705
0.9356335
0.9290098
0.9150314
0.08721874
0.061014563
0.06245802
0.09786736
0.70715463
0.13139558
0.12990955
0.69204307
0.10410897
0.07193168
0.0853002
0.14627312
0.8407576
0.17931505
0.100155234
0.1223746
0.72182584
0.1425373
0.07469279
0.07596105
0.06703699
0.07830902
0.2775362
0.90167576
0.9202919
0.88272864
0.9112143
0.8745886
0.14185992
0.11944275
0.14227585
0.7334665
0.89264756
0.9072021
0.866456
0.23720169
0.30407187
0.23969893
0.23480076
0.7587909
0.24328032
0.27998552
0.815355
0.69519204
0.65767545
0.21729697
0.17884907
0.13408367
0.17857516
0.16946812
0.6890078
0.7893112
0.16986005
0.13242017
0.13176648
0.2205462
0.738564
0.880496
0.88600814
0.7675966
0.4591975
0.4636012
0.70766723
0.8156295
0.58836573
0.41065058
0.7721639
0.49914187
0.28487748
0.43890738
0.8156019
0.9002318
0.91256684
0.9069801
0.8912286
0.8958556
0.89436966
0.9027251
0.9064807
0.90772283
0.9080935
0.9081962
0.90794647
0.9073578
0.9106369
0.90617406
0.86765766
