0.8244682
0.8698224
0.8859149
0.8949293
0.9043939
0.90073496
0.90036017
0.8628295
0.7841897
0.70670134
0.1829309
0.14272901
0.14306477
0.23866884
0.19255343
0.42791674
0.82989776
0.72400546
0.1657576
0.08391844
0.06941136
0.08694627
0.08610995
0.06991214
0.075503655
0.123667285
0.8456114
0.72042185
0.710293
0.6987199
0.7354713
0.79239595
0.9152783
0.89993775
0.08603277
0.052634194
0.0486639
0.05334015
0.05919016
0.06861563
0.09831032
0.27190962
0.7199566
0.7228783
0.80863976
0.19022804
0.12324694
0.111549065
0.18670057
0.0948487
0.084029734
0.09002859
0.12507589
0.71104515
0.74155164
0.8422385
0.73159504
0.84123045
0.7114357
0.6710222
0.69653755
0.17277816
0.0854867
0.06697106
0.06721408
0.07508466
0.07796373
0.09587018
0.15528946
0.22091521
0.7810713
0.27736387
0.3914929
0.39013228
0.8461467
0.84541196
0.20879053
0.1089185
0.10433435
0.07351826
0.07268768
0.08284532
0.11082087
0.65486085
0.6780274
0.68321824
0.70722425
0.8669357
0.8725375
0.74525785
0.81931716
0.23817278
0.1544484
0.11646379
0.07645123
0.07081061
0.08199087
0.13555902
0.3290994
0.88912237
0.9102385
0.8852347
0.30946237
0.18507569
0.09074215
0.0832106
0.10623167
0.7642927
0.8713768
0.78970546
0.7939009
0.8400353
0.90954083
0.8853781
0.1034177
0.07086084
0.075845025
0.119942345
0.17365263
0.66819316
0.77406883
0.1929883
0.21172088
0.13505445
0.10621871
0.16224721
0.1376848
0.71917826
0.85884327
0.72030914
0.6909385
0.6772405
0.11926852
0.08333958
0.10524111
0.6659643
0.24295825
0.7545192
0.13673334
0.06409024
0.058291867
0.05923342
0.056787405
0.055488545
0.059915345
0.0936405
0.8664724
0.8954365
0.8958194
0.45061755
0.8979455
0.92251027
0.9062824
0.91499805
0.8119404
0.2516978
0.8378227
0.8700346
0.8452083
0.07919059
0.0524756
0.052132357
0.05836004
0.07909647
0.06663076
0.073455624
0.12717542
0.7376227
0.22757113
0.7010886
0.1033261
0.06526412
0.06352973
0.07390052
0.11801257
0.15460847
0.2301743
0.22291209
0.25392622
0.8276998
0.83505577
0.6612257
0.2845241
0.3635385
0.3802991
0.5092843
0.31984657
0.7009388
0.870298
0.8942914
0.875883
0.78547984
0.82356256
0.7207154
0.70993966
0.7838931
0.30495092
0.5470913
0.227194
0.19824053
0.15895529
0.2420575
0.14017536
0.13330513
0.20925458
0.11135594
0.09789298
0.101881884
0.13297394
0.6729121
0.69099015
0.7190141
0.8571721
0.85319775
0.70070493
0.13511117
0.09500178
0.08705128
0.094395176
0.13061465
0.7509348
0.88101256
0.8891984
0.8393932
0.5953945
0.53540003
0.13487959
0.1178821
0.19540481
0.20456605
0.11614937
0.12790927
0.10755223
0.12722175
0.3106413
0.84778064
0.8354748
0.1408785
0.08687252
0.07388995
0.07755991
0.113334395
0.11090832
0.15352426
0.81923413
0.69294924
0.3323951
0.6912488
0.28373212
0.20644535
0.10154673
0.0710497
0.069855385
0.07393164
0.077405356
0.08030954
0.08443881
0.08018089
0.079928115
0.07404626
0.070168115
0.06832656
0.0727283
0.10447366
0.71321136
0.11846313
0.10069969
0.33604553
0.85433936
0.3693992
0.20617513
0.8517806
0.9169902
0.9111212
0.90646946
0.91201943
0.92572707
0.8670883
0.12884986
0.16164595
0.8222745
0.11168093
0.062210258
0.06566692
0.06575986
0.07242724
0.070988126
0.07001405
0.07092112
0.08551469
0.080028586
0.11695923
0.7218106
0.14333436
0.14449081
0.70109135
0.103298135
0.06744551
0.06704069
0.11660654
0.11355224
0.15367286
0.77158934
0.5793384
0.91068727
0.933731
0.92721564
0.8311684
0.76070684
0.077082425
0.0552551
0.055789784
0.07295845
0.1564476
0.74063134
0.6975647
0.23462024
0.25129467
0.82327926
0.24432883
0.1056321
0.08491495
0.08822256
0.11045115
0.19213852
0.31010598
0.77295
0.2884711
0.2738708
0.66515386
0.7234873
0.8316314
0.88630974
0.8717017
0.87541044
0.89097774
0.87206286
0.840536
0.84059775
0.8654923
0.8378909
0.8055477
0.8094643
0.85782737
0.88494617
0.8589177
0.7600448
0.44006792
0.5568987
0.6717216
0.8207753
0.73339903
0.6745527
0.3210116
0.26923573
0.2358196
0.62496966
0.6354563
0.16102381
0.11570145
0.10304943
0.12596029
0.11803128
0.21105702
0.17249112
0.65863204
0.66038233
0.6510603
0.61904436
0.61082184
0.6312035
0.20385468
0.1729897
0.16664869
0.19406468
0.09010818
0.07794995
0.08362996
0.116942994
0.110529006
0.14436097
0.7102245
0.83102113
0.48630318
0.12641706
0.0845086
0.07531874
0.08139711
0.113070846
0.6649564
0.10842514
0.08183637
0.095487855
0.29712224
0.8660841
0.25685057
0.08912168
0.060050502
0.062301286
0.12206573
0.14488634
0.14740455
0.8781409
0.87171894
0.8768136
0.9171478
0.90901107
0.90808994
0.9166788
0.9081574
0.9106726
0.9251114
0.92727435
0.9316213
0.9103602
0.086552426
0.06345411
0.058422998
0.049406618
0.057776477
0.0951624
0.12793
0.7789175
0.72352624
0.14418319
0.09473541
0.11904316
0.16188368
0.88304
0.9109618
0.8599221
0.9061621
0.830184
0.7841189
0.1132689
0.08273283
0.09794487
0.08196649
0.09904361
0.20124888
0.7239683
0.81033605
0.22596587
0.20079231
0.36158934
0.66809577
0.6816301
0.69293326
0.69380355
0.6968618
0.113933235
0.080588065
0.06975107
0.0811631
0.112752475
0.6462135
0.21185423
0.65281105
0.17934209
0.23520687
0.11040363
0.10665991
0.21574827
0.705437
0.19517316
0.40373182
0.8808345
0.92651486
0.9017027
0.867832
0.84557986
0.13022025
0.067496166
0.06919912
0.05822453
0.066572756
0.10804402
0.18702832
0.70816034
0.35737437
0.84533316
0.79588735
0.8781526
0.8164947
0.84043705
0.89906466
0.8211455
0.78336775
0.115549065
0.083248556
0.06711032
0.07077923
0.10699225
0.08782665
0.095154986
0.18499868
0.68881875
0.675762
0.6692287
0.30816427
0.36359707
0.13389121
0.10868383
0.115784675
0.21621275
0.1691599
0.3316205
0.68011105
0.6944217
0.7159768
0.708146
0.7054873
0.6554559
0.14173086
0.10963464
0.114951424
0.17099656
0.23787567
0.18202718
0.30559206
0.6011055
0.32433334
0.25322875
0.21189794
0.5418247
0.18974684
0.17590648
0.24451557
0.17756096
0.19042344
0.35601687
0.6881555
0.7239764
0.85081357
0.85152847
0.40061006
0.13159882
0.09968349
0.09075373
0.10188961
0.20662165
0.13775551
0.16517785
0.7647796
0.19758163
0.15597034
0.19129659
0.80201393
0.68772936
0.65522736
0.6709165
0.8095792
0.68691045
0.64840716
0.637734
0.6391881
0.69935364
0.8284112
0.7142843
0.21176845
0.29225752
0.16356742
0.10743483
0.13107257
0.67831177
0.10083317
0.069781974
0.06855789
0.07726622
0.08089637
0.11915965
0.7091661
0.09619114
0.06315741
0.06095496
0.06004336
0.08764165
0.16573313
0.8900264
0.9204852
0.9079938
0.8904521
0.8852169
0.9125475
0.93052214
0.92643833
0.8589224
0.102126464
0.11655013
0.12129262
0.74953073
0.20583221
0.102638654
0.13630918
0.7985826
0.12261275
0.093323335
0.15095519
0.1627034
0.8346504
0.7515113
0.7612493
0.8130779
0.89632463
0.86048955
0.893944
0.774102
0.10197064
0.07760733
0.07792277
0.09609872
0.18227614
0.18505847
0.19064565
0.6654048
0.68215716
0.6801518
0.6976648
0.79380167
0.32075855
0.21658866
0.31399113
0.2388581
0.8040396
0.16729455
0.080563374
0.07366363
0.122253016
0.11893096
0.08436074
0.1137975
0.68769836
0.098322704
0.07216102
0.07187977
0.117831744
0.1424725
0.7336054
0.10631549
0.07876026
0.082605116
0.13432468
0.90627635
0.93560725
0.9425402
0.9063105
0.101455204
0.12342317
0.113163404
0.06555179
0.095929354
0.075406745
0.067931615
0.07760104
0.065209
0.0637752
0.074988484
0.10464237
0.19462393
0.83167034
0.16366163
0.13636765
0.319366
0.8409573
0.6774819
0.1489002
0.16274671
0.15314758
0.3250475
0.83203274
0.82403827
0.19274172
0.16439363
0.19895299
0.73875976
0.63677824
0.5317061
0.17386478
0.16933316
0.13089034
0.14243394
0.27873302
0.6651013
0.6868148
0.82184345
0.16256532
0.13391426
0.10217348
0.072738834
0.074508294
0.11549964
0.7323676
0.75653315
0.79083186
0.8861119
0.92142755
0.92075336
0.8947746
0.8758325
0.8722461
0.87333274
0.87877136
0.8734952
0.843779
0.78549385
0.15948431
0.0859776
0.089196794
0.16220286
0.2137117
0.21847191
0.8054548
0.7138283
0.6720283
0.23338327
0.15638354
0.15814798
0.25126165
0.25456944
0.77171886
0.70315343
0.6835361
0.6470553
0.18256068
0.14895819
0.16497324
0.1531434
0.114020735
0.110627376
0.13519181
0.59563434
0.19524863
0.19747396
0.67564744
0.6839714
0.67868614
0.68937665
0.7353603
0.8481119
0.75400364
0.73953354
0.7458169
0.7282277
0.09695277
0.063481726
0.062854804
0.07892581
0.08736054
0.09234174
0.112486735
0.07809868
0.10517056
0.7355715
0.2279404
0.17930025
0.13920787
0.7273588
0.14087433
0.10557114
0.113700315
0.8215818
0.8593737
0.9011247
0.9252967
0.9155256
0.9298671
0.92781866
0.8773813
0.78166956
0.08423741
0.07672273
0.13578837
0.72423196
0.15091592
0.178431
0.8398471
0.882183
0.31627432
0.71358687
0.10133188
0.08150203
0.116299294
0.35221395
0.89931464
0.90161926
0.33315787
0.19304931
0.08909485
0.08714927
0.11582355
0.78417575
0.90812385
0.9242258
0.90929484
0.7666111
0.1639027
0.16826889
0.66516036
0.17528993
0.114665635
0.1170904
0.26999298
0.2629837
0.12638557
0.15342247
0.10185444
0.09083324
0.12781613
0.089366436
0.080639035
0.082641385
0.094572164
0.17841128
0.67165893
0.6555574
0.6538707
0.6662084
0.6926112
0.8138395
0.23245114
0.12590303
0.107904404
0.1375828
0.13163455
0.18694
0.8067274
0.7157826
0.69432837
0.6939179
0.7064143
0.8139052
0.3799087
0.16933438
0.18123667
0.6819997
0.70090044
0.73079145
0.73899245
0.7053717
0.122380346
0.10593665
0.15507104
0.25243708
0.22268866
0.10683181
0.10318297
0.13724805
0.1388052
0.118310586
0.13592254
0.19385259
0.7842122
0.70609826
0.6861383
0.6862819
0.7775584
0.20766883
0.15061797
0.12977928
0.12991977
0.15279803
0.38246274
0.8159971
0.71575457
0.72150797
0.7541595
0.80069244
0.85480565
0.781877
0.73377067
0.689769
0.6466766
0.18311144
0.16400239
0.23878546
0.6862108
0.7299211
0.72860163
0.11557659
0.07860064
0.08072369
0.12317723
0.12449123
0.089696035
0.091580614
0.106278434
0.15721142
0.7650224
0.22895464
0.11575794
0.0888922
0.085783124
0.10160301
0.2215075
0.7012841
0.68528914
0.11821112
0.113662854
0.06265602
0.058210425
0.06571638
0.11760533
0.84092593
0.85050696
0.8624591
0.91398406
0.88802975
0.8872062
0.91204524
0.8504527
0.76453286
0.732272
0.11247398
0.08167657
0.10112682
0.8165509
0.8946128
0.9205595
0.9310552
0.88947654
0.7578829
0.08346625
0.07219545
0.098109186
0.7969145
0.8766236
0.9111901
0.86002994
0.8089181
0.8229574
0.89964503
0.8422683
0.79981905
0.7691046
0.10089108
0.06983693
0.07369535
0.11938256
0.17554389
0.20101027
0.8358047
0.70949364
0.22302935
0.13416213
0.16207923
0.16295229
0.13524814
0.20864329
0.8734725
0.91279936
0.91713023
0.90115535
0.79721296
0.76361805
0.8365901
0.28045276
0.13827065
0.15052895
0.11711063
0.12138614
0.1639226
0.72541124
0.80198085
0.8344991
0.84074885
0.8556654
0.8779132
0.8933102
0.907132
0.9096684
0.9063061
0.89801407
0.89389837
0.8796881
0.87847674
0.8850141
0.89398414
0.9031933
0.90706617
0.9078921
0.90714616
0.9094611
0.90293425
0.85989416
