0.83081573
0.885415
0.90349066
0.90480596
0.8983041
0.8960527
0.9009042
0.8971701
0.8728455
0.84909004
0.875903
0.9031764
0.89799684
0.8062449
0.19781594
0.17118785
0.2452732
0.6588584
0.42698964
0.8769661
0.90542394
0.8567685
0.802889
0.87056965
0.79075265
0.7400827
0.7141032
0.7451252
0.7765376
0.8861493
0.78868
0.08548538
0.05665279
0.053007785
0.05732106
0.05417296
0.053237177
0.057055116
0.085382216
0.8519871
0.8936153
0.90967774
0.9170441
0.913799
0.91489667
0.91139966
0.0786291
0.049450252
0.04911073
0.056135338
0.07260523
0.06805127
0.07646642
0.11677186
0.7148654
0.12735356
0.07339006
0.073828995
0.06687745
0.058093116
0.062401943
0.11226168
0.8997111
0.9166251
0.9245735
0.93234736
0.9131373
0.8897472
0.87077695
0.79954016
0.071571834
0.05125229
0.051779065
0.0831719
0.10692693
0.090686865
0.2381928
0.896658
0.90878606
0.7546499
0.08755544
0.06619201
0.07059947
0.13074295
0.8246513
0.10751008
0.065085635
0.07047498
0.0650897
0.10196403
0.8724787
0.9071445
0.90487546
0.8571081
0.08534687
0.06072659
0.067581944
0.09843224
0.6684069
0.18728657
0.6434602
0.10112134
0.07571445
0.08531795
0.14787838
0.82673883
0.741757
0.7388108
0.8396788
0.7366411
0.6929791
0.69512045
0.72683
0.7820471
0.8810085
0.8943959
0.8750542
0.88983285
0.8717008
0.851528
0.42908004
0.20736906
0.19816083
0.27841553
0.8422822
0.8745051
0.7416869
0.65913934
0.6676666
0.7020567
0.7366193
0.7791684
0.88089675
0.8819267
0.7409647
0.15329503
0.13101031
0.14482933
0.2437873
0.58072263
0.5412305
0.17919137
0.15963422
0.19386494
0.19016539
0.34297544
0.8275087
0.8390773
0.18270299
0.11037574
0.08364109
0.07822905
0.07952194
0.08053977
0.09252305
0.14145201
0.17576937
0.21714884
0.6788743
0.19124517
0.10037715
0.08021956
0.08186188
0.096575625
0.14943112
0.8230647
0.70018774
0.641827
0.6400325
0.602917
0.6178995
0.62798
0.6461621
0.6568164
0.66069645
0.6545137
0.6312536
0.61291057
0.5695345
0.23525207
0.32651198
0.32041574
0.7762779
0.15578078
0.10364281
0.103053436
0.16032131
0.74066156
0.7875375
0.8794221
0.8002823
0.7387573
0.7333931
0.74056554
0.77723
0.90086305
0.8969001
0.24837512
0.0803195
0.069238074
0.079125844
0.15071093
0.15663193
0.16191128
0.63685817
0.62627065
0.6104635
0.61943847
0.2202278
0.30920625
0.15018056
0.15685937
0.10156031
0.087444425
0.08593696
0.0908665
0.13091114
0.13148053
0.58536744
0.19202553
0.28270993
0.6231257
0.6330548
0.28300938
0.7693698
0.14681342
0.09278601
0.08773721
0.10325884
0.2222195
0.88129014
0.9038561
0.8430196
0.8771553
0.7609374
0.6864596
0.64863056
0.63494074
0.61465675
0.58091724
0.6077471
0.5992554
0.54491544
0.5515808
0.20626286
0.18950534
0.2795647
0.77941644
0.6557588
0.161724
0.12869254
0.1838577
0.11728128
0.12075643
0.16543175
0.8012374
0.6745216
0.6292361
0.6307702
0.160386
0.1501433
0.13187411
0.1171821
0.090778
0.09698863
0.15464701
0.709232
0.8578565
0.85494286
0.6747472
0.14217418
0.08556026
0.08093528
0.14069115
0.68107194
0.09097859
0.062629625
0.05946898
0.06352655
0.10918941
0.0820087
0.18798754
0.22327699
0.8868431
0.9249208
0.9302184
0.9233881
0.8953635
0.8864633
0.9100031
0.88177955
0.8525347
0.8538283
0.9054514
0.7831922
0.07323924
0.055863827
0.060767792
0.10502435
0.87484384
0.91088307
0.92099684
0.9280222
0.9374651
0.87615323
0.06962908
0.047981076
0.050644435
0.057360943
0.06476726
0.072233245
0.07143256
0.074292734
0.06916275
0.0693276
0.082181305
0.123366944
0.7912244
0.76012504
0.10557735
0.06707113
0.06429885
0.078216895
0.15738265
0.08911361
0.09957061
0.25554684
0.29162732
0.23490125
0.100536875
0.085826136
0.087360166
0.09791373
0.14666314
0.1444855
0.20560634
0.7995252
0.7911255
0.1887453
0.13882168
0.12970625
0.14987361
0.27826667
0.32908338
0.29664075
0.14789438
0.11985993
0.11408677
0.1305211
0.25947067
0.62555164
0.5976351
0.60041016
0.19299783
0.1916057
0.16237086
0.2318224
0.69997364
0.82641
0.71695346
0.7982357
0.17719507
0.1312849
0.21108983
0.10271623
0.0959289
0.119627364
0.091677144
0.089168265
0.09572043
0.13321412
0.67530775
0.15250085
0.14197685
0.10536749
0.16380152
0.08263435
0.075427435
0.08385287
0.12260276
0.75959057
0.7433945
0.8327413
0.14022233
0.09677502
0.11185899
0.7576915
0.88083655
0.8383095
0.8551238
0.91964185
0.9289302
0.9225958
0.85437226
0.74866426
0.08920215
0.0775926
0.10650868
0.75574446
0.7483156
0.7214656
0.6619453
0.10141404
0.08218913
0.105765745
0.7579893
0.8438078
0.90286314
0.85456836
0.7937181
0.77602243
0.74310195
0.7198961
0.63781697
0.12654087
0.110805504
0.13786763
0.7272974
0.86918104
0.8722598
0.7193758
0.6666604
0.6877118
0.70058614
0.67821056
0.10681247
0.0729172
0.072687104
0.124822885
0.16492325
0.24594608
0.8512254
0.9238183
0.9049792
0.103347406
0.077386916
0.09248104
0.600796
0.09134175
0.07330633
0.10019145
0.85911673
0.90892255
0.86868167
0.8581793
0.89712924
0.9129802
0.91243815
0.89704645
0.10497463
0.078662924
0.11750909
0.79373616
0.1330753
0.14023179
0.13497126
0.81417495
0.8398349
0.896291
0.20383534
0.13310944
0.105765946
0.06945984
0.07746201
0.115237586
0.69754225
0.11917841
0.082171254
0.07844019
0.0927214
0.15684484
0.15068282
0.65216863
0.26280192
0.15139394
0.15191127
0.19841605
0.7855562
0.7063936
0.70486337
0.80094427
0.24425259
0.2968297
0.18947025
0.6627138
0.17089278
0.11559649
0.08288794
0.059547137
0.05637783
0.061945327
0.10816057
0.8903225
0.8933614
0.8935169
0.9239976
0.90234417
0.8775637
0.85140705
0.78682876
0.099614844
0.10818548
0.08015351
0.121007994
0.88537496
0.8990115
0.8884117
0.8264561
0.0828616
0.059871525
0.067168154
0.09619889
0.8622333
0.92157036
0.88603884
0.84677553
0.79520786
0.07740437
0.053851936
0.05203833
0.06562633
0.16709138
0.26287675
0.38899446
0.839328
0.2065117
0.23197933
0.29268646
0.7338378
0.12667774
0.078392394
0.07209362
0.07037127
0.0853366
0.14210173
0.17087223
0.19622882
0.25946528
0.16236866
0.28855434
0.22477168
0.7638885
0.88540924
0.87575805
0.2545125
0.11464189
0.09328105
0.10422911
0.15241313
0.76711774
0.28561887
0.27241883
0.27853388
0.2828259
0.82422334
0.7262758
0.70046854
0.66544473
0.14991206
0.11643783
0.14500564
0.6252382
0.20984492
0.22836457
0.7742944
0.33456135
0.68908715
0.696302
0.3080139
0.22883494
0.6862397
0.123538814
0.08994421
0.08252932
0.07802342
0.08229987
0.08210958
0.09190614
0.11302422
0.17864513
0.25249904
0.8732514
0.9069695
0.9133792
0.9073357
0.8843312
0.7927856
0.7537686
0.7963855
0.84294426
0.8732329
0.8250018
0.7349055
0.24740498
0.22262046
0.29117602
0.8158613
0.7458668
0.6999651
0.15110871
0.12658457
0.17699634
0.60319895
0.11523343
0.08961753
0.08788064
0.09898092
0.12557982
0.2506857
0.63119787
0.586878
0.23949063
0.18180682
0.17782336
0.20633051
0.7390914
0.18479787
0.13090086
0.12004878
0.16307907
0.24480544
0.1599264
0.09891739
0.08784594
0.09429754
0.1454581
0.192295
0.6563875
0.62911385
0.14403474
0.10845269
0.1275085
0.13316761
0.6856082
0.7172399
0.8757772
0.8772249
0.7006316
0.10966025
0.07785524
0.078827605
0.10477936
0.72046024
0.7644569
0.8770671
0.7411361
0.6745879
0.09087316
0.067064896
0.07273958
0.1081806
0.69980294
0.71139616
0.8437908
0.7324811
0.18830119
0.25206834
0.10053366
0.08454863
0.08883636
0.0962942
0.11853234
0.08885324
0.08036813
0.081363976
0.09375579
0.15486307
0.61945367
0.5973338
0.6479488
0.664363
0.6993816
0.8611531
0.87068784
0.8340565
0.22011387
0.12161438
0.12752521
0.10418897
0.12307133
0.544172
0.18812807
0.23493342
0.6607328
0.66812396
0.6770859
0.1482086
0.10672494
0.12926489
0.14649896
0.69714296
0.11042323
0.07624726
0.07453479
0.07835709
0.08179736
0.08696503
0.08482422
0.08480942
0.085622914
0.08806286
0.08565287
0.08483867
0.08505195
0.088143386
0.109828554
0.08485175
0.08068232
0.078853816
0.07844653
0.07313251
0.06909129
0.06804203
0.09107209
0.062272634
0.06635995
0.14573883
0.90175736
0.9291732
0.9380452
0.88036793
0.09408182
0.07847187
0.11733869
0.8681655
0.91115505
0.115754515
0.057955444
0.054293975
0.058304705
0.0631181
0.06736589
0.077942766
0.12617041
0.7713629
0.1364499
0.08599154
0.07099238
0.07847788
0.12440662
0.7724404
0.26379627
0.12430399
0.078301355
0.0855283
0.07349032
0.07297179
0.08010697
0.07216849
0.07268339
0.10276436
0.12947014
0.16959535
0.10263464
0.12801185
0.7053666
0.6999113
0.72114176
0.28080007
0.10648837
0.086183935
0.09514111
0.16889527
0.12586881
0.23176514
0.25356728
0.12967584
0.117840014
0.18742108
0.11410371
0.13382937
0.13027945
0.5823935
0.6505915
0.6878638
0.7672984
0.90123445
0.886666
0.095687106
0.05775542
0.057406753
0.06307173
0.06955171
0.07541558
0.08358533
0.08771062
0.08493257
0.077914774
0.07110628
0.06929373
0.0744575
0.13013634
0.17087778
0.8202166
0.18233049
0.07206068
0.05463164
0.05397787
0.06163808
0.09093389
0.8624573
0.8942343
0.9249376
0.93238634
0.9191186
0.07738742
0.04833366
0.045214146
0.052087586
0.07526832
0.119590774
0.836048
0.8124198
0.15163459
0.09245459
0.08488941
0.1718419
0.8464085
0.15603015
0.18059978
0.17438136
0.13045955
0.06829798
0.067964725
0.09845883
0.6793782
0.14297405
0.15186705
0.7919168
0.18486473
0.18964975
0.8525735
0.8080363
0.90880203
0.89068854
0.14161906
0.16072077
0.10539133
0.0874272
0.069210224
0.08071252
0.1511533
0.75504345
0.8588433
0.7223927
0.10833886
0.08844016
0.060485765
0.059436254
0.068704106
0.06879786
0.12583739
0.9073891
0.9315227
0.8810711
0.80999064
0.09086584
0.08632944
0.111649714
0.059429422
0.05680579
0.06508352
0.11759603
0.88995713
0.91147125
0.8842331
0.89403147
0.79610753
0.7931967
0.9009183
0.91918993
0.91326684
0.8397385
0.87987363
0.37851164
0.11494974
0.12175524
0.07074475
0.06290371
0.070497215
0.085780784
0.15393634
0.86904067
0.8804918
0.7755845
0.14713709
0.074871585
0.059544735
0.05876247
0.06409717
0.07837307
0.2078326
0.76002246
0.11743594
0.085175425
0.11242081
0.8645054
0.90147364
0.8950175
0.8034875
0.089168906
0.07103973
0.0945046
0.6951745
0.1842568
0.20594963
0.9002366
0.9316894
0.91354394
0.12778358
0.06589988
0.0630657
0.080953576
0.30425337
0.879761
0.8067306
0.389788
0.2502844
0.10017572
0.08599841
0.099467605
0.19053926
0.59310335
0.7543673
0.89449537
0.91638786
0.9126916
0.8879976
0.87908685
0.8884403
0.9008921
0.8881299
0.88636357
0.90426385
0.90277404
0.8729165
0.88112175
0.90814924
0.900048
0.8911163
0.88881034
0.4133558
0.29555428
0.16569659
0.12709697
0.07721893
0.06556194
0.07610813
0.10910819
0.39465782
0.88428736
0.88723546
0.5599089
0.48327464
0.32512972
0.11217535
0.09209518
0.08705435
0.12560378
0.64779514
0.15888914
0.13664812
0.19293478
0.8037309
0.6563085
0.15224566
0.12836623
0.21089575
0.14934692
0.19015741
0.80086344
0.69935405
0.66391546
0.18178022
0.22155368
0.12665723
0.15591069
0.23506202
0.86668384
0.92431146
0.8772324
0.84454584
0.20023964
0.0682448
0.05726174
0.06808143
0.061893456
0.067330174
0.08611871
0.08106944
0.12518458
0.814993
0.17081754
0.1639141
0.8609153
0.9207383
0.9217031
0.8309319
0.7913711
0.8541367
0.1683475
0.18602833
0.799339
0.12042522
0.08395471
0.098462716
0.15201972
0.7765917
0.31038722
0.65827966
0.35575107
0.21626937
0.23603636
0.76034504
0.8810725
0.8906645
0.90811384
0.918626
0.916228
0.8821316
