0.8045343
0.78414166
0.6104549
0.31451932
0.3957893
0.72522444
0.8766577
0.89253044
0.83456045
0.7735692
0.7599174
0.74771
0.72396123
0.68002385
0.17706738
0.13912617
0.1591919
0.1415886
0.24547982
0.27475563
0.21766482
0.64187926
0.6454087
0.643202
0.6338437
0.6135603
0.22264405
0.28731284
0.29266506
0.22221808
0.7498505
0.15846375
0.12746687
0.08750932
0.08784484
0.12593925
0.15613957
0.2573702
0.40555042
0.8620744
0.8695487
0.7470283
0.8725769
0.8788314
0.83627856
0.25193146
0.16470927
0.19415152
0.77735233
0.3460739
0.23816812
0.116103895
0.10164614
0.12234968
0.6575894
0.66970783
0.6757624
0.6616364
0.105073184
0.07306409
0.075260766
0.120150216
0.1831575
0.6771104
0.681643
0.79046935
0.24541488
0.1307661
0.10988126
0.1356929
0.1577837
0.15491018
0.6408077
0.6530963
0.13036448
0.0882469
0.07859169
0.09106566
0.13896227
0.18542442
0.6660815
0.18032673
0.13137867
0.08664611
0.10080612
0.09564942
0.07804721
0.09031168
0.18075922
0.8472234
0.7092288
0.66321766
0.15313876
0.19480486
0.1789107
0.8729273
0.8890565
0.19012836
0.10398348
0.16271958
0.73504674
0.70444196
0.13309613
0.13167098
0.1319397
0.76904577
0.1467608
0.06303981
0.0539218
0.053640522
0.06101675
0.12024949
0.8991132
0.9312583
0.9443704
0.8957424
0.071799494
0.04806079
0.048327647
0.051744297
0.05469111
0.05571629
0.055554643
0.06565095
0.11980087
0.9089727
0.93168145
0.9136547
0.15396903
0.094046965
0.13779637
0.8029449
0.8706744
0.1209315
0.092539
0.10383261
0.6375824
0.106333114
0.08504128
0.13344125
0.890559
0.90815383
0.89802617
0.87124056
0.8033194
0.09389711
0.0774601
0.10482146
0.76237476
0.80148757
0.16989231
0.0768654
0.07062171
0.12463363
0.12573105
0.7506365
0.713335
0.2277706
0.43088505
0.55357134
0.8550205
0.5062435
0.28908503
0.107693665
0.0931136
0.10064037
0.1421194
0.70880073
0.79777825
0.16408792
0.11455249
0.103198804
0.10851029
0.13528658
0.2563378
0.5737911
0.6341246
0.65872157
0.6602625
0.7117154
0.83945847
0.84402376
0.5412186
0.22837739
0.1382422
0.12092601
0.1795739
0.10203982
0.10624373
0.19885078
0.8149258
0.11168596
0.06609905
0.06459352
0.06389454
0.09957738
0.074572414
0.12547739
0.89513993
0.91445524
0.8473652
0.85858184
0.8619318
0.84040564
0.88614625
0.08574881
0.055113353
0.0581874
0.065652564
0.06437747
0.07509196
0.13877645
0.7415278
0.7190126
0.10602491
0.072109096
0.08982046
0.06122115
0.057577223
0.060800895
0.10338773
0.11212264
0.86903006
0.9164525
0.90311444
0.92800313
0.91951215
0.8106634
0.1796119
0.14764528
0.7105207
0.75793463
0.8338668
0.8639296
0.85955125
0.828303
0.7064341
0.14254579
0.17022601
0.83412296
0.92125934
0.9348655
0.9318982
0.8834329
0.8050153
0.09136209
0.08487409
0.07449968
0.10648403
0.68311155
0.118317306
0.10676242
0.07352053
0.06949548
0.06989178
0.07545893
0.0991749
0.0934633
0.21146628
0.8435749
0.91612285
0.92514926
0.9112951
0.81919265
0.8054166
0.86709505
0.9139952
0.9223627
0.9130422
0.8217921
0.7323531
0.18981892
0.13495134
0.21575311
0.14777528
0.20767234
0.85045904
0.8538184
0.13986772
0.09609905
0.090660594
0.11751577
0.10131764
0.12149937
0.24096984
0.25811976
0.68125707
0.34711102
0.11527226
0.08436274
0.07571198
0.087825514
0.07180875
0.080693804
0.16184807
0.34824842
0.89913833
0.9002218
0.27056125
0.11131758
0.12998585
0.83162606
0.90095335
0.91938674
0.8973284
0.88758045
0.9180122
0.9209435
0.90181506
0.9075494
0.80558956
0.10432401
0.09280094
0.1490334
0.81300867
0.9120378
0.9253882
0.9161696
0.82843786
0.7703661
0.7363179
0.359718
0.44611046
0.83479685
0.124525495
0.07266258
0.06538785
0.07270906
0.10694054
0.11380002
0.23031712
0.77183396
0.8723552
0.8071882
0.8102227
0.8899853
0.8563713
0.18315685
0.1533815
0.18104494
0.7374023
0.8937143
0.91485137
0.89889985
0.7413599
0.26311475
0.23849837
0.29399124
0.22601312
0.09753473
0.07906963
0.08515807
0.1114907
0.6593642
0.61184007
0.18461683
0.23992409
0.2600526
0.2724128
0.8043968
0.70850563
0.67396176
0.1871965
0.19061784
0.16584498
0.13462324
0.19238937
0.14685766
0.1723167
0.6667354
0.6967659
0.8193076
0.8093165
0.1744272
0.13432193
0.13921717
0.24327815
0.83024544
0.7411225
0.71555066
0.14474837
0.13416582
0.62261033
0.09542
0.06849587
0.07770489
0.14278701
0.8188605
0.8037564
0.09840047
0.062055226
0.057590704
0.05861805
0.05992895
0.071367845
0.06861777
0.11598371
0.89583224
0.92161816
0.9092741
0.10354752
0.056775678
0.056339666
0.061250377
0.06782473
0.077261865
0.09502407
0.07998773
0.09228345
0.07960105
0.09049293
0.16050476
0.7287203
0.118256435
0.08136254
0.08289598
0.07457746
0.07223074
0.069524236
0.065890424
0.0633686
0.05789779
0.060324274
0.088847086
0.84753984
0.886775
0.9274667
0.92421776
0.93264985
0.90815246
0.8798103
0.84072393
0.09137797
0.056909118
0.05686843
0.096080035
0.07626135
0.10241001
0.61166155
0.1433383
0.1373391
0.2674455
0.7741082
0.6399161
0.6370394
0.712476
0.85456735
0.87550956
0.8491033
0.685163
0.2417084
0.12024957
0.102651596
0.12723239
0.13990486
0.13312711
0.28146076
0.80530995
0.356566
0.34436357
0.7850192
0.9060558
0.9193844
0.90069294
0.7393374
0.7060001
0.25185868
0.19552186
0.13705866
0.10433194
0.18524736
0.17855854
0.09017226
0.082090564
0.107354864
0.095856324
0.10217025
0.18415834
0.15578261
0.1441757
0.2898694
0.23856637
0.8326868
0.8304517
0.13627267
0.08544852
0.07713599
0.087578185
0.18645109
0.21959004
0.16339733
0.33849698
0.8395368
0.7027822
0.65830445
0.67174596
0.14471687
0.08559594
0.0931088
0.100940555
0.09721166
0.15935454
0.65428853
0.66166264
0.670609
0.6760153
0.15902276
0.11381045
0.1278211
0.093065456
0.09328722
0.11639683
0.087480426
0.07973016
0.082107164
0.09798924
0.15766026
0.22101037
0.7935549
0.2771043
0.20544745
0.5989646
0.28597572
0.2846674
0.5787124
0.15174617
0.12118703
0.13230552
0.30768532
0.86779267
0.886086
0.8424289
0.18598351
0.19789782
0.100866705
0.08891942
0.1026227
0.14804588
0.79255575
0.66457635
0.77963287
0.19416541
0.16083755
0.5470039
0.12913156
0.11217487
0.19011392
0.15280941
0.13098651
0.2395827
0.62193674
0.13306671
0.12460846
0.09627123
0.11132569
0.5904992
0.17281176
0.20753889
0.8820478
0.9214927
0.92015404
0.8842062
0.14171177
0.12790686
0.5805534
0.10267648
0.080918424
0.13190873
0.084209025
0.09586825
0.18849821
0.2432059
0.6369547
0.113351546
0.08948336
0.1447832
0.1504734
0.6510875
0.24227628
0.8357051
0.17863531
0.07976861
0.08202369
0.10594609
0.27092463
0.8596593
0.17820051
0.075781405
0.0738773
0.13768746
0.82494813
0.20759332
0.1607498
0.85100394
0.90831196
0.9312434
0.9381565
0.9147205
0.10103246
0.09760325
0.08610929
0.05589065
0.06031242
0.110747136
0.88517165
0.9255797
0.8696471
0.10835379
0.07343655
0.10433395
0.08426477
0.1694048
0.84066826
0.24919318
0.7066359
0.103338
0.080187604
0.0781161
0.12765464
0.8217894
0.20960474
0.15219814
0.1371124
0.6997133
0.6928138
0.15999112
0.10688544
0.16187535
0.13871568
0.13822758
0.6296045
0.20595564
0.62119347
0.15433766
0.15095182
0.5953296
0.13831617
0.11519097
0.12539639
0.18206672
0.22069861
0.2412198
0.75597537
0.6525839
0.617069
0.60642236
0.5685553
0.19636524
0.18708396
0.13508107
0.12884848
0.16300887
0.15211956
0.21498778
0.81462026
0.7622944
0.84361607
0.74482614
0.7047687
0.77071613
0.30321556
0.294387
0.30254248
0.78756917
0.73175955
0.8214587
0.71185005
0.1364462
0.092060536
0.076964624
0.08127104
0.11222554
0.099521264
0.12111974
0.29569834
0.82673603
0.3138424
0.1122147
0.08627437
0.086488776
0.11782633
0.7418537
0.77541745
0.88252014
0.8595936
0.25839657
0.2656651
0.80167687
0.6920894
0.6450137
0.6242824
0.62663555
0.7588474
0.20897993
0.19164422
0.68318605
0.86196613
0.8876195
0.86663973
0.69174945
0.16500089
0.14972432
0.21338414
0.72597367
0.8886772
0.876867
0.10118867
0.06380358
0.061690334
0.06532299
0.093307965
0.65365905
0.093189955
0.072329044
0.110591
0.11303333
0.86240995
0.92814595
0.939617
0.9314708
0.8311356
0.08637943
0.09008609
0.07134098
0.10833874
0.8573427
0.90872425
0.9294731
0.9362732
0.9165154
0.16891004
0.06476657
0.06783037
0.09017431
0.79979956
0.84117454
0.8752723
0.9228598
0.8963614
0.1656885
0.1983011
0.748364
0.1537314
0.17761365
0.82790005
0.10649624
0.06368718
0.061704848
0.07340816
0.13582018
0.821975
0.3559219
0.16649432
0.19957428
0.7518105
0.8641293
0.74182796
0.70342505
0.13574758
0.11365943
0.14507987
0.1441403
0.29043218
0.80226624
0.30709258
0.18075003
0.19200568
0.64990985
0.642563
0.14678805
0.11177734
0.10739676
0.11972697
0.16050158
0.6923538
0.7452292
0.8673442
0.8799975
0.8412206
0.3589895
0.36166212
0.25244159
0.55992115
0.5268007
0.1938582
0.17080618
0.1895022
0.59768957
0.64815384
0.7774772
0.44486505
0.21174853
0.2884514
0.18699938
0.12573291
0.114094235
0.14060706
0.6534814
0.12168217
0.083073705
0.08128589
0.115822785
0.16803777
0.1119843
0.13629599
0.78794456
0.87769634
0.74806046
0.6707657
0.1246701
0.10720977
0.15598427
0.30114567
0.8329832
0.83438915
0.65431803
0.57420015
0.61894935
0.2549991
0.28833637
0.16680327
0.09729765
0.081742905
0.082138844
0.09316101
0.18318659
0.18943876
0.11089228
0.11511905
0.1889325
0.7835613
0.22220565
0.1923639
0.3890001
0.85790104
0.86898494
0.7002572
0.6622568
0.65148294
0.7981529
0.66271377
0.15049212
0.0860195
0.07589155
0.099339694
0.11173077
0.68265325
0.68558073
0.6905725
0.69565344
0.12775421
0.13477789
0.07669049
0.08022389
0.15750556
0.18788539
0.10650391
0.12253332
0.6379833
0.23818293
0.78306955
0.17226107
0.15109268
0.7142482
0.84195644
0.26896808
0.72508365
0.16904062
0.088226534
0.1040705
0.6414555
0.12681165
0.14215276
0.7068908
0.09698363
0.06500511
0.06035079
0.059884
0.09016186
0.86220217
0.8996049
0.92225355
0.93837416
0.94030535
0.9342512
0.8753504
0.072556205
0.057879448
0.087415665
0.11651336
0.13464406
0.8358706
0.23245494
0.14153416
0.6359781
0.10067335
0.082518354
0.12742852
0.7582377
0.34668198
0.88701373
0.87721384
0.15187252
0.14332859
0.6259318
0.19212048
0.6170203
0.13872857
0.12506923
0.23698592
0.8478592
0.7878154
0.8628786
0.734277
0.6813073
0.68659574
0.69355446
0.22251722
0.14251088
0.14934999
0.80973417
0.9184368
0.932843
0.9219444
0.80747986
0.11917982
0.11613137
0.24238662
0.6517608
0.17549035
0.11272375
0.11501492
0.19308746
0.15420319
0.22674501
0.8425333
0.8669801
0.81558204
0.8863502
0.89612496
0.87483746
0.6691109
0.4550712
0.28125107
0.81868845
0.16462427
0.08077803
0.07394297
0.119300194
0.11773806
0.664922
0.1263382
0.12341669
0.6594662
0.10688105
0.085448
0.16456608
0.31184188
0.8430972
0.13172942
0.103554115
0.14480317
0.8693258
0.9011047
0.89396966
0.30115384
0.17396466
0.13620742
0.7445125
0.0967379
0.059537094
0.05281098
0.05420683
0.061442584
0.10823123
0.8840373
0.8594754
0.83745277
0.85092
0.88741446
0.102643035
0.07136275
0.061137382
0.07398267
0.1988379
0.82076585
0.16665503
0.17001133
0.27069384
0.8618277
0.75415564
0.7037821
0.70564985
0.16447574
0.12958778
0.08014729
0.09686324
0.07751084
0.089375004
0.19104297
0.1878326
0.32786027
0.6627238
0.13369747
0.108475655
0.16531014
0.09370338
0.0980701
0.29788554
0.8942628
0.89882827
0.9310962
0.9263067
0.8321763
0.76945037
0.118330374
0.068404734
0.065994464
0.08901709
0.08401668
0.13075693
0.78265256
0.88516736
0.8078802
0.78583866
0.7911041
0.13625844
0.087635815
0.075914405
0.105741926
0.077227555
0.07442533
0.0826294
0.12128201
0.11420731
0.20379026
0.753242
0.8852889
0.9043823
0.88302994
0.7385363
0.33908287
0.18937877
0.2401946
0.6884431
0.81215
0.9102407
0.91651964
0.87841016
0.21944737
0.19321974
0.4018152
0.8619091
0.85657483
0.17067605
0.13481319
0.15626042
0.5958979
0.63862705
0.6209543
0.15487294
0.13390827
0.19715557
0.12997435
0.13940695
0.24263375
0.20282994
0.64240414
0.6266356
0.17100659
0.1282515
0.11567267
0.123714514
0.19162436
0.8698407
0.9014323
0.8684816
0.21910203
0.17861404
0.22648638
0.85488504
0.8760006
0.9123065
0.9122381
0.8764099
0.8992263
0.86370796
0.13615271
0.109333165
0.14136462
0.638494
0.67241865
0.8044555
0.15131734
0.10696145
0.105005056
0.14009276
0.14930138
0.63190305
0.19809955
0.14140952
0.20785138
0.16218296
0.08933384
0.08380048
0.11467294
0.30993325
0.9044744
0.93190354
0.929216
0.8632333
0.79885405
0.18245038
0.12196806
0.071940884
0.07749786
0.103355095
0.8723622
0.9221639
0.92406005
0.92365795
0.93137795
0.9046228
0.83085537
0.0881007
0.0913349
0.06272591
0.08073074
0.12620376
0.7820198
0.7247131
0.71208864
0.18430412
0.21829303
0.13376383
0.08971265
0.13027407
0.14165635
0.108218625
0.23262927
0.14189976
0.08682145
0.09070376
0.12335762
0.671414
0.2630706
0.2916995
0.6562716
0.24282408
0.4676905
0.69923943
0.14016338
0.0937491
0.07468541
0.082547836
0.0954637
0.121631816
0.3990551
0.7013713
0.17299037
0.1512667
0.26648068
0.102475524
0.093639344
0.09317005
0.09394004
0.10429294
0.1404202
0.11412125
0.12069993
0.16780539
0.1802135
0.15596977
0.2607973
0.16338181
0.16513574
0.21305189
0.503575
0.2447979
0.20646785
0.27802306
0.6839563
0.81845075
0.7470887
0.8197503
0.36982027
0.2306174
0.5651541
0.14822678
0.115835615
0.13466218
0.13576092
0.7412174
0.89240617
0.8975396
0.74784034
0.683772
0.69819957
0.7038593
0.66597694
0.12642115
0.14214076
0.094451815
0.11256301
0.5675324
0.1579
0.21711421
0.22638644
0.17859796
0.3228845
0.7704912
0.19026461
0.14698316
0.2001315
0.111350656
0.12138932
0.10817558
0.080095276
0.08199322
0.12698328
0.8149884
0.9106366
0.9234374
0.9103096
0.91309667
0.90007555
0.9130048
0.9173209
0.9198032
0.92196226
0.92140514
0.90592223
0.74293
0.10061286
0.09315462
0.115141116
0.21832408
0.66398907
0.7426557
0.8828935
0.90653336
0.8948209
0.8051254
0.7051897
0.15809028
0.13418432
0.16454807
0.1543194
0.1983001
0.7500697
0.652005
0.66010606
0.64065427
0.203476
0.19843748
0.16712698
0.12499694
0.14306162
0.1246449
0.16080818
0.7980666
0.6583822
0.640624
0.6832988
0.7099289
0.73502386
0.86410785
0.730795
0.10751746
0.090060614
0.13828726
0.106205486
0.1879998
0.2038075
0.1546542
0.619675
0.17674108
0.12852187
0.20664549
0.18741225
0.105173215
0.12697588
0.692893
0.22180839
0.102672555
0.072570115
0.08450714
0.11690857
0.7808674
0.7575555
0.099902466
0.058299966
0.052146003
0.05611923
0.083845496
0.8545662
0.903146
0.9257945
0.93573844
0.93702847
0.9363992
0.92368716
0.90376115
0.07314325
0.04831251
0.04982953
0.055773135
0.088819176
0.8259008
0.87930304
0.3915139
0.8552736
0.23471387
0.11326541
0.17311491
0.17845245
0.6471539
0.11699677
0.09784019
0.13340491
0.1582042
0.16263576
0.40503934
0.82802856
0.7891421
0.872369
0.8664328
0.7477303
0.6902633
0.14318366
0.109915696
0.105437785
0.13809358
0.14904276
0.120006114
0.12706986
0.17276601
0.17343871
0.57084304
0.23330204
0.35116574
0.37425777
0.34845492
0.8346238
0.8609739
0.7638316
0.8692432
0.8743939
0.8352963
0.13328041
0.085714966
0.07398158
0.07980596
0.09925323
0.19020338
0.7944815
0.28194287
0.20983791
0.678591
0.7410969
0.8893728
0.8716335
0.101799555
0.06339342
0.059421267
0.06962199
0.16660848
0.8949602
0.9217312
0.9131386
0.78592557
0.8120429
0.9117545
0.8913802
0.089849256
0.06588751
0.06809122
0.11878087
0.82040596
0.11222338
0.07588426
0.08023393
0.1320874
0.82466424
0.11063704
0.07026429
0.07524889
0.2549694
0.9199621
0.9436083
0.9274798
0.081428446
0.04911932
0.046564057
0.051921174
0.060150836
0.09598332
0.13964787
0.12830773
0.74543667
0.118283294
0.097612195
0.15248126
0.17220512
0.8564517
0.23887107
0.07834272
0.070946604
0.06988411
0.10375353
0.75588095
0.71748024
0.18937787
0.3184649
0.71265
0.099052005
0.0625979
0.05876459
0.06924549
0.11467005
0.17697877
0.74938697
0.860938
0.84761393
0.12351588
0.08657126
0.09707151
0.10873624
0.15474062
0.13418232
0.76717293
0.747596
0.73946387
0.7142937
0.08814894
0.060861412
0.053631987
0.060657836
0.115404874
0.88317394
0.9145039
0.91958165
0.9139052
0.9145022
0.17030077
0.062364712
0.060549513
0.09687577
0.14333053
0.8480271
0.83306646
0.7969037
0.09604347
0.07140503
0.06822958
0.10135919
0.0681945
0.06457409
0.06260154
0.060092907
0.06262952
0.084657274
0.14653291
0.8915637
0.931007
0.913597
0.11915102
0.10368559
0.067576766
0.07279173
0.105552174
0.75214493
0.8557148
0.7296698
0.6940326
0.6770425
0.67428786
0.60862136
0.14505959
0.15818974
0.16471007
0.16096473
0.64066833
0.17317824
0.22173925
0.10839415
0.09349764
0.10321578
0.140789
0.13539177
0.10225758
0.10422891
0.12939626
0.7024113
0.80283195
0.37812546
0.7495296
0.88929355
0.8902075
0.76854825
0.7516606
0.7184544
0.49734184
0.84204125
0.84041137
0.21193382
0.17859401
0.24854673
0.37247312
0.6173785
0.8288666
0.7805495
0.7528957
0.72932017
0.3751914
0.13049069
0.097909234
0.088481165
0.089409634
0.090466365
0.10020876
0.14259782
0.16613422
0.17575806
0.787182
0.20208764
0.11200985
0.104318865
0.1970047
0.89308834
0.92861056
0.93580246
0.93411785
0.921711
0.7655976
0.06457388
0.04918092
0.04865284
0.0584264
0.11429953
0.8968888
0.92079103
0.84167695
0.12152469
0.14190896
0.13530551
0.8294081
0.8790545
0.8782968
0.85499334
0.7934358
0.10052821
0.09213494
0.11508764
0.7779845
0.8100641
0.7647675
0.09914753
0.07476455
0.063888505
0.07231101
0.1318531
0.8826961
0.9123564
0.894112
0.6942702
0.21903805
0.14343894
0.16000324
0.31010193
0.76581645
0.65672314
0.6518272
0.6744488
0.6872079
0.78644043
0.6445078
0.22533332
0.26248556
0.19400327
0.30226436
0.4559055
0.8349788
0.735746
0.8398276
0.16382599
0.095704876
0.0979924
0.22325297
0.82113504
0.2176212
0.15797713
0.7650175
0.8514672
0.92242587
0.9015181
0.088850416
0.061796356
0.057834018
0.07704085
0.2105528
0.9070339
0.9359839
0.9328354
0.9187413
0.28026724
0.11674796
0.06826129
0.086791724
0.09903162
0.8355657
0.92086744
0.905353
0.1162404
0.11426793
0.08259794
0.06875981
0.08036841
0.2893534
0.8989904
0.91033
0.75657535
0.1847017
0.15435924
0.11320771
0.15643147
0.16523054
0.76163995
0.8847994
0.8658071
0.2673854
0.35357216
0.23981176
0.1343226
0.13757196
0.19080779
0.8237047
0.8387318
0.69494253
0.5665179
0.1449417
0.13002793
0.18067305
0.68844724
0.8334062
0.2787474
0.114116386
0.1030795
0.15595874
0.8485056
0.89745384
0.9145868
0.9280681
0.9283983
0.91927403
0.8381318
0.76642853
0.19379877
0.11147504
0.11898534
0.28267753
0.887907
0.9144124
0.874983
0.1497437
0.120178364
0.14020205
0.5278479
0.2966583
0.22332653
0.5014698
0.88613683
0.9156049
0.8929885
