0.3703627
0.2091879
0.17988142
0.2557909
0.8514898
0.8844742
0.78764224
0.73917764
0.8320366
0.76424915
0.7584069
0.7950781
0.8581019
0.76896054
0.72195697
0.34739962
0.12253061
0.09325678
0.100905135
0.08105694
0.092782594
0.20209067
0.7190196
0.7142448
0.11187236
0.06393068
0.060480602
0.06696878
0.06920439
0.107752115
0.12252245
0.7813245
0.7274287
0.10391047
0.084576316
0.06497396
0.0941543
0.10889213
0.7885608
0.29977855
0.2803796
0.22892739
0.9069304
0.94226897
0.94346017
0.894209
0.07184098
0.0521276
0.051585358
0.052547336
0.058322996
0.06069484
0.071304016
0.111655906
0.7986721
0.75380045
0.10468963
0.07318222
0.06826476
0.09555785
0.6425229
0.110523306
0.09689941
0.18592058
0.77797854
0.9097607
0.9306901
0.92690635
0.9017914
0.16688724
0.08144686
0.079529084
0.11800391
0.09240056
0.11170314
0.22891413
0.8394153
0.85205644
0.70685697
0.110129185
0.07723574
0.07236203
0.09845296
0.12828065
0.075194076
0.07670126
0.13430063
0.88561106
0.88386387
0.105885856
0.07047935
0.07811649
0.14237785
0.89732116
0.905222
0.09208934
0.05459737
0.04656388
0.0493934
0.05681081
0.106521696
0.90523744
0.92983216
0.93879855
0.9359262
0.9200268
0.076245815
0.047762606
0.045248553
0.052469682
0.063129045
0.10044606
0.7332376
0.12400931
0.12562996
0.12470715
0.76223105
0.35094586
0.8940939
0.8238155
0.087708354
0.058062457
0.055313475
0.067166544
0.06354857
0.070226595
0.1165572
0.16073164
0.8469196
0.7273463
0.6686866
0.15766115
0.13562164
0.15308268
0.33168226
0.7736832
0.8523213
0.89838934
0.88748175
0.7804909
0.7252272
0.71839774
0.72354746
0.7074145
0.73812497
0.8204938
0.87119234
0.85834503
0.84447336
0.8756253
0.8396528
0.78185666
0.6991517
0.20884731
0.18088418
0.24334286
0.18099311
0.13353595
0.1334131
0.19571938
0.69808865
0.8667289
0.88138515
0.83884937
0.27103364
0.32387042
0.19951463
0.6549037
0.2699743
0.095549114
0.073579706
0.07341805
0.09321969
0.085801676
0.15442178
0.09806646
0.13800122
0.8164956
0.2516595
0.13226724
0.20965078
0.737769
0.7860869
0.83132666
0.8473394
0.87957895
0.16861066
0.1111518
0.1777837
0.8511835
0.7431177
0.7268118
0.10259846
0.06723644
0.07191475
0.103734925
0.6699081
0.10002345
0.07796749
0.10656144
0.6758635
0.095655404
0.06941185
0.10597705
0.09926952
0.15347923
0.88692456
0.9129728
0.92374766
0.9221543
0.9217108
0.17211682
0.05950314
0.056646068
0.065735914
0.122038335
0.830126
0.122072555
0.0820932
0.10889872
0.6760438
0.102867484
0.075030744
0.090797246
0.31776562
0.8521398
0.12612951
0.08001476
0.09402787
0.09142426
0.15406449
0.087100774
0.08605049
0.10623696
0.19230863
0.6729176
0.15975761
0.14558214
0.09693634
0.091207646
0.092721224
0.1114045
0.17293477
0.82256395
0.7386029
0.83030367
0.1511582
0.093437426
0.085585654
0.10179532
0.29439983
0.850418
0.17484495
0.09205939
0.063948244
0.068635285
0.10283351
0.7257085
0.7068409
0.097497985
0.06712567
0.082359344
0.07628187
0.13694559
0.8778056
0.8096797
0.0976607
0.07153219
0.067488015
0.10969076
0.8848038
0.89822024
0.905699
0.93316114
0.9336176
0.89239454
0.8632965
0.800146
0.07027812
0.052093234
0.05945083
0.05647805
0.0669145
0.11818265
0.8186679
0.1782443
0.112666234
0.15832806
0.86210144
0.864571
0.11143186
0.074876264
0.081592746
0.15409079
0.17938285
0.17794642
0.09943051
0.10138182
0.18843988
0.88532066
0.9016979
0.71442205
0.08332115
0.06517313
0.07722198
0.12932605
0.83901215
0.20445982
0.080395214
0.09160295
0.0719647
0.114574686
0.891503
0.91748065
0.928438
0.91823745
0.91540587
0.92543995
0.9047133
0.8939598
0.894066
0.08144162
0.05404655
0.05986026
0.066638656
0.13793793
0.87099314
0.895044
0.104282096
0.06507436
0.06476814
0.096329525
0.69111574
0.18300939
0.094561145
0.10178447
0.21095027
0.8499748
0.769649
0.8732403
0.7685511
0.74753976
0.28492016
0.11142105
0.097138435
0.11949433
0.83148587
0.88789487
0.9197159
0.7997526
0.08521099
0.06491439
0.07531558
0.15715064
0.72636664
0.17608555
0.09252376
0.07829989
0.09484758
0.16743629
0.87109154
0.8834729
0.75944
0.16354391
0.087688155
0.07242553
0.07407589
0.101497725
0.28524196
0.45107177
0.8699141
0.74547416
0.10892
0.08979789
0.17561933
0.088311374
0.060447536
0.056403123
0.05587901
0.06293781
0.11747706
0.9069476
0.91858035
0.9136728
0.86071825
0.077209376
0.051634196
0.049046442
0.059274763
0.0960373
0.81037664
0.8377179
0.22085886
0.11379179
0.08606888
0.1229796
0.83150595
0.67603016
0.16958869
0.15952328
0.17608328
0.84216
0.8022908
0.8405956
0.91135013
0.9230725
0.9257414
0.92638165
0.920353
0.8860315
0.12518916
0.08624263
0.10043373
0.18161124
0.17323017
0.16226771
0.3870963
0.88597053
0.915589
0.89077085
