0.8278039
0.88381964
0.9023349
0.9019642
0.88619184
0.855965
0.83704
0.84370714
0.8612353
0.88632494
0.8999488
0.8998469
0.8888449
0.8794826
0.880591
0.89188546
0.8884285
0.8663786
0.8654802
0.88930917
0.8967626
0.89507717
0.901763
0.9058173
0.90609896
0.9005822
0.876393
0.8545971
0.83437306
0.82065594
0.8081749
0.7644987
0.69361013
0.3797476
0.29490545
0.25684285
0.41549617
0.58618796
0.7999907
0.68593615
0.20859976
0.18171793
0.51833117
0.15818788
0.14318725
0.2402203
0.562577
0.20583153
0.24105303
0.32244965
0.84775263
0.85671
0.360781
0.19273986
0.49012074
0.15142974
0.1396823
0.24523304
0.6866335
0.69773525
0.7014943
0.70174915
0.73898673
0.885931
0.9055461
0.8906658
0.80039287
0.7900226
0.8863663
0.8981205
0.8590331
0.17471585
0.1772354
0.1085213
0.07756464
0.07859219
0.12660085
0.8911933
0.9271883
0.92097914
0.77817506
0.116648324
0.065524295
0.0685947
0.093542404
0.7388774
0.73651534
0.2655153
0.7628329
0.10939794
0.067415945
0.068210065
0.12570153
0.90320116
0.9344367
0.91569823
0.828728
0.07690543
0.05806449
0.064670585
0.10882589
0.84352916
0.67697567
0.900924
0.88225013
0.10894358
0.08116068
0.09241219
0.16655673
0.7594659
0.8951985
0.90770376
0.8748392
0.12215853
0.08161906
0.077308215
0.0887857
0.13546987
0.14718777
0.61345905
0.74681157
0.22927628
0.14084572
0.123908356
0.15336752
0.15970713
0.640197
0.18984263
0.2793653
0.11931914
0.12475705
0.09111139
0.11877516
0.120523125
0.115705006
0.62268645
0.11182592
0.0924953
0.13993596
0.7762763
0.8331336
0.90633565
0.8435224
0.785689
0.8705037
0.18391164
0.08802768
0.09937955
0.43864825
0.15263659
0.24113642
0.38556308
0.8233777
0.76015437
0.83793646
0.75449187
0.73961025
0.7986387
0.66211176
0.58965784
0.60927486
0.5505276
0.5375058
0.20448048
0.18580869
0.25222135
0.7185574
0.18772453
0.14348549
0.15723234
0.6366609
0.78041244
0.3546828
0.189081
0.1186261
0.11011747
0.13203615
0.6449314
0.7952503
0.6722783
0.63328177
0.12473633
0.09102259
0.08939869
0.13698639
0.22074693
0.21898861
0.1132861
0.1238576
0.09350003
0.09955551
0.18111111
0.12683544
0.15232854
0.6822749
0.68034214
0.67494065
0.14825979
0.1012504
0.11031933
0.080209434
0.079994686
0.088602535
0.12476544
0.7110576
0.70679444
0.8267253
0.23714826
0.14046347
0.18469635
0.11858135
0.08142897
0.08339819
0.11397806
0.70585597
0.69683355
0.6691875
0.12139142
0.09136672
0.11692371
0.15576968
0.8795659
0.8985635
0.72858495
0.688068
0.66905016
0.114336506
0.12620138
0.09193021
0.11510712
0.67494076
0.7963169
0.6388975
0.5673221
0.57968616
0.64727384
0.7041799
0.83118826
0.73833644
0.6809258
0.6963212
0.67917854
0.105600595
0.07288677
0.073100455
0.1126986
0.7023416
0.7172141
0.75539917
0.7892305
0.85542876
0.113019414
0.08024556
0.10317198
0.35654694
0.9046263
0.93029195
0.912094
0.9285699
0.866621
0.8272626
0.087644465
0.052653134
0.04886468
0.056584973
0.05579515
0.059304524
0.07303964
0.12389122
0.8321413
0.7453904
0.76223207
0.8938679
0.9093905
0.8918605
0.7429334
0.12303462
0.10179796
0.10814247
0.17419088
0.1746461
0.17361628
0.3392992
0.76454955
0.24948746
0.13981004
0.110650435
0.10087335
0.1096259
0.15703095
0.16039689
0.6512152
0.6457767
0.1716047
0.16636713
0.14239465
0.09382342
0.086653516
0.091974124
0.1678796
0.11426185
0.15477152
0.17664875
0.8240182
0.7264717
0.81844324
0.23625556
0.17271991
0.13314034
0.20672922
0.1782896
0.7572001
0.20787375
0.13916367
0.20520298
0.19555333
0.6477285
0.6311662
0.22626589
0.17452992
0.68785197
0.8058798
0.26951033
0.72884727
0.8850637
0.7410248
0.092398934
0.074765965
0.10673287
0.69616574
0.10222794
0.066707246
0.06369426
0.06650043
0.08881095
0.06658563
0.05633347
0.059810657
0.09950005
0.8942518
0.9295079
0.9391107
0.9382375
0.9229392
0.89550555
0.82744503
0.08071163
0.06859404
0.098956816
0.7435772
0.22807178
0.13526802
0.15576929
0.82591444
0.13126177
0.098581254
0.21153376
0.7572099
0.10197552
0.06517793
0.064762704
0.09421412
0.78217167
0.8551333
0.23898171
0.41861498
0.8306623
0.8358852
0.26599845
0.11944021
0.063863486
0.057910632
0.062397882
0.08992386
0.0998758
0.2611861
0.37496176
0.7004367
0.20379941
0.32686788
0.12236677
0.13290203
0.10227797
0.10498184
0.14668158
0.7680651
0.8696435
0.8362602
0.8558786
0.88213974
0.9022673
0.882811
0.8778943
0.89502
0.86615705
0.82464087
0.8084305
0.8403116
0.9002111
0.8911217
0.6964436
0.48409998
0.416911
0.6957161
0.7108762
0.19930226
0.2692991
0.11329527
0.09723148
0.09893819
0.12060679
0.23489077
0.62132746
0.715448
0.8510651
0.8619621
0.74683195
0.7373277
0.71444416
0.15124513
0.113564536
0.09967467
0.111141235
0.18484025
0.10942985
0.100466914
0.10801019
0.11828278
0.15676658
0.6417567
0.346022
0.8272371
0.8243331
0.17824094
0.13276443
0.12939362
0.17660204
0.8214459
0.74766314
0.7354613
0.84783876
0.7393356
0.65450853
0.66419125
0.7049853
0.7678369
0.9054797
0.919719
0.8920379
0.10028081
0.06926004
0.049331766
0.04817514
0.04992012
0.053585023
0.07281874
0.18934909
0.90482515
0.9158635
0.9084558
0.8949118
0.9008769
0.8984393
0.8806222
0.23809455
0.12653363
0.055962548
0.047637895
0.054633897
0.059793424
0.1108088
0.16513394
0.888407
0.93169343
0.9276983
0.7980518
0.093051486
0.0817268
0.09790093
0.25672844
0.85602
0.73142934
0.12665698
0.0984842
0.109412946
0.15352689
0.79640675
0.6513287
0.25142843
0.42137504
0.6689799
0.701828
0.7198734
0.7297845
0.31416568
0.21104799
0.66219854
0.12739173
0.094604254
0.10951248
0.08693407
0.09272052
0.11351737
0.16532943
0.7709062
0.652018
0.6573483
0.62562585
0.5993635
0.18650806
0.21697536
0.13329783
0.14566584
0.6743997
0.72182226
0.84737897
0.17688684
0.08569439
0.07657015
0.0973297
0.78840244
0.89868546
0.83726674
0.74130744
0.13324054
0.13661622
0.7103008
0.7328755
0.73183304
0.7051818
0.09572505
0.06976507
0.08094921
0.104971744
0.8510255
0.9061665
0.9258672
0.9118424
0.89435965
0.8825023
0.8666578
0.8078222
0.1999588
0.39486206
0.82523125
0.12407565
0.09091805
0.11234168
0.27491984
0.77991265
0.19036818
0.1616071
0.20919251
0.2595289
0.8294594
0.83251977
0.85616416
0.88105726
0.84020454
0.7832295
0.7568287
0.7275941
0.7440924
0.77133334
0.8472112
0.8017168
0.75029534
0.7980141
0.20282422
0.14229544
0.12521552
0.12750666
0.15603699
0.610561
0.6194723
0.635566
0.6233123
0.54545057
0.17434014
0.15894097
0.5275282
0.13767841
0.13728398
0.11479935
0.1469117
0.8064547
0.6776832
0.6552263
0.15926564
0.13353482
0.6352072
0.117205136
0.13967425
0.12834142
0.09089455
0.089620955
0.12324554
0.8104091
0.15831043
0.15472098
0.83916754
0.8888468
0.10331722
0.06999596
0.0529422
0.057534777
0.09486258
0.85517234
0.8850504
0.9199544
0.93151546
0.9248211
0.19867128
0.057824392
0.05152906
0.060922895
0.09653007
0.7828806
0.7331682
0.15444015
0.16853257
0.8026708
0.25197187
0.70200574
0.2464343
0.18833429
0.13063914
0.11472814
0.09741154
0.11584548
0.27279678
0.78685206
0.663719
0.62627333
0.6504555
0.6763997
0.7844075
0.7194237
0.79239446
0.6927254
0.53918695
0.16837056
0.1468985
0.21080087
0.17893241
0.17534378
0.15017024
0.21332285
0.71143085
0.84300613
0.75970155
0.7731855
0.8772995
0.8713649
0.71502465
0.24252379
0.19015376
0.17173469
0.16411598
0.199669
0.13663949
0.09573438
0.09560693
0.12422311
0.7014582
0.7353391
0.8437822
0.71953446
0.6931501
0.8288699
0.7093255
0.7089154
0.13659178
0.069495656
0.057491843
0.05877173
0.065525495
0.09322915
0.654942
0.10988012
0.09178936
0.2103508
0.90407693
0.9349918
0.9407846
0.93262446
0.851458
0.109651506
0.06303927
0.08590077
0.08088329
0.12821056
0.73505163
0.09234999
0.059619848
0.059846666
0.1048887
0.14053203
0.8796048
0.8920223
0.9054213
0.9006021
0.85343224
0.07965025
0.057381924
0.056891464
0.06842782
0.113762885
0.73727566
0.113190524
0.100258194
0.077557676
0.070772216
0.0874226
0.1610999
0.12451595
0.14525785
0.75512755
0.107783176
0.06856122
0.0658591
0.07012375
0.08783383
0.2451022
0.78032416
0.11357428
0.0673633
0.063538164
0.0670725
0.08715638
0.13181822
0.09502133
0.17743503
0.2482439
0.7368993
0.7154009
0.098761596
0.062086485
0.057769492
0.06119043
0.0831746
0.060788397
0.06666743
0.1711365
0.9061491
0.91936815
0.9222716
0.93716174
0.9079838
0.87040687
0.10554476
0.053267837
0.049172893
0.06001811
0.073866844
0.1834523
0.84960335
0.12464596
0.08047248
0.12747225
0.085989185
0.15861389
0.17281093
0.14106195
0.11854103
0.16732708
0.8452134
0.81291974
0.8648297
0.90284216
0.8903214
0.8985207
0.8696979
0.8386954
0.8392564
0.86291206
0.88958436
0.9087984
0.889664
0.86589605
0.20181426
0.14838627
0.21251836
0.17236254
0.44868585
0.20948039
0.26183978
0.78910387
0.73473084
0.73064905
0.7478693
0.8391725
0.75651443
0.6815917
0.20585775
0.12964429
0.11985522
0.13321361
0.1792759
0.7408673
0.6110895
0.2327805
0.16451079
0.15366729
0.16470502
0.24541618
0.8224206
0.7977368
0.8457305
0.7403592
0.70794886
0.71666867
0.71868515
0.837298
0.2109908
0.09067019
0.068783216
0.068043955
0.08367586
0.196971
0.69803643
0.10231831
0.07199006
0.059136048
0.06600803
0.17459828
0.88296264
0.92220366
0.92691904
0.9126207
0.91952956
0.91766
0.9105017
0.91688156
0.91992676
0.9221124
0.922652
0.91158235
0.89774823
0.89544946
0.1496349
0.07135252
0.074581526
0.1411985
0.1377015
0.7196717
0.45548198
0.8320725
0.16414468
0.15144472
0.110619046
0.12696402
0.3433866
0.8045331
0.14816251
0.100589715
0.09898079
0.12731594
0.36234757
0.8107271
0.34339103
0.2797612
0.29175034
0.1313595
0.11805646
0.15424705
0.6811692
0.666954
0.6482548
0.14746153
0.11398167
0.12939002
0.28068098
0.34057343
0.78370154
0.9008483
0.8860868
0.14377426
0.0867911
0.07032117
0.072598144
0.08402614
0.12558003
0.70886284
0.70402485
0.6834336
0.13233304
0.10287351
0.1209847
0.6510914
0.14791214
0.0902623
0.09827988
0.11540633
0.8548834
0.9025792
0.9130845
0.89848304
0.8404538
0.09048993
0.07320174
0.10289084
0.21856105
0.71160334
0.11600728
0.09038164
0.12168448
0.7115557
0.69707644
0.6724745
0.654179
0.15699954
0.13291158
0.18383501
0.8605531
0.83775723
0.79188985
0.7368321
0.6975876
0.123779476
0.108852684
0.13949516
0.7113742
0.7208713
0.74753267
0.84712076
0.23114109
0.29477122
0.11822896
0.12384653
0.081340134
0.07217344
0.07848828
0.08805264
0.119322956
0.41571754
0.884861
0.9079533
0.89624083
0.8026356
0.8227975
0.2654398
0.6139288
0.18019167
0.1258994
0.14306311
0.71298444
0.73146826
0.7761812
0.78410596
0.7634897
0.73611873
0.124031365
0.10336438
0.19297661
0.64187276
0.09638196
0.07029252
0.075661376
0.13800153
0.098844364
0.16549265
0.8492072
0.88196886
0.90069455
0.92151743
0.8863942
0.9112283
0.8373935
0.21215658
0.09326404
0.10827499
0.088871114
0.11331632
0.68180555
0.71324086
0.74072224
0.75700206
0.74304134
0.7414844
0.20230915
0.11177271
0.08813817
0.0983561
0.19374686
0.7204192
0.8330856
0.4461413
0.29226783
0.14871752
0.16699168
0.13782316
0.20273645
0.81208944
0.70768464
0.6648674
0.20567764
0.20715405
0.59601396
0.29384455
0.29986158
0.33720094
0.5282942
0.7475385
0.856367
