0.8269636
0.88163537
0.89995533
0.90077984
0.89779705
0.8903551
0.8539292
0.8104243
0.81627864
0.86899424
0.90079767
0.9028607
0.8648679
0.79120725
0.71253294
0.3862616
0.30342707
0.31357923
0.20634915
0.22149011
0.72311145
0.87450683
0.8817932
0.75420594
0.6900187
0.27437142
0.25008512
0.13604948
0.121650845
0.16439046
0.85509104
0.8569515
0.8985777
0.84567106
0.79354
0.7687402
0.7875944
0.82613015
0.90099156
0.8775934
0.11307484
0.07915548
0.086297564
0.13131717
0.17267448
0.8226831
0.82335854
0.18491554
0.1648803
0.12114915
0.13095164
0.31464854
0.8392494
0.6955366
0.6544716
0.14084248
0.09598587
0.103670135
0.18853904
0.20825414
0.81527025
0.77784306
0.84851724
0.7683017
0.72753274
0.7852499
0.25343704
0.20278926
0.21831901
0.56466347
0.38656977
0.6544737
0.7735565
0.39263946
0.56426764
0.15774845
0.14969985
0.12155333
0.16417643
0.24715361
0.32673293
0.72216964
0.7813139
0.8688541
0.77556485
0.7293457
0.7672526
0.8809767
0.8804803
0.8842703
0.8089967
0.7355927
0.7247855
0.7813152
0.88258076
0.9065072
0.9089414
0.89795035
0.8374733
0.7768022
0.7358833
0.78972924
0.24267595
0.17850882
0.19118567
0.53178716
0.23288955
0.6006492
0.5613948
0.15096234
0.14456385
0.09963493
0.09285332
0.104376
0.1779753
0.66627973
0.19656351
0.15305369
0.12143817
0.083213024
0.097146004
0.08874647
0.06813189
0.0707225
0.10206711
0.7865544
0.7710438
0.8074923
0.9223513
0.92899454
0.8923214
0.09560387
0.07292859
0.09500563
0.55047226
0.2258155
0.22572766
0.17907634
0.5645377
0.63063395
0.6543479
0.6707343
0.6809007
0.68457824
0.79228187
0.67758524
0.15071861
0.108664505
0.09785417
0.11010045
0.22147956
0.17762735
0.66455275
0.8025197
0.25615874
0.18285288
0.1447865
0.1188664
0.08578051
0.08605459
0.11474608
0.73252386
0.85900545
0.745688
0.73193693
0.83751714
0.11156864
0.068637
0.0631675
0.0824925
0.17842512
0.22346331
0.21403435
0.11856538
0.10842525
0.15080115
0.1549673
0.66636765
0.12544201
0.089072496
0.08023522
0.079642095
0.088375576
0.10623049
0.21698174
0.6126311
0.5626886
0.15667358
0.13972013
0.1733516
0.80675036
0.707702
0.7131261
0.8156763
0.65592176
0.57998997
0.14827429
0.12570861
0.16886571
0.23410961
0.774371
0.15904765
0.10361491
0.10027011
0.13519868
0.69585747
0.7068655
0.11272248
0.07031038
0.0641906
0.07363383
0.06594029
0.077021696
0.18024518
0.16873689
0.8584468
0.73734033
0.16443616
0.1883312
0.8497693
0.79915464
0.7558533
0.73691607
0.65808785
0.12904446
0.12927426
0.764555
0.8666298
0.91089433
0.8832108
0.890893
0.90675056
0.9188908
0.9168602
0.8987167
0.87201446
0.8541756
0.8737408
0.89902073
0.913511
0.8799473
0.1847688
0.20458342
0.87537134
0.8920347
0.8913988
0.14513159
0.13639988
0.69966614
0.10817269
0.09858549
0.07495411
0.09841954
0.07624719
0.076405615
0.08761264
0.13615395
0.7097174
0.67558676
0.23198183
0.15089926
0.14997777
0.21336721
0.6087371
0.36082843
0.32624453
0.2276918
0.27638042
0.5474357
0.5888094
0.6330852
0.6650974
0.6704686
0.71239
0.8005835
0.71052265
0.5889207
0.17292069
0.14370091
0.16220869
0.15628077
0.12435448
0.1281817
0.15793617
0.67634445
0.7773058
0.6232177
0.2057258
0.27070886
0.23559546
0.13804665
0.15835087
0.16707031
0.15595894
0.62315303
0.15135068
0.12278358
0.13919565
0.64949197
0.6637767
0.13184269
0.08776881
0.08332736
0.10584794
0.08872879
0.100492194
0.17767735
0.72790986
0.71643865
0.11679576
0.09446061
0.07410996
0.083057754
0.0784388
0.100256436
0.06981651
0.06326866
0.059356395
0.05825769
0.06700697
0.13954122
0.8626426
0.86496055
0.86255705
0.85270905
0.8161726
0.7653988
0.8002077
0.89327407
0.9302248
0.9336615
0.91677713
0.2837869
0.08280717
0.100308254
0.5998275
0.08814962
0.06590733
0.07510987
0.13039452
0.24187393
0.86408865
0.8622322
0.3130775
0.17220823
0.23819421
0.21982345
0.7706431
0.7042931
0.70255625
0.81778514
0.1410314
0.08079427
0.06315357
0.059056405
0.05902446
0.060219083
0.0688489
0.12279963
0.882005
0.86202663
0.8613786
0.8710704
0.8890009
0.9170511
0.8852061
0.1114731
0.0886799
0.13414377
0.8439746
0.7861384
0.75229394
0.71457505
0.66588134
0.1077445
0.09105364
0.13147368
0.8687218
0.8994771
0.8035086
0.8781965
0.70847565
0.09405334
0.07959711
0.101170644
0.16789837
0.8770138
0.9223974
0.9211183
0.92202
0.86399966
0.7574434
0.7216925
0.7384265
0.14874439
0.082931116
0.08374855
0.12894748
0.86366355
0.8883377
0.754511
0.70399463
0.6707238
0.15936589
0.21919012
0.19755685
0.12871923
0.3018441
0.8408833
0.17380935
0.17970194
0.8370393
0.11455288
0.091726564
0.05868352
0.05343203
0.058404207
0.09286664
0.879751
0.922328
0.9338767
0.92245007
0.084220774
0.05206621
0.050924838
0.07331558
0.08169224
0.13621126
0.839653
0.16263807
0.15358075
0.762093
0.11835583
0.068506576
0.07277488
0.0732657
0.06053155
0.057315096
0.062306553
0.094021454
0.8495258
0.89796674
0.93354493
0.9123856
0.09696935
0.060885336
0.055728935
0.062948205
0.09597436
0.7798971
0.8978366
0.91010994
0.85496074
0.88862544
0.76320195
0.69539326
0.2997717
0.20768018
0.19910677
0.22023673
0.11277577
0.11275441
0.1456387
0.7560709
0.23341572
0.28941044
0.41142023
0.83864367
0.73671377
0.7046052
0.22918592
0.33170915
0.25553492
0.13335493
0.16489923
0.16915184
0.15914801
0.6367016
0.62513995
0.15174282
0.12580174
0.13958813
0.24212529
0.2735499
0.20987831
0.2695557
0.7867382
0.7196091
0.7007922
0.7710065
0.20600843
0.15466577
0.14661795
0.17399934
0.71140426
0.87868094
0.9067533
0.8980757
0.8273175
0.8350739
0.16674763
0.12345289
0.12729849
0.17713721
0.45080826
0.18660697
0.25010088
0.18819396
0.24472097
0.6103955
0.6397259
0.6287442
0.24290518
0.13992383
0.14745142
0.121445075
0.15862347
0.14802195
0.2545239
0.20782956
0.6278293
0.25206214
0.6250506
0.14373845
0.10257353
0.09544101
0.108089015
0.1575442
0.83847386
0.8386675
0.19940323
0.17251381
0.6570976
0.6553087
0.095656686
0.067423075
0.07006951
0.112016246
0.65987986
0.1073495
0.0942763
0.09141283
0.36958167
0.90528625
0.9229277
0.939193
0.9373134
0.8909389
0.82376325
0.08070607
0.05162075
0.0495294
0.058911365
0.10327624
0.07099793
0.07264633
0.10241632
0.63789165
0.61325073
0.20251167
0.22524597
0.7637494
0.66177404
0.6159225
0.24645081
0.17347912
0.17524801
0.32638627
0.75823736
0.6295388
0.6137156
0.65056455
0.6669493
0.6847157
0.22988458
0.11385227
0.087626725
0.08528537
0.11295185
0.08450961
0.08088744
0.086948
0.13142368
0.16128434
0.6426223
0.6072869
0.20547794
0.56116253
0.21387358
0.65346915
0.6389402
0.62156373
0.21527845
0.54395306
0.21739873
0.67811996
0.83604693
0.30847478
0.18235701
0.09185711
0.082799286
0.10659919
0.25196838
0.8027947
0.7862301
0.15995353
0.11436374
0.12531923
0.116297044
0.2086389
0.23672855
0.2501245
0.214212
0.19557357
0.6654388
0.68676144
0.7049701
0.81021816
0.15091923
0.089565136
0.07777151
0.0859778
0.120223045
0.6767146
0.16861086
0.08497234
0.068337746
0.07027624
0.09685171
0.7993184
0.91541463
0.9361032
0.9325131
0.89643043
0.08310147
0.057877026
0.061674662
0.10005222
0.21424168
0.67699087
0.10371393
0.0677598
0.062858894
0.07396718
0.16213882
0.1931574
0.8368562
0.8969586
0.8188401
0.80134374
0.91459805
0.91505975
0.74522424
0.07291024
0.05749266
0.062508695
0.10825713
0.8877362
0.91541743
0.9250124
0.8882673
0.20386949
0.3750837
0.8212895
0.31272608
0.84115785
0.91247916
0.88698655
0.8436014
0.7382961
0.2069342
0.6979692
0.19315115
0.20294556
0.89175224
0.9200551
0.823975
0.09956885
0.06546328
0.067959234
0.109766774
0.78273916
0.13290304
0.12970905
0.08276378
0.099587865
0.8258261
0.9009992
0.9323064
0.9336115
0.9028822
0.8529661
0.7606247
0.08759285
0.074614674
0.10447714
0.13836497
0.83296543
0.72903746
0.7048893
0.78465354
0.90849555
0.9241857
0.91199285
0.7937803
0.7483942
0.122963324
0.114006855
0.077163935
0.07437261
0.085131615
0.13353091
0.72589695
0.75111777
0.7701049
0.77904963
0.80311865
0.8324589
0.88215446
0.8316446
0.8144652
0.8572714
0.91588277
0.9154496
0.82872844
0.12000285
0.08033583
0.075667575
0.08813874
0.12151072
0.7681175
0.8921434
0.90179783
0.8220993
0.8721371
0.73610675
0.6893863
0.1846437
0.26307258
0.19590318
0.19693731
0.19657572
0.14035018
0.30974326
0.098773845
0.077061795
0.07895795
0.08355553
0.107857265
0.28548893
0.7293578
0.7826279
0.898778
0.9077084
0.83765894
0.8689285
0.24096727
0.10282633
0.09303382
0.14739555
0.11143719
0.09559437
0.12898952
0.16513547
0.8587884
0.7798486
0.74857175
0.72812974
0.1154893
0.08837175
0.09589975
0.18772991
0.62543887
0.5454177
0.16059552
0.18330677
0.2524901
0.62339276
0.18016723
0.2181853
0.8828105
0.91844416
0.90313375
0.88798577
0.87968403
0.8666351
0.20140733
0.18901385
0.624939
0.3046306
0.3550179
0.36074498
0.8665996
0.9051501
0.8934469
0.797285
0.75066936
0.76259905
0.81849015
0.903475
0.90473825
0.7931356
0.08872249
0.06261503
0.058178887
0.0764745
0.10665496
0.07068303
0.091921575
0.8161389
0.8637803
0.8779199
0.88472915
0.91658634
0.8894545
0.86918575
0.88412035
0.8916564
0.88305265
0.8362388
0.08361099
0.05688558
0.064182624
0.05654877
0.058788467
0.06952758
0.1213995
0.78526336
0.7642476
0.75667214
0.12469681
0.07863885
0.07105715
0.07524606
0.08683775
0.12619117
0.6572846
0.18404031
0.21474247
0.1820832
0.41339383
0.7722208
0.89270663
0.9052213
0.8663627
0.89015913
0.80365884
0.7404885
0.18190455
0.1612227
0.23664553
0.85662985
0.87173915
0.228257
0.10417645
0.08259743
0.08260197
0.09436635
0.14341655
0.14973775
0.5902457
0.18696848
0.25490597
0.17217746
0.18813488
0.61885357
0.6105773
0.62690866
0.21247134
0.13039288
0.10706032
0.10090572
0.11053016
0.16109833
0.17156379
0.7064349
0.72478324
0.7611135
0.85888416
0.7728299
0.701549
0.71151525
0.705241
0.6963593
0.69199747
0.69069004
0.11301631
0.07885037
0.07303176
0.08087038
0.10205346
0.13737254
0.3336735
0.7625773
0.21824767
0.16705869
0.16326599
0.21316305
0.27568847
0.70424587
0.8328876
0.7577913
0.7026379
0.7339248
0.8100938
0.872589
0.8524866
0.8329535
0.85698646
0.63726187
0.29773614
0.13957198
0.11976539
0.13172925
0.40675795
0.14577028
0.13615313
0.15748754
0.5170708
0.18964577
0.17912287
0.26340392
0.85133886
0.88869303
0.86785084
0.7050221
0.31927553
0.37917063
0.6738577
0.82707745
0.82660675
0.41685793
0.18878995
0.19075887
0.5570521
0.235184
0.62521607
0.21815772
0.13565211
0.12750614
0.2228019
0.15996715
0.62751013
0.1247848
0.092414394
0.09495714
0.13592952
0.1460029
0.6749778
0.6582009
0.6877847
0.19406512
0.09924097
0.07936131
0.08061732
0.09532895
0.20441283
0.13638842
0.09245988
0.09532762
0.19515578
0.1707696
0.08059061
0.08284822
0.071135685
0.096204154
0.81492746
0.89071274
0.843137
0.9259405
0.9375591
0.93404835
0.9047145
0.08329064
0.061032753
0.08901186
0.06504571
0.08652884
0.10290481
0.111195266
0.5905751
0.20561247
0.17477538
0.65086454
0.6610512
0.6629966
0.67285186
0.8005271
0.15416004
0.12152257
0.17327628
0.1559981
0.7854245
0.8482863
0.87623173
0.90113944
0.917219
0.9104227
0.91607094
0.9090504
0.85274166
0.78028005
0.8109542
0.87513626
0.91831166
0.9155804
0.82183874
0.1229771
0.11674092
0.1026292
0.13088763
0.5712253
0.66566193
0.65588856
0.35169232
0.638126
0.8196924
0.7672907
0.74475247
0.8262234
0.7392064
0.70060563
0.6564867
0.6468021
0.38593322
0.58081406
0.14962538
0.17437248
0.11365107
0.1651467
0.6973555
0.2898475
0.8414842
0.107635565
0.06427351
0.068805374
0.08784863
0.06161395
0.057763968
0.05411296
0.057277516
0.08749808
0.8777084
0.91863096
0.940483
0.9434714
0.9369617
0.8754542
0.07936841
0.06442949
0.089647025
0.64930904
0.120913155
0.12975721
0.74165463
0.16358331
0.16061854
0.089088865
0.11098273
0.7609351
0.7316224
0.23244898
0.7251711
0.10983338
0.075307675
0.09262061
0.13002686
0.72508913
0.13642599
0.074551895
0.06937124
0.082809225
0.072324924
0.07781031
0.114247404
0.6959031
0.23706754
0.5882601
0.77152586
0.8757462
0.7561944
0.13964769
0.09936467
0.08641752
0.10797629
0.1908989
0.86416847
0.8650619
0.18141572
0.18654263
0.09574082
0.07600191
0.072848186
0.07211136
0.08480749
0.10367937
0.21391349
0.7598074
0.87169147
0.8611191
0.52705324
0.32704058
0.6772062
0.73611826
0.86315346
0.84683573
0.20602138
0.15848565
0.17404291
0.522786
0.19252138
0.18595396
0.24577586
0.78178716
0.7178607
0.7074303
0.77152234
0.84980166
0.79804486
0.8390705
0.69988
0.15928523
0.14942595
0.10728062
0.10226948
0.115073465
0.14819668
0.60242975
0.7239275
0.18667775
0.13472855
0.117629535
0.11872526
0.13584477
0.2219261
0.8573849
0.8942182
0.8884468
0.8476747
0.16594069
0.11694006
0.122569785
0.08840695
0.08466385
0.112210214
0.10213214
0.13224971
0.73472846
0.84645844
0.7252678
0.6934854
0.67850703
0.8212872
0.687986
0.1359219
0.12834612
0.604509
0.09729413
0.07776998
0.0756963
0.10724071
0.20416768
0.86485106
0.185451
0.06612083
0.054554585
0.05468364
0.05578464
0.058948006
0.086436614
0.7942006
0.44061705
0.9068786
0.93143284
0.9348053
0.9300899
0.93282294
0.9179442
0.51926666
0.81046176
0.07339385
0.05286114
0.06338911
0.058165036
0.056296796
0.066410504
0.1545209
0.9015094
0.88606954
0.8654495
0.20575026
0.07384619
0.06751224
0.12169881
0.07441589
0.0731785
0.07933555
0.08450277
0.10485735
0.237424
0.11077581
0.09184029
0.09376991
0.09528259
0.09746921
0.11637914
0.15504314
0.1378596
0.0871579
0.0732513
0.07001454
0.084210776
0.18397866
0.30927458
0.8672429
0.9194385
0.84208465
0.14709856
0.1043281
0.08228136
0.06143072
0.06504313
0.09139649
0.09928949
0.2038583
0.29108506
0.8614785
0.881039
0.86087406
0.38614643
0.14208995
0.13126945
0.08518667
0.075655274
0.08336346
0.120241754
0.1428576
0.20558743
0.20292887
0.15612234
0.15830515
0.2052774
0.6530232
0.6069415
0.10476559
0.08711766
0.12747155
0.7821174
0.78667504
0.8200512
0.8948701
0.24030577
0.12701754
0.074425854
0.06729744
0.08724288
0.07143371
0.117847316
0.85695237
0.89454496
0.12659745
0.073477425
0.067940116
0.0993893
0.8638018
0.9048885
0.9043904
0.10739691
0.07891452
0.13489509
0.25251687
0.8904418
0.9053772
0.093141705
0.058927115
0.06415943
0.11926586
0.13002555
0.08856402
0.08704509
0.10658852
0.07510149
0.11925219
0.8789929
0.8504434
0.8365509
0.82340217
0.17452516
0.14523116
0.07997631
0.0931094
0.11997795
0.25117457
0.843268
0.6820761
0.6476161
0.6801601
0.7264364
0.7495965
0.761494
0.29761505
0.110588
0.099570714
0.15163597
0.23521888
0.11430062
0.14056726
0.09286877
0.07706896
0.07529348
0.086352706
0.101589404
0.16784236
0.82854515
0.6979761
0.6545521
0.23896307
0.3587682
0.3411407
0.63625175
0.24148487
0.12571599
0.11553264
0.17198858
0.2764305
0.22270054
0.721088
0.82207865
0.16316089
0.118429914
0.10585753
0.14164549
0.66901684
0.6509343
0.2807726
0.26415953
0.27525973
0.16410711
0.24154957
0.18621488
0.6301076
0.42932546
0.70748
0.8188987
0.58738047
0.67487264
0.19192483
0.16747302
0.21839534
0.8140132
0.7724682
0.8526002
0.7247311
0.23054998
0.25707418
0.2757431
0.32214907
0.3495462
0.7632278
