0.8293904
0.8887738
0.9114977
0.9160363
0.9105942
0.902468
0.84783006
0.73459864
0.1853953
0.14991541
0.15477723
0.19227096
0.74377024
0.61111355
0.18595792
0.11727227
0.10836199
0.18427233
0.1517516
0.15249726
0.12871851
0.15906727
0.755716
0.18103436
0.13967864
0.20983295
0.21385501
0.20677602
0.15448634
0.12335869
0.16174966
0.1712726
0.7820765
0.6363762
0.17030606
0.20000783
0.12029575
0.12824255
0.6076309
0.24314648
0.22261381
0.14201513
0.21363607
0.1935268
0.64244056
0.65321827
0.10756079
0.08073382
0.11990359
0.11231385
0.6402667
0.10638254
0.087527834
0.14146994
0.8430395
0.8973538
0.19823861
0.07565162
0.05760578
0.06243307
0.115311645
0.8995524
0.91995865
0.9307331
0.80237705
0.07295707
0.056610897
0.06486717
0.15049091
0.23548721
0.86484855
0.28662333
0.081396185
0.06446442
0.0695942
0.097638406
0.092218585
0.12336522
0.6987698
0.68783087
0.11333413
0.07248964
0.067393854
0.07488566
0.1317749
0.08477067
0.10728753
0.7507017
0.737438
0.7875534
0.905352
0.9052364
0.7669264
0.678462
0.7099145
0.7977347
0.8506312
0.8886147
0.16375993
0.07679409
0.0779634
0.06245222
0.06880378
0.08850043
0.14619064
0.8359926
0.8407464
0.7010278
0.6729986
0.6468648
0.6067054
0.60278726
0.25909927
0.40724012
0.45551488
0.4790977
0.4163119
0.12475452
0.09162223
0.08011797
0.078740954
0.078952566
0.07531743
0.071610756
0.0677336
0.06397587
0.065046705
0.085115604
0.105415225
0.7906091
0.7957684
0.814086
0.81547207
0.815266
0.8711868
0.90256035
0.9185694
0.9133977
0.9188203
0.9162263
0.89989257
0.8763577
0.8554674
0.84195924
0.85789466
0.8715364
0.8892469
0.9157904
0.9128525
0.9120957
0.9105287
0.89978606
0.15677941
0.17650227
0.10113593
0.0615696
0.05619833
0.06095645
0.070611805
0.09033815
0.15179275
0.83679837
0.8075051
0.89791477
0.9128695
0.90600276
0.8741309
0.12033144
0.07626012
0.06538226
0.06651536
0.086454235
0.088553466
0.299971
0.89949745
0.92073846
0.9011444
0.9105185
0.867319
0.8367971
0.8831908
0.8140959
0.7999295
0.84225965
0.90698344
0.89099675
0.8812611
0.23001038
0.12893756
0.20644853
0.17288776
0.7112027
0.8508219
0.28308773
0.09077999
0.07154132
0.0748559
0.12702532
0.86552787
0.7981508
0.7796957
0.7751809
0.13826685
0.08196475
0.07778525
0.098304525
0.23637803
0.8570463
0.8432387
0.19085635
0.16045642
0.18511064
0.68460894
0.83058256
0.8036292
0.803578
0.8083172
0.80936134
0.80834854
0.8047192
0.79040176
0.7814089
0.86642706
0.7663179
0.105134875
0.06817522
0.05696215
0.059363153
0.06756145
0.103551865
0.82057446
0.90825117
0.7929224
0.092477545
0.06671848
0.07080933
0.11603087
0.6939202
0.10126788
0.068685114
0.066414595
0.07029395
0.0959725
0.15518735
0.18016803
0.20070902
0.21842456
0.741106
0.67514914
0.09022618
0.06304385
0.06691382
0.11513502
0.78240275
0.21662126
0.10051036
0.12138839
0.8750913
0.92675346
0.92685616
0.9200236
0.90772635
0.90594834
0.0744889
0.046973757
0.044040438
0.04583954
0.049775716
0.06034519
0.14292021
0.9064855
0.93293655
0.9339
0.9050611
0.18216749
0.12466136
0.122180596
0.13002123
0.16351804
0.12903775
0.17279261
0.7814577
0.69091254
0.73871434
0.83179784
0.7670369
0.8169131
0.73043483
0.7269143
0.74693054
0.77876014
0.8662495
0.8643627
0.8857687
0.8544607
0.1901601
0.120280966
0.10970044
0.13191412
0.13530426
0.11561599
0.19927125
0.16367345
0.16940615
0.15376711
0.6541375
0.6378212
0.11055172
0.07884035
0.08078037
0.124909356
0.22623917
0.8729727
0.8453881
0.83567995
0.86324596
0.90799826
0.85092366
0.883796
0.26057744
0.13055615
0.076893024
0.07867544
0.122647695
0.8049141
0.684119
0.119710475
0.09864378
0.16170387
0.1504059
0.22383535
0.1208442
0.076989874
0.0773209
0.10759095
0.7380662
0.8510156
0.10890223
0.06366499
0.057674196
0.06746963
0.12528428
0.88399094
0.8810561
0.14762731
0.1355277
0.6767566
0.17469916
0.36804882
0.8815433
0.7901366
0.10005213
0.08190762
0.1258399
0.87573373
0.92913574
0.9312747
0.8714462
0.14622468
0.09368014
0.14634866
0.87486583
0.9264362
0.87848866
0.099808864
0.061994474
0.06429885
0.099798195
0.73536325
0.7163694
0.09618606
0.064902544
0.06387049
0.077427454
0.12457715
0.7411073
0.81588507
0.16853087
0.12392037
0.13063702
0.21174441
0.2328424
0.6259348
0.5846989
0.5447373
0.25530398
0.20453593
0.23363103
0.75553524
0.6677062
0.39899918
0.23214528
0.17925754
0.12150779
0.11675753
0.14006017
0.67270476
0.8197076
0.24572894
0.10688694
0.078418836
0.07737392
0.09700036
0.079266615
0.08603131
0.12715001
0.7794983
0.1697965
0.15333208
0.7460244
0.75099546
0.79375166
0.8998645
0.77918506
0.08591107
0.052671846
0.047796067
0.05240505
0.061299715
0.10485327
0.8155114
0.81021243
0.8158842
0.82661456
0.14556015
0.071857356
0.06597756
0.06797712
0.06885026
0.067785375
0.06678526
0.06407012
0.060985148
0.05986056
0.067344055
0.13382351
0.9119176
0.9200568
0.8803991
0.101057135
0.07879608
0.11256334
0.743328
0.0974559
0.06561502
0.0641244
0.06775791
0.07473092
0.11630445
0.20911816
0.17322044
0.08263057
0.065280475
0.06030213
0.05687925
0.05571562
0.064885184
0.16600408
0.893622
0.9319985
0.9198405
0.90576535
0.9122844
0.093250975
0.05486602
0.05467443
0.06032962
0.067722216
0.07280347
0.07511861
0.07623079
0.075393304
0.07336271
0.07069713
0.06821891
0.07279783
0.09413646
0.21423112
0.22934818
0.6545528
0.20189297
0.19686441
0.31782106
0.65215945
0.6681945
0.6656572
0.70010257
0.7281675
0.7965688
0.3608027
0.6506978
0.15127772
0.10468002
0.0872064
0.08432795
0.093158804
0.11547743
0.22978869
0.82709074
0.711128
0.696979
0.81952643
0.6923995
0.631291
0.6427591
0.65366244
0.6599434
0.7202203
0.822871
0.7327706
0.67232907
0.3483927
0.2571793
0.40954995
0.74814
0.20099536
0.15903197
0.18393639
0.7740819
0.24865961
0.15963371
0.09292434
0.08050337
0.1078328
0.10199647
0.15294461
0.8554608
0.8481074
0.105205126
0.064804055
0.061028816
0.08497482
0.13203557
0.7675769
0.7609732
0.7477924
0.090459816
0.05722094
0.053300485
0.061008595
0.10197256
0.8769879
0.9241304
0.8951882
0.8165233
0.19068284
0.6818894
0.087072276
0.06502962
0.07324317
0.13095458
0.8041844
0.1612139
0.16696905
0.08035449
0.07095119
0.077226415
0.10400405
0.15895836
0.83602643
0.84201366
0.69614697
0.704599
0.7849264
0.64201766
0.4538409
0.15626226
0.13793126
0.15976335
0.65116686
0.76461667
0.24047798
0.2979235
0.25125957
0.17471278
0.14787196
0.1128581
0.16963404
0.11789347
0.13210332
0.3056791
0.8275715
0.7156669
0.8015554
0.55468607
0.117076084
0.088198006
0.08989136
0.116196
0.6254083
0.24437633
0.15079498
0.21224359
0.15445143
0.1859226
0.82296485
0.82043356
0.64882404
0.61921495
0.15746692
0.11249503
0.073181555
0.068424694
0.07653938
0.1307665
0.089282945
0.1167583
0.14896081
0.82006145
0.17162146
0.106928654
0.086893246
0.12830831
0.84940344
0.7231078
0.22839047
0.72511375
0.69996136
0.11304787
0.12772799
0.11617776
0.08148982
0.13071954
0.85873634
0.8856216
0.8871185
0.11076529
0.08649903
0.14931756
0.8404067
0.8758075
0.9204317
0.93994564
0.92628884
0.92004573
0.096949615
0.048496902
0.0441723
0.04811318
0.052473385
0.057747394
0.067271836
0.09766423
0.7858325
0.71154433
0.24568017
0.79117674
0.86397177
0.12904309
0.0954661
0.16687638
0.21312647
0.64660877
0.13481876
0.1626227
0.14474225
0.1636318
0.18239892
0.81411135
0.6720698
0.17561847
0.17168245
0.27331614
0.41716117
0.797918
0.71251684
0.68169945
0.77772385
0.33027163
0.23367287
0.28124782
0.8090022
0.7561352
0.85056835
0.42627513
0.22120434
0.109339796
0.12232231
0.68606037
0.1343713
0.0912853
0.075944036
0.06464239
0.0625758
0.060237523
0.059497368
0.06491426
0.10398266
0.87643397
0.92338884
0.85138154
0.086872265
0.055729054
0.054207448
0.08828928
0.13173953
0.13345794
0.8844731
0.91490036
0.8994675
0.118002
0.07536991
0.06664562
0.06963775
0.07860445
0.19082265
0.8240673
0.12495588
0.067610964
0.057182893
0.058531996
0.064698815
0.0969406
0.7508686
0.27384728
0.27286717
0.34355742
0.8367288
0.13354585
0.11325807
0.12714815
0.22444291
0.8964973
0.91439146
0.7635006
0.104931846
0.10109645
0.25146794
0.8338288
0.1148762
0.07962716
0.06437204
0.0938486
0.069059126
0.10664454
0.8956872
0.9386837
0.9440643
0.9207685
0.07908717
0.05003516
0.049750865
0.052362908
0.08009366
0.09381887
0.8166671
0.90079004
0.8310478
0.90440035
0.7799976
0.096615165
0.077781044
0.111310616
0.10802705
0.24890782
0.8091425
0.15515143
0.11285963
0.1304476
0.2700905
0.83551764
0.7482058
0.7529971
0.85058933
0.69096637
0.65111357
0.22114669
0.17355956
0.20229387
0.7993356
0.26148835
0.1546674
0.2536083
0.12290867
0.14976256
0.14183912
0.09160633
0.09446622
0.106323786
0.17791097
0.847792
0.75873834
0.7563189
0.7540681
0.14240162
0.09697061
0.08087941
0.076838955
0.08309443
0.08590393
0.08479462
0.10993181
0.25287116
0.117271714
0.10341478
0.13110788
0.6743322
0.2332446
0.18083346
0.36099607
0.3061805
0.13205545
0.1514628
0.10280151
0.09596177
0.1531324
0.13448082
0.19700912
0.8244037
0.6936629
0.23588422
0.37488058
0.26568115
0.1394583
0.14113086
0.18587202
0.8088642
0.72340095
0.71952087
0.74367666
0.8564595
0.75273025
0.7452002
0.83639103
0.14319314
0.0897924
0.08933478
0.12512529
0.14938295
0.17992593
0.21612288
0.23732114
0.83081454
0.7515901
0.7602512
0.8615207
0.711064
0.27703607
0.17425697
0.12765183
0.16612065
0.21198505
0.65990144
0.13609815
0.10342485
0.15890816
0.16380073
0.11613327
0.21145138
0.09781073
0.09312964
0.13558026
0.1574492
0.18539743
0.22477382
0.25900644
0.8371526
0.8255679
0.23009013
0.21182139
0.38096192
0.71637946
0.8623015
0.8508645
0.19540615
0.17190827
0.11162634
0.10548414
0.13143899
0.53687423
0.13770041
0.12094543
0.13534138
0.17450431
0.6657576
0.6752573
0.66404635
0.30625787
0.22430798
0.14574705
0.1283474
0.13135499
0.16048534
0.67168003
0.7999861
0.67728347
0.689408
0.8140557
0.7600073
0.83978516
0.78059834
0.7336447
0.67830205
0.27360642
0.26440507
0.47778097
0.72195584
0.8258193
0.72258586
0.66402364
0.69681793
0.8155182
0.7193239
0.6665083
0.2517934
0.18082017
0.194601
0.60413563
0.6407739
0.64711565
0.21418476
0.18491489
0.29131335
0.20028812
0.16612482
0.10050204
0.09367444
0.12478846
0.13285653
0.13945651
0.68920946
0.10209938
0.0741839
0.064908855
0.06489666
0.07012968
0.09960112
0.21174692
0.8566769
0.13606504
0.06539452
0.056073915
0.062380243
0.110627286
0.88657016
0.87766445
0.9212035
0.8548194
0.7872907
0.711089
0.090637445
0.07916956
0.12642786
0.8686391
0.8997336
0.8835253
0.20295972
0.09307962
0.111446895
0.82496005
0.8922886
0.9173182
0.9370598
0.91404474
0.07620295
0.04832906
0.046205167
0.05648626
0.11107561
0.18985231
0.27510858
0.7735085
0.11909195
0.09447446
0.08482757
0.17241053
0.23099183
0.8336763
0.12733664
0.090064555
0.13906705
0.12198899
0.12252168
0.23668778
0.36409846
0.7840899
0.29735026
0.2029244
0.220272
0.6783599
0.7506609
0.81164294
0.8586015
0.8044214
0.74014336
0.7281641
0.794498
0.6963604
0.65660226
0.6681051
0.6491839
0.64916277
0.28820416
0.21585155
0.14681575
0.1336913
0.1519222
0.58031374
0.18938056
0.2543103
0.1455304
0.14679192
0.26378292
0.6225758
0.76267153
0.22184314
0.25182876
0.1400271
0.15943696
0.18743286
0.60487974
0.12685548
0.096345335
0.103952624
0.19496979
0.19535597
0.10788269
0.0990206
0.12640679
0.61508065
0.24240056
0.76225924
0.21800055
0.25132364
0.1913902
0.227603
0.20910719
0.11153674
0.10029352
0.13468459
0.13913487
0.66243964
0.687164
0.15854238
0.08011402
0.06560856
0.069355376
0.08634407
0.10565467
0.66376626
0.13727334
0.10560854
0.10813974
0.7287432
0.7538772
0.90462595
0.88417757
0.1332911
0.13061595
0.68707925
0.7262274
0.09685808
0.06369467
0.05672252
0.074122205
0.056717813
0.062046528
0.08911518
0.8579476
0.89751357
0.9180871
0.9257305
0.9200992
0.911862
0.08305183
0.062173676
0.046323426
0.049293764
0.055743866
0.10792283
0.32391903
0.90905565
0.9269762
0.89457285
0.1713377
0.18451187
0.867019
0.8831168
0.9232043
0.9019266
0.14457996
0.16482136
0.12960221
0.68323046
0.08573026
0.056944445
0.055084616
0.060192764
0.082339734
0.12503923
0.85674596
0.76627886
0.78479356
0.8996331
0.90201116
0.8218401
0.8519887
0.90841407
0.889494
0.87501454
0.8842431
0.16859183
0.19163397
0.08035718
0.07056149
0.10091857
0.11253308
0.09213484
0.13082755
0.14749344
0.14099918
0.65051943
0.19337067
0.13754822
0.1410663
0.2877687
0.81092036
0.2674679
0.14698948
0.14371072
0.17563872
0.7675561
0.15662313
0.111323096
0.11060025
0.16732012
0.2195532
0.8457997
0.8598616
0.7252724
0.66202986
0.6420737
0.27460828
0.411263
0.7982996
0.58055687
0.88673866
0.91056734
0.8720767
0.82147866
0.7824725
0.8294569
0.23309541
0.2921071
0.21865112
0.6858633
0.7425577
0.85891455
0.26368815
0.10576748
0.09026014
0.10944663
0.08223577
0.07994502
0.09432301
0.1219638
0.2654667
0.43129712
0.74637645
0.7748762
0.7921577
0.7963782
0.7919353
0.7777575
0.77111876
0.8136266
0.25693017
0.2857446
0.25683752
0.18403448
0.16733171
0.81076616
0.9186378
0.92707425
0.8907095
0.11699352
0.09338048
0.13197458
0.15954739
0.22088313
0.8721186
0.90880185
0.90060335
0.8388619
0.8623516
0.8915729
0.89139205
0.9051186
0.909973
0.9087552
0.89740056
0.87629783
0.6294647
0.21883777
0.2912007
0.86617625
0.90829015
0.917621
0.91302043
0.912785
0.9028536
0.8614936
0.86117435
0.90209
0.9128893
0.913618
0.9080303
0.8886165
0.8934093
0.8733008
0.8940219
0.8831591
0.90960073
0.9085633
0.8443633
0.7241472
0.17758536
0.17702967
0.38930467
0.87557673
0.8889095
0.71679866
0.11415584
0.094441175
0.09948095
0.12342945
0.25773847
0.3929058
0.70697975
0.7189203
0.75479
0.78786767
0.8282629
0.87672055
0.84720755
0.8884289
0.866102
0.23909989
0.30308798
0.22457999
0.6951539
0.09426409
0.066302925
0.07187805
0.0708275
0.063435405
0.062172536
0.06740106
0.08186203
0.33697116
0.8574344
0.13760917
0.095963314
0.15337794
0.9076619
0.92598444
0.88040334
0.078581646
0.05211019
0.05425988
0.060994104
0.0650256
0.06787757
0.069000736
0.07276646
0.10481039
0.1263367
0.086288296
0.11520611
0.6763229
0.12043288
0.11346691
0.109487236
0.08990323
0.098983906
0.20027497
0.72630626
0.795345
0.8384238
0.8604192
0.8727455
0.8959198
0.9114898
0.90146244
0.8956975
0.9010498
0.9096012
0.8994019
0.8753544
0.8321487
0.758423
0.73809886
0.7876459
0.8531239
0.90598357
0.88580847
0.39682537
0.18863791
0.26701093
