0.8416528
0.8666524
0.85873175
0.46166855
0.2056034
0.1406217
0.13082926
0.15954433
0.735482
0.8395165
0.8937094
0.840783
0.75434536
0.7399126
0.78206486
0.885661
0.8987676
0.8802794
0.89909273
0.9042269
0.89102674
0.80691004
0.7641928
0.7433095
0.72730166
0.71800154
0.71232194
0.21211538
0.10693103
0.082391754
0.077058315
0.084761254
0.16111666
0.07318417
0.06238904
0.0626202
0.077863164
0.26005095
0.8521667
0.3958009
0.8881307
0.8779581
0.9054166
0.7534374
0.119886234
0.12920323
0.7165275
0.56505525
0.89914644
0.9206525
0.89810926
0.87079126
0.8872709
0.90013206
0.89551246
0.3556077
0.73520565
0.09743635
0.0841738
0.1281508
0.8190884
0.15522
0.075800285
0.06939413
0.08338993
0.14015873
0.8539006
0.86993694
0.74733335
0.84012073
0.2073846
0.11346416
0.100382306
0.109679766
0.14054233
0.30646837
0.74463993
0.21857148
0.17479602
0.18297736
0.5309084
0.20082302
0.22797026
0.2737614
0.23877785
0.21412013
0.43566704
0.79969794
0.714408
0.80937856
0.6846526
0.6218417
0.18229039
0.18349032
0.15819824
0.24219649
0.7722105
0.18490085
0.1355462
0.20257899
0.14702998
0.113676675
0.13392217
0.669025
0.6671568
0.6797735
0.11624076
0.09220251
0.16488016
0.11731434
0.08029889
0.076221034
0.08952514
0.072281435
0.06549414
0.064612366
0.079822235
0.19701532
0.26072252
0.9049566
0.9256639
0.89801455
0.10498703
0.09279056
0.06990613
0.10978811
0.12930617
0.6908537
0.10236088
0.07679972
0.10090502
0.7771489
0.7511627
0.7536709
0.7668064
0.18045677
0.1072086
0.16358548
0.87848544
0.9267977
0.93469125
0.9313245
0.8982568
0.861924
0.19994228
0.109539546
0.202952
0.8801423
0.83162016
0.09864641
0.07818436
0.110746436
0.7671381
0.2099986
0.1057872
0.07607952
0.10390647
0.1694562
0.7569159
0.11049624
0.07717707
0.06151633
0.05924016
0.057820078
0.062252074
0.09144743
0.7595192
0.7937666
0.8643725
0.92286646
0.9260123
0.8951253
0.39422667
0.17529899
0.25605026
0.2012262
0.63363266
0.6374504
0.6799953
0.8013383
0.6468975
0.28627944
0.2566885
0.6721098
0.80158955
0.5389317
0.35260373
0.35316125
0.22889398
0.51984245
0.18177225
0.16457544
0.19213264
0.6641755
0.7356086
0.8282719
0.76572603
0.73142594
0.79010797
0.22326587
0.17145275
0.17299397
0.26722902
0.7601409
0.18146
0.12699687
0.12446598
0.18303695
0.6771408
0.7199638
0.8426172
0.75148433
0.83638644
0.69622076
0.65613127
0.7156097
0.86225694
0.7849228
0.725955
0.115387894
0.08925001
0.10012699
0.15289254
0.7894222
0.31123066
0.12304831
0.10281055
0.105508104
0.13075207
0.22116505
0.7047996
0.8022099
0.6689802
0.20136404
0.20383932
0.16914774
0.25262934
0.77535284
0.15775241
0.12016857
0.18258929
0.17963935
0.6863446
0.6986355
0.6870001
0.19730622
0.1317242
0.121376954
0.12045055
0.5977545
0.20553203
0.13965875
0.21265177
0.23401898
0.659219
0.67486125
0.6755893
0.65111506
0.23885874
0.11502922
0.098616734
0.095565416
0.10940537
0.2221642
0.22631991
0.12323079
0.11670528
0.14387442
0.66819125
0.6824156
0.67375237
0.6819644
0.79485947
0.2957815
0.21259417
0.21409817
0.11420473
0.103046164
0.121750355
0.56405264
0.18135175
0.24499372
0.18277317
0.613012
0.55794597
0.28921857
0.2828019
0.23746988
0.5796687
0.18287899
0.1178362
0.11387849
0.16685238
0.68418986
0.84648466
0.8286101
0.22099087
0.26098955
0.2291345
0.17398512
0.14962353
0.60122925
0.12419028
0.09775655
0.12228067
0.13292103
0.17099322
0.112044014
0.12040761
0.26925775
0.8324488
0.7432421
0.87255514
0.8686263
0.7252088
0.8412922
0.7196568
0.8259087
0.16723989
0.106348336
0.07470817
0.080264576
0.16860819
0.7444183
0.3372218
0.32152417
0.7760702
0.7278283
0.084663026
0.056754816
0.055960935
0.058032192
0.059823703
0.07541269
0.058882426
0.066179425
0.18065287
0.90166414
0.90596116
0.9036634
0.915291
0.9332721
0.93703413
0.9339183
0.89747363
0.114076786
0.053828634
0.05192826
0.06502576
0.12216482
0.88879144
0.89440095
0.10094943
0.06557209
0.07136301
0.12998854
0.8354298
0.8907031
0.20083952
0.12216044
0.09295236
0.068407215
0.07444474
0.13247849
0.13014878
0.72776663
0.8632286
0.8425962
0.8942896
0.8831614
0.77081823
0.7183566
0.7131103
0.76100785
0.8406913
0.25941625
0.12158771
0.10988847
0.13108104
0.12208527
0.20234653
0.16001724
0.19864981
0.7489267
0.63461906
0.19215679
0.18241261
0.13144332
0.1273013
0.15299879
0.6111407
0.24296479
0.46775326
0.80138046
0.13884924
0.0845452
0.079399765
0.10460777
0.73077285
0.83375645
0.22983514
0.38604695
0.8563896
0.25523943
0.28893635
0.7279203
0.08950784
0.061292276
0.062045753
0.06247642
0.06394832
0.060386218
0.060997874
0.062257197
0.11651061
0.1103138
0.86261666
0.87852633
0.9168521
0.9357619
0.9279689
0.9175813
0.9018528
0.08504691
0.062607184
0.06928979
0.14619882
0.8487655
0.82105434
0.10443409
0.09404897
0.06277736
0.08073189
0.072249964
0.107245035
0.73705506
0.20031224
0.23712593
0.14892946
0.13728137
0.6982664
0.10175435
0.06924036
0.07455368
0.13298242
0.76355994
0.7093911
0.22576313
0.17434753
0.6636918
0.13127097
0.09434787
0.11481347
0.296835
0.26119053
0.8598281
0.85041624
0.22782668
0.30001488
0.20094544
0.1878286
0.17292468
0.63129216
0.6859535
0.74174935
0.8803356
0.86958116
0.37748992
0.1586118
0.1503411
0.27545092
0.6024245
0.29850566
0.2533748
0.29115015
0.7105543
0.8441738
0.7550778
0.7379216
0.13557477
0.10797642
0.17173916
0.10155217
0.13742986
0.7216766
0.67654777
0.101992734
0.07924155
0.12694645
0.13677838
0.86742693
0.8820574
0.8384317
0.09616023
0.07244789
0.07215505
0.13333523
0.848171
0.19887316
0.07171473
0.062162925
0.06478144
0.09531597
0.7541324
0.7493455
0.7523847
0.7414618
0.14711687
0.14392908
0.13261802
0.6424539
0.113524325
0.08426604
0.095797196
0.15249562
0.22755955
0.29224974
0.64723796
0.68635243
0.8213812
0.5112045
0.28102916
0.7928868
0.11337088
0.06871214
0.062285893
0.0731132
0.12856428
0.8199124
0.87523836
0.18394184
0.10753055
0.15055652
0.88919973
0.9230204
0.89370537
0.1178582
0.09991021
0.25830823
0.88286406
0.92205364
0.92542607
0.9157335
0.16760147
0.082261845
0.1115404
0.73985165
0.099546045
0.07414322
0.13772824
0.14373788
0.071059234
0.0716988
0.10695214
0.70885557
0.21265167
0.70106614
0.11270866
0.09130776
0.070869856
0.07567276
0.09746258
0.27144077
0.8596357
0.7441773
0.20514643
0.112267286
0.09448645
0.11647291
0.636664
0.16434333
0.10819482
0.108407006
0.19731778
0.21415746
0.8917025
0.9248501
0.922313
0.85898334
0.89382637
0.7743024
0.12968963
0.1372657
0.11380716
0.13296728
0.35299313
0.8252645
0.7314239
0.70320255
0.70203406
0.67830515
0.66452247
0.6914832
0.7192994
0.8195317
0.7006946
0.35095596
0.1961667
0.2500585
0.883053
0.9268992
0.93139124
0.91732895
0.7877245
0.10717686
0.09483456
0.14757374
0.5119937
0.15719989
0.16709025
0.70045763
0.72926676
0.7746827
0.8302229
0.8973556
0.8509443
0.830118
0.81963056
0.78160745
0.11918418
0.08016872
0.075948946
0.08111958
0.10833831
0.22211915
0.30935046
0.6911881
0.77780837
0.86818093
0.9080304
0.9217481
0.9196271
0.8875074
