0.7253745
0.25307858
0.169629
0.24609405
0.112090036
0.09079536
0.096802995
0.14496805
0.18708232
0.6362765
0.6074999
0.18468972
0.19558942
0.18656242
0.7434027
0.20906423
0.23590772
0.15934785
0.23405409
0.598899
0.65381646
0.6631495
0.6732089
0.68915486
0.75310546
0.889052
0.9017943
0.88528144
0.43584055
0.10275975
0.07269136
0.06841938
0.0674503
0.070178285
0.069311835
0.069620006
0.07884678
0.06612924
0.0734453
0.13074104
0.7995694
0.7959993
0.9085612
0.84739935
0.893444
0.10430704
0.056027103
0.05140212
0.070240624
0.064799204
0.11659971
0.89778775
0.92229176
0.8779386
0.8648819
0.8562275
0.88987815
0.088508375
0.06190122
0.05933773
0.05644484
0.07030838
0.1531493
0.7118885
0.68944156
0.73016465
0.8621732
0.7093255
0.11815936
0.09686066
0.11428718
0.2620092
0.7649956
0.17189118
0.13915373
0.18995042
0.6363486
0.7724067
0.1568641
0.104444645
0.09705418
0.13331908
0.16791266
0.68559486
0.8238704
0.1296418
0.091622815
0.116091006
0.7240635
0.74187464
0.1520067
0.124188945
0.07423904
0.09354014
0.11614822
0.69779646
0.093961105
0.061338723
0.057260804
0.0627665
0.10287222
0.87938637
0.9090577
0.9053401
0.8382511
0.08157322
0.05819359
0.063044384
0.13164778
0.217466
0.85243577
0.12380401
0.08203877
0.06532361
0.07528116
0.065325305
0.0682717
0.08942845
0.19492586
0.85130864
0.8409225
0.7145968
0.68370336
0.16339971
0.21581684
0.09021191
0.08916279
0.06471893
0.061677743
0.0673144
0.09984312
0.7665649
0.7419497
0.77161217
0.1972675
0.10585307
0.08846414
0.09932363
0.6575252
0.12887979
0.13192229
0.8322542
0.8829998
0.89840186
0.9105376
0.9222204
0.90229124
0.8847829
0.88475853
0.915256
0.8327132
0.10689164
0.10808018
0.6362885
0.08822776
0.066193394
0.07955323
0.16190666
0.7169739
0.11346272
0.072557695
0.06888123
0.06870619
0.074777976
0.090457164
0.14778383
0.17723487
0.78976923
0.6843107
0.66761345
0.646509
0.23994133
0.11193807
0.090404175
0.105763175
0.10385063
0.092361435
0.15682037
0.15555805
0.8122577
0.18630858
0.1287674
0.14861096
0.8149562
0.1600091
0.13050261
0.6660977
0.09580506
0.06260497
0.06961807
0.11786016
0.0819228
0.20211335
0.9076717
0.9311595
0.94134396
0.91922367
0.879214
0.104324736
0.054922383
0.057740845
0.082315326
0.071747586
0.13606031
0.7030954
0.14459333
0.1924002
0.66414064
0.15668385
0.20887594
0.30035093
0.84123874
0.72224444
0.8522593
0.20815542
0.10006003
0.11591347
0.68756795
0.71115565
0.109520555
0.070919484
0.05717388
0.06930408
0.05656921
0.06678172
0.30799937
0.9135579
0.931627
0.9436363
0.9359665
0.92313147
0.1053349
0.04889928
0.04320683
0.04624747
0.050816014
0.064490415
0.24470386
0.91498506
0.9322625
0.8587645
0.09782193
0.08079332
0.12792881
0.71978873
0.10634349
0.09034193
0.08071755
0.17145084
0.16423985
0.08650262
0.09199097
0.17416967
0.74561715
0.8414556
0.48193368
0.26603058
0.12731867
0.11722746
0.14601947
0.6481958
0.65764844
0.6286067
0.13889463
0.10440676
0.10242925
0.118237734
0.18671133
0.65938884
0.7697538
0.6897379
0.8005066
0.18356133
0.16703907
0.12903287
0.08960505
0.12380119
0.07102557
0.070017785
0.10022268
0.8061491
0.8756448
0.3257904
0.19171402
0.11503972
0.21438308
0.8540833
0.89911777
0.92497915
0.9225687
0.8913808
0.8905662
0.90935063
0.9220805
0.8745089
0.1309821
0.081436016
0.11534786
0.20031248
0.8388641
0.10772227
0.06787928
0.081487074
0.09307978
0.09013399
0.1930319
0.27663416
0.3882249
0.8963115
0.9164699
0.88788396
0.23513483
0.12540622
0.15398282
0.14580439
0.58039
0.19202694
0.37163246
0.3128987
0.6746343
0.14652047
0.10265195
0.08971996
0.09336919
0.10629717
0.15409733
0.14833896
0.233483
0.67323554
0.7653041
0.6658441
0.6387171
0.29047585
0.31062987
0.75583106
0.64975154
0.6176217
0.15837853
0.13600767
0.20639005
0.1630314
0.2057338
0.123447195
0.089418404
0.1300182
0.087252796
0.10960317
0.83164823
0.90278697
0.83389175
0.802643
0.9018206
0.76714027
0.0768853
0.057943862
0.06753255
0.07309273
0.131761
0.1073463
0.085348375
0.109119415
0.106146164
0.16115838
0.8319622
0.8440331
0.8238719
0.25358632
0.1400521
0.119754545
0.14381917
0.13964719
0.270045
0.3216115
0.62115604
0.63636947
0.14174736
0.1027531
0.09810113
0.18177837
0.111413725
0.118237734
0.24142313
0.6285327
0.22578792
0.63213706
0.17464879
0.21467692
0.14129853
0.09777606
0.112574056
0.09325455
0.10491174
0.15399514
0.8130301
0.6867558
0.66102344
0.65311056
0.63738245
0.77252203
0.58417803
0.1447459
0.11924152
0.17352962
0.14950383
0.1386892
0.25657064
0.64522624
0.8147448
0.2959136
0.111629754
0.08276812
0.07775903
0.09446191
0.16307928
0.71219194
0.7281614
0.8432056
0.6904634
0.23334017
0.22375733
0.10868887
0.096165285
0.1700088
0.12053112
0.0851284
0.08415842
0.10316754
0.19836701
0.83623534
0.7394249
0.7563387
0.8785963
0.88299084
0.84169555
0.6396176
0.6663811
0.2164815
0.14272173
0.24431168
0.10147767
0.08229198
0.08013695
0.078120135
0.080167286
0.08409717
0.10939681
0.09078318
0.11331115
0.6441452
0.15004125
0.15132101
0.75785434
0.7718087
0.89126986
0.75650495
0.08635393
0.062223036
0.054980572
0.064741686
0.10079802
0.73742646
0.71266335
0.10016614
0.073842086
0.07431663
0.078991175
0.18898033
0.8888822
0.8190805
0.08804272
0.0597616
0.062885255
0.13497724
0.30125216
0.89953727
0.92887324
0.93340325
0.9228695
0.11592697
0.060900677
0.052172035
0.062115345
0.11293651
0.839578
0.20418124
0.086092636
0.11414116
0.13354473
0.1528913
0.87711567
0.82492113
0.31807703
0.8536745
0.09975472
0.057491574
0.051478457
0.05576397
0.067370474
0.1357119
0.9090281
0.9307194
0.8597809
0.085263245
0.05590011
0.051237706
0.054313038
0.05965538
0.0735884
0.14723314
0.8185682
0.76283693
0.11106249
0.072359815
0.082259595
0.08021233
0.11822197
0.75371194
0.73569983
0.7385395
0.3349029
0.10623497
0.08860927
0.09286156
0.22326455
0.13840291
0.09215107
0.089736044
0.14174007
0.19565889
0.1160664
0.19682902
0.11256422
0.12935705
0.705936
0.7037572
0.14975439
0.08229138
0.07840987
0.072968446
0.11395964
0.8068151
0.15293865
0.14143813
0.8543314
0.91728127
0.93956226
0.9216599
0.8637821
0.07275199
0.049599916
0.04878356
0.06686147
0.11909156
0.0918233
0.26277277
0.8769457
0.7508266
0.122768745
0.12607087
0.13979997
0.17843392
0.8738247
0.89648145
0.75854594
0.75439876
0.8498307
0.12642622
0.07502573
0.06771132
0.06959766
0.08928238
0.15704006
0.68761694
0.74544334
0.84887874
0.78884
0.8833838
0.8680745
0.1756981
0.20885861
0.081544414
0.06656585
0.07509441
0.1545892
0.81959844
0.1672903
0.1542013
0.85611457
0.92165005
0.9035075
0.8702836
0.8004586
0.09466869
0.08148887
0.14016989
0.1662561
0.88556325
0.88962924
0.10739942
0.07341885
0.09393745
0.11116041
0.6499436
0.18219014
0.13017486
0.2127436
0.16746333
0.14086899
0.20044686
0.84413093
0.8702294
0.846084
0.28916657
0.19034371
0.24439791
0.87707496
0.913814
0.88726425
0.12967527
0.10381116
0.18945049
0.16124462
0.0751329
0.067981556
0.07609103
0.12961099
0.86436546
0.78577775
0.24086204
0.17789474
0.09735854
0.080003574
0.1263407
0.86889726
0.8135594
0.10802569
0.086157896
0.13710535
0.8891887
0.9391823
0.94273853
0.8960395
0.09459715
0.049691755
0.046500962
0.05182265
0.060765557
0.09401148
0.10852044
0.16770475
0.72783417
0.1130252
0.083266646
0.070596546
0.08329004
0.14426053
0.6830712
0.63975954
0.13221906
0.11399342
0.13486575
0.2906995
0.76529175
0.26599473
0.24562733
0.40774158
0.6637372
0.6676859
0.63805795
0.2213797
0.15144444
0.16001727
0.5021371
0.5579339
0.23778929
0.34795493
0.37723264
0.33282503
0.8330684
0.8364263
0.16746533
0.14317268
0.11237306
0.15576681
0.86761075
0.8751675
0.10127527
0.06584408
0.07206056
0.09052002
0.14093806
0.71978754
0.09913543
0.06866833
0.064970106
0.066376254
0.102425784
0.112572536
0.75954074
0.1738377
0.1805648
0.1408342
0.84173924
0.8856793
0.9151958
0.9325506
0.8730704
0.102544256
0.100891404
0.21663117
0.81085247
0.095062494
0.061854225
0.057413355
0.074154064
0.06962842
0.105084635
0.78922516
0.7367137
0.13045688
0.14304304
0.12682731
0.087833196
0.12034612
0.81166595
0.9094706
0.9232622
0.9152909
0.876378
0.90549576
0.9031569
0.86441517
0.89468217
0.8778359
0.9151306
0.9173923
0.88436145
0.15596743
0.12971748
0.24141684
0.2023993
0.76140946
0.17845891
0.18781385
0.19640629
0.1815213
0.71763873
0.8488984
0.74934995
0.72884566
0.7125896
0.21003972
0.34708345
0.18945491
0.101872005
0.091136195
0.13107076
0.09372728
0.08800439
0.12193194
0.09614039
0.101086065
0.14166671
0.68542385
0.68839264
0.6914075
0.69173616
0.6496823
0.26930967
0.2221252
0.16659215
0.22506754
0.1589513
0.17747045
0.32319924
0.65852684
0.66246754
0.6736124
0.67205673
0.72479224
0.8483271
0.85870373
0.77141696
0.7020455
0.29976144
0.39289284
0.2507318
0.65749794
0.17113902
0.15738629
0.09071372
0.077388115
0.0746177
0.0753189
0.089944065
0.07237944
0.07978688
0.067683995
0.078518264
0.22028546
0.901471
0.91627175
0.86672854
0.8060861
0.7632226
0.7993174
0.8429968
0.88480335
0.91159326
0.9268884
0.9097086
0.24381684
0.0762224
0.076647885
0.12629037
0.116895474
0.26658705
0.81772697
0.69662833
0.71961623
0.816021
0.88277936
0.8583361
0.82627296
0.8387908
0.8720973
0.8603724
0.87222916
0.8935959
0.89085376
0.88730067
0.8180963
0.7014071
0.22260532
0.21364024
0.5222189
0.23463887
0.36644986
0.62804633
0.16749169
0.14651899
0.09849023
0.094843954
0.1400979
0.23359129
0.19889985
0.8108033
0.6742829
0.6828459
0.693514
0.15237921
0.1426094
0.06844331
0.06389997
0.06803109
0.08369637
0.067154884
0.06465348
0.07147136
0.08352775
0.12393642
0.82067066
0.15649036
0.14510562
0.83349776
0.87803394
0.8959766
0.9068977
0.9165631
0.9271653
0.93023187
0.9313595
0.92555594
0.8586508
0.11208705
0.12625991
0.76461697
0.1587191
0.19842409
0.14425872
0.06488354
0.060318273
0.06606504
0.065600544
0.05870471
0.061160583
0.09035779
0.26189113
0.90867287
0.9275879
0.90969276
0.32323322
0.17497718
0.09115299
0.06575354
0.07471515
0.09949409
0.8725727
0.921742
0.93798006
0.91472566
0.8369431
0.08462851
0.08133262
0.06224143
0.09060223
0.09893398
0.20221837
0.9002581
0.9294175
0.9260952
0.8520933
0.9021718
0.78290254
0.09700948
0.09515158
0.067306116
0.06529025
0.10090826
0.09675487
0.1395245
0.7327488
0.73085237
0.28232202
0.12010593
0.08520505
0.076276936
0.08615646
0.119371094
0.09705033
0.11593982
0.28050196
0.18172751
0.69304454
0.1606427
0.15249166
0.09555579
0.12315153
0.086004056
0.09877624
0.070498556
0.06615693
0.073791556
0.13317408
0.8949058
0.87943095
0.8398544
0.80319726
0.08813891
0.057784326
0.054225966
0.072506726
0.073132135
0.09869581
0.33188084
0.8933464
0.90845174
0.8732204
0.15498674
0.14327934
0.109160624
0.1331998
0.75838435
0.78948927
0.8589682
0.13987774
0.09748399
0.10347332
0.13752118
0.74654305
0.8703522
0.851051
0.3654406
0.4030406
0.82513547
0.8120872
0.7450536
0.7211126
0.7589351
0.81574035
0.8528658
0.88389003
0.8670285
0.86730987
0.8899467
0.89184505
0.9015258
0.9093338
0.90543604
0.86541593
