0.8010516
0.77784616
0.69887966
0.21487835
0.18710408
0.30285463
0.62775385
0.6256812
0.16106777
0.12604822
0.16480011
0.87298083
0.9019837
0.9245185
0.9227201
0.88720495
0.8530121
0.85694665
0.1290418
0.10245512
0.13528138
0.6168734
0.6426176
0.6586895
0.64618987
0.25190195
0.18146914
0.19659771
0.6354435
0.72207326
0.8638746
0.88655937
0.86821544
0.7332188
0.19991925
0.19770035
0.17006487
0.124574214
0.11887892
0.14052121
0.59901667
0.65708953
0.7344809
0.8747085
0.8824667
0.7877213
0.74851036
0.7985561
0.2499558
0.2016561
0.24664049
0.80365455
0.73814726
0.7329905
0.82244813
0.1386997
0.08510274
0.0741504
0.08398383
0.11057894
0.23923744
0.8545296
0.86262155
0.7238213
0.70497787
0.13341644
0.08665378
0.070153005
0.069914035
0.0750292
0.085607596
0.11857619
0.7430234
0.8337324
0.6931
0.70655763
0.7562273
0.8872915
0.90596706
0.8983605
0.87228936
0.41076013
0.156124
0.08595513
0.071183085
0.06993779
0.07733814
0.10289052
0.08176459
0.08313555
0.11860388
0.15602455
0.8094468
0.12524122
0.08305777
0.12857124
0.09048209
0.08035809
0.13204055
0.87612504
0.7959504
0.88548857
0.09353581
0.055993088
0.05370685
0.055830352
0.05884521
0.07036524
0.059201606
0.07148298
0.105564296
0.88255477
0.9026972
0.9123895
0.8911464
0.85537493
0.08428123
0.0680624
0.05092676
0.059108205
0.06717681
0.07173832
0.14487381
0.6686277
0.14383823
0.15545355
0.8252292
0.72418016
0.7195405
0.8379472
0.10600387
0.068371646
0.06894626
0.10594501
0.7896152
0.8737042
0.11667094
0.07459009
0.080029234
0.17837721
0.85361207
0.10807994
0.060784046
0.056521963
0.057104804
0.05577274
0.058690354
0.09971901
0.11649256
0.89657265
0.93552524
0.92702997
0.8818328
0.08242538
0.062027413
0.0639417
0.10219666
0.8446462
0.8741676
0.17221771
0.07341693
0.06976117
0.10863176
0.78375
0.7579106
0.10358941
0.071947955
0.081860185
0.16078332
0.84785914
0.119028404
0.06700398
0.06318338
0.064099394
0.06540903
0.06942598
0.10428943
0.09440303
0.091124915
0.16116309
0.77353245
0.87656784
0.34857288
0.11205118
0.07209933
0.092296496
0.06590089
0.05729884
0.056604736
0.06511263
0.10623422
0.8938125
0.9285006
0.9082991
0.10921611
0.081572175
0.112979434
0.8520057
0.89515686
0.8832076
0.83364487
0.09803697
0.08126746
0.12781487
0.82858616
0.09982206
0.059639722
0.057082918
0.068206035
0.14065185
0.17518465
0.6849942
0.16933626
0.2214912
0.20213778
0.5905191
0.15762183
0.20320576
0.15198202
0.20355253
0.84105766
0.88297206
0.8784151
0.8503622
0.1719079
0.10998527
0.087862365
0.08076808
0.07535894
0.07499032
0.074568674
0.080186926
0.10779087
0.6552091
0.6632935
0.69799274
0.7250626
0.8734511
0.8649034
0.64998084
0.49293262
0.12204488
0.11648805
0.16096647
0.83672553
0.8719304
0.83597016
0.12567142
0.087100744
0.09446218
0.09100714
0.16780235
0.20511107
0.8118188
0.8647552
0.91217166
0.84308374
0.7747725
0.7192031
0.10622709
0.097080044
0.083888315
0.14070508
0.11431862
0.15941475
0.7826852
0.691427
0.765415
0.6071986
0.46897247
0.16453633
0.1998107
0.12378984
0.12609723
0.17234929
0.84091914
0.84324604
0.14468808
0.10660707
0.13495073
0.16629732
0.75100076
0.88345635
0.7891327
0.7386491
0.23772407
0.16608995
0.097222336
0.109946154
0.6488258
0.6464246
0.09959378
0.07319478
0.083803244
0.13243037
0.1598181
0.76337165
0.15630281
0.10463417
0.115726925
0.2819614
0.8257494
0.14247234
0.10808203
0.11616577
0.6720945
0.10988509
0.12620075
0.10547874
0.06559678
0.066406555
0.10845348
0.12680931
0.081332475
0.07370541
0.19975208
0.51443213
0.92551357
0.94447494
0.93073195
0.12193836
0.060073286
0.05020454
0.064420596
0.0645354
0.07215744
0.10345481
0.7640245
0.7194092
0.14336812
0.15592675
0.72002107
0.11962789
0.0702112
0.06577919
0.069418326
0.075403854
0.09164784
0.077295914
0.07972208
0.09032236
0.15956602
0.2536454
0.19740698
0.73353434
0.8581561
0.8501592
0.58796185
0.19471587
0.23577455
0.3282751
0.6793668
0.79473513
0.68839246
0.77682006
0.28211638
0.18358009
0.26130062
0.1790907
0.6497867
0.112914376
0.07321974
0.07081607
0.086255044
0.07882854
0.14158128
0.11753949
0.12069677
0.82970566
0.92144746
0.9303849
0.8968587
0.091246665
0.066585824
0.07901375
0.26478902
0.89998865
0.9040255
0.116003394
0.06739445
0.05919542
0.08587651
0.099683404
0.86695457
0.92215043
0.93170106
0.9221646
0.93459046
0.9353714
0.90626854
0.83227056
0.069721565
0.056156475
0.056172337
0.11214349
0.12947947
0.07830405
0.065108836
0.06998556
0.1008651
0.68719256
0.12686285
0.16485216
0.13434817
0.14106987
0.1633637
0.09482806
0.10429853
0.17226385
0.6309938
0.17745596
0.19260591
0.16597962
0.25377506
0.5608036
0.61078966
0.51764053
0.16770445
0.15979287
0.11883895
0.120205015
0.16653907
0.18183534
0.7413826
0.2695864
0.31867108
0.67801416
0.80137384
0.18373743
0.13017818
0.17863218
0.10285369
0.101545624
0.19051896
0.22739977
0.21725
0.67698103
0.8331997
0.6536991
0.11395358
0.09282556
0.12807156
0.731078
0.8765132
0.7503724
0.1794302
0.17679593
0.81538
0.11923494
0.09103545
0.12042052
0.70971954
0.10114416
0.07338951
0.07116452
0.06785741
0.061534453
0.057382
0.054776028
0.05829823
0.09162629
0.88435245
0.91981906
0.9380659
0.94579875
0.93372625
0.881881
0.065677226
0.04536624
0.04423082
0.049505062
0.056516495
0.07341813
0.111034885
0.7871595
0.24120297
0.15174375
0.66970736
0.10998878
0.08435385
0.12055554
0.79375947
0.18795133
0.2901185
0.76477534
0.76069665
0.8742911
0.24544983
0.100090384
0.11376278
0.6802711
0.10823041
0.063508056
0.058841325
0.059801828
0.06584658
0.118249744
0.213377
0.7719556
0.123888046
0.09935305
0.34927312
0.91028404
0.93128806
0.938608
0.8986483
0.11613072
0.07621719
0.10714682
0.7495123
0.11347172
0.06711578
0.05584946
0.05605817
0.06088938
0.07319106
0.2094173
0.89181215
0.8069351
0.79770714
0.17001499
0.10193887
0.080849305
0.05992832
0.05931928
0.07156788
0.07714415
0.13402142
0.85526633
0.74732995
0.70633596
0.19787021
0.19104955
0.6511485
0.6479743
0.6242742
0.1953381
0.259747
0.16671301
0.2348568
0.36429927
0.40850997
0.8023696
0.16860633
0.11191964
0.09343237
0.09602605
0.11141532
0.14592668
0.6245301
0.61303216
0.23357901
0.3162511
0.49364522
0.15255891
0.14859451
0.12566558
0.16692452
0.24634631
0.832758
0.75462705
0.8822917
0.8552198
0.13515979
0.12340685
0.6013579
0.14852056
0.09001428
0.079060405
0.12998861
0.884459
0.89164436
0.1534988
0.1552719
0.71392775
0.10265821
0.07819543
0.10847928
0.71580386
0.108305454
0.09549364
0.07620263
0.13112518
0.8863296
0.9138634
0.9076179
0.20482595
0.07169163
0.07265399
0.107688636
0.7201088
0.09373732
0.060417477
0.059391778
0.06880829
0.1279633
0.8947674
0.89815336
0.11605979
0.08058422
0.12665421
0.14259069
0.70650953
0.13741133
0.13427228
0.76483655
0.85896796
0.15687811
0.17747068
0.14009817
0.1792286
0.13582824
0.6802323
0.12548505
0.07649655
0.08135403
0.119096905
0.69261086
0.09630368
0.062472466
0.05729606
0.057695564
0.073141694
0.14583604
0.8947998
0.9176104
0.9216556
0.48854133
0.2775368
0.18846928
0.8414631
0.103258625
0.0661413
0.061945103
0.07535866
0.12040661
0.7267611
0.10683558
0.06945054
0.064980455
0.064796865
0.068808
0.089599
0.22976416
0.84165806
0.144724
0.09495751
0.113149986
0.08888049
0.09568376
0.12074134
0.2231145
0.7452911
0.83274025
0.777499
0.8686386
0.86023664
0.71626246
0.2728141
0.12711896
0.112945184
0.13696432
0.122489005
0.2193494
0.19617365
0.104092516
0.11366092
0.11334943
0.11388385
0.686403
0.6945722
0.7567898
0.91510886
0.9157625
0.27245253
0.1217193
0.057119437
0.05489183
0.058905248
0.05972946
0.058442995
0.056309156
0.05729527
0.06160597
0.11829991
0.8931698
0.92704093
0.9243875
0.9160177
0.90946573
0.91116965
0.1667721
0.06437463
0.07426333
0.066917926
0.11059126
0.8906458
0.9177108
0.8104582
0.15908632
0.30757713
0.83410805
0.10337462
0.06913828
0.08314747
0.125618
0.75961226
0.73516625
0.7322738
0.7141572
0.70744336
0.69744796
0.106058635
0.083938986
0.13047062
0.09010558
0.12544677
0.15180515
0.14837256
0.4924886
0.89320916
0.9099349
0.874265
0.13744007
0.107022494
0.11414772
0.20260751
0.21410921
0.14674261
0.22615957
0.13705306
0.13466969
0.19466178
0.855621
0.8545904
0.90071195
0.8637628
0.3564896
0.455416
0.7320734
0.86129284
0.90965736
0.91434103
0.9043476
0.9079733
0.90472865
0.9113837
0.9136042
0.9121813
0.9034716
0.9058142
0.8801191
0.8436021
0.84836686
0.37148836
0.24380891
0.63835084
0.71650326
0.8404385
0.75222415
0.6592617
0.16915978
0.14489527
0.15884937
0.37313804
0.8799887
0.91147053
0.88160324
