0.79915637
0.7578456
0.38484418
0.16505851
0.14228535
0.17703791
0.83267254
0.8105355
0.9044419
0.89657056
0.27937835
0.11329806
0.08930359
0.07558063
0.110306986
0.11634379
0.8184753
0.8520004
0.86179996
0.86586237
0.8717013
0.8731314
0.85532
0.7794082
0.095338374
0.083184905
0.075085826
0.12157425
0.10934967
0.21458986
0.8347574
0.7641925
0.85441524
0.74536955
0.7241025
0.8138411
0.16685635
0.12864532
0.13965955
0.22639431
0.75465125
0.17525403
0.14190869
0.097399
0.09316872
0.11595786
0.68438417
0.7222098
0.8622743
0.7627464
0.8377205
0.13457845
0.10819569
0.10556405
0.47007358
0.12575218
0.15322375
0.881684
0.8973853
0.9247917
0.8527274
0.7567804
0.07164089
0.05021988
0.048252426
0.05585297
0.107096404
0.8993419
0.9287218
0.9271728
0.9232339
0.9323626
0.90545124
0.0763784
0.050766576
0.054564074
0.062028687
0.13654815
0.891407
0.9040929
0.90996027
0.92629385
0.8949752
0.13430259
0.12361974
0.55453944
0.13626607
0.19486457
0.16653682
0.72345734
0.84674543
0.70782846
0.1696036
0.141699
0.15448834
0.26471323
0.3228909
0.8651925
0.8980291
0.87564754
0.8844675
0.90494484
0.9038091
0.8846351
0.8678611
0.86788046
0.8768685
0.880134
0.8780952
0.8769532
0.87601596
0.8804975
0.8871782
0.8946419
0.8915171
0.8854245
0.87999946
0.8847578
0.8953489
0.906799
0.8993264
0.8235408
0.7020289
0.20520869
0.24045625
0.12381178
0.10219036
0.101109736
0.11921515
0.26704526
0.71715957
0.85039395
0.74710274
0.68661815
0.6477855
0.6150827
0.5678853
0.5448814
0.4069549
0.41049606
0.49233747
0.823698
0.747816
0.69000494
0.706693
0.7962136
0.8845057
0.85722095
0.23280136
0.22718358
0.2723103
0.6787593
0.8227003
0.7568788
0.72779125
0.72239757
0.8182301
0.43391502
0.31437117
0.78944355
0.23231208
0.12415617
0.10939582
0.13375667
0.11349637
0.14610407
0.12058816
0.12878345
0.16111565
0.6443881
0.6477402
0.6169613
0.5351005
0.1553905
0.13841459
0.16234823
0.34035894
0.7703286
0.44525632
0.21775618
0.25795087
0.15085353
0.14352988
0.2213001
0.17209782
0.30439028
0.63849676
0.6767692
0.8087049
0.39487708
0.14262697
0.11872209
0.18884386
0.12710844
0.08742943
0.08609523
0.10814792
0.6515838
0.66579163
0.65164757
0.69127965
0.81948256
0.20498878
0.19751856
0.7789344
0.1691095
0.20326774
0.12629074
0.08120101
0.08176039
0.10409018
0.094341256
0.10050347
0.18101671
0.09580894
0.0910879
0.10060216
0.15060523
0.81727564
0.69537437
0.6644907
0.6807885
0.8214483
0.72007877
0.8067451
0.4156581
0.27071077
0.15926315
0.1833554
0.4806039
0.4661258
0.14597267
0.19092244
0.13271134
0.22508548
0.8860993
0.92260027
0.9190143
0.8377026
0.9012202
0.78066885
0.079973094
0.051428817
0.050756298
0.055683546
0.056787178
0.058005217
0.0570075
0.06631875
0.17634384
0.40772158
0.89403874
0.83380145
0.14796947
0.14736754
0.8414464
0.9072047
0.934955
0.94084513
0.94117785
0.92133766
0.8576683
0.06655495
0.048248433
0.0542632
0.06284703
0.06268273
0.064904936
0.06518026
0.06292451
0.059507802
0.057063676
0.060933553
0.091359995
0.8401628
0.90576506
0.87577564
0.8603697
0.86025643
0.8578964
0.8838963
0.28106746
0.11442451
0.14787163
0.16493365
0.79523915
0.25798634
0.14014246
0.18081042
0.23776057
0.72599506
0.85413176
0.75523424
0.70092005
0.12574278
0.09646972
0.08859369
0.103792
0.15594707
0.15798461
0.26989427
0.6969393
0.7111419
0.7082017
0.7216922
0.76012284
0.8063328
0.4523616
0.29290518
0.38499522
0.38836062
0.7921043
0.7377264
0.710903
0.7537169
0.8719855
0.874518
0.7443823
0.6182863
0.1868826
0.20813547
0.19756307
0.37843153
0.7592249
0.30497205
0.22614518
0.1694682
0.18355532
0.71324134
0.88255763
0.89841366
0.8585104
0.21474111
0.19804378
0.335604
0.5254451
0.8273767
0.8239461
0.18868643
0.13904561
0.12989505
0.15100518
0.523652
0.20948753
0.31433278
0.25778782
0.3047836
0.87714016
0.91403925
0.9055513
0.8112982
0.7568191
0.7593403
0.8143753
0.8714115
0.8625389
0.8901195
0.88425976
0.7983334
0.7538527
0.83710724
0.7316083
0.1464444
0.10887028
0.110801205
0.084174134
0.088971786
0.13690622
0.23314755
0.68115556
0.6702842
0.27043322
0.14449316
0.17010574
0.87516445
0.9025914
0.7306023
0.10428846
0.118020415
0.0951211
0.10555563
0.81090546
0.8898691
0.9254587
0.91166794
0.8915049
0.8649266
0.77468485
0.118823126
0.1432017
0.13114442
0.16169088
0.8785508
0.91951174
0.9108227
0.7776723
0.71429855
0.58850443
0.11628582
0.11293789
0.1815678
0.65787387
0.65420777
0.25895247
0.2581607
0.15180722
0.15974444
0.537652
0.16681968
0.15478489
0.18374386
0.7097517
0.24336272
0.23586035
0.64579874
0.7121301
0.81719875
0.7156735
0.17250954
0.12836885
0.11738954
0.13945693
0.108242325
0.10677719
0.13344224
0.10541251
0.11106132
0.21508376
0.13488294
0.24309826
0.23387595
0.13171265
0.19279866
0.11406699
0.12220006
0.5849696
0.17646018
0.20535429
0.87547004
0.915163
0.9198613
0.9123002
0.8820777
0.7205229
0.8195719
0.25302058
0.12911423
0.14402148
0.74684674
0.8747175
0.77608126
0.42519632
0.87966824
0.90625644
0.8465298
0.7271081
0.29745287
0.7898635
0.8981875
0.874602
0.1452509
0.122949176
0.19142921
0.6846753
0.840416
0.7023725
0.15629627
0.15691787
0.61599505
0.12685676
0.10184408
0.12970637
0.11180894
0.15192306
0.15898003
0.12689397
0.15913609
0.13258643
0.13474196
0.17151235
0.16310945
0.117454655
0.10854635
0.1183392
0.18142895
0.1944231
0.76450306
0.62994754
0.18563166
0.17419502
0.6347852
0.14576069
0.108824395
0.12379183
0.100332156
0.10991378
0.18513474
0.64930964
0.1547022
0.1372789
0.09408402
0.090245984
0.10882644
0.16198353
0.83308965
0.82966703
0.6684007
0.119335964
0.080332965
0.07000957
0.074823186
0.08535355
0.120742925
0.6490463
0.18624894
0.21742563
0.6252173
0.15619354
0.1302109
0.16775256
0.1835823
0.80481595
0.69069284
0.6579513
0.631201
0.5733697
0.45215008
0.14400679
0.12235625
0.14484847
0.6156245
0.63476646
0.6246975
0.580912
0.2398115
0.21871845
0.5386071
0.12087281
0.09199977
0.09731858
0.13200884
0.69750524
0.8091094
0.24450044
0.17980492
0.12734303
0.15735044
0.18897448
0.64797235
0.80838627
0.6453759
0.16161351
0.0968726
0.08990222
0.1275329
0.21226674
0.22024995
0.8729504
0.9023855
0.87607276
0.6640586
0.6270811
0.6825531
0.86438817
0.8821374
0.80313754
0.8535686
0.7286999
0.65095127
0.12814996
0.15195346
0.11291129
0.13500933
0.11572992
0.07714207
0.117162436
0.14381456
0.18918085
0.79820055
0.9070438
0.7900145
0.098703824
0.07917394
0.057301387
0.06650029
0.102073364
0.7026502
0.09320269
0.0613481
0.060362194
0.09347666
0.87856895
0.9220655
0.92443585
0.935894
0.93769133
0.93038005
0.9349632
0.8777326
0.06459449
0.04540821
0.047010634
0.0529781
0.058469355
0.062345378
0.06597446
0.0765598
0.11544549
0.7362706
0.13443486
0.101849064
0.09471815
0.080385044
0.12887564
0.70717514
0.18197542
0.18985447
0.14142285
0.1306506
0.74212813
0.8137501
0.91060084
0.923166
0.91653985
0.87757546
0.85261387
0.87301373
0.9026321
0.86301947
0.82712
0.8491216
0.17649844
0.17778392
0.20921905
0.13288236
0.19611895
0.3417743
0.72950476
0.8530788
0.47962493
0.2822389
0.1251656
0.17026377
0.08526641
0.086407095
0.16289322
0.072871625
0.06421594
0.0675733
0.099780254
0.2035319
0.90377235
0.90789133
0.8919154
0.9162675
0.33783925
0.16153692
0.062027078
0.055906422
0.061276667
0.0731215
0.072874345
0.079998106
0.10859024
0.1313426
0.20923543
0.08790509
0.060936574
0.055933937
0.05891396
0.0890145
0.87362057
0.9216399
0.93669754
0.9115484
0.15546353
0.16039838
0.82425606
0.82279724
0.08501236
0.055753727
0.054197934
0.07438727
0.15883344
0.20822038
0.18777323
0.87715876
0.78435546
0.093730755
0.065911315
0.06741132
0.09696268
0.70022404
0.4059581
0.61246943
0.863581
0.7750133
0.7204199
0.68310237
0.2543924
0.19245519
0.24700399
0.8513794
0.8809618
0.75231546
0.71133226
0.6715525
0.63906765
0.17248054
0.23373128
0.14138743
0.15792394
0.6409541
0.623179
0.21364646
0.21362786
0.71449083
0.8429237
0.71331185
0.1387491
0.114749454
0.1351015
0.11381723
0.1776111
0.21670778
0.8298526
0.7392478
0.7464537
0.8507435
0.26057667
0.12171374
0.106745794
0.11193082
0.26796493
0.17435029
0.6614717
0.14003922
0.10502002
0.10880568
0.2427708
0.16089967
0.6262489
0.15885606
0.13616095
0.21392418
0.76205724
0.90711564
0.92475176
0.9083307
0.7474316
0.26354536
0.13556226
0.14016704
0.6062922
0.13352446
0.11117284
0.13078198
0.68249804
0.69538057
0.81554437
0.22794047
0.3097974
0.11697306
0.096305035
0.11223294
0.22410658
0.20351985
0.10516754
0.09276522
0.09774439
0.11422286
0.1658589
0.7840615
0.8769745
0.84563214
0.80225
0.829231
0.8929231
0.89262277
0.83815575
0.8151394
0.8644764
0.90483403
0.9150205
0.90906614
0.8581516
0.751759
0.2211529
0.23835027
0.24037138
0.69656473
0.7783617
0.86775345
0.8174288
0.8701439
0.7396932
0.102321394
0.0762394
0.0749837
0.10085734
0.7405647
0.86647016
0.21572715
0.08366622
0.07957078
0.08533607
0.35371244
0.9137268
0.91191924
0.08943456
0.05327787
0.047276713
0.05233776
0.063503645
0.13197663
0.89721304
0.91125757
0.859295
0.08138585
0.05339083
0.050776724
0.057849698
0.07243346
0.16059276
0.85575074
0.16075575
0.07758673
0.091099866
0.07580736
0.12028945
0.78868634
0.8517923
0.25610262
0.65493345
0.13203546
0.113372006
0.1558832
0.7919311
0.684327
0.69387746
0.7000429
0.6886073
0.6893787
0.69933116
0.6754398
0.68772495
0.6485569
0.13361345
0.11205279
0.16704558
0.12009794
0.13804565
0.26875696
0.26671678
0.7991302
0.79542536
0.24964891
0.21410717
0.2764501
0.22172892
0.6151513
0.76292753
0.31209973
0.2260834
0.27288365
0.85376656
0.8731952
0.16126136
0.07153044
0.058521368
0.062450677
0.092329405
0.07042047
0.08574553
0.13356908
0.15414305
0.847052
0.19011393
0.18012066
0.15006778
0.11184884
0.07804633
0.115011595
0.6973555
0.09093736
0.058655
0.05609575
0.06811428
0.3040791
0.9068746
0.9059297
0.9119883
0.9251362
0.9201392
0.11212136
0.055580754
0.05345978
0.06887173
0.16293325
0.87472016
0.28446013
0.0737692
0.068432406
0.074195266
0.07515308
0.06862967
0.068407804
0.08043782
0.1306133
0.10862286
0.113438666
0.15714245
0.83474046
0.11881458
0.07398158
0.097661115
0.06909181
0.07810787
0.26085246
0.9063425
0.93181574
0.92926747
0.8887917
0.12992732
0.12597898
0.10984683
0.1594611
0.8722024
0.91540974
0.9242436
0.92611426
0.924822
0.912857
0.80632776
0.1750249
0.27917287
0.14248683
0.078060016
0.06956062
0.07578007
0.08929892
0.16593258
0.8114494
0.27384302
0.13718975
0.15183617
0.10665427
0.10608676
0.15385011
0.15246922
0.3850535
0.88874424
0.91733706
0.895776
