0.8412469
0.77381843
0.7817141
0.728089
0.7269727
0.8124057
0.7828698
0.8164573
0.8961859
0.8682503
0.5550468
0.18904437
0.1662195
0.2415983
0.8064502
0.19700938
0.12316601
0.12125405
0.118123464
0.11437863
0.79980326
0.62460047
0.115191765
0.10150635
0.69997805
0.7420275
0.90193576
0.91897774
0.8554132
0.88521975
0.8136626
0.8347222
0.6809742
0.14558162
0.15808176
0.8482288
0.879434
0.12754264
0.098313786
0.08528372
0.107485935
0.08503992
0.7006507
0.6075019
0.15099064
0.15824337
0.16903064
0.75947994
0.28696933
0.26395428
0.3981162
0.20778847
0.2362123
0.22026925
0.22712258
0.20932621
0.33242235
0.27197373
0.3081056
0.8815307
0.89302176
0.7780797
0.79513496
0.21365242
0.1713427
0.17435896
0.22187833
0.19743067
0.14050044
0.5282879
0.45949402
0.35230085
0.55109876
0.28744754
0.14236161
0.1648593
0.45429426
0.2000607
0.17933969
0.27895415
0.26727533
0.67870116
0.20432957
0.2109076
0.16869004
0.13320182
0.0998377
0.08447147
0.06340527
0.14577089
0.20411631
0.31704998
0.891641
0.78544337
0.7046552
0.67849994
0.67566437
0.12281264
0.14575122
0.101787545
0.09012675
0.14435291
0.34742105
0.88449866
0.11272015
0.10238685
0.12058387
0.17115128
0.5
0.15062927
0.12994365
0.13941707
0.18176858
0.26651385
0.18755582
0.20439544
0.77600217
0.13082708
0.0766969
0.10096255
0.19141491
0.87374306
0.9146639
0.822653
0.8804431
0.72343177
0.75842214
0.05327757
0.032965485
0.025688812
0.02182303
0.034368563
0.9207448
0.97429806
0.9793274
0.9649836
0.04394356
0.023245206
0.018312708
0.03042468
0.09817833
0.88016725
0.8149375
0.8235807
0.921888
0.91441226
0.78381336
0.6243805
0.070354134
0.07047421
0.098766215
0.1786867
0.81212705
0.797751
0.8677978
0.6685305
0.07263588
0.050958592
0.05307233
0.08208577
0.19172353
0.90834785
0.05134207
0.018731495
0.013950429
0.014236805
0.01586479
0.02577002
0.90706867
0.95858324
0.9740027
0.9426648
0.04209736
0.023233732
0.01972863
0.024441052
0.03379617
0.07223846
0.91660005
0.07141739
0.046176523
0.04099612
0.08011374
0.17009875
0.89764553
0.91796434
0.8940013
0.17027082
0.12265166
0.6556833
0.6485054
0.6642626
0.62301123
0.1185066
0.09262335
0.64759946
0.19880791
0.26392215
0.16131791
0.1423526
0.12057812
0.16340342
0.28914896
0.80387926
0.5533595
0.22423577
0.16370577
0.13634065
0.15613194
0.3642026
0.20218588
0.22813211
0.49133486
0.17125823
0.12175371
0.10787048
0.0809337
0.10890881
0.18914339
0.16612923
0.19786793
0.8284162
0.10031376
0.075581975
0.14175898
0.85031366
0.82406485
0.13749805
0.09162518
0.0676265
0.06851806
0.67720604
0.079792835
0.04948655
0.064018086
0.6357337
0.5713432
0.9387546
0.9569899
0.8933601
0.7571304
0.71951985
0.06610789
0.05986325
0.076693386
0.8728063
0.05930169
0.053287804
0.07698445
0.068821974
0.04746339
0.04312138
0.05523125
0.8178699
0.8821143
0.7758538
0.13045633
0.1637218
0.113300174
0.098238505
0.08740126
0.09842372
0.6807368
0.81200045
0.1602385
0.12038703
0.10479257
0.083437145
0.09262047
0.6029025
0.1069072
0.12596712
0.7150944
0.8503874
0.82693905
0.8638161
0.7731198
0.7790486
0.8376034
0.55558
0.119629726
0.14816578
0.6079616
0.0789236
0.079206385
0.09044801
0.11824102
0.22963998
0.7549106
0.7435629
0.8526816
0.07581336
0.042353783
0.031694684
0.03538178
0.063971005
0.91011566
0.03222669
0.016023146
0.024957879
0.9580812
0.9678755
0.98190993
0.9604622
0.9630502
0.024577733
0.015937725
0.018487893
0.031553324
0.02563142
0.039150193
0.071145386
0.09405231
0.92550266
0.08273261
0.04549272
0.036818966
0.049184855
0.86601275
0.9240045
0.88084227
0.83850056
0.07915535
0.094222024
0.12779897
0.12760495
0.62760574
0.5834783
0.68876475
0.6161476
0.54031533
0.6173322
0.5581062
0.507616
0.55345994
0.5859524
0.57397234
0.6661777
0.8809483
0.90668195
0.8565604
0.8919798
0.69962883
0.120105736
0.055526268
0.042862516
0.068035066
0.79108906
0.9392053
0.9530329
0.25141424
0.036649376
0.014689561
0.012583124
0.019671218
0.9226798
0.9715371
0.9829888
0.97504497
0.03761761
0.01764639
0.017225647
0.025678508
0.1810081
0.90975994
0.16604258
0.053145096
0.06772391
0.10975845
0.08126306
0.085230336
0.23007764
0.4817077
0.22269545
0.18349436
0.10449728
0.091608815
0.11079261
0.12281995
0.11139506
0.2013909
0.14973696
0.13543789
0.10832083
0.2909442
0.16764906
0.7877871
0.84949195
0.7695315
0.798853
0.1536242
0.046860162
0.034110494
0.02916217
0.02951268
0.03504815
0.06344897
0.9055519
0.945227
0.85868084
0.05815786
0.028556801
0.025963759
0.029688293
0.047793407
0.078290515
0.11407438
0.94227904
0.94675094
0.9091716
0.13970836
0.10121682
0.097310945
0.094906315
0.69844437
0.1893649
0.14544694
0.107958905
0.05724183
0.038113713
0.03619972
0.039380297
0.052744742
0.06343419
0.85769755
0.91701376
0.937416
0.8809287
0.95301247
0.9529422
0.8868277
0.9449625
0.93381274
0.07108387
0.032015335
0.023593713
0.02182734
0.02233615
0.034290023
0.8886692
0.88598895
0.82994235
0.8877083
0.11198909
0.04866191
0.03761811
0.036367007
0.05116318
0.057383496
0.8098596
0.8888269
0.7705195
0.7167385
0.6508324
0.6690633
0.7333964
0.7745344
0.7889172
0.89802206
0.096229985
0.065900825
0.07733443
0.062839985
0.07391709
0.16115406
0.24710378
0.35055256
0.43335795
0.8437144
0.8897624
0.41321787
0.26487073
0.28495258
0.67523617
0.515692
0.335825
0.31129494
0.20218134
0.25215688
0.47400656
0.8405279
0.86204845
0.4497784
0.4711343
0.2352046
0.18960965
0.20413348
0.20309404
0.22396323
0.22124097
0.5331194
0.6969516
0.5790565
0.52140814
0.6571738
0.5578708
0.532254
0.7000065
0.687011
0.7367682
