0.89610046
0.7493372
0.7003183
0.6534024
0.6025483
0.7007559
0.75694007
0.47559065
0.41497365
0.8516319
0.8556099
0.74161446
0.621132
0.20695929
0.16476916
0.73171365
0.82545865
0.7835805
0.8073737
0.8635776
0.15955813
0.08728037
0.083588295
0.105185
0.09058382
0.09247904
0.11126865
0.13263525
0.08289479
0.06670047
0.07562941
0.7112282
0.08120732
0.058602862
0.05480128
0.061532162
0.7829835
0.8207091
0.07226144
0.050856214
0.048278898
0.06262699
0.13047059
0.18175605
0.90904933
0.91191477
0.86456954
0.77358735
0.11560806
0.08430065
0.08302098
0.12917727
0.837582
0.11286507
0.09670917
0.68122053
0.7145671
0.101205714
0.09928198
0.06324555
0.08344756
0.62652665
0.09800861
0.18378179
0.86189157
0.81712264
0.09041944
0.07485678
0.12813981
0.17188156
0.1599609
0.09235232
0.09096186
0.07627428
0.06922864
0.6112548
0.7181861
0.6585335
0.8826901
0.86957866
0.4678046
0.37395594
0.43800476
0.27948248
0.45740634
0.26121646
0.17448922
0.5012641
0.23225765
0.25197914
0.1635772
0.13276048
0.13044308
0.16346999
0.15563114
0.17379823
0.24010555
0.7488531
0.20792544
0.13224019
0.09764434
0.091157205
0.70673645
0.30678925
0.15902202
0.11621829
0.09292581
0.09042573
0.6809874
0.34902355
0.1258362
0.13280408
0.5949393
0.6467254
0.7905211
0.7079044
0.6993819
0.72632724
0.8082251
0.71602285
0.110643096
0.08401555
0.11204465
0.79584867
0.23307091
0.089551166
0.08536612
0.10080049
0.7191317
0.87579626
0.09243058
0.062779754
0.062056806
0.07317549
0.10292383
0.8480458
0.16646732
0.112835824
0.23786782
0.7480968
0.28324223
0.88807875
0.90630984
0.89634216
0.8249708
0.21281275
0.7703183
0.105490275
0.08709711
0.14210866
0.8396588
0.07270518
0.061562352
0.0522246
0.057805516
0.09746141
0.86264884
0.11310699
0.06201691
0.052548848
0.048975192
0.056983776
0.05712377
0.05643426
0.05812418
0.064269476
0.06396629
0.077093504
0.08462807
0.08634403
0.0797178
0.0838102
0.6744666
0.10281302
0.07911965
0.07865429
0.13182367
0.80477434
0.09802635
0.08131662
0.08282244
0.09721759
0.5847232
0.55900204
0.5569684
0.68102944
0.79603183
0.68257904
0.12157451
0.13352649
0.07047004
0.038150165
0.034917027
0.04664879
0.06147625
0.92802054
0.9158753
0.9052691
0.85469246
0.8887816
0.0767573
0.056925062
0.045699622
0.045459494
0.06092698
0.059799306
0.09894467
0.6860473
0.772161
0.63092685
0.13348658
0.10771553
0.09565673
0.10643028
0.12669687
0.14105523
0.83163446
0.09355755
0.06596764
0.1528024
0.77205247
0.093945704
0.10851706
0.15618971
0.0747956
0.05160124
0.050271153
0.065312
0.7408345
0.83941734
0.8131112
0.804431
0.84217614
0.12997694
0.1416197
0.11970645
0.1091859
0.85063183
0.8621155
0.77043456
0.7551653
0.80423635
0.083886825
0.07298084
0.20307116
0.8043714
0.052235447
0.038088962
0.03777162
0.07879655
0.12936401
0.96044433
0.96540445
0.9383376
0.9455641
0.15227282
0.06477628
0.041320395
0.04085134
0.04657911
0.05155839
0.05198504
0.0525916
0.054880142
0.053246517
0.044134937
0.054260127
0.84828436
0.82164526
0.8066255
0.78924054
0.8531894
0.08658701
0.060186796
0.05684361
0.070242584
0.08625675
0.10075899
0.07755594
0.68837196
0.08451577
0.08548551
0.10953413
0.83093125
0.09240454
0.1032011
0.10646645
0.08150269
0.06900251
0.17909116
0.7014643
0.8150023
0.14276026
0.13272488
0.20163688
0.10672981
0.076785766
0.6568416
0.08279
0.06509663
0.12473923
0.8507683
0.90991706
0.9173532
0.88964283
0.116673835
0.08779177
0.13665627
0.66542083
0.14452787
0.1822094
0.14711079
0.12355553
0.14043678
0.6112734
0.81428176
0.81777114
0.6399669
0.64674973
0.7437038
0.6719246
0.7834067
0.7158296
0.578759
0.7632912
0.41261625
0.4489634
0.23583612
0.21584785
0.18664819
0.1551271
0.11892005
0.16275258
0.5875317
0.6298848
0.2822535
0.2536473
0.22201726
0.40200427
0.5556452
0.5289365
0.5765232
0.3194168
0.30707648
0.28907606
0.30678433
0.31691518
0.20291857
0.16826
0.44827002
0.3978811
0.62332046
0.70843244
0.29792592
0.40927854
0.18054877
0.15079357
0.4888264
0.12931745
0.11756246
0.103130355
0.10614786
0.3343491
0.8541544
0.8507101
0.100069046
0.073928684
0.14167762
0.7150164
0.8250322
0.11975552
0.1002569
0.13208564
0.14370544
0.093540184
0.0707531
0.08742492
0.1359333
0.20855753
0.16295797
0.08950044
0.6313673
0.62493706
0.7071484
0.8515657
0.74100554
0.7121005
0.7491828
0.7778931
0.09885206
0.13336454
0.16770504
0.194779
0.9026027
0.9138631
0.09824036
0.057501443
0.06902225
0.037928045
0.04178709
0.058009725
0.024894878
0.030379856
0.9224973
0.9456015
0.97791845
0.9716958
0.07017602
0.09502306
0.043171585
0.026085073
0.026826099
0.039291065
0.7789166
0.75525606
0.69242823
0.0914425
0.15292022
0.8883348
0.87131834
0.92392063
0.25255617
0.0716608
0.04564265
0.050971627
0.06563153
0.14321455
0.17831329
0.18706542
0.24607469
0.43770224
0.7165072
0.8685016
0.85327923
0.72573423
0.5
0.5550597
0.49708372
0.8829124
0.88772106
0.16882992
0.14751649
0.058472987
0.036274243
0.03708471
0.06553916
0.0638699
0.07561068
0.07115104
0.04919312
0.04021043
0.86117053
0.8904374
0.91032505
0.9417095
0.09193842
0.13553813
0.1023404
0.08707505
0.10411389
0.071086906
0.05900669
0.053381864
0.056897804
0.07367155
0.18364698
0.7928627
0.75151914
0.80385333
0.7098846
0.54554397
0.53061557
0.62092304
0.6513413
0.78507733
0.79193324
0.7538863
0.83750707
0.76312935
0.20470804
0.1875745
0.17343906
0.21003869
0.47626588
0.39504805
0.48275083
0.6972771
0.6592721
0.30716163
0.2714596
0.25723115
0.45960182
0.7349298
0.7066872
0.43301204
0.38865966
0.39439577
0.48439065
0.69219327
0.6922473
0.59545237
0.6926927
0.45873407
0.33054167
0.24290797
0.19187382
0.1794188
0.2616422
0.6893811
0.71063197
0.901345
0.8873201
0.22873195
0.24844795
0.10959288
0.089445315
0.12261169
0.8643869
0.8224877
0.11846325
0.12338586
0.06662365
0.05335777
0.051203918
0.059867732
0.0830763
0.06630915
0.057216756
0.054546643
0.067039706
0.68199533
0.7043571
0.90672815
0.10716629
0.05053596
0.044834036
0.037601024
0.043766823
0.78112954
0.7364685
0.77388847
0.9018115
0.88528186
0.8947341
0.94193
0.9172651
0.871736
0.91075134
0.06543524
0.03662372
0.03316473
0.03332743
0.05179423
0.86975646
0.78301746
0.9147689
0.13185638
0.058955565
0.06743112
0.044446934
0.04074032
0.042727306
0.04471696
0.06810812
0.09279181
0.062115245
0.062057577
0.72337484
0.72178006
0.08804
0.18561514
0.18838687
0.120473444
0.15898448
0.12203211
0.09936863
0.07479198
0.096233346
0.12301916
0.14099285
0.123729706
0.13057126
0.11865005
0.17702802
0.6158667
0.5963824
0.11918816
0.09630334
0.062052596
0.066548236
0.11687024
0.08970247
0.1717393
0.17677248
0.28971362
0.870869
0.8206614
0.82831854
0.85478145
0.8323162
0.22629876
0.18404195
0.13313304
0.083713315
0.08411242
0.13661474
0.7227883
0.15582785
0.22413374
0.42804003
0.15790455
0.105402194
0.09852841
0.11871221
0.082715
0.096288845
0.056492954
0.051498745
0.06424918
0.7348473
0.061521783
0.050123584
0.069165744
0.12449983
0.8565405
0.096239716
0.09901847
0.8967495
0.8788122
0.12356118
0.12199469
0.88227934
0.063550405
0.027971288
0.028226485
0.065323114
0.0720869
0.050460752
0.046299182
0.89417577
0.9436545
0.8823766
0.95927185
0.10312333
0.017321762
0.01033651
0.0097068995
0.011534026
0.015689418
0.018859025
0.015803063
0.05091344
0.9811018
0.983108
0.982739
0.9486782
0.04317231
0.020687005
0.016359547
0.016833145
0.01971008
0.022800574
0.025801975
0.028472796
0.04462169
0.8568012
0.83796644
0.93616486
0.075627945
0.05585192
0.060440514
0.051996276
0.06852276
0.7923062
0.089947805
0.09383787
0.047677226
0.055738255
0.7750495
0.8145249
0.8398517
0.05781605
0.034606684
0.031532507
0.03828789
0.05350389
0.1005812
0.877934
0.77726316
0.11344066
0.12772961
0.06789385
0.064159475
0.0977642
0.08679048
0.12447572
0.09612964
0.10384283
0.6711752
0.79678345
0.63367546
0.2666151
0.30744213
0.39934364
0.24263807
0.46141428
0.6858597
0.25522494
0.18490437
0.2334494
0.4329618
0.63053876
0.73450106
0.63236475
0.8139852
0.7089996
0.49067652
0.4431898
0.5189305
0.8902723
