0.91592866
0.74557376
0.17641085
0.12493657
0.13107304
0.28645393
0.28862676
0.3188968
0.20928968
0.10946239
0.077233806
0.08878892
0.10281203
0.05748622
0.022772267
0.01643288
0.022981115
0.062967926
0.10456435
0.9638173
0.967283
0.96768314
0.9470702
0.10997663
0.037425186
0.019859469
0.019459527
0.03243322
0.037442476
0.054086957
0.11569609
0.8950484
0.9201206
0.077835225
0.043462407
0.023225173
0.03084652
0.11733424
0.22404121
0.973928
0.97759753
0.97241265
0.18441948
0.087726586
0.048489995
0.04627348
0.050203383
0.055795908
0.74893785
0.6820012
0.6679315
0.7119892
0.84576887
0.88173723
0.8448508
0.8947055
0.8964274
0.8496485
0.047799543
0.03038718
0.043641414
0.0346661
0.016732218
0.016506929
0.027083943
0.035759702
0.96914333
0.97980005
0.98517805
0.978922
0.080795296
0.037862014
0.020718316
0.020146597
0.031393833
0.05032157
0.05995972
0.056564238
0.8666808
0.8218789
0.8739716
0.8650999
0.8569425
0.85675466
0.8591362
0.8596268
0.8684109
0.8723106
0.8544701
0.83833724
0.8040417
0.109237544
0.08462328
0.10960412
0.13885519
0.14421183
0.12715937
0.1037641
0.13000388
0.14308228
0.69626427
0.69714016
0.683338
0.33936274
0.2699098
0.27268344
0.2838951
0.35147664
0.7740862
0.76089287
0.73505586
0.08167014
0.07000058
0.0863096
0.12690312
0.13541248
0.13272907
0.60690427
0.07740657
0.12250428
0.897849
0.9337004
0.92107636
0.903507
0.10777425
0.11361704
0.8552324
0.1263104
0.118881434
0.097771294
0.059035324
0.055334922
0.0772657
0.7678216
0.78792226
0.22046633
0.17053252
0.1428126
0.18107125
0.29046893
0.7747356
0.78545094
0.75951654
0.79032296
0.7791509
0.7129128
0.4318284
0.3363715
0.2858263
0.22007202
0.25502843
0.28527528
0.2983156
0.33328858
0.73549175
0.76025236
0.7673836
0.7605949
0.74099004
0.7295823
0.7152455
0.08904266
0.084382035
0.042234372
0.030323474
0.038168922
0.099300936
0.8700307
0.9272176
0.93625104
0.9262463
0.8616387
0.056934614
0.030875174
0.026597774
0.031472072
0.049586996
0.07146238
0.80462074
0.8967025
0.8901046
0.8068067
0.7923179
0.28192636
0.21762313
0.16885082
0.09840187
0.08600692
0.14541523
0.16779384
0.16346996
0.6491224
0.6165313
0.45887464
0.35307962
0.2436824
0.2438571
0.18243669
0.21213591
0.4649194
0.44502762
0.24751674
0.26846772
0.3975861
0.22450845
0.26226908
0.43670484
0.30721635
0.43693298
0.4751756
0.4976714
0.65118855
0.29471084
0.22753946
0.2053395
0.2677538
0.35507607
0.45307088
0.46477157
0.8050442
0.30758214
0.21828657
0.1558404
0.11077336
0.11520159
0.18858153
0.19417554
0.7173697
0.18584654
0.09942202
0.11567267
0.67973423
0.067397624
0.06218374
0.07545931
0.09611939
0.16478014
0.206688
0.7629806
0.09107229
0.06176777
0.067832194
0.09295517
0.12676483
0.10019825
0.0826193
0.07657543
0.09942708
0.15970764
0.15883836
0.6907806
0.5888429
0.10224273
0.101304464
0.6736551
0.6980045
0.09821455
0.08981333
0.09715432
0.1331548
0.68214595
0.7383224
0.73746
0.18797949
0.105518855
0.08620712
0.09642427
0.63440996
0.14207257
0.14281271
0.23502094
0.77253944
0.08693463
0.061240282
0.050331064
0.05081729
0.07172283
0.8048232
0.87629867
0.9237569
0.09655509
0.067366526
0.084302254
0.09238049
0.07711639
0.7608876
0.08995288
0.08632766
0.15556495
0.8071121
0.78469604
0.07977627
0.07130878
0.12736012
0.15455045
0.7600813
0.7232027
0.7396222
0.7161972
0.8128936
0.16333681
0.108488105
0.105802484
0.1019537
0.709364
0.09670013
0.10563695
0.119717285
0.105103254
0.07615517
0.06374462
0.07796396
0.70036775
0.099126354
0.14009134
0.2556824
0.80809927
0.06356391
0.050174452
0.063243404
0.07937028
0.09415576
0.09863887
0.12522578
0.1533383
0.1712269
0.6557554
0.6317409
0.107542455
0.12749112
0.22155116
0.70497173
0.23398025
0.27648792
0.25942802
0.22974363
0.2632698
0.32632
0.40531257
0.7176268
0.70139885
0.28485313
0.25138333
0.31383473
0.3841974
0.7670939
0.7202331
0.7040775
0.7435383
0.747641
0.72734416
0.7189608
0.5280954
0.48246607
0.4031736
0.46292606
0.6884233
0.71518826
0.7289839
0.7623807
0.7830648
0.8066865
0.79561025
0.12699698
0.12082585
0.057385184
0.056095243
0.09514171
0.14204931
0.89856756
0.87064093
0.86713004
0.8492994
0.8385269
0.21392979
0.07379912
0.049941618
0.058180604
0.08986728
0.11761075
0.1724528
0.2539275
0.32774872
0.3342733
0.29357824
0.25725308
0.27658954
0.64524496
0.58899516
0.6084075
0.5
0.4243886
0.45682746
0.39645144
0.52266455
0.29848847
0.32259443
0.55038303
0.55895746
0.27109176
0.24108516
0.25838676
0.27796555
0.41098556
0.8611763
0.81287247
0.14904712
0.14170673
0.17915976
0.8431949
0.8152542
0.25930324
0.78317255
0.806008
0.07638604
0.08358625
0.121243924
0.10946851
0.07261885
0.049910832
0.04291458
0.04582887
0.059836663
0.06447915
0.83523303
0.8143709
0.0652023
0.067345254
0.061046857
0.82585645
0.13349044
0.042211782
0.06067356
0.9095839
0.95253086
0.955151
0.8532501
0.8526637
0.041228343
0.031388372
0.034147877
0.041187786
0.052273717
0.058627337
0.06481488
0.076190524
0.07617958
0.0676793
0.08483094
0.7705251
0.1324997
0.1285154
0.08848474
0.061329376
0.06833481
0.5644698
0.1609704
0.6726294
0.81141794
0.12839708
0.16956829
0.15474568
0.7702611
0.8340443
0.16675654
0.14985427
0.21650288
0.25636816
0.2040318
0.33154428
0.39138907
0.2632535
0.46693793
0.45286876
0.1915151
0.1827431
0.18243313
0.21178548
0.71301544
0.25318566
0.3476333
0.6523272
0.23253496
0.3143135
0.38110405
0.7441356
0.13730042
0.16165014
0.09714264
0.07918972
0.101994425
0.09188331
0.6903164
0.6745583
0.71774596
0.84765697
0.8819196
0.46913636
0.34685695
0.92289966
0.93399024
0.91659564
0.14570493
0.06642782
0.058236662
0.046090007
0.067735635
0.79808664
0.8376185
0.07107722
0.03615495
0.035379454
0.043238763
0.05614393
0.060134374
0.081669696
0.09994381
0.87939924
0.9008298
0.07408701
0.04876362
0.08342246
0.10130189
0.851813
0.0508233
0.035466347
0.045373477
0.05537053
0.05349673
0.050867017
0.8953961
0.89600754
0.93726397
0.93321997
0.9261328
0.93278193
0.9342408
0.93863195
0.9421863
0.92282516
0.8673751
0.84976685
0.047563303
0.026484415
0.022453593
0.022748068
0.022111937
0.024395805
0.027885566
0.026599083
0.027675776
0.04596288
0.9132951
0.9199061
0.7843792
0.79848415
0.054743607
0.031725947
0.029732632
0.033196338
0.036558427
0.026334977
0.026284482
0.029396141
0.027930243
0.028431535
0.027668377
0.033332966
0.042923257
0.036012296
0.03926769
0.05808355
0.063410364
0.04837841
0.057939116
0.09601992
0.13693267
0.15650895
0.12640913
0.09423623
0.655548
0.10438857
0.08402129
0.10206424
0.15726334
0.24613947
0.33876
0.72266144
0.71140593
0.18340619
0.18957365
0.19337161
0.12285195
0.14421725
0.18120047
0.20127025
0.1492534
0.7523234
0.10291292
0.0895505
0.21303576
0.7085332
0.18712139
0.093778335
0.0921054
0.11773703
0.8352407
0.8664623
0.8123271
0.79799455
0.8775841
0.8329661
0.89128846
0.9014161
0.8911049
0.8405214
0.8288476
0.8799187
0.8969938
0.8869801
0.8485116
0.85416573
0.81239367
0.7793271
0.380787
0.74011755
0.15782787
0.21011004
0.32865003
0.7215611
0.17567809
0.13120376
0.2013533
0.66769224
0.16706237
0.23419642
0.26170805
0.17540269
0.20760982
0.24328361
0.20212847
0.20189776
0.19082963
0.24628213
0.733766
0.83320385
0.8540067
0.8043675
0.78849906
0.52086544
0.38020843
0.19895142
0.18041405
0.2890111
0.5730801
0.5398741
0.32950166
0.3120159
0.47388226
0.48783106
0.4170608
0.4537472
0.53212166
0.49078476
0.49955404
0.5
0.65589714
0.83700776
0.91900843
