0.9541124
0.96557295
0.9684743
0.9690805
0.9676432
0.9654319
0.9570527
0.9470966
0.9242255
0.18407246
0.12950376
0.1481061
0.8269417
0.2250891
0.8241084
0.044268843
0.025988733
0.024767194
0.03000464
0.034071922
0.040986825
0.051569566
0.06664083
0.08792531
0.91451377
0.10134307
0.09745723
0.8803731
0.038818162
0.021533165
0.020784637
0.025338652
0.03441336
0.039401673
0.050181534
0.8630058
0.0770437
0.07724776
0.07965632
0.88507473
0.85337675
0.2449172
0.8865443
0.19691293
0.16661765
0.89226073
0.06519968
0.035379335
0.027903555
0.023139674
0.022330938
0.023598475
0.02429592
0.026582694
0.033946585
0.041822772
0.05805576
0.90353817
0.084964074
0.08950897
0.8999028
0.035755515
0.022689467
0.031713013
0.04508534
0.9583583
0.9766011
0.98381823
0.9828005
0.9685111
0.95916253
0.034722112
0.028056221
0.030055169
0.06416005
0.90762293
0.10482009
0.08982267
0.87250805
0.046857912
0.025643898
0.018157987
0.019243347
0.022259427
0.024262315
0.025327815
0.029515784
0.036222402
0.04437856
0.06610333
0.91006756
0.25069645
0.27943885
0.8899988
0.2769003
0.89482695
0.90826494
0.10838553
0.099644765
0.09657481
0.8934533
0.045037556
0.02511198
0.022602502
0.026852764
0.031141797
0.034167703
0.04887811
0.86021197
0.088881016
0.09525108
0.8896433
0.05349278
0.04007055
0.031198127
0.026321793
0.027368803
0.03004566
0.034407847
0.04226734
0.077245004
0.90029997
0.16681042
0.8709213
0.09174124
0.079037
0.10482555
0.92195827
0.95536005
0.97274226
0.9573385
0.9626662
0.96811944
0.9677805
