0.23717652
0.15517274
0.16958924
0.20727505
0.33253306
0.8248422
0.9033269
0.89829814
0.82500297
0.7311951
0.1481584
0.11075603
0.11823374
0.0897865
0.114941135
0.16079961
0.18368448
0.66635734
0.19404653
0.20910797
0.19223873
0.12170584
0.081037894
0.08135212
0.7168401
0.7227799
0.22634925
0.20724966
0.29228863
0.7780209
0.7861062
0.77235514
0.7590016
0.07893579
0.06352257
0.07346927
0.09419363
0.1477614
0.13198815
0.061944734
0.05229656
0.7603825
0.70796424
0.7829585
0.8879337
0.8665042
0.8325186
0.80278814
0.80149734
0.07710708
0.08632402
0.10303083
0.10779302
0.09488242
0.06594771
0.05165453
0.06419046
0.7544383
0.74070615
0.75047874
0.12105651
0.11905021
0.2316247
0.8071461
0.7856989
0.0796649
0.06755184
0.07795764
0.12135602
0.17893203
0.200486
0.64458257
0.7154302
0.8204253
0.8126915
0.5987879
0.14482446
0.11969756
0.10710223
0.11272763
0.7945338
0.15684572
0.12150531
0.7583175
0.100213766
0.09975962
0.282633
0.73304886
0.7947824
0.7939985
0.7988668
0.08549008
0.069229886
0.08538795
0.10882709
0.07511587
0.07295043
0.76559573
0.09103467
0.07862051
0.121739954
0.76846194
0.062706456
0.06000925
0.10474993
0.17206027
0.94396096
0.9636067
0.9541309
0.09333854
0.044824038
0.03780047
0.08859838
0.7635657
0.06252419
0.073817775
0.13321024
0.84470046
0.864956
0.894154
0.10395909
0.09385111
0.12507595
0.12865503
0.073291264
0.06040656
0.75630784
0.7229134
0.7300275
0.69889796
0.18479003
0.12908025
0.13160756
0.76933724
0.7694449
0.80661935
0.16402003
0.15937544
0.6494451
0.10021844
0.09625612
0.09815726
0.1282094
0.73152566
0.8187285
0.42430452
0.36087117
0.21750048
0.19771203
0.26576072
0.18452439
0.16398832
0.23077995
0.36779118
0.20255342
0.19720119
0.2530382
0.63462204
0.8303623
0.8768124
0.8186742
0.68062896
0.7185509
0.7721109
0.6682594
0.5533374
0.56083757
0.6590153
0.6635599
0.7911854
0.47068918
0.6036398
0.84861994
0.12245302
0.06815586
0.07165165
0.24067058
0.2922138
0.87158525
0.8292586
0.705929
0.74346924
0.17922986
0.14069676
0.086414725
0.060555957
0.09449845
0.6628993
0.2506816
0.40427497
