0.8708801
0.78690153
0.77336216
0.8227941
0.62684256
0.19356975
0.15938723
0.18102387
0.14933357
0.13052824
0.15705092
0.1576032
0.13932091
0.13316348
0.16967049
0.2330007
0.7342973
0.14318429
0.11364841
0.13406107
0.13539255
0.06667754
0.05726624
0.07271885
0.053491194
0.10308821
0.23808858
0.28838515
0.9472624
0.9310305
0.813037
0.8146468
0.82146937
0.13847621
0.11643986
0.099056095
0.081670195
0.10220633
0.09850901
0.10108382
0.6957898
0.62689507
0.5888434
0.5827687
0.6031813
0.7383624
0.756824
0.76281434
0.7996133
0.78248304
0.22382446
0.16519773
0.1535086
0.12956914
0.73627067
0.80758893
0.7803111
0.7590715
0.6553604
0.16888423
0.18830985
0.13045889
0.13916196
0.6721157
0.6103951
0.60754365
0.64672005
0.75522614
0.34129325
0.17349541
0.15233344
0.6774444
0.789275
0.8093376
0.21942165
0.10796551
0.08784621
0.113258004
0.139012
0.14354526
0.13592646
0.80133176
0.17520148
0.122772515
0.08150253
0.11636065
0.13953607
0.11178999
0.8231432
0.77833563
0.761141
0.16172788
0.16562791
0.15827121
0.7968016
0.7868183
0.8376695
0.7467195
0.68726146
0.74724406
0.8482475
0.8879805
0.87295836
0.22430718
0.30160764
0.27528667
0.89580667
0.90324587
0.17948924
0.20144045
0.17883384
0.12485555
0.11438259
0.08410212
0.7970208
0.8108981
0.8137676
0.80043787
0.78978735
0.7888166
0.21997996
0.19692211
0.2309733
0.2041626
0.19653629
0.25373974
0.3076259
0.777532
0.20452079
0.20035708
0.27160856
0.6627135
0.69629645
0.7341932
0.75544417
0.7280734
0.6820715
0.73418343
0.73531
0.22663271
0.1222041
0.083751425
0.08021627
0.11305673
0.16740331
0.2028082
0.28152004
0.29390904
0.22884658
0.2178193
0.34015465
0.75890017
0.78315866
0.7853642
0.6758902
0.30287266
0.243816
0.25791892
0.63532484
0.6963985
0.66401076
0.65457183
0.67313325
0.7260015
0.673389
0.5879041
0.638189
0.6809137
0.7058263
0.7215647
0.71927285
0.69814295
0.682949
0.64603287
0.63059115
0.67661476
0.8298919
0.90871304
0.9305877
0.9338527
0.92560613
0.9028204
0.905997
0.87721556
0.8076393
0.85449535
0.3349083
0.34903115
0.2505948
0.7805076
0.27282044
0.12781921
0.13082679
0.592872
0.6594509
0.7057516
0.87943393
0.3119827
0.20523253
0.29765907
0.68654066
0.7497975
0.7897209
0.19472201
0.2918947
0.39204818
