0.33031365
0.29842454
0.34292075
0.60149
0.778452
0.7832632
0.6407584
0.56586254
0.48610517
0.5
0.5604321
0.8147993
0.83253324
0.8169526
0.75968105
0.7222187
0.70152986
0.7096891
0.74641955
0.75931084
0.79035914
0.8293692
0.24020606
0.1924557
0.1387051
0.07117064
0.06808546
0.05135676
0.06993029
0.08976173
0.07663678
0.047138233
0.040941976
0.036870055
0.037478797
0.041593004
0.063152276
0.12616901
0.9327718
0.92885065
0.8922019
0.11809139
0.050861087
0.048075024
0.05485088
0.052374035
0.85671073
0.9118427
0.05821984
0.03482228
0.029270805
0.038151614
0.05971816
0.13244043
0.9390993
0.91482043
0.90542656
0.93846834
0.9236963
0.8978914
0.9223928
0.08721605
0.035406575
0.03584368
0.035555955
0.067324564
0.08868235
0.8870044
0.9097724
0.050282072
0.03041016
0.031660758
0.04409077
0.10257046
0.8869406
0.076377906
0.02890732
0.04067927
0.057393596
0.08867326
0.94916564
0.9347533
0.8854226
0.06905218
0.04162324
0.03304077
0.02941956
0.039555013
0.056950297
0.05950652
0.053452257
0.05089352
0.044000994
0.04202655
0.039086487
0.03475161
0.04168104
0.058934703
0.09845769
0.8395669
0.8326056
0.87275374
0.16272956
0.11632686
0.1286666
0.16553877
0.2523305
0.86875534
0.18258673
0.06355231
0.048967224
0.046447903
0.0339781
0.04612243
0.098974995
0.12853421
0.91813266
0.91495997
0.87058085
0.8393209
0.21342804
0.11169369
0.06251082
0.054644257
0.06534554
0.06867496
0.08280628
0.15253857
0.7566145
0.5283693
0.45207682
0.3912528
0.57228893
0.540648
0.109485954
0.15091337
0.13640314
0.19175288
0.22252329
0.7578345
0.76073706
0.7261275
0.15571596
0.20807284
0.19990315
0.17174095
0.7692222
0.73684984
0.7904919
0.8209477
0.7893714
0.79816556
0.85720176
0.87325245
0.84604174
0.77544636
0.73140204
0.13213168
0.11731914
0.083119996
0.093552135
0.7015253
0.743568
0.79271454
0.2766169
0.23964672
0.16494898
0.11455324
0.106960386
0.63492215
0.7511903
0.47499648
0.5
0.503312
0.5
0.5
0.21849434
0.18728599
0.2034443
0.21417698
0.2504723
0.3533625
0.8029488
0.75854456
0.80748296
0.8090602
0.7819978
0.8099551
0.13567656
0.16398282
0.17985241
0.1688964
0.16320305
0.14482227
0.120454624
0.839744
0.7539696
0.7706726
0.82406616
0.8824852
0.88641316
0.84702
0.86706513
0.86173016
0.13953425
0.14505084
0.13897198
0.1290341
0.116737746
0.087286234
0.07447972
0.76457274
0.8054614
0.79586726
0.85100263
0.83588004
0.6975028
0.321498
0.3338706
0.42097628
0.523742
0.8402928
0.60179067
0.6223607
0.8675503
0.85026664
0.7893737
0.73983693
0.70893
0.7682606
0.7130543
0.8570417
0.90269446
0.9116625
0.8995497
0.8482526
0.31609333
0.16276999
0.10609349
0.087584995
0.0655076
0.068691105
0.12296421
0.13092333
0.8698296
0.8719548
0.90642047
0.9013944
0.87657887
0.84448075
0.85281533
0.81000394
0.7795692
0.20805198
0.13046952
0.081612326
0.075082995
0.08148949
0.09163596
0.1076688
0.19084074
0.7049492
0.71267796
0.6872239
0.7037962
0.6887566
0.63545614
0.58738923
0.5494704
0.5
0.5
0.51114655
0.592794
0.59825635
0.6873516
0.7421486
0.73375535
0.68211484
0.6444379
0.6347513
0.6086567
0.6138237
0.4161029
0.39635766
0.4284829
0.3956904
0.5640051
0.49274552
0.36020046
0.40488312
0.51178277
0.57804567
0.65422153
0.7217425
0.68361074
0.6482867
0.529262
0.41771483
0.42230237
0.68733716
0.6417447
0.21233974
0.21211733
0.3375721
0.3511932
0.2879098
0.76309454
0.6960598
0.07504355
0.06541014
0.066019565
0.089517705
0.11039526
0.12175199
0.1326575
0.88654834
0.122716814
0.031599525
0.019989654
0.021874575
0.022791348
0.025293414
0.06545233
0.9529836
0.96865106
0.9614457
0.94653386
0.944666
0.072098985
0.043405533
0.029988462
0.02404962
0.029136915
0.04971874
0.07756518
0.907617
0.92485607
0.10042967
0.06659023
0.0549465
0.046519518
0.08020681
0.10716915
0.13003081
0.83838993
0.09351914
0.10970183
0.1033302
0.101267606
0.13307278
0.65661234
0.42404905
0.50778365
0.3720123
0.2408058
0.22647181
0.4169782
0.173316
0.13074678
0.15661019
0.59519136
0.14715856
0.12680416
0.12673731
0.11989821
0.14673501
0.24278197
0.9106193
0.9154573
0.88892937
0.90562797
0.88254595
0.7837865
0.8340702
0.14091498
0.073060006
0.061930146
0.06106419
0.13797744
0.22231011
0.7510407
0.68649733
0.15817444
0.12592566
0.12949277
0.140128
0.14460555
0.10689768
0.07368494
0.068521574
0.13688979
0.81014866
0.8301213
0.86977154
0.82176423
0.7696914
0.69394773
0.70901626
0.10599039
0.072605595
0.07395939
0.12438633
0.15979953
0.17186064
0.6975495
0.62147737
0.7294557
0.6940281
0.6595541
0.16807425
0.14240459
0.12680596
0.12827536
0.13165314
0.11390556
0.071285985
0.09979299
0.08524435
0.81912315
0.8302691
0.16387106
0.21306936
0.24281353
0.24409708
0.78011566
0.16895522
0.2451718
0.78917927
0.82100415
0.17318568
0.102843
0.044981804
0.03311258
0.044756595
0.8578166
0.8870523
0.9140167
0.9102791
0.91719496
0.09329467
0.09601493
0.06722703
0.0934546
0.13355386
0.8001177
0.7502274
0.67712486
0.71054494
0.7926251
0.18145455
0.14569473
0.77363104
0.13102892
0.11711726
0.09346743
0.09366663
0.7539271
0.703238
0.0995929
0.09496841
0.09147265
0.09235262
0.097406454
0.11077924
0.12891467
0.17262487
0.2593283
0.87539005
0.86735696
0.37525123
0.2672601
0.37853375
0.6137924
0.5878469
0.49367726
0.45307386
0.3274693
0.38337436
0.550135
0.8102669
0.8068419
0.80961984
0.35810176
0.35354137
0.27043447
0.70779574
0.71056443
0.14147553
0.10659592
0.06835978
0.07390693
0.11645986
0.081265464
0.1052464
0.69726604
0.7627722
0.80723107
0.8144879
0.7413552
0.75247616
0.07062245
0.050580017
0.06580076
0.13869788
0.845979
0.08795035
0.09368201
0.09321391
0.08329265
0.071240336
0.121253945
0.94028735
0.9222602
0.8746487
0.8770756
0.09781865
0.054947753
0.048575982
0.04744828
0.046924673
0.059136536
0.7544007
0.07229291
0.048137907
0.046992436
0.07151017
0.80836743
0.8068876
0.062465124
0.046165604
0.043722857
0.056851324
0.0786067
0.10740812
0.087152496
0.09378274
0.13312249
0.17702854
0.5906378
0.54843706
0.22209196
0.21129258
0.34659505
0.3781794
0.48365548
0.73405457
0.6810902
0.8050274
0.849916
0.8367314
0.77444553
0.8031637
0.13222247
0.103759885
0.15496998
0.12487677
0.11174902
0.08443048
0.05051258
0.06973659
0.8716937
0.906421
0.82504576
0.08002753
0.070752755
0.22814889
0.25497422
0.23468815
0.16085148
0.1043691
0.0985301
0.5821082
0.6230349
0.67802143
0.7206626
0.63922703
0.56686556
0.33597863
0.29149777
0.323853
0.42645994
0.523081
0.68142813
0.6212041
0.41569802
0.339069
0.32989007
0.4466532
0.577812
0.4718871
0.39040184
0.35534436
0.35004058
0.40944704
0.37260062
0.40555394
0.56277186
0.6185074
0.5340672
0.59360796
0.5330587
0.6110708
0.6017829
0.71323013
0.71742797
0.6634782
0.24517539
0.21331368
0.18145487
0.13915391
0.15584964
0.14317274
0.72262186
0.81830317
0.7436959
0.2657448
0.23778185
0.2057028
0.27745932
0.34187928
0.3260319
0.65057683
0.7671833
0.8075099
0.6395534
0.5473646
0.5
0.4499772
0.3753073
0.29214734
0.6907458
0.6622067
0.61733925
0.5
0.5380237
0.6271385
0.7348139
0.75838304
0.69627666
0.3724089
0.47731477
0.49188775
0.4981229
0.5025766
0.5354719
0.7360638
0.73131686
0.6696836
0.638517
0.3938863
0.35086992
0.31131694
0.40006676
0.56618345
0.6649306
0.609358
0.4346199
0.3619952
0.34134194
0.38858664
0.73586684
0.8634531
0.89850885
0.9066862
0.8961691
0.8953545
