0.8830239
0.8176253
0.41126254
0.5828278
0.40889305
0.5
0.3668232
0.4565052
0.21126741
0.19237563
0.2062581
0.22013035
0.8204021
0.8081536
0.29933608
0.2146522
0.51432586
0.27934495
0.31916758
0.5474746
0.17762649
0.14058036
0.13018964
0.17938676
0.2762071
0.4292002
0.8291876
0.31988358
0.26660436
0.7684714
0.5852356
0.5365782
0.6135134
0.62015325
0.059817944
0.05302545
0.1876569
0.24997166
0.95821303
0.9655034
0.94503886
0.10469867
0.05530928
0.07765229
0.058565162
0.109194145
0.109722815
0.7315374
0.6846122
0.8774763
0.769299
0.19067483
0.07824808
0.043078735
0.040598247
0.032674965
0.028980441
0.024031583
0.029880928
0.04178215
0.071631044
0.17748278
0.9456348
0.06538361
0.02229854
0.01831169
0.021854797
0.02500396
0.025605444
0.027301576
0.039522413
0.53438914
0.18511342
0.94475883
0.9703031
0.96180606
0.8966879
0.03612612
0.01592063
0.013743289
0.019275794
0.013381676
0.011546453
0.017319715
0.94410455
0.9619715
0.98829263
0.9875721
0.977804
0.022468457
0.011791253
0.011289362
0.013192655
0.018239237
0.024474392
0.05267905
0.9274611
0.8136775
0.80241066
0.055525564
0.027832575
0.024884468
0.027311174
0.025071109
0.027127797
0.046851855
0.0858281
0.09131325
0.8956112
0.76384544
0.07402502
0.04935422
0.03132541
0.031002657
0.04445895
0.06765306
0.08718646
0.07237916
0.16074932
0.8438793
0.19496228
0.22711056
0.6694336
0.09289897
0.088264406
0.08082416
0.12852253
0.22629476
0.33796364
0.8132241
0.3284769
0.33019283
0.45056424
0.13574776
0.118685976
0.65533924
0.7189486
0.18477756
0.14844961
0.25952682
0.75387
0.9356353
0.93826157
0.17075257
0.07361641
0.033669855
0.023166273
0.023604413
0.029606987
0.03029987
0.028463256
0.043372903
0.056578517
0.9380496
0.043680206
0.017255904
0.021495104
0.8958995
0.8845809
0.915456
0.9796846
0.98579526
0.979541
0.92457837
0.8960858
0.030866323
0.03148937
0.04280588
0.91830754
0.93226427
0.056016903
0.042138416
0.06502917
0.029478656
0.0223888
0.02892886
0.037173066
0.07797971
0.10537992
0.12034194
0.7656783
0.93193996
0.91879433
0.36248443
0.43089965
0.3206273
0.6074685
0.8741425
0.8729802
0.62710893
0.49327084
0.1310842
0.111347936
0.7323907
0.8814353
0.88723236
0.6332429
0.21512763
0.19775227
0.6968414
0.2333661
0.15621156
0.16187142
0.20189247
0.40342778
0.18565637
0.21298575
0.4366344
0.52610135
0.5049573
0.69696873
0.43896717
0.4884405
0.51510215
0.5741694
0.73539746
0.20225887
0.23274098
0.7103079
0.26514855
0.113275655
0.08357409
0.07304383
0.12769619
0.8333159
0.8549226
0.25875175
0.63324386
0.53296196
0.68172103
0.59808487
0.17511877
0.8264693
0.9280411
0.93922865
0.3045505
0.15015113
0.081348225
0.17249852
0.123345405
0.62645805
0.27668494
0.35377336
0.8344225
