0.9500585
0.9249452
0.9076535
0.78718364
0.7804024
0.7591976
0.83547735
0.22790536
0.14241594
0.11173271
0.09266204
0.07298462
0.056856055
0.10399931
0.098100536
0.057182685
0.0640693
0.8141671
0.82103014
0.14498763
0.07545811
0.047760513
0.026103176
0.024682606
0.033258792
0.0689239
0.9374059
0.95910025
0.96265805
0.92719394
0.95527655
0.06914234
0.027237687
0.018312108
0.01584493
0.019283107
0.031748164
0.06925495
0.8502613
0.96174717
0.9660588
0.9418238
0.8452704
0.89253175
0.066808976
0.04053842
0.04498332
0.055710554
0.14380722
0.16741848
0.8456247
0.7112745
0.6112153
0.45532176
0.1169314
0.07392785
0.05080776
0.04186437
0.059712183
0.08449266
0.08961871
0.094815694
0.18768127
0.9405781
0.8587212
0.054599937
0.027978236
0.026218325
0.02671193
0.025548708
0.02495013
0.03658869
0.64318496
0.20742536
0.9550923
0.97321963
0.96141917
0.8743267
0.03167412
0.015393562
0.012748038
0.014131267
0.016545748
0.012086894
0.01780157
0.96550524
0.975069
0.9900205
0.98829824
0.97817355
0.022395283
0.012024464
0.011044814
0.013862356
0.018779712
0.022863844
0.045525797
0.9320519
0.8402979
0.76875395
0.049350582
0.026221905
0.022317208
0.023946464
0.02228067
0.027735561
0.064649686
0.15428141
0.9420545
0.91951275
0.8032114
0.13484377
0.10760271
0.08238892
0.078458875
0.11439036
0.6448879
0.0966891
0.07445154
0.07164538
0.16491528
0.7954588
0.745555
0.72269523
0.6747925
0.15771371
0.15148115
0.1303971
0.15060139
0.6271525
0.2268086
0.42789274
0.82391214
0.825119
0.26301008
0.25374195
0.8293437
0.835344
0.844611
0.16822101
0.1304674
0.7461067
0.791996
0.9546185
0.95090735
0.13362026
0.057576943
0.030253943
0.023521919
0.027074726
0.03344583
0.03624598
0.037208755
0.04625762
0.06948356
0.9247386
0.07531885
0.03479591
0.03710711
0.7721241
0.1675944
0.90798557
0.97651017
0.9817939
0.96717596
0.15306348
0.8144914
0.038915005
0.03773088
0.047886122
0.9256633
0.93593913
0.054804813
0.03630551
0.045669824
0.026400672
0.025710637
0.02905354
0.033213202
0.048472945
0.058888692
0.071838774
0.85769886
0.92230767
0.3822341
0.2647329
0.80796635
0.15173642
0.14809194
0.79636365
0.70709115
0.28124115
0.5111602
0.5938845
0.16528304
0.4606722
0.6105605
0.7079763
0.6944407
0.522379
0.14801648
0.30480573
0.56192726
0.43293145
0.14093159
0.13926938
0.12706065
0.09605493
0.09027528
0.08772994
0.68026054
0.08674134
0.0876639
0.1692645
0.34734967
0.7974856
0.8424166
0.8657053
0.25336376
0.26429006
0.78001505
0.7920388
0.15463457
0.13176934
0.67487484
0.6290362
0.73836076
0.80412817
0.8000561
0.8742574
0.83917123
0.8108678
0.21861705
0.40215462
0.8781398
0.91066134
0.34890807
0.18909678
0.69757676
0.17763796
0.2580345
0.13687019
0.120235294
0.66388625
0.19731118
0.3122271
0.18222289
0.12891
0.4718986
0.58731693
0.79629034
0.2540893
0.2723545
0.44292444
0.51944935
0.67725635
0.5898256
0.60641545
0.7599858
0.7462519
0.9004502
0.9280124
0.8554922
0.31708848
0.24807633
0.24847306
0.305524
0.7055592
0.6596521
0.6862778
0.7381193
0.62852
0.6287902
0.6728512
0.8023662
