0.5895812
0.5134529
0.523693
0.7288921
0.7345464
0.7213741
0.7195624
0.5240562
0.33374652
0.35062182
0.3686961
0.33487824
0.26093882
0.3598632
0.24205421
0.21444188
0.256325
0.36036944
0.23914596
0.25380987
0.39074266
0.41813117
0.39269337
0.5162632
0.45588136
0.5799043
0.53624356
0.49610218
0.47814092
0.6602622
0.5907494
0.40438214
0.24880491
0.17877875
0.15182477
0.19960211
0.33972952
0.3209146
0.41124117
0.7324801
0.46266735
0.22264315
0.18645465
0.18468204
0.1862198
0.2342444
0.20938513
0.16945843
0.5953928
0.100844495
0.14830361
0.20631589
0.8475349
0.21358867
0.073673196
0.05670103
0.0607693
0.10048099
0.074781075
0.060753945
0.07591871
0.07308747
0.062347397
0.051039215
0.057933975
0.7011372
0.061226465
0.061550908
0.10424493
0.13939437
0.8947478
0.95832807
0.97149134
0.9780001
0.97554547
0.9529921
0.96313787
0.9329059
0.9073679
0.038127564
0.02254495
0.01830867
0.019485129
0.021689864
0.02241988
0.023203386
0.029164668
0.05406948
0.89611864
0.8914412
0.11641949
0.12788178
0.79663986
0.8366854
0.85531765
0.8961264
0.8442098
0.14516993
0.17195088
0.8881649
0.93380815
0.9152125
0.943475
0.922423
0.8420307
0.17574209
0.09738331
0.077993885
0.0614065
0.052255314
0.08013288
0.08940828
0.10653313
0.10638245
0.12337409
0.58175
0.10072994
0.13561796
0.16433054
0.14761609
0.6723531
0.5907096
0.5004249
0.23820408
0.25079823
0.2815028
0.31551918
0.34996867
0.3898894
0.6172934
0.5640397
0.5628606
0.591602
0.6833014
0.69595635
0.5864575
0.6004889
0.3047743
0.2115655
0.17774612
0.2156618
0.7164193
0.736991
0.20420457
0.19836612
0.31580162
0.36786032
0.74657065
0.77728975
0.11774742
0.114157856
0.23621422
0.30685714
0.8944963
0.9072836
0.8942401
0.37619272
0.23670861
0.1601052
0.7690593
0.7609685
0.7381884
0.73980975
0.11829413
0.10187454
0.10740305
0.68920535
0.7976744
0.78817177
0.27223954
0.22214852
0.12930892
0.10640831
0.6485568
0.5980393
0.17415151
0.18358307
0.17574754
0.20626236
0.80215174
0.84843266
0.8215974
0.82223135
0.8562622
0.84858274
0.7817751
0.7911023
0.24057846
0.20592132
0.27409983
0.3307459
0.37415507
0.8144612
0.6838713
0.6778446
0.7241361
0.15264909
0.15123586
0.13618946
0.7325539
0.8140899
0.7703459
0.8286702
0.67052287
0.15856914
0.21274817
0.1882405
0.7614717
0.8638506
0.8880495
0.40304366
0.31551203
0.22675069
0.1267733
0.1128622
0.6250012
0.66440135
0.7477778
0.69498986
0.1760809
0.13840052
0.09069401
0.0799241
0.11271412
0.8933118
0.8968425
0.8396477
0.9019266
0.056252014
0.033571012
0.040543076
0.05603247
0.03134369
0.027632233
0.03439432
0.032457598
0.0627219
0.91342604
0.9072106
0.9739126
0.97133654
0.9359599
0.15205103
0.08522796
0.77413404
0.041564148
0.037990175
0.03831308
0.032047763
0.04230234
0.04522224
0.051872946
0.814658
0.8484154
0.08293667
0.090240374
0.11099959
0.16321899
0.33648935
0.87917006
0.8806509
0.84242374
0.7457113
0.70425737
0.8166068
0.8539913
0.8397301
0.7739182
0.83658344
0.7778593
0.6905119
0.12032087
0.10964659
0.12834837
0.08669279
0.0655583
0.06435722
0.08115611
0.8555943
0.2821468
0.15855683
0.813777
0.13499108
0.043251187
0.044661723
0.09551168
0.16675682
0.9393049
0.94442177
0.9222391
0.9140394
0.16826572
0.09416686
0.07187957
0.07658707
0.119160846
0.7195671
0.11099766
0.16832818
0.731719
0.07609037
0.092356965
0.23879196
0.8500637
0.11735519
0.09066057
0.091736436
0.072853714
0.07115766
0.07184088
0.14637277
0.31150672
0.6424438
0.75330037
0.5870377
0.21319242
0.16929477
0.17010462
0.18091677
0.24294892
0.60809404
0.4553537
0.5272336
0.53391755
0.16140677
0.11317049
0.11669994
0.14801517
0.17934683
0.11522731
0.055230822
0.035038218
0.030366747
0.030349627
0.057111338
0.15771239
0.93543786
0.9531284
0.93654966
0.9480769
0.94429076
0.9247287
0.87023884
0.875155
0.8405685
0.045423526
0.036959164
0.040805332
0.059355564
0.055979054
0.071760535
0.119037405
0.12675135
0.242862
0.6436748
0.10187326
0.11101013
0.15091646
0.3398196
0.3390783
0.3317792
0.502054
0.45425782
0.42759043
0.33096787
0.32985416
0.3477466
0.5943574
0.22489326
0.19397995
0.25760084
0.649097
0.18662001
0.12898737
0.13541533
0.56278133
0.5622318
0.63209003
0.8465663
0.874772
0.8047962
0.8522786
0.753759
0.8044194
0.71845055
0.7403824
0.8610137
0.899784
0.90099126
0.8680518
0.7561182
0.854405
0.81801194
0.8074597
0.84670883
0.82764405
0.84019554
0.7796228
0.6999905
0.14495634
0.11148005
0.1685991
0.73564154
0.15301162
0.15140381
0.15176538
0.17675155
0.29017532
0.45113376
0.8307906
0.7833742
0.7227164
0.68317515
0.212431
0.14350364
0.13970755
0.67288804
0.8260299
0.8736578
0.8497552
0.87925225
0.87135446
0.77396697
0.69505644
0.70006937
0.6297756
0.1742534
0.23229675
0.4073511
0.8269366
0.79080635
0.71220404
0.5945647
0.21128088
0.16502443
0.19061542
0.61224586
0.713516
0.74707603
0.8155382
0.840596
0.78760177
0.26006126
0.17549497
0.11685364
0.095474504
0.75081897
0.8282002
0.8642681
0.84987295
0.18560617
0.17668879
0.2676598
0.3956987
0.7730337
0.8441349
0.8342413
0.7628907
0.76805717
0.7110706
0.6351746
0.13282925
0.14211012
0.22140552
0.87068194
0.9279621
0.92759776
0.8651829
0.1893763
0.12299991
0.11739134
0.61252534
0.6075394
0.14598194
0.1482374
0.14736886
0.072023116
0.060519252
0.8026984
0.8149829
0.8102305
0.9287374
0.9276826
0.10754508
0.045825556
0.04261075
0.06688354
0.053565092
0.057611577
0.10267165
0.10327935
0.11915194
0.07457134
0.07344751
0.7349322
0.077526525
0.05098884
0.06216517
0.86977655
0.80739474
0.9175569
0.9538911
0.96447474
0.9499152
0.060429733
0.03939212
0.04677668
0.7570766
0.051012978
0.04761554
0.039603226
0.035726942
0.06879551
0.83757764
0.052469444
0.043220952
0.042642653
0.038327914
0.05464091
0.09120279
0.8460856
0.87348276
0.84919965
0.8248618
0.8240223
0.15475716
0.13552777
0.16568916
0.205116
0.18026438
0.59528726
0.48616844
0.46807382
0.52434117
0.7436439
0.8217636
0.44559732
0.40842158
0.31016937
0.29281896
0.34443212
0.4220191
0.5625696
0.6335196
0.72733486
0.8790079
0.91295654
0.8932216
0.25626773
0.16792816
0.1354178
0.1902992
0.18612587
0.08510433
0.09726868
0.8162159
0.07914242
0.07236781
0.040395197
0.032682315
0.03938235
0.06677743
0.04202825
0.039044466
0.056729984
0.03428719
0.032159027
0.045472298
0.022667188
0.018594729
0.022399811
0.050194304
0.18752685
0.96293354
0.9355479
0.8965711
0.093366936
0.041138574
0.032141697
0.03157208
0.034156445
0.03636463
0.039566204
0.04468651
0.074964724
0.8450228
0.80834
0.9181267
0.91394675
0.761105
0.09470365
0.058130417
0.06539533
0.70984477
0.062447548
0.04971538
0.0592664
0.1230565
0.2065972
0.85314333
0.051075146
0.028006181
0.02435113
0.028106319
0.03933423
0.068994515
0.93108153
0.95627886
0.90461713
0.054156046
0.032131635
0.03016126
0.031989925
0.03634907
0.059454508
0.88218683
0.07661417
0.04949759
0.038465347
0.042485815
0.07598749
0.8373391
0.8194721
0.07205179
0.048010685
0.046334952
0.050779916
0.04916184
0.049919993
0.05256029
0.05334777
0.06612165
0.07512354
0.10629191
0.78041786
0.7348943
0.18338075
0.17256486
0.7835746
0.13135375
0.123620205
0.1983425
0.25266132
0.24475054
0.13278827
0.1521649
0.21770269
0.15661499
0.15404424
0.23345006
0.33464316
0.46428812
0.46082655
0.3730352
0.36845228
0.30107278
0.32088062
0.7667553
0.858514
0.84837043
0.7275109
0.5
0.34768677
0.31196642
0.2877436
0.26981607
0.3105564
0.3794692
0.51943946
0.82934695
0.86733955
0.8015716
0.21979837
0.13948879
0.121697165
0.24097265
0.86651814
0.9081266
0.82619035
0.91001755
0.8843732
0.8025668
0.8707547
0.85765684
0.7818098
0.8429314
0.773439
0.16576569
0.13534442
0.14011876
0.21304502
0.76590365
0.83122945
0.57544667
0.33793253
0.27224287
0.26809534
0.26359215
0.31268898
0.47747207
0.45894727
0.57027876
0.7049656
0.7233181
0.64390856
0.76718056
0.7952445
0.78329176
0.5
0.43328017
0.42388606
0.46542725
0.6137541
0.103000805
0.08911545
0.053244457
0.045570936
0.046246808
0.037407517
0.017127056
0.01268749
0.012903025
0.019247746
0.029198188
0.0479717
0.9709781
0.97928417
0.9759375
0.12824745
0.09910223
0.060930245
0.021496719
0.017448476
0.019226288
0.02306385
0.031506825
0.03601477
0.051883716
0.11485666
0.29680496
0.91851234
0.94491863
0.9360026
0.3575122
0.1720057
0.13376111
0.1377825
0.8349036
0.13646957
0.076014
0.04249636
0.04140826
0.06795817
0.8398836
0.82704824
0.8509471
0.31412932
0.25733423
0.17661339
0.0898686
0.091420926
0.8512106
0.811737
0.88432705
0.849222
0.87647307
0.86329967
0.7589607
0.726535
0.7785734
0.89494216
0.9114443
0.88658035
0.9079541
0.87540346
0.88426685
0.87919915
0.09350067
0.060350433
0.07826848
0.09665111
0.15702331
0.8037256
0.05825191
0.043797236
0.05638417
0.1039244
0.14120753
0.1745152
0.11252117
0.1270887
0.13223906
0.18848315
0.17427853
0.16897903
0.19464757
0.23628443
0.41631657
0.67761964
0.82256913
0.83928734
0.7713674
0.8919798
0.90968513
0.8769419
0.09684107
0.062053982
0.06289346
0.15105239
0.120195314
0.07933318
0.8899377
0.9515665
0.96227795
0.9328211
0.7272873
0.15890513
0.13402812
0.11796132
0.088696145
0.055244237
0.08824566
0.681562
0.7200277
0.57513535
0.57178956
0.64886653
0.56423753
0.6425644
0.7855395
0.8177506
0.7093489
0.2474336
0.26273033
0.2143849
0.13360924
0.09276203
0.124184474
0.101019345
0.8823143
0.8420602
0.90906006
0.8808013
0.81325877
0.8390168
0.8956937
0.88027084
0.08821052
0.08505933
0.10966763
0.15288009
0.16976875
0.2249103
0.3195913
0.30847284
0.48372152
0.6028279
0.60991794
0.5965383
0.89780784
0.90747595
