0.8974554
0.7862258
0.7720726
0.51455754
0.5312377
0.38678005
0.318497
0.35170278
0.46312267
0.36129677
0.32291496
0.37691733
0.24473427
0.35640004
0.17547666
0.17356713
0.2046613
0.2205838
0.38707522
0.6019247
0.8515246
0.8083469
0.34461987
0.38775125
0.5311432
0.21040463
0.11329562
0.09659695
0.14632148
0.32851505
0.34032485
0.89015275
0.89475965
0.7960985
0.8279647
0.15533802
0.1668437
0.13721108
0.7020859
0.6740753
0.65340835
0.103104055
0.10516148
0.16108324
0.73746246
0.20226797
0.14499226
0.14123586
0.12283038
0.110602535
0.18485044
0.59574926
0.13026735
0.14565757
0.5276721
0.19209985
0.27908435
0.713325
0.22087269
0.1734465
0.17094164
0.16091576
0.2216993
0.1784728
0.5821217
0.4378752
0.4236106
0.5038561
0.47387984
0.6049231
0.68417364
0.68154716
0.7624654
0.16824408
0.14927255
0.61569405
0.10668096
0.03781332
0.030408408
0.0415824
0.7739162
0.812509
0.9585437
0.9519721
0.7867608
0.68520975
0.056440115
0.043379746
0.041693345
0.053706035
0.086755075
0.15953267
0.14604087
0.087898105
0.13121057
0.13486296
0.09275684
0.07929215
0.35730043
0.40752748
0.80890995
0.45213744
0.21145613
0.13467996
0.11037724
0.11341725
0.1361158
0.6561873
0.10239417
0.09419493
0.12977262
0.13777144
0.13459116
0.10974674
0.08425406
0.7369653
0.12959914
0.06576646
0.07873472
0.14449416
0.8046049
0.20581487
0.2989222
0.8458484
0.84677994
0.8559107
0.8276634
0.74703854
0.7353408
0.10435414
0.06250976
0.049850747
0.051157042
0.069616236
0.124971785
0.7911817
0.7409135
0.09056837
0.110822886
0.1331122
0.12837687
0.10824961
0.09716035
0.13178049
0.70357466
0.780119
0.20788892
0.27079365
0.5992878
0.5903307
0.09334708
0.09022795
0.07285324
0.0691327
0.81436753
0.89097595
0.871575
0.9359483
0.9413556
0.21109077
0.08547535
0.07715373
0.15054189
0.7810512
0.79792774
0.3494277
0.38411373
0.8417185
0.8574363
0.70423794
0.116601475
0.08627868
0.10085427
0.07311917
0.059411775
0.08609539
0.18591744
0.09370129
0.8244841
0.84052074
0.66134036
0.6757175
0.6805838
0.77711165
0.9198565
0.9183452
0.10872573
0.062197484
0.046802733
0.047608793
0.078949414
0.15582944
0.21159588
0.15639812
0.15412687
0.08371792
0.046824098
0.04341249
0.06871627
0.1716878
0.7816032
0.9173641
0.87727994
0.8702734
0.74354464
0.7087915
0.61562973
0.08096703
0.05979616
0.05422359
0.06484674
0.109158464
0.22624671
0.78704774
0.72080487
0.5444072
0.41321054
0.75934494
0.6118477
0.123064175
0.11489062
0.12841842
0.30657503
0.37072733
0.8915356
0.84828454
0.89554936
0.5
0.29000118
0.16363484
0.09365192
0.0772519
0.5222162
0.38369516
0.30105096
0.35266584
0.70496976
0.66761875
0.8431521
0.79358983
0.65629023
0.33022374
0.22010648
0.19382729
0.16979645
0.22492804
0.25731453
0.31581405
0.8811967
0.9282164
0.8923724
0.1968956
0.10534315
0.08268955
0.61087334
0.5597853
0.7235368
0.7428699
0.26763338
0.17932954
0.18498932
0.48267153
0.3085423
0.422377
0.28043646
0.2407604
0.3661981
0.782645
0.77304465
0.42198446
0.3446508
0.34043622
0.512407
0.4854795
0.58015615
0.9099659
0.91132134
0.6718667
0.61934614
0.11294062
0.08667332
0.090294525
0.085898295
0.6328738
0.0873674
0.083020136
0.10317205
0.28186584
0.82223135
0.0691787
0.04321972
0.04065434
0.0567577
0.10729009
0.87728006
0.7294451
0.06652742
0.04260095
0.042590115
0.076511614
0.04478213
0.030657617
0.032739434
0.84573525
0.8300804
0.82475346
0.96930414
0.9778544
0.94799495
0.8948887
0.92059004
0.04205792
0.02648461
0.01894605
0.018230747
0.017680708
0.015976045
0.028536525
0.8262329
0.8573795
0.94413954
0.9314615
0.7788652
0.052848525
0.036680095
0.05293387
0.111998476
0.24421406
0.9092226
0.1808767
0.06737276
0.04267591
0.0518264
0.11843109
0.88160026
0.26269373
0.27653408
0.9279517
0.91275877
0.7957316
0.096425906
0.05062546
0.04545541
0.04808833
0.7512615
0.91288245
0.88006437
0.8982541
0.9075226
0.78229135
0.104063496
0.27869785
0.14221425
0.107961625
0.8307112
0.84384465
0.099010505
0.053083885
0.05123928
0.055450615
0.059572067
0.11058498
0.17501539
0.9061174
0.22564803
0.16537891
0.082517415
0.07785119
0.7682566
0.7477764
0.7219824
0.13934496
0.10417554
0.10284672
0.10856757
0.598799
0.4402889
0.71662194
0.84486663
0.90151775
