0.5790138
0.5057648
0.5165929
0.7216983
0.72848
0.7152056
0.7159318
0.5222546
0.32931942
0.34496182
0.36303702
0.3292879
0.25659817
0.3546865
0.23851927
0.21163942
0.25290325
0.3556073
0.23592255
0.2509811
0.38551465
0.41218492
0.38448444
0.50165856
0.44187525
0.57029605
0.5300829
0.4888419
0.47458893
0.66367793
0.59343225
0.40992847
0.2580376
0.19213562
0.16769308
0.21923916
0.35733694
0.34243783
0.43405387
0.73646134
0.7006882
0.49736667
0.5
0.57984793
0.28337464
0.361619
0.37311944
0.29878378
0.55596924
0.1373645
0.18552323
0.23670138
0.83125496
0.22090083
0.087347
0.06386206
0.06754331
0.10314828
0.0764511
0.06506541
0.07056002
0.06077974
0.056617986
0.08057323
0.7414993
0.056218773
0.035270985
0.044885512
0.080040686
0.12035945
0.903375
0.95779455
0.9707353
0.9764973
0.9740616
0.9513612
0.96004343
0.92979556
0.9037181
0.04071629
0.023932982
0.019217437
0.0198082
0.02197082
0.023200242
0.024445573
0.030410217
0.05530529
0.89090496
0.89025146
0.11947519
0.12950544
0.792459
0.83361065
0.8531896
0.8919415
0.8411536
0.14992882
0.17217694
0.8831943
0.9293074
0.9125348
0.93910897
0.91777986
0.8439209
0.18902968
0.10953823
0.08519743
0.06364212
0.051857565
0.07720013
0.08759493
0.103593625
0.11020916
0.13432057
0.57031554
0.101620086
0.1423203
0.16886772
0.14580221
0.65896577
0.5671463
0.48145896
0.24115567
0.24725659
0.27805954
0.3009249
0.4650249
0.39051756
0.5141985
0.39444795
0.4230006
0.4765749
0.5826797
0.6823443
0.5838738
0.6085907
0.5138556
0.4757967
0.16216023
0.20380606
0.3110367
0.27729818
0.19965206
0.21333925
0.3281764
0.34459862
0.67431915
0.7193865
0.14669469
0.15270887
0.30875716
0.3923594
0.8873097
0.90068865
0.8729852
0.38190576
0.2243696
0.15523262
0.7211121
0.72975975
0.7087682
0.6947026
0.11735333
0.10256353
0.11589482
0.68751764
0.8320011
0.80043346
0.2679778
0.19807327
0.12052671
0.10504014
0.62462306
0.58098894
0.17401789
0.17728165
0.17587356
0.22429714
0.79861355
0.84648645
0.81929404
0.8130363
0.8364865
0.82389516
0.7357095
0.74035174
0.64825594
0.6561711
0.7816462
0.8120719
0.76925224
0.7557167
0.63183594
0.6253203
0.26450524
0.17098017
0.16216674
0.14637224
0.15417948
0.21216479
0.19634463
0.7822086
0.6102455
0.5567248
0.60654426
0.5725488
0.6634807
0.83878005
0.89492977
0.8712607
0.2619884
0.18374945
0.09348196
0.0577437
0.073824964
0.1682888
0.81969184
0.74757063
0.14282694
0.121479034
0.061732028
0.052112896
0.08371626
0.91424435
0.90855557
0.8516893
0.9099711
0.048175048
0.02915652
0.03471669
0.05702243
0.03315992
0.030658133
0.044074547
0.036584556
0.070989944
0.92172956
0.93046415
0.972335
0.96226865
0.9014797
0.101099804
0.0711672
0.7840159
0.041440804
0.034860026
0.03206797
0.029226972
0.03919623
0.048092205
0.057140503
0.83912283
0.8729919
0.07291546
0.06657455
0.089966774
0.14167252
0.3032765
0.89846784
0.90526086
0.8629877
0.7464377
0.73857945
0.84790826
0.87294996
0.84453887
0.78087175
0.81451446
0.754566
0.74007946
0.7038682
0.12767854
0.1288469
0.090744145
0.0733731
0.071499206
0.09039059
0.8334118
0.32666543
0.18595712
0.81455183
0.14296898
0.05268284
0.05370971
0.11057063
0.23279397
0.8762336
0.8839032
0.8483272
0.8620916
0.20305909
0.14156574
0.09718041
0.14009614
0.1959372
0.6537399
0.13967347
0.3026532
0.7269728
0.0932233
0.12028364
0.3190337
0.82844
0.08783949
0.07469454
0.08283068
0.07298101
0.08578153
0.09680545
0.17273068
0.25149062
0.3204794
0.8115091
0.74127865
0.3838138
0.13511218
0.15852603
0.19748536
0.24818625
0.43143362
0.3144773
0.43508855
0.66768897
0.103448465
0.06947667
0.067270465
0.08077996
0.10305563
0.05340534
0.02638499
0.02190485
0.022340043
0.023667382
0.045707174
0.14096268
0.933908
0.9497257
0.9359223
0.95440704
0.95675373
0.9382586
0.889261
0.8975087
0.8287289
0.039491843
0.027037071
0.029451445
0.05025952
0.047991578
0.060787663
0.1090941
0.13425112
0.29872683
0.66443664
0.14497729
0.11147275
0.16841446
0.2001611
0.24029481
0.25643858
0.24740615
0.6830085
0.67184013
0.5137849
0.41319853
0.44200784
0.47174504
0.3034058
0.25665858
0.2866087
0.41359955
0.27892166
0.24965164
0.31575552
0.32074678
0.3379828
0.40835077
0.5404692
0.6162097
0.6017889
0.758322
0.6533043
0.6343896
0.5679608
0.57541496
0.7194049
0.8270666
0.84022796
0.79950476
0.69895566
0.7477657
0.71199983
0.7222597
0.7800532
0.7667864
0.8121364
0.3389122
0.2655557
0.14606798
0.08883334
0.096057326
0.26527628
0.66828257
0.6913402
0.6921738
0.68602455
0.73120487
0.7822415
0.8258718
0.30823278
0.1623107
0.10958131
0.13744767
0.6054217
0.6488813
0.7011682
0.817152
0.84602594
0.8174159
0.85521746
0.8509656
0.44657183
0.21464744
0.70355606
0.6606899
0.13445902
0.20211817
0.37501577
0.8663169
0.84220713
0.7654159
0.68388885
0.18256462
0.109489955
0.12550336
0.72044194
0.8110766
0.39107078
0.49420696
0.840741
0.79161555
0.7709922
0.7660979
0.7592953
0.75367093
0.73909444
0.74810034
0.8026734
0.25471926
0.18135071
0.19244084
0.30389088
0.83443314
0.81391
0.8874385
0.8859967
0.84019923
0.8489455
0.7549702
0.21168545
0.11540131
0.09676771
0.14514902
0.2628507
0.36194986
0.83195806
0.8038067
0.5133565
0.14343788
0.14598265
0.6078786
0.60171574
0.12986687
0.12638491
0.11382828
0.05555671
0.05460447
0.8137067
0.8155432
0.8132431
0.92895013
0.930018
0.09812915
0.044511005
0.041498862
0.0633006
0.05303479
0.057853907
0.09919262
0.10050157
0.11560153
0.07429903
0.07472612
0.7444214
0.07593251
0.050407242
0.061988123
0.87058836
0.8126236
0.9196322
0.9543983
0.9633115
0.94836843
0.060424946
0.039526865
0.046905566
0.76022303
0.051408175
0.049177654
0.04053321
0.036057506
0.07070932
0.83173037
0.053548288
0.04439907
0.041581273
0.035677433
0.050608557
0.08922657
0.84572417
0.86821747
0.8453694
0.826821
0.8271734
0.13492645
0.1173172
0.14790076
0.16654973
0.13253303
0.6693336
0.5632796
0.18590224
0.19334255
0.7904277
0.8429259
0.7584285
0.7419007
0.3003321
0.27629745
0.2927929
0.34130746
0.41436198
0.52728146
0.5649398
0.8606443
0.8570133
0.6907789
0.5565275
0.50727063
0.544617
0.811564
0.8164278
0.74179304
0.71086055
0.62093365
0.19526383
0.20662226
0.13084523
0.100499704
0.6433325
0.32811114
0.17984216
0.5991595
0.21725288
0.21241291
0.35162055
0.87805045
0.8961347
0.861669
0.767495
0.7171116
0.80180734
0.25001553
0.1592049
0.2832731
0.7150722
0.10312009
0.10173505
0.104582764
0.09896678
0.10358428
0.122816205
0.60015416
0.6443238
0.7077301
0.45053723
0.5253317
0.5782384
0.45254397
0.1801743
0.10633933
0.09557384
0.58898306
0.119695626
0.08308918
0.09183285
0.25677797
0.30948418
0.80047095
0.06399633
0.036800876
0.032068465
0.037588652
0.056167193
0.086722344
0.87606937
0.9279533
0.867781
0.080845505
0.053636808
0.053250905
0.053894967
0.05910057
0.0962757
0.7932532
0.09592678
0.07874
0.06383585
0.07386921
0.15886377
0.7367974
0.68900466
0.14584106
0.10829656
0.16081318
0.557312
0.5502221
0.15676291
0.11236731
0.09112015
0.11522164
0.62910336
0.14147687
0.14633703
0.11518513
0.16530617
0.7966532
0.8283323
0.23915708
0.2140873
0.18929808
0.8653995
0.85478735
0.12499272
0.09291073
0.19949007
0.6503887
0.69421494
0.6400607
0.26263604
0.2520244
0.64247257
0.25489596
0.6740253
0.5305068
0.16251265
0.43712255
0.47875938
0.8984666
0.886494
0.21351004
0.14913274
0.11254514
0.110236175
0.5773782
0.14596745
0.18503031
0.27368423
0.39128965
0.881966
0.85786176
0.13718313
0.07815319
0.07145594
0.12331242
0.9221377
0.94746447
0.87431496
0.95092624
0.93627536
0.8741327
0.9291033
0.9185752
0.8673264
0.8955521
0.83309084
0.10726971
0.09376504
0.095848106
0.15873127
0.80380595
0.8622027
0.4533664
0.2648616
0.22016677
0.22845572
0.23143631
0.29108182
0.45944366
0.45095098
0.56754273
0.70528275
0.724304
0.64248645
0.76949364
0.79592615
0.7819585
0.49789742
0.40400997
0.39668962
0.44843784
0.6053435
0.099995814
0.08916748
0.0534052
0.0454524
0.046790183
0.03729438
0.017075287
0.012599384
0.012753555
0.018997818
0.028843222
0.047607604
0.97098035
0.9794486
0.97622603
0.12793192
0.09866143
0.060687803
0.021448458
0.017338768
0.01905032
0.022891033
0.031534508
0.035927523
0.051851593
0.11429089
0.29530606
0.91884595
0.94488066
0.935734
0.35786742
0.17185296
0.13339178
0.13691093
0.83402187
0.13599087
0.07594456
0.042641476
0.041541036
0.06802697
0.8398361
0.82632357
0.85054505
0.31200513
0.2551772
0.17516594
0.08955612
0.09108741
0.85161275
0.81104094
0.8839558
0.8487617
0.8762938
0.86325544
0.7585585
0.7255869
0.7784437
0.8943409
0.9112481
0.88586795
0.90847045
0.8762092
0.8859456
0.8807868
0.09368076
0.060254615
0.07761891
0.095717646
0.1562814
0.80445766
0.058114134
0.043568954
0.056056775
0.102488995
0.13980219
0.17272556
0.11125486
0.12613262
0.13148525
0.18711403
0.17301941
0.16821471
0.19391175
0.23591176
0.41201937
0.6709511
0.81996614
0.83759534
0.76705587
0.89258087
0.9111281
0.8790446
0.09531605
0.060875874
0.06170719
0.14852048
0.117886744
0.0776726
0.8920839
0.9527202
0.96320075
0.9335439
0.7257399
0.15737098
0.13241167
0.11644387
0.08717493
0.054458003
0.08720749
0.6815756
0.71846855
0.57289475
0.5660673
0.6418926
0.55858994
0.635667
0.78299916
0.81599885
0.70430696
0.2441087
0.26052183
0.2130044
0.13153407
0.09086988
0.12218285
0.09986587
0.88548183
0.8428028
0.9108081
0.8818179
0.81527895
0.84148765
0.9005474
0.88331264
0.08667375
0.08278729
0.10682696
0.15148446
0.1692315
0.22488819
0.3208017
0.30870065
0.46898815
0.58976716
0.59579366
0.58791673
0.8994528
0.908486
