0.7545244
0.7189089
0.66721416
0.6544596
0.7148739
0.9097332
0.941275
0.9146781
0.92130435
0.7856761
0.14785378
0.07371551
0.052116055
0.15902065
0.7313856
0.9259411
0.9372133
0.17056264
0.043311592
0.018018542
0.015387035
0.022736873
0.9378297
0.97994584
0.9841769
0.9758557
0.03208472
0.020478625
0.023085156
0.035071928
0.25938496
0.8839349
0.060040593
0.07825972
0.0837818
0.15086928
0.20640476
0.17972872
0.67615825
0.7445432
0.2791364
0.5
0.15988588
0.1772465
0.23361225
0.16654512
0.3108297
0.17393208
0.31623808
0.24133435
0.16942993
0.1571494
0.21085596
0.76472205
0.57653123
0.78440607
0.9039384
0.88632846
0.73170763
0.65172035
0.12162747
0.11334397
0.1441788
0.11775609
0.10542085
0.5857996
0.5788272
0.69560975
0.3441296
0.30700758
0.41742918
0.47388443
0.8935136
0.91353846
0.8498348
0.24953386
0.17899747
0.16411336
0.15416053
0.187643
0.19710198
0.13420054
0.15577057
0.18571705
0.08947969
0.06957737
0.08834433
0.07225162
0.08647527
0.7583897
0.9129522
0.91359997
0.39851302
0.9238245
0.9358779
0.11982877
0.029470133
0.026241798
0.02793304
0.042467207
0.024189644
0.012854929
0.0116882
0.013794962
0.01851355
0.8998291
0.94117785
0.9275679
0.9837662
0.98504084
0.96169835
0.92226124
0.93648547
0.031755816
0.017682655
0.014869494
0.015514247
0.02313004
0.031333618
0.06223213
0.08150344
0.072093
0.07264491
0.8459485
0.828979
0.20070437
0.76083356
0.78088444
0.7629159
0.8483318
0.09322566
0.08710312
0.09136251
0.14270881
0.17320092
0.8391382
0.8821328
0.83222514
0.6730139
0.65924084
0.8200482
0.46128345
0.25360784
0.22741143
0.7557837
0.55847967
0.5113605
0.49705422
0.1420752
0.22395739
0.37443858
0.92095715
0.91791713
0.1494853
0.07599541
0.055350207
0.047546867
0.053671964
0.048462104
0.04299833
0.040092807
0.062496975
0.8838787
0.092184275
0.09427539
0.8912505
0.8565709
0.83498573
0.82170373
0.04560009
0.031251792
0.03998547
0.07652948
0.11304884
0.93035436
0.9336323
0.8673347
0.24486119
0.085696645
0.08438228
0.08742417
0.10786276
0.1412065
0.71291786
0.6646221
0.102370635
0.09994079
0.077468604
0.101335116
0.12064595
0.067074426
0.056655288
0.083142735
0.16641375
0.23392552
0.904512
0.8793159
0.60541236
0.1504802
0.13035029
0.69299483
0.8327969
0.8907541
0.8456698
0.822483
0.8418984
0.7458488
0.68573374
0.6681649
0.64961433
0.5974942
0.11604768
0.2720166
0.7751358
0.92295605
0.93496156
0.2955124
0.11668535
0.0640914
0.06632416
0.068043336
0.07821751
0.11009577
0.1294461
0.12669903
0.27798304
0.58630157
0.5297772
0.45890033
0.23474184
0.2343416
0.24380516
0.8321486
0.17470582
0.16493033
0.10613623
0.115287095
0.25807777
0.89086545
0.83718073
0.065510556
0.05335682
0.103946604
0.08907804
0.038297858
0.028506055
0.030276744
0.047362387
0.72651976
0.9480389
0.9714916
0.9655047
0.884761
0.9042854
0.03307928
0.01657697
0.012761783
0.011682671
0.011581335
0.018924326
0.95458114
0.9733874
0.9863339
0.98277676
0.9674548
0.021967225
0.012419069
0.010127734
0.011424714
0.017770741
0.055399902
0.95680827
0.94558126
0.8181796
0.64694864
0.050925862
0.027512608
0.025389323
0.03298435
0.037514806
0.041371685
0.09552562
0.18348753
0.9253139
0.90015215
0.7215181
0.11907128
0.0856394
0.071601056
0.07698376
0.21462797
0.66691226
0.19764705
0.12695482
0.19985704
0.67392117
0.7242898
0.8094824
0.13185918
0.0984412
0.105490826
0.07599221
0.085039385
0.07098346
0.7909278
0.15999222
0.08970678
0.12763304
0.66949713
0.7624148
0.87169456
0.77192914
0.8873626
0.083614826
0.05051723
0.070794635
0.8630699
0.953704
0.9550748
0.095812574
0.03786178
0.025405433
0.026792446
0.050265577
0.03702963
0.032196403
0.031958826
0.043476015
0.06892567
0.93316525
0.047192585
0.025292771
0.033179738
0.90523565
0.89354026
0.9439974
0.9842165
0.98393124
0.9708232
0.047179226
0.02438825
0.02789802
0.8750226
0.89496624
0.9465676
0.9347784
0.04495191
0.030274775
0.04230676
0.02229082
0.019596329
0.020347422
0.027779663
0.04110978
0.053632062
0.056014504
0.8656208
0.9229181
0.9387947
0.18287632
0.29730964
0.29469618
0.7913112
0.28425747
0.13027321
0.11372173
0.68133867
0.0978073
0.10666031
0.7469747
0.9199218
0.92998326
0.8004616
0.09571835
0.08375872
0.7214132
0.22745329
0.19478361
0.36388516
0.8590314
0.17033008
0.09810142
0.12918179
0.6750214
0.08535496
0.09769812
0.16731365
0.16785939
0.31316176
0.32283548
0.8463288
0.71570915
0.45793983
0.26004472
0.3640856
0.5
0.4110092
0.548484
0.45062
0.43597132
0.40917686
0.44588837
0.32214946
0.2960942
0.49278483
0.55111027
0.28959963
0.2292383
0.60248846
0.7884254
0.7926158
0.362449
0.20207334
0.3188255
0.20780568
0.43689746
0.42493203
0.52911913
0.4233791
0.5559696
0.53750896
0.66435814
0.5209341
0.51544315
0.85903597
0.9152707
0.9110389
0.854327
0.67297137
0.66927534
0.6083661
0.6357496
0.719591
0.71410835
0.7180356
0.75468624
0.68932587
0.8280324
0.8351742
0.8816768
0.8141667
0.81312126
