0.29239727500000007
0.12194925970000002
0.13050477010000003
0.08661794255
0.10428589690000001
0.832713952
0.88491922
0.9067106005000001
0.9128034589999999
0.919887372
0.8778490995000001
0.8827422730000001
0.9003499300000002
0.925434926
0.918874225
0.9155744685000001
0.8398224
0.0978017509
0.08289021535
0.10901837115000002
0.10952595465000002
0.237925606
0.889282674
0.9119012235
0.9266394475
0.9280379735000001
0.9262478965000001
0.9243950075000001
0.9230649605000001
0.9209569230000001
0.91621304
0.915690235
0.9197571860000001
0.8955595679999999
