0.8266402750000001
0.800176256
0.7365972925000002
0.12328731035000001
0.08129851155
0.07721946685
0.08843700349999999
0.1927512664
0.908223142
0.937335425
0.9408239050000001
0.9295629240000002
0.8555365075000001
0.773757017
0.14506736990000002
0.08500333350000001
0.09604084615
0.09273577050000001
0.12364933875
0.726259478
0.8451901980000001
0.761428282
0.7019670100000002
0.7124354155000001
0.7997123700000001
0.882944361
0.9068361975000001
0.9071177
0.8856954885
0.7969412980000001
0.6410693
0.27191327600000004
0.3143738005
0.40940512000000007
0.728949665
0.8663751145000002
0.868105188
0.7111912129999999
0.1869685284
0.16689601540000001
0.22397371200000002
0.698553619
0.85258446
0.8254673820000001
0.90583808
0.910835688
0.8729155050000001
0.1509922195
0.1182903174
0.14855325149999998
0.656750079
0.689391082
0.683361063
0.11371268150000001
0.07958664540000002
0.0750177198
0.10405200895
0.12157992635
0.142526826
0.8260427675
0.21158040250000004
0.1421269755
0.260121792
0.8432108100000001
0.85299539
0.8323578615000001
0.7943392750000001
0.1535826545
0.1094249585
0.181417367
0.654576209
0.16120394050000003
0.2419753485
0.655740051
0.1118097988
0.08670384390000002
0.0980642066
0.17332340150000003
0.693525243
0.7568502149999999
0.865650971
0.8782274795
0.84151995
0.237582125
0.24609453374999998
0.17282447805
0.1269071559
0.14932784140000005
0.14876889169999996
0.6591273030000001
0.66660649
0.653745801
0.24918962100000006
0.6604983390000001
0.259806924
0.13594585400000003
0.18019447575
0.10649159910000001
0.13556178375
0.1707863895
0.7175617375000002
0.13184883449999998
0.0715402962
0.0705796365
0.06783405585
0.10097877870000002
0.817195435
0.891104535
0.12365126010000001
0.06008101150000001
0.05448942435
0.08397728445000001
0.08040699455000001
0.24527763570000002
0.8902384575
0.7964012980000001
0.1176371102
0.12998725220000001
0.1266978222
0.8172477890000001
0.8459473055000001
0.899979192
0.9229214740000001
0.9416551530000001
0.9375481375000001
0.9424647280000001
0.9334125805
0.2368409763
0.0604850956
0.041530478174999996
0.043021460850000005
0.0430037914
0.045914399800000005
0.04607756665
0.05347593635
0.10674063580000001
0.8509050085000002
0.8359675395000001
0.927019272
0.9226831780000001
0.7799365170000001
0.19871587750000003
0.7329206070000001
0.10890365515
0.133925315
0.0906704692
0.16041354049999998
0.184079335
0.1606132495
0.08392905165
0.092405974
0.0850177894
0.128105496
0.13886217580000002
0.728275392
0.7179346719999999
0.7026257415
0.28448958550000003
0.4394881715
0.6513179530000001
0.19302320050000002
0.24898454250000004
0.19567789850000003
0.1813458585
0.7183051325
0.8728934720000001
0.8996674905
0.8842784170000002
0.7004597690000001
0.0990055062
0.08169368700000001
0.09664264310000001
0.594304253
0.11711942925000002
0.10756715480000002
0.272432341
0.9226988060000001
0.9445051865
0.92363364
0.10051907599999998
0.053492899700000006
0.05013417445
0.057494307099999996
0.0728773123
0.09164412300000001
0.09055923600000002
0.0960969582
0.156856935
0.0802993494
0.061549758600000004
0.0593349829
0.05575334
0.0710303422
0.1760409355
0.91724327
0.9317403330000001
0.9126064535
0.8959748310000001
0.896212122
0.915319762
0.235319346
0.06876051799999999
0.06189463294999999
0.089832854
0.1016362192
0.685613804
0.10265425220000002
0.09279966480000001
0.10605519350000002
0.16404440300000003
0.3213132165
0.4048091325
0.5220532740000001
