0.7404555800000001
0.24695265919999998
0.2002142407
0.17196895950000002
0.6381447984999999
0.122318795
0.08613066365000002
0.08510155435000001
0.16000101235000003
0.12787632615
0.12552720815
0.1284355151
0.13875634804999998
0.1447628828
0.7888331690000001
0.1727462152
0.18158146575
0.278136996
0.849694686
0.19919177729999998
0.08722671295000001
0.1089602029
0.09828963785
0.07357947225000001
0.11037607410000001
0.7755185250000001
0.7614840045
0.7382218450000001
0.263108355
0.8319616160000001
0.1007312849
0.08091229290000002
0.12084577164999999
0.14309084410000003
0.14925704020000002
0.14272348810000002
0.8880487855000001
0.8826760670000002
0.859175978
0.8920733600000001
0.9018434325
0.903393035
0.919352712
0.8441873525000001
0.09814372370000002
0.09487176430000001
0.13578976599999998
0.8879503125
0.938308402
0.9315223990000001
0.18982299000000002
0.13537716755
0.0520188543
0.04682201800000001
0.0496164798
0.054112206749999996
0.064104033
0.07423148254999999
0.07265883555
0.1310720215
0.796364635
0.14335282480000003
0.08507958245
0.09924277485
0.6858460230000002
0.13908058720000002
0.17833478560000002
0.15020788540000002
0.7287472805
0.748570083
0.7962162455000001
0.8562570279999999
0.9119082125
0.896758277
0.9137588205
0.853323818
0.806269945
0.10461878055
0.07668058425
0.08567636435
0.07190128350000001
0.08079381685
0.11836869415
0.671141572
0.1737251585
0.230277376
0.16545725890000001
0.13132585525
0.1402696201
0.2515424645
0.7182500175
0.7883978355000001
0.8820170595
0.8670077380000001
0.30594755050000005
0.19162423950000004
0.23566508149999998
0.6039816150000001
0.6761797900000001
0.7017404090000001
0.7938768000000002
0.18248693000000002
0.17125234475000004
0.165810602
0.1735278025
0.22381968800000002
0.8201717480000003
0.27753251450000005
0.2155917015
0.83892846
0.8980727270000001
0.876627895
0.8364113800000001
0.8627966950000001
0.8875655790000001
0.910146412
0.825371808
0.09167030840000001
0.07301171514999999
0.10029515545000002
0.821000303
0.8487720100000001
0.8431813280000001
0.781770571
0.07700592815
0.05224546585
0.05153835990000001
0.08123110025000002
0.2298405895
0.874835619
0.76454577
0.31286333250000004
0.297843371
0.298835504
0.28779776050000005
0.301308759
0.8794842890000002
0.9106294249999999
0.8947185820000001
0.8782236555
0.894297958
0.919244377
0.9193325870000002
0.8831433330000001
