0.6972453165
0.283989496
0.229799888
0.32216120350000005
0.303312226
0.312037779
0.6058023535
0.6125900245
0.6946825560000001
0.8303148985000001
0.8352909424999999
0.7135203219999999
0.649545577
0.7118316205
0.829886184
0.852678836
0.813520952
0.7657594090000002
0.763749725
0.769095597
0.7644760910000001
0.754052195
0.7639634765
0.2675596605
0.235153001
0.197790291
0.27399696300000004
0.205884659
0.148444207
0.13042686950000004
0.16133092200000002
0.6114754585
0.264611191
0.22106815450000003
0.15093915200000002
0.16788608700000004
0.6028547925
0.178050612
0.193255395
0.17370931450000002
0.1300325065
0.11927968
0.1360981715
0.11520329950000001
0.14634581900000002
0.1487026425
0.22141264800000002
0.6782869550000001
0.6728743
0.6779164059999999
0.780747863
0.331747589
0.2556120855
0.7543783425000002
0.1812967255
0.11008521480000001
0.11518484930000002
0.11510331750000001
0.68576385
0.7496010300000001
0.8948792375
0.8884582665
0.09091700250000001
0.05396250325000001
0.051278752850000005
0.0565784826
0.05773758190000001
0.06475661675000001
0.11111313164999999
0.8178972995000001
0.146522711
0.14187034939999998
0.7967743460000001
0.15809468950000002
0.17771616250000002
0.8884837335000001
0.9094630380000001
0.93662168
0.93918512
0.9403821960000002
0.93951116
0.929180491
0.8680535250000001
0.06589883510000001
0.048811338850000004
0.05598609500000001
0.10240998080000002
0.9021918535000001
0.9287829005000001
0.8642968865000001
0.07825057995
0.06136232604999999
0.05257251055
0.0751578833
0.054198397999999995
0.05524076840000001
0.08163548815
0.820400845
0.857602015
0.9181301550000002
0.89864344
0.169618484
0.19317909395000002
0.139411557
0.239128265
0.6373588935000001
0.21685702899999998
0.3247305635
0.632558762
0.603593896
0.6097937055000001
0.33543257700000007
0.250148982
0.346297883
0.37373147500000004
0.8294436425000001
0.8426686950000002
0.7184473955
0.697838925
0.7798891900000001
0.7203447374999999
0.7242114084999999
0.790027081
0.6900407890000001
0.6274523095000001
0.2050519945
0.18513018750000002
0.2604065755
0.141529733
0.116592737
0.12604534350000002
0.15471921800000005
0.630641131
0.664574481
0.799379931
0.18919075749999997
0.11410452650000001
0.09627977950000001
0.08209925300000001
0.0833057935
0.0856345438
0.085243229
0.1164300171
0.7389113199999999
0.8402996735
0.721412817
0.7134096625
0.8298307565
0.63193519
0.10442155419999999
0.07868636550000001
0.08281729
0.15118812399999998
0.67752572
0.7751595
0.6244699330000001
0.5816181349999999
0.16856941000000003
0.13107721320000001
0.13355917850000001
0.19268665900000004
0.746508236
0.6200267865
0.2088316775
0.14152652850000003
0.11315415730000002
0.1123804095
0.16584024950000004
0.7115891664999999
0.1900647615
0.1493636795
0.1679062435
0.6450291985000001
0.8060980175000002
0.410502317
0.31429138
0.1813124735
0.1943404455
0.20274776100000003
0.8029177400000002
0.6968424935
0.6737859150000001
0.646638127
0.11332222360000001
0.0898836763
0.0945980885
0.14687323350000003
0.23140304
0.7857744514999999
0.41812862500000003
0.213118324
0.254653024
0.13791308400000002
0.13338636750000002
0.185396579
0.7608943265000001
0.641604415
0.1417664505
0.118656293
0.089184164
0.093727477
0.12200310350000002
0.1429092455
0.17555043400000003
0.822772515
0.7379383515
0.722363235
0.273328512
0.7140064570000001
0.13950756400000003
0.0736409828
0.0665859694
0.10055214550000001
0.0922371723
0.096731875
0.34296399400000005
0.901203891
0.907044808
0.9157072745000001
0.8890255065
0.8586849345
0.829621653
0.783783737
0.08324894120000001
0.0569763424
0.05408386685
0.05942162930000001
0.064531818
0.07168463500000001
0.11109035149999999
0.679125496
0.30934969349999997
0.6995410725
0.6609331214999999
0.6766226424999999
0.6663132445
0.132694582
0.126250038
0.08580553155000001
0.096158821
0.234027141
0.8113918910000002
0.16802179650000001
0.15480871250000003
0.7880287645
0.83246969
0.8327882425000002
0.8006577695
0.80512271
0.7389509969999999
0.12382644950000002
0.12476796000000001
0.65048315
0.12830443200000002
0.0836950758
0.09055172270000002
0.142042783
0.2248540255
0.7954197855
0.661288387
0.6206956655000001
0.58482656
0.2068729325
0.2725743545
0.36931942050000005
0.804404333
0.33785675
0.7898883070000001
0.1144608695
0.07873391575
0.09019658675
0.13254588850000001
0.870790837
0.8947600560000002
0.868548183
0.8519465505000001
0.858362437
0.8729138420000001
0.8923276475
0.8624132080000001
0.7976770879999999
0.1055687047
0.1189114263
0.07326058590000001
0.06884366410000001
0.0993691668
0.63822471
0.175011777
0.171390764
0.17108051650000003
0.673350016
0.23250123900000003
0.0924062105
0.07324424289999999
0.08394175999999999
0.10061725450000002
0.684044975
0.1376040445
0.0927293105
0.13857422900000002
0.8925551290000001
0.9260104920000002
0.9262160855000001
0.9034945970000001
0.8918009115000002
0.890516575
0.8896585035000001
0.8863431805000002
0.07727697959999999
0.04801737860000001
0.0451340167
0.052627123600000006
0.08430777960000001
0.07802362
0.1178889087
0.203239508
0.8105344250000001
0.8688942455
0.8135030335
0.8000755165000001
0.8138799980000001
0.8521452275
0.748390224
0.201805408
0.2374339535
0.12223217900000001
0.1046948375
0.1209603057
0.28858575399999997
0.26420941150000005
0.8098895010000001
0.7277312700000002
0.8200017500000001
0.67060586
0.12231577900000001
0.11198149400000001
0.10638482449999999
0.1321551368
0.13657091600000001
0.234822199
0.7027805840000001
0.8033066650000001
0.1500796175
0.10281564450000001
0.10450611300000003
0.1270528645
0.617214687
0.21130461100000003
0.7046422429999999
0.7123660390000001
0.7728074315000002
0.8702334270000001
0.7686547045
0.685774257
0.22640120600000002
0.616603777
0.1187763674
0.0984070063
0.1380552445
0.21705596500000002
0.848886225
0.8165853105000002
0.9031214809999999
0.8638206880000001
0.16245371
0.100921412
0.0815715593
0.08842314500000001
0.09754603700000002
0.1224499607
0.26188908450000004
0.5419006150000001
0.8449342955
0.6740011510000002
0.17509267350000002
0.1303534062
0.11222654000000001
0.151855146
0.6320105669999999
0.17548599699999998
0.12055139900000002
0.14997364000000002
0.16604835899999998
0.11322953799999999
0.10075767420000001
0.1058085105
0.1033414498
0.154696201
0.187624529
0.3211393025
0.8332651085000001
0.7936165295000001
0.86894329
0.8279060910000001
0.1743606765
0.142333801
0.1615004015
0.19741848350000002
0.7821905615
0.9089479730000002
0.932133037
0.9330958515000001
0.9210939089999999
0.869794712
0.19639054350000001
0.21105872500000003
0.128801376
0.153642315
0.6055133454999999
0.6712469300000001
0.7333440580000001
0.822008485
0.7258678895000001
0.6627311125
0.649081766
0.6350929049999999
0.6470417295
0.14182720750000002
0.08292259450000002
0.064934831
0.06821296565
0.14279077550000002
0.8776884290000001
0.928646726
0.9106065035
0.1047470448
0.0702124257
0.08296555565000001
0.109328362
0.3619092910000001
0.8978478905
0.8936603315000001
0.31571580400000004
0.142679263
0.1570242905
0.2762484195
0.30479730350000006
0.20909899850000002
0.596221472
0.17755544050000002
0.15327773
0.26290135200000003
0.20465288950000002
0.6019737285
0.5836886435
0.2654501940000001
0.565497967
0.1935575515
0.21002193400000002
0.2887180145
0.23763694950000003
0.22033938600000003
0.293815178
0.24525737150000004
0.627644219
0.7062137345
0.8209208420000002
0.793113284
0.808379685
0.6910206620000001
0.6454204640000001
0.6492139965
0.7452716050000001
0.2111772485
0.145541943
0.11812215400000001
0.1152031463
0.114539295
0.1281020475
0.22663711800000003
0.142802298
0.1487422688
0.19990922700000002
0.805240625
0.8011421
0.2541620365
0.27856533400000005
0.14672055650000002
0.1324375405
0.16378914549999998
0.19841399
0.24746450300000003
0.7289014985
0.24741086299999998
0.23878363900000002
0.41855469000000006
0.848579445
0.8479762024999999
0.29808332550000005
0.1318007895
0.10827694450000001
0.12833811450000002
0.14737731150000002
0.1746482805
0.5940135455
0.6204690385
0.6242499415
0.627994625
0.6339987785000001
0.6391479840000001
0.301516689
0.28662147600000004
0.23263602849999998
0.1141596195
0.10315171800000002
0.1101896635
0.11671998
0.1183613953
0.14480416050000003
0.15225121
0.2581270815
0.24246520700000002
0.2569648705
0.315842171
0.5829752610000001
0.155166689
0.1362181035
0.168008728
0.174132856
0.6659299160000001
0.7127990435000001
0.837286502
0.8178229200000001
0.6119012665000001
0.4754589315
0.1817439855
0.15400397700000001
0.2329432695
0.25832497400000004
0.21348203200000002
0.7045616764999999
0.8145342145
0.1922905635
0.201032543
0.15208805800000003
0.094467568
0.106098788
0.6105735110000001
0.1940057245
0.687859167
0.223790922
0.158144008
0.34423392150000004
0.8794023735000001
0.807573333
0.752999415
0.07435319405
0.05183495975
0.0443227033
0.04413567965
0.04975675785
0.0949352039
0.907530835
0.921955007
0.9485035105000001
0.9508445000000001
0.9420988675
0.8754520435000002
0.0571237562
0.040079961750000004
0.037785136600000005
0.043198736450000004
0.054611746350000004
0.1063633815
0.9030899785000002
0.9241182165
0.9104862850000001
0.189162426
0.1203959757
0.17517207699999998
0.6658216469999999
0.207210782
0.6205634825
0.14069363899999998
0.1441093015
0.6188879979999999
0.19813714650000003
0.16844120650000002
0.1517696885
0.6258154905
0.6605828875
0.684783272
0.7713938960000001
0.19925503300000003
0.19417772500000002
0.192455382
0.18375993300000001
0.3284650459999999
0.7560673245
0.642542247
0.6629286035
0.755676918
0.505534315
0.31916015200000003
0.250181503
0.2445836765
0.34604980399999996
0.381831873
0.6818537360000001
0.7731574495000001
0.6838540035
0.6429586365
0.6141557765000001
0.580410093
0.21073250100000002
0.20067853400000002
0.23720185000000002
0.7228914464999999
0.6194283325000001
0.1918395705
0.16005538100000002
0.19216835800000004
0.7459785795
0.22912574600000002
0.1439256905
0.141111513
0.1266306525
0.16698412499999998
0.8457819175000001
0.794583978
0.8786411630000002
0.7396113200000001
0.08523132200000001
0.05935812640000001
0.0624986895
0.10944044300000001
0.13464762600000002
0.12276781250000002
0.8189360980000001
0.8535510000000002
0.1388150529
0.1216686985
0.36100541799999997
0.8853929570000001
0.89131922
0.8761634920000001
0.8621784490000001
0.844192378
0.819787013
0.8550429315000001
0.8800605620000002
0.835618076
0.141749769
0.0947974535
0.1356810545
0.8649636810000001
0.8904276385000001
0.9091461470000002
0.835025058
0.1022737655
0.09413946200000001
0.08667762400000001
0.07600971860000001
0.0848191325
0.12440323400000003
0.6739490815
0.11130284200000001
0.0772365421
0.07450220700000001
0.10306644650000002
0.6686209465
0.1267107599
0.1254430825
0.781069223
0.8211416270000002
0.875228423
0.9107792250000001
0.875015258
0.7942413410000001
0.15087266350000003
0.17398354049999998
0.7952712800000001
0.10688030350000001
0.0726365896
0.0740647053
0.11347057300000002
0.6945350705000001
0.7131045035000002
0.796773608
0.1814586945
0.16886283400000002
0.22559347049999998
0.201916851
0.383987756
0.7735048480000001
0.678238114
0.7129786065
0.795479907
0.7216315390000001
0.6904253195
0.753428887
0.34416069850000003
0.3897101780000001
0.38787285700000007
0.3664057415
0.3169386700000001
0.3749686810000001
0.3287013704999999
0.8128785915000001
0.804042844
0.2177156645
0.208871787
0.22586866600000002
0.5552875090000001
0.3223192455
0.8120017929999999
0.7587629585000001
0.851844354
0.7195998410000001
0.154989884
0.19083420650000002
0.12399626435
0.0969880071
0.0662334853
0.06349771605000001
0.0851240558
0.7873071165000001
0.8907856780000001
0.864391125
0.9155099625
0.9014659650000001
0.776289511
0.7725510525000001
0.910187615
0.9266941370000001
0.9130847129999999
0.1624535845
0.05515599345
0.046906198950000005
0.054408723699999995
0.07127310385
0.23174311549999999
0.868729943
0.1209568295
0.10688584145000002
0.0710813197
0.0645911556
0.111948251
0.8837107515000001
0.9027079285
0.9125931375
0.916507335
0.9152650149999999
0.9308087700000001
0.9225051895
0.1618926805
0.057445481650000005
0.0515405709
0.06192923620000001
0.10865879125
0.772898423
0.12122598600000001
0.0809721377
0.0687347487
0.06794991575
0.07205002550000002
0.07397808839999999
0.07373333615
0.06789274165
0.063054541
0.0803721934
0.1266501448
0.11138178085000001
0.121916159
0.762821442
0.7190428375
0.68378101
0.17980731900000002
0.29558306500000003
0.290376367
0.21628522260000002
0.798439721
0.176905589
0.18887035100000002
0.24092395789999999
0.1799370524
0.17569137650000002
0.15293972525
0.09502071530000002
0.08994304719999999
0.09916404745000001
0.19375698300000002
0.826508424
0.722238651
0.14871928799999998
0.10326420400000001
0.08556181535
0.10423499249999998
0.13126460735
0.1237163565
0.1505328865
0.2778935045
0.27654159850000004
0.6021257780000001
0.20032975750000004
0.1770411885
0.204834803
0.719765403
0.8653790140000001
0.8767835635000002
0.9027104930000001
0.8859939720000002
0.7862248070000001
0.7314053800000001
0.76697419
0.24318550450000004
0.205575787
0.24515652050000003
0.7333537649999999
0.8506088115
0.832814012
0.8387829765
0.8791397980000001
0.8877263685000001
0.870726146
0.882286957
0.8761706975
0.8447218645000001
0.831797044
0.8269532694999999
0.8288747995000001
0.854727948
0.884135718
0.8758041200000001
0.8670360325000002
0.734623998
0.18263465350000002
0.143217759
0.15726285459999997
0.23231730250000002
0.41350057650000005
0.8007356450000002
0.24791514350000005
0.1320626719
0.12395032865000001
0.09662438285000001
0.11058245250000001
0.592297562
0.2811031625
0.41432939900000004
0.826669221
0.6742077700000001
0.12857600900000002
0.1041092215
0.13742798500000003
0.8368981870000002
0.753570245
0.7420989115000001
0.09023216564999999
0.06102043090000001
0.0647176636
0.10681663805
0.7513201625
0.14738596075
0.1296184085
0.06925282950000002
0.053171821050000005
0.048971903000000004
0.048519103550000005
0.05932230170000001
0.18410644650000002
0.916350717
0.926590719
0.9413565925
0.9415116745000001
0.9388323915000001
0.9262848220000001
0.9186587
0.896895021
0.895302485
0.11708771970000002
0.047296678950000004
0.04063568545
0.043821138700000005
0.048570556949999996
0.054791765150000005
0.07350878505000001
0.1716614625
0.8144541750000001
0.1205353412
0.06705964605
0.06820886495000002
0.1298736572
0.8487049880000002
0.8559250530000001
0.8906588300000001
0.10346896605000003
0.06038689170000001
0.0575615122
0.07862306930000001
0.10541345600000002
0.6818548400000001
0.1553327602
0.1168086458
0.18725764045
0.147773692
0.26256661500000006
0.6721166249999999
0.18661447800000003
0.12032628240000001
0.10217824600000001
0.1025088026
0.1385003355
0.601765739
0.6192148789999999
0.7427626650000001
0.3274630425
0.25300115650000005
0.34006851450000003
0.307100745
0.2011894665
0.23970922550000004
0.152876903
0.1725749375
0.7741645869999999
0.6559034925
0.6360233675
0.6320815200000001
0.252115026
0.6268154805000001
0.12147228950000001
0.081253702
0.0734514637
0.10591661910000003
0.786191587
0.7950526160000002
0.7773650220000001
0.717700915
0.0861561395
0.06377987900000001
0.06879035745
0.11999741800000001
0.6954229979999998
0.465741862
0.8687108945
0.33025340400000003
0.121859853
0.07059531270000001
0.06161922450000001
0.0815286802
0.0692469035
0.11084729724999999
0.8909060554999999
0.8916626765000001
0.9297035385
0.9356419450000001
0.9317114549999999
0.9154068339999999
0.7819730770000001
0.10404398950000002
0.11267830075000002
0.710112411
0.14786642049999998
0.08448092230000002
0.10601604040000003
0.848091324
0.892168456
0.8948261380000001
0.8580872480000001
0.07996823895
0.052069336949999996
0.051190066050000003
0.0572393211
0.08979206785
0.8136474020000001
0.8534591685
0.8951334740000001
0.10239669080000001
0.061914957799999996
0.0623786896
0.06883448830000001
0.08780819845
0.13136965750000001
0.1083169835
0.08575738780000002
0.0800892546
0.07204776095000001
0.08099354165
0.0553731261
0.05007876880000001
0.05577465135
0.10157304635
0.8865584965000001
0.918401672
0.9451533504999999
0.930555435
0.9043651080000001
0.1230921998
0.0503478549
0.043301461750000006
0.04663550975
0.0541342556
0.06059766355
0.06254110700000001
0.08879000409999999
0.7190886
0.6969715
0.6679303649999999
0.637837772
0.109217772
0.08871488000000001
0.11864850650000001
0.177599206
0.844049868
0.888076967
0.8790942110000001
0.8646805700000001
0.85919477
0.8569893655
0.8376315620000001
0.834774165
0.18298849299999997
0.07430350515000002
0.06121292240000001
0.06269597860000001
0.06746549600000001
0.08062064050000001
0.1125797085
0.109882463
0.153867917
0.183979773
0.19608835850000003
0.40787760450000005
0.7953460025
0.7835803515
0.27007256300000004
0.22286077200000004
0.1474157005
0.14348934920000003
0.17630310050000003
0.19120012700000003
0.35113987599999996
0.4569074735
0.7549375445000001
0.275620768
0.1516398635
0.1363836435
0.21246344299999997
0.169343813
0.1356982065
0.15039564520000004
0.24068497550000004
0.2259189425
0.26151041
0.199891915
0.6002300345
0.606857301
0.6047771965
0.5799868659999999
0.489213805
0.47502960000000005
0.39767881800000004
0.1738235975
0.182609595
0.27959276750000006
0.786832378
0.780924193
0.222023261
0.191683348
0.133189778
0.13607161
0.5514728255000001
0.13615529950000002
0.130771974
0.1748598305
0.17664464500000002
0.1517668745
0.16828580399999998
0.1504706783
0.17137030000000003
0.27946790450000003
0.29941224
0.724285174
0.8052256870000001
0.692518308
0.6554596964999999
0.7489041690000001
0.268319164
0.203777694
0.2596793485
0.23735578400000004
0.22590780400000002
0.698019102
0.206039504
0.17982419500000002
0.240916898
0.6615676220000001
0.6875656499999999
0.7963532780000001
0.2416374635
0.140622299
0.13863670949999998
0.6436771540000001
0.1409728305
0.08528994869999999
0.07064953010000001
0.072066086
0.0659668542
0.092746355
0.8157455100000002
0.8819787685
0.8333786705000001
0.82544658
0.8823719135
0.12301052400000001
0.0678516232
0.0750972185
0.10224404050000001
0.10730276509999999
0.7255723370000001
0.089552644
0.057150522950000004
0.05789603345000001
0.10458481565000001
0.859981949
0.9246979455000001
0.9276566895
0.9324902510000002
0.9365543700000001
0.9224709495000001
0.171737817
0.05867996235
0.05720705470000001
0.0854427138
0.81662702
0.8814026925
0.10706821250000002
0.08704318965
0.11620496920000002
0.089915286
0.1955561315
0.8267644435
0.8077822425000002
0.781276843
0.0997052888
0.0742744253
0.1182602125
0.08835254639999998
0.07207931249999999
0.0661450615
0.0692418913
0.1049739985
0.192508952
0.2134203005
0.12660687920000002
0.1621651905
0.10823207900000001
0.079054618
0.09301242135000001
0.7471356605
0.798367093
0.8729061415
0.7915878890000002
0.71034833
0.705295106
0.6659348219999999
0.148588316
0.1557622685
0.7726594735000001
0.11722173550000001
0.08051821450000002
0.1021429202
0.8110839275000001
0.902052312
0.9139974240000002
0.8843875115000001
0.90702729
0.8780940490000001
0.861424055
0.8543899250000001
0.852141777
0.12015218070000001
0.09585021000000002
0.1386338175
0.8548033130000001
0.891179812
0.7564775760000002
0.148835357
0.141029127
0.681644098
0.6911585300000002
0.737787025
0.8404833540000001
0.13073353950000002
0.0793363888
0.0903661585
0.11576166945000002
0.09852514450000001
0.125830557
0.10975978
0.10268441199999999
0.1320868839
0.6116913439999999
0.20238506600000003
0.27648039249999995
0.230591721
0.22471040650000007
0.4104862475
0.733261365
0.8622509785
0.878934843
0.8410691550000001
0.345543037
0.323885776
0.2045236865
0.20569766810000004
0.6107306225
0.708838033
0.8251879185000001
0.762150698
0.7273976380000002
0.7872322540000001
0.208285681
0.15102670395000004
0.154606939
0.271789919
0.6069429625
0.723975384
0.8797329280000001
0.906121377
0.8883489685000001
0.785522075
0.7311717845000001
0.797371496
0.21709227600000003
0.131412278
0.1157932955
0.12941368670000003
0.4857556015000001
0.5621469415000001
0.5760733360000001
0.212155341
0.2286802045
0.27187234899999996
0.21397027100000002
0.36765099400000006
0.44446822650000006
0.7989759225
0.15709140400000002
0.1055735803
0.12708267415
0.1544781475
0.80435944
0.144351261
0.15089623350000003
0.11143281420000001
0.0623893157
0.06246797810000001
0.0955416241
0.18762961
0.9066881550000001
0.9155416020000001
0.8201384920000002
0.7742030635
0.7605912145000001
0.7330615715
0.0722714779
0.05393064610000001
0.0542574674
0.0575036963
0.0601150068
0.059677770000000005
0.05987442005
0.06315281495
0.09042288270000001
0.749498565
0.12975602220000002
0.13860628700000005
0.8716624985000001
0.9099459990000001
0.921879476
0.9092592570000001
0.8659269
0.11596401760000002
0.11619607650000001
0.709511095
0.08485661480000002
0.061807030900000004
0.0735635478
0.1348257755
0.8493455175000001
0.13062404
0.0641347723
0.05986788065
0.08875611230000001
0.124478708
0.8686529080000001
0.8240506700000001
0.7816970780000001
0.7870985680000001
0.8095564520000001
0.26197175699999997
0.20240867650000005
0.11976237400000002
0.081443861
0.10048345299999999
0.11184654600000002
0.12571188300000002
0.736794769
0.13896245375000002
0.0820055755
0.0752806642
0.09999341275000001
0.6720429374999999
0.18236996400000002
0.15924122950000003
0.12930476525
0.175880292
0.25934741050000004
0.21525572750000005
0.756607589
0.847677605
0.7828983475
0.842566768
0.734105218
0.1497778225
0.1163103885
0.1446456645
0.14762171750000003
0.235832096
0.17434722400000002
0.12617453900000003
0.119445589
0.15541273600000002
0.66176264
0.6574361705
0.6354583220000001
0.6228482945
0.611648553
0.630678097
0.63025742
0.321135728
0.4478389300000001
0.4697297815
0.631851828
0.6229255585
0.2126175455
0.18630439500000004
0.563710175
0.23636514600000003
0.19949024650000002
0.2947175235
0.22205862400000004
0.576947416
0.578365128
0.34557124300000003
0.22076194700000001
0.21950440300000001
0.5653144815000001
0.6246482140000001
0.6494681640000001
0.6571981455
0.6427399500000001
0.6719562835
0.7651575425
0.23282705900000003
0.20286796399999998
0.1556209107
0.15641447000000003
0.13687122100000002
0.15124766050000002
0.24266141150000003
0.204156266
0.1742155425
0.19183595
0.320748564
0.586449682
0.23827565750000002
0.306338098
0.180136081
0.17105009949999997
0.20184171850000002
0.19581505150000003
0.599066867
0.1628141495
0.11831709600000002
0.104359464
0.12443702150000001
0.2368846165
0.1559477545
0.22716761800000002
0.12943119120000002
0.1330129345
0.243149932
0.6317512535
0.6050851700000001
0.591250723
0.5853976785
0.6304574735
0.7545537935000002
0.31337177550000006
0.36074359199999995
0.7611572750000001
0.23930861250000005
0.26603819050000005
0.208510201
0.17912702800000002
0.59099152
0.573359103
0.228314333
0.588535628
0.19305543950000004
0.20699154600000003
0.7798086535000001
0.19397300450000002
0.10117348100000001
0.0902115738
0.1216646967
0.15370743250000002
0.8017543750000002
0.1593639535
0.0856178845
0.0949006407
0.5706851390000001
0.11720914880000001
0.13643771400000002
0.8088585225000001
0.9162092680000001
0.902821392
0.09938659080000001
0.0706991441
0.10232721575
0.12495308200000002
0.7901757650000001
0.7938232825000001
0.10276635525000001
0.0629065677
0.06753745345
0.0794762163
0.12056580250000001
0.908362701
0.9276803600000001
0.9312066100000002
0.927083353
0.9130013165
0.09790464520000002
0.09434265685000001
0.09302051505000002
0.0744258789
0.15611057300000003
0.7853636715000001
0.10021993700000001
0.06836621325
0.0659330303
0.10113418735000002
0.740644382
0.1490009855
0.176653584
0.8390876610000001
0.11371555500000001
0.0774863033
0.1169393447
0.08119742525
0.1249465685
0.12137271570000001
0.677446779
0.1737006045
0.28422762300000004
0.6909395585
0.17010888270000002
0.2028270875
0.769426233
0.269026643
0.6720794725
0.639048281
0.17379175700000002
0.22548177199999997
0.181291954
0.163728543
0.588723861
0.29044798549999995
0.2281484285
0.649732147
0.7439150499999999
0.22860298400000004
0.275348486
0.23579778250000002
0.166505509
0.2767802735
0.7340959025
0.7553704520000001
0.8417312795
0.1805785655
0.09645361499999999
0.11796777625000002
0.07952009200000001
0.10071716175
0.841068518
0.8862760479999999
0.9065325180000001
0.91607313
0.8930922900000001
0.8413397400000001
0.82963094
0.7948497725
0.0749754545
0.0561905812
0.0668355437
0.07332131950000001
0.133804062
0.11638802450000002
0.097575951
0.135991181
0.17012579900000002
0.18541550650000002
0.7931144100000002
0.67481554
0.6386245485
0.618035952
0.644135287
0.6452030575
0.6994974399999999
0.7247075850000001
0.722459052
0.7293385405000001
0.244743275
0.13320089899999998
0.1113886985
0.1278885075
0.1156340705
0.1470606725
0.15572010700000002
0.641488121
0.6631999420000001
0.6741003265000001
0.6649284705
0.1884492295
0.154423659
0.17979414850000003
0.618409647
0.203099644
0.26414878750000004
0.13212066500000003
0.12052322100000001
0.159790753
0.1828846
0.6536491235
0.129474291
0.09522878490000002
0.0981008685
0.07418791140000001
0.06981802465
0.09072734985
0.11000053550000001
0.763268673
0.322900754
0.21558835699999998
0.8673853870000001
0.921026902
0.9191636510000001
0.9239232655000001
0.8804721725
0.8211228955000001
0.08390236535
0.07313843615
0.06888755125000001
0.11002630505000001
0.08227750645
0.10320715250000001
0.31265588800000005
0.8034756975
0.20078151700000002
0.1787097795
0.5860636920000001
0.195217384
0.21621073550000003
0.744148809
0.8675020345000001
0.850819835
0.3232773855
0.342472808
0.8011518200000002
0.7574524465000001
0.7526434650000001
0.8164617105
0.34977446
0.244822456
0.184040166
0.2621285625
0.142571248
0.1361195785
0.2582247885
0.14352601550000002
0.1369198385
0.25367433650000004
0.12845077000000002
0.1106177695
0.157767543
0.1831428875
0.314668846
0.2873873235
0.334326945
0.6626388449999999
0.377739555
0.1956315555
0.18498337050000002
0.56976439
0.5721653085
0.5697651255
0.5720568559999999
0.5713807485
0.559763662
0.26167937
0.24163041300000002
0.3203662525
0.8485750559999999
0.8800668445000001
0.6169718394999999
0.555304565
0.3997011140000001
0.1467131585
0.1341168505
0.13199027900000002
0.1272392135
0.10647772700000002
0.0894451973
0.1077693535
0.19777782849999997
0.6712868424999999
0.7171885020000001
0.8635697665000002
0.8006368505
0.8465029075000001
0.2087502745
0.112624159
0.09657994150000002
0.1144262325
0.11704575600000001
0.21714543250000004
0.801400768
0.763809737
0.878190605
0.882262108
0.8364572795
0.9015319715
0.91809368
0.9185368955000001
0.8970949825000001
0.723573836
0.491059962
0.30747788100000006
0.2276383915
0.239983095
0.6813748060000001
0.8015062665
0.8954612590000001
0.8882793744999999
