0.718512715
0.2862137915
0.21253679800000003
0.21998258550000002
0.5406231655
0.8902930815
0.9177220800000001
0.9173172285
0.9034019195
0.8559191140000002
0.8472084625
0.88740578
0.8817325640000002
0.8027556075
0.8329480560000002
0.6982949380000001
0.22128012949999998
0.218956903
0.6508586160000001
0.3203864735
0.13421572650000002
0.09632320025
0.08192467919999999
0.09227858964999999
0.11983935849999999
0.6612350475000001
0.6299757150000002
0.6328676515
0.16566871504999997
0.10620533780000001
0.10930703850000001
0.19884824480000002
0.8723913735000001
0.8621196935000001
0.22082786350000003
0.6462533735
0.08384219635
0.06577384915000001
0.08434940195
0.1282354903
0.7733628345
0.2558029335
0.238925403
0.25160301500000004
0.39782823100000003
0.9067745160000003
0.9076631885000002
0.20586985500000002
0.08154798225000001
0.09213668590000001
0.7978342645
0.86526435
0.9159975575000001
0.9444630190000001
0.9417823200000002
0.912863922
0.0863735617
0.06573237905
0.0946215337
0.7692712870000001
0.7679877270000001
0.099807916
0.07991011045
0.07998563385000002
0.09159418685000001
0.1332683142
0.11789918245
0.0790759944
0.11483136499999999
0.8387455260000002
0.34581197550000004
0.8673158485000001
0.23325009050000003
0.0798964311
0.0718711335
0.11737295880000002
0.07817469560000001
0.07456972120000001
0.09071858735
0.187351454
0.8957810190000001
0.9085529490000002
0.794672095
0.7421831139999999
0.1586741305
0.1285775805
0.6325853920000001
0.0890307966
0.074162021
0.07511652615
0.2325791956
0.9036730065000002
0.935828249
0.927854755
0.906369643
0.881648042
0.09103144860000001
0.05686239750000001
0.06698845425
0.052790595
0.0656203924
0.22430787650000006
0.9143600350000001
0.9394385415000001
0.939591878
0.916266722
0.21797393
0.08714549260000001
0.08414167515000001
0.1349039425
0.8174488315000001
0.7310765745
0.763208923
0.8840337595000002
0.8798436825000001
0.41375565000000003
0.17095617950000003
0.18969046074999998
0.834111171
0.9228106445000002
0.9301822455000001
0.8948791730000001
0.1463508575
0.13131328025000003
0.22900727175000002
0.7666840345000001
0.8733527700000002
0.7606187450000002
0.131447258
0.13074979220000002
0.08441549365
0.07374370400000001
0.09167575230000001
0.1621152647
0.6413777964999999
0.20015032050000003
0.26723061750000004
0.8535838265000001
0.8825419290000001
0.8597173395000001
0.1613423565
0.130220103
0.1682315855
0.8246822245000001
0.7122738150000001
0.10298097675000002
0.07936194825
0.10111581520000001
0.14090586125
0.7466079354999999
0.16018749399999999
0.20264765400000004
0.9050931310000001
0.9335286030000001
0.9091467165000001
0.13495045400000003
0.11678253120000001
0.68263089
0.11109228
0.13980220820000003
0.1227054918
0.12649778555000002
0.729376084
0.6830207724999999
0.114281854
0.08814982140000001
0.10604170310000001
0.6349464795
0.1778085827
0.134079269
0.15028897500000002
0.2899953625
0.8739440040000002
0.8876619145000001
0.7849320655
0.734845662
0.09689925449999999
0.06430653880000001
0.060845489450000005
0.07187637790000001
0.06613627395
0.09502545230000001
0.8327456935
0.8421356680000001
0.8284751645
0.8211273610000001
0.7815720644999999
0.10994316545
0.10835250429999999
0.13095589449999998
0.0830249202
0.08684238615
0.13922483289999998
0.8784557260000001
0.8936932610000001
0.9308888790000001
0.9294074880000001
0.8910280595000001
