0.7884226280000001
0.7709843315
0.7455077280000001
0.7486633050000001
0.7817017355000001
0.8006018699999999
0.528909685
0.4851948775
0.51106649
0.8371621570000001
0.8778912350000001
0.8546368480000001
0.8583607350000001
0.78219576
0.6858008959999999
0.2752411305
0.532816295
0.156004258
0.138700672
0.21116193049999998
0.1655725755
0.2723507825
0.610129885
0.6475186599999999
0.6512743580000001
0.6473224135
0.6466967355
0.6446907985
0.6719269959999999
0.691792407
0.1906487545
0.1123290888
0.11151212
0.09235792250000001
0.1067822715
0.161108371
0.747918574
0.6332314760000001
0.5885751645
0.5565365795
0.17633407500000003
0.1402780065
0.13593126300000002
0.1610548425
0.6081061915000001
0.7325530995
0.21835807499999998
0.17900248000000002
0.248336616
0.15273151450000003
0.148914575
0.19791682
0.6135153685
0.7620364930000001
0.637582677
0.6313614099999999
0.6210726735000001
0.6266604880000001
0.18332542500000001
0.1729988775
0.128863793
0.14449253
0.11488396000000001
0.116814978
0.1525646715
0.14562178250000002
0.10237256880000001
0.0927712335
0.10314676500000002
0.140749052
0.1594208742
0.2956340315
0.32716486149999996
0.693973669
0.6502848005
0.129266343
0.10790552150000002
0.0990580825
0.1278435552
0.6999038520000002
0.6710433485
0.22156654850000002
0.6469225180000001
0.1358513945
0.150895578
0.132727482
0.1371672475
0.7720778975000001
0.719557986
0.26875586349999997
0.787378272
0.8403220665000001
0.8713316574999999
0.7627608250000001
0.241897187
0.76832575
0.7262990690000001
0.11914790100000001
0.129917002
0.11874454
0.1250533275
0.7389740135000001
0.7135451075
0.32683369649999994
0.828901711
0.7003760520000001
0.12303297700000002
0.131242292
0.20124237749999999
0.265454044
0.8353415384999999
0.1704083425
0.08499462649999999
0.0673477475
0.0638784101
0.06334359755
0.0716080091
0.08657579
0.0651969371
0.08531296675000001
0.8046812274999999
0.8327451990000001
0.8730936325
0.9183045245000001
0.8979909520000001
0.12241682699999999
0.107233875
0.1889470985
0.8643482165000002
0.7595472890000001
0.0933230305
0.0733595075
0.0758683292
0.0744977998
0.0877018883
0.177940967
0.5954693315
0.6194515810000001
0.6934884275
0.800794015
0.7363375990000001
0.7089346140000001
0.6913482799999999
0.6669471495000001
0.6342497000000001
0.586379247
0.287858611
0.36532765700000003
0.32668442900000005
0.5669576540000001
0.5670500145
0.2324886005
0.23764483900000002
0.7273793565000001
0.25446496600000007
0.15361800350000002
0.1291449995
0.14558625300000003
0.14716925
0.6180951570000002
0.14573110050000002
0.12624399830000002
0.1857517955
0.10539638300000001
0.09415418175000001
0.11124393900000001
0.6720059280000001
0.709699412
0.763250487
0.8846581165
0.8784769889999999
0.306364518
0.138538513
0.128165781
0.5530856265
0.5594173780000001
0.5944261260000001
0.6258991150000002
0.6568603390000001
0.6583697125
0.10412624920000002
0.0885330955
0.0921048575
0.15648314550000003
0.21827632500000002
0.755519519
0.11363126000000001
0.06507636330000001
0.0621446403
0.09843779200000001
0.8443683770000001
0.9142907730000002
0.919884461
0.8825637850000001
0.8614650410000001
0.893772168
0.8621251320000001
0.8626192425000001
0.8572725230000001
0.8466714525
0.09361705325
0.05581953785
0.056857022800000004
0.09587439525000001
0.09144434785000001
0.090755996
0.08986197700000001
0.113228249
0.09461695049999999
0.08669409370000002
0.08897888400000001
0.08810368100000002
0.100810176
0.0798830833
0.1049955057
0.7061535555
0.09404695945
0.06850252900000002
0.1018371815
0.10683108285000001
0.8635707000000001
0.8941486180000002
0.9169072500000001
0.934498845
0.8761373040000001
0.07881554819999999
0.057008545150000006
0.0579041451
0.0883014863
0.69639935
0.08440926515000001
0.06289186795000001
0.0636597581
0.072967952
0.1120534634
0.10383614590000002
0.774726875
0.8973984530000001
0.921225818
0.9244081340000001
0.92188993
0.9181639480000001
0.914079171
0.906684148
0.8842515270000002
0.894448008
0.8630618805000001
0.8510385070000002
0.8690669100000001
0.4743977805
0.20849003500000002
0.634574041
0.581677947
0.10750532800000001
0.11134648
0.18598556200000002
0.2335819725
0.8242664875000001
0.337131248
0.6729381130000001
0.138048865
0.1362006415
0.808773484
0.8851711760000001
0.8500892430000001
0.79959603
0.7087794570000001
0.1253218601
0.13167811000000001
0.7084984729999999
0.4821670515
0.8562702320000001
0.3214703735000001
0.16122809300000002
0.116198772
0.1665773685
0.8523682175
0.8535751920000001
0.14485543400000003
0.1175624925
0.0973976565
0.0944586405
0.186964622
0.6729959114999999
0.13890566199999999
0.09711978180000001
0.12771623000000001
0.164134387
0.1389700545
0.17542586150000003
0.6379244735
0.17847134450000002
0.1569333145
0.17009793650000002
0.6080559995
0.2504733175
0.355287568
0.24677663800000002
0.3924973849999999
0.78276351
0.68518973
0.6421029755000001
0.46111373
0.391735244
0.3948991235
0.83967284
0.8493465280000001
0.7315160770000001
0.70294636
0.10116865300000001
0.0673081922
0.0600646182
0.0679253786
0.12753978030000002
0.1071776455
0.276790947
0.8637200700000001
0.862096143
0.845047602
0.15473173550000002
0.088983165
0.0808237083
0.075686752
0.11112938620000001
0.702636397
0.114528087
0.09503052600000002
0.1217434807
0.1406830335
0.143197332
0.214686524
0.152047613
0.1995228195
0.2129579185
0.7047948475000001
0.508526116
0.414128635
0.2136391835
0.19295547000000002
0.24805871100000002
0.18707573500000002
0.207374362
0.6226002575
0.45890884
0.824529087
0.85230574
0.799651466
0.805773031
0.7153218884999999
0.6784119890000001
0.7138631810000001
0.825421345
0.84577031
0.78248852
0.841128787
0.395945131
0.1353550965
0.1039617957
0.1141597723
0.5120557855000001
0.15922551950000002
0.1985855795
0.731190028
0.7717263125
0.837725619
0.9188204985
0.9326227940000001
0.9221556470000001
0.8551495170000001
0.23785319200000002
0.093777307
0.0783781075
0.08099852135
0.10989327965000001
0.22990794850000001
0.7914721730000001
0.6933672975
0.6670680589999999
0.6705048665
0.653981299
0.6418381009999999
0.3404088605
0.18355252000000002
0.16368042900000002
0.18438790449999998
0.1524073185
0.1465524285
0.119441248
0.14187211500000002
0.11678628900000002
0.10896792250000001
0.12197305950000001
0.09788170075000002
0.12017008300000001
0.6769127149999999
0.14251829285
0.2005952555
0.19200511450000002
0.152343909
0.08400436469999999
0.06319926315
0.06600009095
0.10071044050000001
0.7895214655
0.8314094320000001
0.165837301
0.0640514984
0.05010132815
0.05285064355
0.07966627735000001
0.850302705
0.8713601569999999
0.893030376
0.9323236490000001
0.9384371950000001
0.9389822074999999
0.9347211695000002
0.9049189580000001
0.8662342460000001
0.81472345
0.0621325048
0.0438582033
0.0434130973
0.053355535850000003
0.12798792799999997
0.9086398375000001
0.9388652595
0.9424003020000001
0.9281833070000001
0.832301821
0.09342129930000001
0.10832867075000002
0.060852268650000006
0.0675872915
0.1790036065
0.8846511100000001
0.9000482
0.8802211870000002
0.1093612067
0.05790417800000001
0.053105751550000004
0.0681003068
0.11269427
0.7599778450000001
0.09422473320000001
0.05822511175000001
0.05390745382500001
0.057791363350000007
0.07299305790000002
0.100989707
0.142918149
0.23646572100000005
0.86854541
0.7389164895
0.11736455725
0.09837784474999998
0.1479230247
0.13200642350000003
0.12622952035
0.205515619
0.18639280200000002
0.695883976
0.782827999
0.6503598595
0.13662834499999998
0.107966113
0.11948027090000002
0.187662204
0.6787959555
0.6859836075000001
0.688082535
0.181933738
0.11739298500000002
0.14279265875
0.7988643799999999
0.1348964677
0.13555091300000002
0.0877317055
0.07084789655000001
0.1172759235
0.9033350695000002
0.9364845105
0.9402532645000001
0.9194241470000001
0.8822040750000001
0.8284961390000002
0.07228004450000002
0.0602693215
0.08302918000000001
0.0824053207
0.09637841149999998
0.6676711130000001
0.1633716955
0.13585182450000002
0.239064034
0.7037808970000001
0.757726386
0.8732174370000001
0.8662473240000002
0.407880548
0.187516643
0.18055726800000002
0.22412707550000002
0.7243382325000001
0.624659167
0.574753474
0.574230215
0.5893718350000001
0.6193499610000001
0.6851387750000001
0.8304318180000002
0.831996051
0.17519385299999998
0.11517353855000001
0.09980794150000001
0.1294124415
0.6676965300000001
0.10062992535000001
0.068284827
0.06935745815000001
0.0812185359
0.094847964
0.21031507649999998
0.7951717160000001
0.15983557600000003
0.1274769075
0.07209292760000001
0.07479053050000002
0.11875811150000001
0.72687756
0.09369084949999999
0.06107363565
0.053838056450000005
0.058080134150000004
0.09472393530000002
0.863098022
0.892301751
0.9118415465
0.9050056725000001
0.8923396075000001
0.861441195
0.809272305
0.20483386900000003
0.7309448255000001
0.08370715620000002
0.06704664235
0.10034728690000001
0.13844887150000001
0.89058579
0.907442542
0.15570758900000004
0.06537928380000001
0.06260948965
0.0929990138
0.281069205
0.906955417
0.9210969630000001
0.857002579
0.2344721685
0.17434476500000004
0.7428380820000001
0.19878378200000002
0.09134926055
0.086062653
0.13155716325
0.782850489
0.261289767
0.6530418960000001
0.13689133075
0.10659853055
0.12647995220000002
0.656562545
0.73950647
0.8871820715000002
0.8994831525
0.7976517665
0.135399935
0.09340128450000001
0.08364864630000002
0.082389992
0.07565887005
0.08592073549999998
0.1442708905
0.08078146740000001
0.08583436990000001
0.07905578120000001
0.07036191000000001
0.1271176037
0.885670354
0.9273591065
0.944810618
0.9327412700000001
0.2594714445
0.08163433600000002
0.09733074000000001
0.05903961615
0.06008439709999999
0.0859833321
0.0882717297
0.12044579695
0.677990771
0.6948384450000001
0.796634955
0.7186026575
0.7030484840000001
0.7944109990000001
0.7073478954999999
0.6351387955000001
0.619635365
0.5643463395
0.16341680749999998
0.14007787350000003
0.149008397
0.22692566100000003
0.6912053025
0.7197519099999999
0.7128843559999999
0.67021294
0.24541029350000002
0.13910055000000002
0.12830313450000003
0.16200769950000002
0.6512224619999999
0.7256651165000001
0.8081940440000001
0.7355203085
0.746631359
0.7994852875
0.6908789150000001
0.3154073895
0.33881373200000003
0.23513723100000003
0.29746392200000005
0.24817641350000003
0.22247052399999998
0.5527749215
0.6509281135
0.7355636650000001
0.8664016540000001
0.8819848375
0.8506098275000001
0.6995746905000001
0.15552207099999998
0.12408469520000001
0.1509926665
0.147160112
0.11634078970000002
0.113574014
0.132194395
0.18260476850000001
0.64409607
0.769780832
0.6355240215
0.6332357000000001
0.769105628
0.38430311
0.24135261300000005
0.3177609225
0.5552819059999999
0.165432416
0.1599682235
0.12528713000000002
0.1315182785
0.5425313730000001
0.2491915165
0.5486177795
0.1852339935
0.2216081255
0.5790194514999999
0.30105716200000004
0.20957724250000004
0.6115599545
0.5941206465000001
0.175720199
0.131482959
0.17801083800000003
0.10285099200000002
0.0937000638
0.12041500655000001
0.704982479
0.7390152580000001
0.8720171500000001
0.8791869495
0.778747933
0.7283067465
0.7309030649999999
0.8039218800000001
0.6934529510000002
0.6642788065
0.6678752804999999
0.7602750349999999
0.2316202025
0.27607342300000004
0.23494487100000003
0.6263838125
0.13487862550000002
0.1535461208
0.09743482640000001
0.07061605779999999
0.07827531645000002
0.09004208899999999
0.7764968850000001
0.9034083660000001
0.9271109945
0.9172272330000002
0.8117245805
0.7742698225
0.7482248615
0.08058345575000002
0.0650649962
0.06557748615000002
0.06841766480000001
0.0739420571
0.12273797800000001
0.15975129749999997
0.8246787915
0.1410066865
0.0621813682
0.054633376399999996
0.05306507605
0.051232160000000006
0.04969422255
0.05299284755
0.08302487060000001
0.875296829
0.9217512995000001
0.943283835
0.92639905
0.27569620749999996
0.7835926145000001
0.0713090108
0.04858726515
0.0491933072
0.062049971149999994
0.1199784965
0.8927650550000001
0.8971022740000001
0.158521453
0.1545155115
0.793794641
0.1475987
0.0740832245
0.0583564179
0.06573779130000001
0.1078681687
0.12348039370000001
0.1087987597
0.7497714700000001
0.7132757074999999
0.7344977560000001
0.745357594
0.7541718825000001
0.7726350660000001
0.1175073735
0.07018813430000001
0.05636877200000001
0.06804938220000001
0.08303033480000001
0.09113192149999999
0.179915206
0.15179141050000003
0.146339376
0.726573039
0.7051538495
0.6912549480000001
0.13133658199999998
0.08946308550000001
0.07834513900000001
0.11427076700000002
0.1303430737
0.196151657
0.828934727
0.8035415865000001
0.27096557899999996
0.326903475
0.6760386695000001
0.7909075240000001
0.384732964
0.2466802165
0.5877701750000002
0.22344411700000003
0.596518229
0.170875
0.163116691
0.1577588715
0.209617626
0.7854009815
0.23217566150000002
0.12947582900000001
0.12704797650000002
0.09412325700000002
0.08929211100000001
0.11341777
0.6879057949999999
0.7378461560000001
0.860186403
0.7987879765000001
0.77836221
0.7548714190000001
0.1212510975
0.07990716400000002
0.07014853774999999
0.07902453599999999
0.11476862750000001
0.25743167800000005
0.8838574590000001
0.89791764
0.7867453745
0.7006913060000001
0.277392191
0.15557948050000003
0.17599618599999997
0.6640618899999999
0.685187685
0.677942181
0.15544373
0.10629562600000002
0.1191015175
0.147086233
0.25047484600000003
0.278326536
0.20659435249999997
0.246547325
0.7826843990000001
0.7408849580000002
0.8451869780000001
0.836028481
0.654495861
0.1771245105
0.1440057135
0.14060153949999998
0.17391277699999996
0.27588819200000003
0.7252407280000001
0.8339082105000001
0.7366223545000001
0.6420775695
0.6187973904999999
0.6459715289999999
0.672293575
0.6769864704999999
0.6991495475
0.7439217600000001
0.8525423330000002
0.8713504015000002
0.9081936900000002
0.9074470085000002
0.8715442
0.19172277600000004
0.10940522474999999
0.095939385
0.0999394646
0.1856159797
0.13584075690000003
0.09491866450000001
0.10324254635000002
0.07937098585
0.0820967102
0.12312209660000001
0.7858012074999999
0.899066553
0.8879287865
0.713623454
0.645805269
0.6306587020000001
0.661013052
0.8105653660000001
0.700554322
0.626561135
0.12432703350000002
0.1517559515
0.14605421600000001
0.12047788339999999
0.6492452520000002
0.12103492219999999
0.12263052449999999
0.11656087100000001
0.666437117
0.15689625599999998
0.2169429335
0.7886541130000001
0.7450206079999999
0.11489053900000001
0.07912265480000003
0.06815889385
0.09192640045
0.8318390005
0.8723163175
0.9245196695000001
0.908816295
0.8856816415
0.8050173580000001
0.1164515735
0.11960533200000001
0.6581616849999999
0.1862387505
0.38149823650000003
0.89214212
0.89540111
0.206432042
0.1432646655
0.6511730285
0.11042530150000002
0.1087997165
0.142668743
0.7787082775
0.845777438
0.1308927148
0.11884295600000001
0.127686147
0.15003658050000002
0.681423981
0.681075208
0.6986396650000002
0.73193348
0.8066502750000001
0.886764858
0.825123842
0.797467495
0.190332923
0.096447356
0.0855624475
0.151701317
0.09317499650000001
0.0920231085
0.11309343620000001
0.09172933450000001
0.09069556240000001
0.10260862200000001
0.1346208275
0.6622108205
0.706961266
0.8293999675000001
0.827903117
0.21359935450000003
0.17730330549999998
0.23773212675000002
0.18948359100000003
0.17330780789999997
0.701814655
0.7764139515000001
0.906077671
0.9170827805
0.8812821710000001
0.1289943828
0.094500152
0.10976189495
0.10019927470000001
0.129438146
0.620746815
0.649256344
0.6956857379999999
0.7878341230000001
0.19010995300000003
0.12577822949999998
0.1195437785
0.12759726725
0.16033893450000003
0.6278621550000001
0.6309619300000001
0.230156997
0.14597667020000002
0.1148718677
0.10196586434999999
0.0992324539
0.112704441
0.159250471
0.18781056150000003
0.1811117935
0.698589859
0.131640673
0.0813825018
0.0678631574
0.0622155802
0.06311751019999999
0.06265104515000001
0.07020131485000002
0.1135479185
0.825221792
0.9045605955000001
0.7880050194999999
0.09690759150000001
0.06573577205
0.06469788815
0.10958257955
0.1639178015
0.8125555980000001
0.120968867
0.07332521540000002
0.07186343725000001
0.0883250097
0.1384268076
0.24542834300000002
0.22881243950000002
0.09608068550000001
0.0863447837
0.14762527
0.10061819395
0.15795969349999997
0.12700231850000002
0.11921270575000001
0.735114411
0.82519253
0.214401627
0.248079668
0.881345389
0.909150141
0.8434501015000001
0.8550006005
0.15993315600000002
0.14752292900000002
0.7438547995
0.8457472840000001
0.9136792250000001
0.9125017235
0.8761736014999999
0.855983492
0.838883083
0.8179065845000001
0.8090183215000001
0.839952824
0.8703620875
0.9102186075
0.9189293325
0.920072952
0.914813423
0.8883023275
0.8723589775
0.8653126145000001
0.860445344
0.168750547
0.15702238999999998
0.615418388
0.6209259100000001
0.5958254225
0.18945180050000002
0.289912775
0.887969955
0.9173817515
0.89038583
0.13508186
0.09683504270000001
0.10814527365000001
0.08677773680000002
0.12122016735
0.13055885050000002
0.6252899845
0.1508775914
0.19385079600000002
0.22391163549999998
0.29942719799999995
0.28206337600000003
0.8370376190000001
0.795842303
0.8143307100000001
0.888646743
0.901709868
0.8807117805
0.8002323925
0.80846057
0.8546641875000001
0.9056413905
0.896305801
0.793481775
0.222328718
0.362979333
0.27255412200000007
0.10182322650000002
0.0796762216
0.06967710410000001
0.0806063462
0.10011196885000001
0.2182731845
0.8687707650000001
0.8905702475000001
0.8505314880000001
0.1954122345
0.144897823
0.1534344575
0.13803411449999997
0.184539513
0.21303432700000005
0.682009673
0.8230635330000001
0.8158584025000001
0.674338792
0.6617700314999999
0.7308234065
0.82156017
0.794961581
0.787060037
0.8528518910000001
0.8299847485000001
0.4479460270000001
0.4198874925
0.2622081865
0.5149595290000001
0.237716465
0.5490933490000001
0.1777672005
0.154824944
0.18924501550000003
0.2525845125
0.12820756300000002
0.11317198600000002
0.1424113815
0.24843388
0.24832897450000005
0.15532281900000003
0.1733901465
0.1762979015
0.17587355200000002
0.6529781160000001
0.6832680965
0.73228041
0.8449810310000001
0.8273108750000001
0.31596302
0.2120999235
0.22761325500000001
0.7551713624999999
0.7223023625
0.867434096
0.8942321520000001
0.8745098370000002
0.756022567
0.7098820715
0.7873280760000001
0.6782148440000001
0.584941276
0.21309268750000004
0.27009324400000007
0.26766462150000003
0.204387525
0.3150758705
0.702001103
0.8291096725000001
0.724691561
0.68920243
0.69791809
0.6938265865
0.092452429
0.06914366285000001
0.0944588917
0.07469912815000002
0.06538759705
0.07039422055000001
0.10274095300000002
0.2297960175
0.8209757875000001
0.11256164760000001
0.056075003000000005
0.04763406055
0.0465204971
0.050555039950000005
0.07662987225000002
0.860686367
0.915922757
0.944208315
0.9280944660000001
0.3457141455
0.8728165360000001
0.08613265395
0.04960841895000001
0.0460874055
0.05714308865
0.11235013800000002
0.8390026760000001
0.18346525560000002
0.1630706172
0.1031125481
0.08281149324999999
0.1336340014
0.12598090905
0.13288024699999998
0.13634441400000002
0.13004656380000001
0.10119041700000002
0.13333135850000002
0.131294927
0.10159107070000001
0.1196931715
0.11312340950000001
0.12048363050000001
0.09438985990000001
0.08592300105
0.09840031849999999
0.16621706
0.78178537
0.1904104875
0.2303238965
0.18667492949999998
0.11837648550000002
0.18199056400000002
0.2295323445
0.8058236670000001
0.922791018
0.93940952
0.934043458
0.9072322585000001
0.1542079425
0.09538852275
0.072121684
0.0841663685
0.099422194
0.1097057895
0.5611465720000001
0.5786494975
0.616841692
0.7190554495
0.5958815905000001
0.5739648120000002
0.5908849825
0.654318472
0.7911305060000001
0.681619708
0.12424380250000001
0.0811647914
0.0696482045
0.0821375897
0.0837831181
0.13923674800000002
0.879790023
0.8211899334999999
0.7634155485
0.09440785550000001
0.059302453150000004
0.0558501574
0.058822131799999997
0.07804333860000001
0.150335645
0.7276110510000001
0.8505139100000001
0.8664723705
0.82261149
0.227428458
0.20384607850000003
0.453762439
0.13235510250000002
0.14106060150000002
0.23971658499999998
0.8717000965
0.887757615
0.263300611
0.1299877383
0.1714426855
0.1393246895
0.7455379900000001
0.7458313495000001
0.7433701700000002
0.6996134965
0.10417339025000001
0.0865722965
0.0824770915
0.140922614
0.6701913410000001
0.211480037
0.11517770310000001
0.12424936650000001
0.5974824799999999
0.2196362225
0.1491720525
0.19130847150000002
0.3091415945
0.43803756
0.796885737
0.6727449
0.7045300870000001
0.8577979010000001
0.8790373785000001
0.8514735875
0.231406608
0.11444382950000001
0.08809054420000001
0.0847242488
0.10448710935000001
0.27107719999999996
0.6909231865000001
0.704092902
0.12551286250000002
0.0822443388
0.09359218620000001
0.07506861775
0.07780692605
0.0635156647
0.061766409
0.07420309000000001
0.13676456150000002
0.8146950905000001
0.898107538
0.774778343
0.14673497950000003
0.1650107696
0.83902973
0.09938942315000002
0.0657695396
0.05857328265
0.052245196350000016
0.05176854045
0.058878319500000005
0.10971981950000001
0.887558178
0.8656168175
0.8515439395000001
0.8709041135
0.8770815375000001
0.8724843785
0.8802835805000001
0.9130312570000001
0.9129987330000001
0.8901710395
0.9088809565
0.8713790870000001
0.8466744360000001
0.8668197920000001
0.09929159500000001
0.0759729688
0.10004220850000001
0.6798472095
0.13377354549999998
0.17629686979999998
0.18026648200000003
0.14949308600000003
0.726015672
0.09563509719999999
0.06809120885
0.0634109431
0.06406702330000001
0.075488376
0.14513204300000002
0.7859343320000001
0.22425227350000002
0.0851335748
0.07469563600000001
0.08782193799999999
0.15250468800000003
0.8667204065000002
0.8699109
0.3062156634999999
0.188931412
0.2140836395
0.761982835
0.21624628850000002
0.20868994124999998
0.360242901
0.689579302
0.6706218110000001
0.6449935815
0.601207842
0.36695601099999997
0.35321929599999996
0.41325294600000007
0.810940981
0.801722031
0.7919523260000001
0.8082848500000002
0.8183082654999999
0.8311076000000002
0.7927021845
0.7730835400000001
0.8036897335000002
0.867020383
0.8924411530000002
0.887132966
0.8609643945
0.882899332
0.8744474110000001
0.881580829
0.8292190385
0.776193271
0.8094877500000002
0.185162503
0.13044425680000002
0.1372718325
0.5789362820000001
0.1401962145
0.09066509600000001
0.08732315765
0.15134297624999998
0.17617123049999997
0.889942609
0.9069216295000002
0.842025706
0.806758564
0.8420260835
0.917752551
0.928528521
0.9105547825000001
0.7743225630000001
0.07935802780000002
0.07496499275
0.06417124045
0.06897689550000001
0.12285637625000001
0.08415158485000002
0.09033842090000002
0.12711590350000002
0.704361015
0.8628800510000001
0.8960063125
0.897396501
0.8723029955
0.7282819620000001
0.155862954
0.11277832070000002
0.108229357
0.10796154630000002
0.12294098100000002
0.11077204700000001
0.09858016600000001
0.09613376615
0.1383400882
0.24914516200000003
0.23344341650000003
0.10899769045
0.09205262980000001
0.09968347420000001
0.16820226400000005
0.7278749010000001
0.8099683665
0.33228332950000006
0.7114982810000001
0.847187636
0.7678899730000001
0.8540515420000001
0.7299967505000001
0.6724931135
0.08550859135
0.06877362075
0.0636726073
0.10940395139999999
0.09214226880000001
0.0943705137
0.22451392550000002
0.856618286
0.1378029747
0.08155709859999999
0.10087006180000001
0.6927154950000001
0.1278186715
0.11509914950000001
0.08150760080000001
0.1342457405
0.8565007700000001
0.449119434
0.8044540630000001
0.0905970205
0.054635353100000006
0.0488433214
0.054856945350000005
0.08536983865
0.847164427
0.876765923
0.886149021
0.8581284670000001
0.08519289685
0.06123178825
0.058527066550000006
0.06605501265000001
0.146023586
0.82372065
0.363838121
0.8629402780000002
0.09834904939999999
0.06361317735000001
0.0759164343
0.167331863
0.7497646905000002
0.10781445910000001
0.08933629139999999
0.21253442525
0.882350268
0.9321307925000002
0.9194187825000001
0.120152762
0.06075066195000001
0.05595843325
0.07176169195
0.09124503050000002
0.17916748299999996
0.248031424
0.823514991
0.69686809
0.6454026629999998
0.6727705445
0.775136165
0.6834376449999999
0.6967656765
0.7866692420000001
0.46636553449999996
0.8040279720000001
0.683369472
0.13177572
0.10580471550000001
0.11566519455
0.11206265700000001
0.14281445850000002
0.157928749
0.159832532
0.139094354
0.1310006665
0.17688524000000003
0.256074336
0.202251423
0.185771311
0.158819482
0.6029236570000001
0.12056471770000002
0.0907665914
0.09988444000000002
0.185635487
0.8469622015
0.7780677600000001
0.786635403
0.8872141050000001
0.86769541
0.1318370355
0.11853712980000002
0.258055781
0.864341976
0.7528007255
0.11476164755
0.06265786344999999
0.0645370192
0.12873214875000002
0.230316436
0.8757846200000002
0.892475203
0.13073909600000003
0.1087137081
0.6424199399999999
0.09147430080000002
0.0837740245
0.21078130150000002
0.904236031
0.9458702715000001
0.9535979720000001
0.9497005820000002
0.912543245
0.08264783630000001
0.043863443700000004
0.042083947700000006
0.04643164515000001
0.05218733650000001
0.06180652200000001
0.06616729295
0.06116766294999999
0.06721769400000001
0.10882681849999999
0.8077941335000002
0.7865963600000001
0.15412522850000002
0.1042665058
0.155033156
0.8601179250000001
0.7701892760000002
0.09746306170000002
0.0732191898
0.09123481080000001
0.11224655500000001
0.670971585
0.20785642350000003
0.32214054450000007
0.428235597
0.822817741
0.353662105
0.319329771
0.20509108050000002
0.606329618
0.635912703
0.7145599045
0.8418097845000001
0.7486246300000001
0.7326411065000001
0.1434514155
0.097032465
0.0838005093
0.07832538045
0.09109811649999999
0.1257674635
0.178941436
0.7831276295000001
0.6298011920000001
0.1488290175
0.1284903685
0.205692109
0.161703046
0.6611352500000001
0.6747644555000001
0.6942047155000001
0.1449111415
0.080534601
0.0680865645
0.08277617550000001
0.22508618700000002
0.8271763605000001
0.7807147099999999
0.10032824250000001
0.06516523904999999
0.0670701361
0.1216118441
0.8713253450000001
0.8974129590000001
0.8960688560000001
0.876071923
0.15030748250000003
0.069813053
0.0650760885
0.09254143
0.7673510960000001
0.7913624880000001
0.21630643000000002
0.208102942
0.8047791580000001
0.1374606765
0.12085638180000002
0.2432895575
0.7661251175
0.6981074340000001
0.11646611450000002
0.1066996
0.0952906605
0.1190671318
0.73223868
0.7457694925
0.8493262295000001
0.7202591690000001
0.1440630105
0.11514555650000001
0.10825185650000002
0.126377393
0.23500744900000003
0.17258715900000002
0.19716222050000004
0.674729518
0.813878345
0.8031718700000001
0.8744494974999999
0.8826866500000001
0.853322867
0.851864574
0.7762126819999999
0.692762289
0.6451610385000001
0.6159227704999999
0.6314455164999999
0.6344746265
0.22287652900000002
0.113721308
0.106500568
0.145356244
0.222474882
0.8451102330000001
0.160912289
0.073653357
0.05607695055000001
0.05938216015000001
0.09158740580000001
0.83728674
0.8672815150000001
0.8702007830000001
0.85316704
0.8397469949999999
0.853055078
0.9006515675
0.9206161950000001
0.9235218380000001
0.9156868005000001
0.8910349020000001
0.8845147530000002
0.8962715815000001
0.8218440125
0.08540362800000001
0.05921445965000001
0.05533627665000001
0.072287661
0.120455458
0.725966396
0.327195972
0.11755146650000001
0.0853986445
0.10296719550000002
0.12562036000000001
0.12624087450000002
0.165465405
0.1650860375
0.7081693875000001
0.727078127
0.8320198915000001
0.6894164455
0.278798496
0.35254509399999995
0.253674612
0.6573607995000001
0.6991494679999999
0.8423009170000001
0.8225686355
0.23999087250000004
0.2107529445
0.3744647675
0.6117633745
0.611696955
0.21361385699999996
0.285741787
0.1380306253
0.115677491
0.16804535950000002
0.1835665745
0.175499008
0.14683153050000003
0.15878915799999999
0.30895767
0.8052193040000001
0.457864798
0.212132586
0.2027097055
0.57305237
0.319417659
0.722730422
0.2411589535
0.24912548650000002
0.230166266
0.6160724710000001
0.7364286255000001
0.22009325400000002
0.211924145
0.204921753
0.49480429500000006
0.161033142
0.21178341900000003
0.6255399955000001
0.2302302805
0.12050364100000001
0.10303111760000001
0.14654886250000002
0.733364438
0.844352403
0.72653948
0.7199752700000002
0.836238103
0.21907367100000003
0.151846739
0.11304839
0.185466817
0.7348565430000001
0.741581363
0.768628394
0.7715397090000001
0.74247591
0.14382431150000002
0.14807568150000003
0.2056857555
0.287224862
0.8057687275000001
0.9040053785
0.8679361625000002
0.14110549800000002
0.1023298565
0.1031343548
0.17230516399999998
0.6178720855
0.38816517400000006
0.4046571065000001
0.876785415
0.9098042460000001
0.9002525240000001
0.9121880305000001
0.8956109965
0.84298782
0.835074644
0.8503250500000001
0.90099857
0.8778295095
