0.724821035
0.18850514
0.1156132155
0.10460225000000002
0.1323477335
0.14051542200000003
0.2613550785
0.687141905
0.6799808695
0.396580276
0.3240935935
0.61764964
0.32068782900000004
0.5131729075000001
0.1504302585
0.15878719950000003
0.777739951
0.9008968375000002
0.9244780285
0.9277254850000001
0.922992165
0.9019571415000001
0.7936474950000001
0.6630626530000001
0.161167841
0.14015520950000002
0.5036471425000001
0.25980752900000004
0.638713293
0.371475948
0.36906433
0.7391021800000002
0.8482870565000001
0.22193597199999998
0.11048540949999999
0.0856367808
0.080675912
0.09450769825
0.1366823715
0.5619308230000001
0.183083764
0.15980925850000002
0.17976164800000002
0.6102884385
0.652253123
0.692330583
0.70671723
0.782520111
0.211678729
0.14138098600000001
0.10813434400000001
0.09483259300000002
0.10132758325000002
0.14190215
0.6792540579999999
0.70185076
0.7022040979999999
0.68483782
0.6711774840000001
0.650383092
0.1202614605
0.08732162350000001
0.1008227378
0.553097512
0.10895022680000002
0.09935147750000001
0.21236912200000002
0.8336263930000001
0.8641764965000001
0.8763237985000002
0.8626771670000001
0.8209098635000001
0.155156663
0.0962416707
0.1123475985
0.6150651054999999
0.11439781050000002
0.09709764100000001
0.1354482985
0.69502858
0.716232085
0.10202553130000001
0.06835781540000001
0.0633643504
0.063761341
0.0700087999
0.0714555569
0.116347899
0.7699256839999999
0.3760337715
0.800176261
0.75796741
0.773734031
0.751447657
0.0778955942
0.050215649800000005
0.04530866195000001
0.04758480365000001
0.05920583630000001
0.124080221
0.8817828050000001
0.92461931
0.905992175
0.8791681460000002
0.8938350425
0.9229856850000001
0.88817451
0.1299087695
0.0528857603
0.04503889710000001
0.047917131700000004
0.06598045505
0.13442313700000003
0.863807227
0.39431020550000007
0.8360441680000001
0.194411789
0.08584295
0.114000444
0.0662196475
0.0614744772
0.0670319447
0.09959859580000001
0.7629741575000001
0.7486903140000001
0.7242287465000001
0.10416158920000002
0.0716640451
0.0743686345
0.10696074500000001
0.11462067925
0.17610308400000002
0.841358299
0.8399866724999999
0.897645649
0.9063416465000002
0.89431533
0.8378007545000001
0.8040441115000001
0.8015883230000002
0.2439588245
0.19116740050000003
0.21601918900000003
0.611284581
0.7593611565
0.42201730550000005
0.20634889
0.172809944
0.188199016
0.5575704825000001
0.6810158820000001
0.8128536725000001
0.7578239230000001
0.841267747
0.8159447
0.21052367800000002
0.14488106550000002
0.13173769800000001
0.16440556600000003
0.3501305605
0.6366753424999999
0.388804716
0.15763279130000002
0.1188070198
0.0998290972
0.0982651785
0.115013894
0.243261548
0.559333198
0.23237428150000003
0.20822336450000004
0.6291967840000001
0.6674175565
0.8221764100000001
0.8232878215
0.634042813
0.2085077935
0.2465520285
0.1822310895
0.160783738
0.24588831
0.24522403450000002
0.1529343757
0.09781105800000002
0.08582895125
0.09639608270000001
0.17193469349999999
0.708934409
0.8385650370000001
0.19555641100000004
0.08650653050000001
0.06148222190000001
0.05466669725000001
0.0556073644
0.056519806000000006
0.06813084875
0.16582901590000002
0.1578666747
0.874785525
0.813027129
0.8125022000000002
0.8064463585
0.7969445730000001
0.886953105
0.133865189
0.07661529925
0.0569746693
0.062495012550000006
0.057229526350000004
0.05885689220000001
0.06365959375
0.0884262435
0.210594259
0.6942463345000002
0.7055616330000001
0.714290296
0.11459596729999999
0.07199365415000002
0.06530232825000001
0.07039756065
0.09735203070000001
0.1431416255
0.1046444635
0.08713197450000001
0.07699206850000001
0.12782500000000002
0.86829789
0.8096969039999999
0.7554906055
0.08646849325
0.05466019440000001
0.050445062750000005
0.059804981
0.10774129200000002
0.8796719400000002
0.8887596225000001
0.8943253680000001
0.8992147775
0.90999931
0.8926615025
0.882270635
0.8847850600000001
0.8946951360000001
0.9081911175
0.9199218965
0.9032855490000001
0.08605832599999999
0.051824896700000005
0.04902499295000001
0.0565202969
0.10019706575000001
0.7923504255
0.7802393835000001
0.762705038
0.1394307365
0.1349450345
0.701249835
0.13260161850000002
0.16059723150000002
0.097412487
0.06827058370000001
0.0597675284
0.06170473585
0.07995169449999999
0.14472959000000002
0.86025343
0.8661402190000002
0.7008473349999998
0.167565057
0.171183069
0.3392157845
0.8282775130000001
0.35616211150000004
0.202166221
0.1585976505
0.718747918
0.7537736970000002
0.7541200675
0.7034567605000001
0.6690571785
0.6405554810000001
0.16757721300000003
0.26364887900000006
0.31001914199999997
0.8438258944999999
0.1991418125
0.0955832955
0.0911716754
0.1418909859
0.090493718
0.09007090670000001
0.12559588749999998
0.12271301760000003
0.16448706500000004
0.1810619335
0.1716967645
0.6151129510000001
0.1765536275
0.169475695
0.135069078
0.15754215950000003
0.1924133425
0.62047159
0.7532853225
0.437143109
0.22727017100000002
0.21739194
0.31590142250000003
0.2617817455
0.402804763
0.4520456850000001
0.6144667985000001
0.651082606
0.7564117975000001
0.6504377454999999
0.6211829990000001
0.668493586
0.775207541
0.7147363170000001
0.667559481
0.614146031
0.5875711160000001
0.4924632165
0.20266051150000003
0.19912133570000004
0.636001645
0.7854438375
0.45555321200000004
0.439895719
0.793538655
0.1563611075
0.10566315400000001
0.1167821253
0.6695063940000001
0.7440722070000001
0.7993762350000001
0.8320631135
0.866689199
0.9063619810000001
0.872549645
0.129213081
0.101023435
0.12554625875
0.58091165
0.39692126699999997
0.5743589790000001
0.8551757340000001
0.8328722535
0.301334416
0.285138049
0.7293586919999999
0.6059184720000002
0.536624938
0.4863662015
0.23421362950000002
0.19736170000000003
0.2805627765
0.2017624205
0.23371708649999998
0.7346461470000001
0.32166698250000003
0.618052024
0.6506293175
0.7129263764999999
0.8235181530000001
0.706249008
0.6481189825000001
0.12364368
0.09307125860000001
0.09375862920000003
0.12882144029999998
0.18405006599999998
0.382253453
0.8290603605
0.815742123
0.6328449975000001
0.1846153495
0.143986121
0.144751868
0.2245866165
0.482701802
0.834257403
0.8267487749999999
0.2077270645
0.1216096622
0.11476027300000001
0.09974392550000002
0.0918459612
0.11519369000000002
0.11054327850000001
0.10847922250000001
0.11307239700000002
0.13090880400000002
0.17485287900000002
0.215354844
0.31395035200000004
0.270639082
0.14415601900000002
0.140526686
0.1577556795
0.18240529000000003
0.530962477
0.5390005690000002
0.57703565
0.5982294075000001
0.5892494455
0.13950874600000002
0.0978726035
0.0839251284
0.08992388720000001
0.08151287125000002
0.09333621480000001
0.1491018545
0.8721069715000002
0.8946013750000001
0.8159187075000001
0.8782851090000001
0.7437555150000001
0.688646688
0.637131118
0.10653640450000001
0.0841069168
0.11788568325000001
0.6470321184999999
0.1272890005
0.0905141512
0.098520147
0.123454584
0.1233002588
0.10867481250000001
0.1333564048
0.16974871600000002
0.20926182
0.23502132000000003
0.7721450049999999
0.6283244045
0.1654703395
0.12960968180000002
0.16644465149999998
0.20914372399999998
0.1415217627
0.16253814400000002
0.16874704750000002
0.665963804
0.7922838115
0.676590405
0.672509325
0.7885285350000001
0.6555676149999998
0.633072594
0.73769987
0.5887049455000001
0.5526863565000001
0.564662947
0.6158114845
0.6863924280000001
0.8410193025000001
0.8373811420000001
0.1562071485
0.1252600199
0.09874058150000001
0.1253229778
0.198093083
0.691856013
0.6915593430000001
0.6866020275
0.0882151653
0.058883374800000006
0.0589482267
0.06046715075000001
0.08184857940000001
0.273774854
0.8855221390000001
0.8457405120000001
0.7884355434999999
0.7567444560000002
0.6948260540000001
0.2071105465
0.6982762829999999
0.150632806
0.0903765411
0.11447572100000002
0.8294522590000001
0.8847482515
0.897060995
0.8879664709999999
0.8818952875
0.1035207335
0.0750055003
0.10880607950000001
0.6795901730000001
0.273544235
0.8787970285000001
0.9202176535000002
0.923458847
0.8867957860000001
0.8815575900000001
0.9072395385
0.8562882735000001
0.8235754140000001
0.13117823450000002
0.07771795375000001
0.07520656579999999
0.117211122
0.08696777865
0.11194573830000001
0.6962470919999999
0.25345654050000005
0.2862533425
0.15024709600000002
0.2061785635
0.1568401655
0.63264207
0.116457271
0.10257535649999999
0.11017956920000001
0.15816425099999998
0.21835131750000003
0.1659220458
0.1957823795
0.7242910175000001
0.24465708249999998
0.22254803950000004
0.279312682
0.752433446
0.68487061
0.7055302695000001
0.7918558019999999
0.7090946040000001
0.6323067385
0.266093633
0.2859213365
0.30424305150000003
0.8159167045
0.8256189400000002
0.19902064800000002
0.17344243850000002
0.6255684939999999
0.649400312
0.179074476
0.09687647045
0.10910080950000002
0.14353213600000003
0.8339409825000001
0.2017846765
0.0849274342
0.09778382250000002
0.0786734517
0.07886725250000001
0.212957119
0.8852862735000001
0.9184779775000002
0.815826955
0.08322349000000001
0.06590539449999999
0.10584104175
0.14948182399999999
0.8655161025000001
0.8676670609999999
0.8876096845
0.8805198550000001
0.1788177145
0.0886371672
0.06708136145
0.089360882
0.790156606
0.820519623
0.831219295
0.10223077400000001
0.05609603825000001
0.05011081445000001
0.062755346
0.08988462450000001
0.18085563400000002
0.89963922
0.9034357015000001
0.9189565840000001
0.8934559580000001
0.140523627
0.15600306250000004
0.12524287380000002
0.210830038
0.8416337085000001
0.707208708
0.1555427715
0.16167464999999998
0.6314758325
0.5816134350000001
0.19024305449999998
0.2735176825
0.23314176250000004
0.7281251995
0.8861993215000001
0.916766211
0.9176778875000001
0.8911361665000002
0.7656542615
0.7014474455
0.5961927065
0.15336423899999999
0.15818906450000003
0.2031305865
0.7691189700000001
0.696000485
0.6560016524999999
0.2804986545
0.27549297250000004
0.17588667650000003
0.21861099750000001
0.860798284
0.8817004855
0.4344238855
0.2791788575
0.174769029
0.6779942475000001
0.719499868
0.8015889350000001
0.8971423470000001
0.909672689
0.874062458
0.1574040485
0.15298348499999997
0.19946377049999997
0.6745599409999999
0.6644734225000001
0.09548929400000002
0.085924992
0.0891208555
0.09131724200000002
0.09520603700000001
0.13729581950000003
0.1723864675
0.257624003
0.2929642075
0.677754591
0.1496249349
0.1356520495
0.757649869
0.822735754
0.877282867
0.8467199369999999
0.8325937994999999
0.8668079335000001
0.757718454
0.1308232205
0.1307732765
0.6186885485000001
0.2181631865
0.22895273500000002
0.29653420449999995
0.32558671499999997
0.303140645
0.8451789540000001
0.848255427
0.6955941215000001
0.6074873905000001
0.592187696
0.602970169
0.6539815904999999
0.269892371
0.15851227750000002
0.117950412
0.0755671008
0.07326494900000001
0.0998546709
0.7914761225000001
0.7969712000000001
0.7691518680000001
0.09753930720000001
0.05849874370000001
0.06263805345000001
0.0722560609
0.10180701899999998
0.1083329185
0.15055305749999998
0.3621451725
0.8669089325
0.1173839935
0.065618533
0.0548283449
0.055554298800000006
0.0594216067
0.085059599
0.841743841
0.868389906
0.8906606085000002
0.891153278
0.16290653900000002
0.1566771715
0.801444056
0.8395615
0.7881623475
0.08606097509999999
0.05395370060000001
0.047634739300000006
0.0594670931
0.08181495529999999
0.131957634
0.8826447420000001
0.896358301
0.7903082705000001
0.8789832195000001
0.7366606079999999
0.0767338775
0.051812523799999996
0.0473879038
0.05478812524999999
0.07034328020000001
0.2183416125
0.896630578
0.9142238599999999
0.92212647
0.14478502450000003
0.07305325920000001
0.0783916713
0.05640647470000001
0.06277047075
0.10603893200000002
0.729438077
0.8544214050000001
0.350840961
0.21689567150000003
0.21276432750000002
0.8688299555000001
0.772410767
0.0994699037
0.09302067350000001
0.053330118
0.05054789575
0.06288422165
0.0540264536
0.07335944920000001
0.83164676
0.8560674420000001
0.91502141
0.948430067
0.9482605520000001
0.9239013725000002
0.07547658705000002
0.050789319099999994
0.05746451925
0.08368767
0.6298454130000001
0.0946524679
0.09658814715
0.11806742349999999
0.6375422955
0.5910277575
0.14201392000000002
0.143227882
0.22130399250000002
0.7438600445
0.8854716650000001
0.897194917
0.8480329465
0.6479306365000002
0.5579754145
0.5718857259999999
0.6421287094999999
0.785534481
0.7775108799999999
0.8870152395
0.9012541835
0.8711404260000001
0.1418190165
0.09948888469999999
0.0710122125
0.0664061543
0.0952731735
0.1546562565
0.8854249350000001
0.889554729
0.17624323200000003
0.12717637550000002
0.622339682
0.10881950750000001
0.1330901045
0.15012831399999998
0.14355691425000003
0.13942903350000002
0.8863226430000001
0.8857789500000002
0.9244604399999999
0.8969544450000001
0.9125858035000002
0.9368250070000002
0.9358602500000002
0.9144746180000002
0.08566290050000001
0.06406386950000001
0.06471323614999999
0.062055398899999996
0.05538954250000001
0.05952098095
0.09072342565000001
0.7362764280000001
0.6911159815000001
0.11682058425000001
0.138930823
0.0918761013
0.09898424200000001
0.2173915535
0.31531553000000007
0.8818861495000001
0.883812653
0.7682813850000001
0.7772439185
0.8483499250000001
0.7857319100000001
0.8368852550000001
0.73266312
0.230268305
0.35847755200000003
0.30172366799999994
0.17485531850000002
0.12896848000000002
0.1065962475
0.08959182200000002
0.0896510105
0.10800590600000001
0.099649895
0.0928015895
0.115160761
0.6905102690000001
0.116764297
0.0881453865
0.1324313585
0.703633883
0.1209589935
0.081899734
0.07697973530000002
0.10402963100000001
0.6978069200000001
0.1343641351
0.1464265115
0.716849653
0.1015694213
0.07657643700000001
0.141986897
0.19005241750000001
0.9099810620000001
0.9105058650000001
0.8652681750000001
0.08414991000000001
0.059384925600000006
0.05646960000000001
0.06195670695000001
0.08237353350000001
0.11122741600000001
0.715777552
0.11068048760000002
0.09476134650000001
0.130688582
0.26857006000000005
0.7898745930000001
0.1200403206
0.08758710900000002
0.11233486200000001
0.7521010435000001
0.734204547
0.1104787555
0.07210520375
0.0813323585
0.13173992775
0.10246713470000002
0.134605216
0.8121015725
0.6696330510000001
0.6540472749999999
0.6798885100000001
0.7196221045000001
0.7896266430000001
0.8941879620000001
0.895096314
0.32476632949999995
0.1153779605
0.0860127505
0.10754056900000002
0.15859432250000002
0.22920231500000002
0.353479227
0.34666787750000005
0.21069468700000002
0.23625397100000003
0.744078507
0.47416152799999994
0.7987244200000001
0.7500085915000001
0.721440862
0.730747668
0.7996487795
0.7212614195
0.689490856
0.650246494
0.64367207
0.6540752435
0.16998069000000002
0.1749526575
0.1218349655
0.092319753
0.097181016
0.1308394373
0.18676304300000002
0.7690927160000001
0.27607654750000005
0.153721372
0.13337973150000001
0.1339454357
0.223358461
0.6536482935000001
0.6777194355
0.7298110935
0.8404147525000002
0.8326523395000001
0.6853306200000001
0.25201477050000004
0.20354533950000003
0.16105715400000004
0.156781259
0.1385252615
0.13548104049999998
0.20182162900000003
0.557421581
0.6223788765
0.7106465680000001
0.355329752
0.39915919149999995
0.7985668590000001
0.7969833624999999
0.85895648
0.8354269910000001
0.6478178979999999
0.2520440395
0.47462049500000003
0.178227701
0.20471400050000002
0.620378407
0.26901140749999997
0.1150190227
0.0926284305
0.0964753168
0.09446128349999999
0.0875211355
0.133493039
0.8765333295000002
0.87849069
0.8902288180000001
0.9140470385000001
0.8975004010000001
0.84417412
0.8329624330000001
0.871412808
0.84836532
0.8208215105
0.805339237
0.833263515
0.8953404605
0.9127729545000001
0.8983363020000001
0.8176638430000001
0.7604774630000001
0.7708304155000001
0.8332196725000001
0.16070648799999998
0.1446797465
0.262526398
0.22250623299999997
0.12055102000000002
0.11215715500000001
0.1243778735
0.11202553600000001
0.154606304
0.5344866620000001
0.2737399765
0.7471816069999999
0.6346758120000001
0.60818578
0.362904446
0.2225582905
0.25018510450000003
0.695718543
0.8577345120000001
0.8580110525
0.1497707825
0.08816202875000001
0.0799902615
0.07538513549999999
0.0919719429
0.676618785
0.6911461125
0.7255177570000001
0.800167039
0.912618575
0.9137513490000001
0.799691205
0.6858068285000001
0.1044059092
0.08666047724999999
0.1134128152
0.554501974
0.18985034300000003
0.20782585300000003
0.7214833295
0.21966086650000002
0.21909374950000002
0.32046957200000004
0.7652610315
0.6764640190000001
0.748658871
0.5700637115000001
0.182964351
0.15516328250000003
0.166700157
0.2829572155
0.2292789875
0.37427324600000006
0.5827471455
0.5647733145
0.2128295815
0.2020761385
0.35931962500000003
0.642984367
0.65206182
0.6378082899999999
0.6041350490000001
0.586929432
0.21912261800000002
0.150550206
0.1486455726
0.5051331575000001
0.5051790125
0.47571582500000004
0.468417048
0.4654465525
0.1893966115
0.1582885785
0.164391811
0.5892689215
0.7172214225
0.289032362
0.219286916
0.236059747
0.7027031444999999
0.880149386
0.9013698985000002
0.8688466275000001
0.7056576680000001
0.623227993
0.124910332
0.08618192620000001
0.0755460488
0.09530976900000002
0.1243526888
0.249778096
0.645482148
0.6570727115000001
0.6577611214999999
0.2868150695
0.2705730465
0.1294447465
0.10066812200000003
0.107558338
0.16324102350000003
0.7663074165
0.300887046
0.6774566870000001
0.6640526119999999
0.10323526549999999
0.06641825470000001
0.0608437329
0.06317900725
0.08547189470000002
0.153052445
0.7874643585
0.879036048
0.7460042135000001
0.1173159554
0.11013347100000001
0.149597067
0.8483842480000001
0.18798099499999998
0.07434383205
0.0560803952
0.0550175357
0.05919958820000001
0.07719257015000001
0.19902488000000002
0.8438109945000002
0.247851904
0.1133995548
0.05647838915
0.05172866425
0.0626310559
0.1076718679
0.10724052
0.8720255570000001
0.90160384
0.9168415535000001
0.8768215095
0.11323793750000001
0.1104968655
0.217593166
0.8375192595000001
0.1053118025
0.060007718349999996
0.061390964250000006
0.0676161803
0.06897246430000001
0.0706805215
0.10862905880000001
0.7278707745
0.1042781681
0.068235625
0.07358851340000001
0.11890761525
0.8354512145000001
0.8777841200000002
0.12158625325
0.08562009015000001
0.1075666368
0.6629648115000001
0.10324115049999999
0.07613530619999999
0.09016535415000002
0.142638029
0.7638964850000001
0.19152974499999997
0.1744229795
0.6255591265
0.6006446599999999
0.221664353
0.594716662
0.164052037
0.16181644150000002
0.6165504100000001
0.1407119778
0.125323384
0.1937887425
0.26586982550000005
0.137782677
0.1034137945
0.0827594295
0.0753934732
0.0791208355
0.10633245549999999
0.17097105799999998
0.8758063085
0.8778179650000001
0.6945759585
0.6196972664999999
0.16111966300000002
0.15233424199999998
0.7416871804999999
0.8664495900000001
0.8596596400000001
0.9150393550000002
0.9175318150000001
0.885446564
0.916428922
0.9116767135
0.8633884745
0.1938885235
0.18403282
0.6804016009999999
0.8747694425000001
0.907449448
0.8910975760000002
0.7968946210000001
0.7919260575
0.8484729075000002
0.759639035
0.6591537655
0.146301871
0.21123340000000002
0.1923731605
0.119108658
0.19998577100000003
0.6459416450000001
0.106736594
0.0865107983
0.14817164249999998
0.8486623680000001
0.7603806765
0.144196451
0.1351336662
0.7590369005000001
0.8101288080000001
0.833071747
0.8348599855000001
0.81758094
0.8084350435000001
0.788238721
0.7436454605000001
0.1358753245
0.14694378600000002
0.7586885695
0.7665154945
0.11150062500000002
0.08819891500000002
0.10685216250000001
0.6759530579999999
0.1305137425
0.1030893372
0.124749785
0.16443109350000001
0.19997527000000004
0.8497647770000001
0.7384492450000001
0.09930100700000001
0.0731622051
0.0804183935
0.0822428337
0.08680317900000001
0.0981928522
0.20849893300000003
0.831594412
0.7765725185000001
0.8471228715000001
0.7239961475000001
0.6459813309999999
0.6239583105000001
0.6362821825
0.2234446925
0.149321427
0.158978975
0.126103495
0.12650780300000003
0.23273044200000004
0.6593723325
0.6684327725000001
0.6704517695000001
0.6768794175
0.20262537099999997
0.19279218400000003
0.32143736700000003
0.1325788525
0.09917770680000002
0.10610584199999999
0.14152928150000002
0.129355211
0.13803904200000003
0.1248399225
0.12578872500000002
0.199194235
0.7637025030000001
0.1468962085
0.0947341135
0.092068815
0.12595254700000003
0.14627700275000002
0.181371747
0.8501807080000001
0.7704993170000001
0.765338327
0.85190998
0.11555661200000002
0.08919215489999999
0.07775181639999999
0.06861413465000002
0.13485193774999998
0.16940208900000003
0.18056336999999997
0.9106034450000001
0.9273434985
0.8800544415000001
0.12262740500000001
0.08683168000000001
0.07232461744999999
0.069014446
0.1222807
0.16682117350000003
0.1673962647
0.8840153749999999
0.8739797874999999
0.11821716950000001
0.101318157
0.11962149300000001
0.0871702035
0.0960950568
0.1470517297
0.8565472675000001
0.8628425750000001
0.6896711830000001
0.28320512200000003
0.399004987
0.6137310945000001
0.4052445875
0.6798879600000001
0.6868962675
0.16929143
0.10259464430000001
0.08614818499999999
0.093474242
0.13591978700000001
0.21811115550000001
0.634410146
0.22741276350000003
0.164221295
0.1335376485
0.13086851900000002
0.2570749525
0.827176843
0.8299250715
0.6861796975
0.6943282985000001
0.7866575100000001
0.710479779
0.7168499715
0.7460105340000001
0.775874652
0.2546412745
0.21070665900000002
0.24525419550000002
0.34842412300000003
0.773433128
0.89439807
0.8894735320000002
