0.7086360415
0.3102783375
0.26784163250000004
0.24002836300000002
0.30929007300000005
0.33617261800000003
0.861271879
0.8952853765000001
0.8703841295
0.8978499034999999
0.9064371905
0.9060288074999999
0.8978155210000001
0.8699576165
0.889808047
0.887365108
0.8474104990000001
0.8239421775
0.3740853165
0.309900497
0.371728571
0.8594626950000002
0.9051491975
0.8986386535000002
0.8386647400000001
0.78715024
0.8491502370000001
0.8309787064999999
0.829478865
0.8296067630000001
0.8097600149999999
0.7423782965000001
0.202332599
0.22750824300000003
0.16783220800000004
0.2280026125
0.19306798950000004
0.16617411550000002
0.21347936650000002
0.8495471490000001
0.8703322
0.70420698
0.16951279400000002
0.19933919100000003
0.316730386
0.8395768800000001
0.879708689
0.880591357
0.8746762965
0.330768607
0.253362659
0.209782519
0.7312457385000001
0.8631654880000001
0.844051391
0.162062593
0.15019687650000005
0.251379869
0.330295352
0.8177099290000002
0.728328457
0.6921083435000001
0.18302375450000002
0.1167202425
0.12080965075000001
0.1150727735
0.11198678599999999
0.11433458045
0.792441892
0.8978895800000002
0.8945803120000001
0.09529255955
0.0581327431
0.05751585445
0.08009505975
0.8436298840000002
0.89314237
0.9384820240000001
0.9340537455000002
0.8402682950000001
0.0733928812
0.05573069745
0.05967643680000001
0.08526700315
0.7023248595
0.6878060425
0.744320565
0.8431635125000001
0.747991866
0.712933847
0.7729412905
0.8162133485
0.8297675990000001
0.825183481
0.8117683150000001
0.8132771280000001
0.827161313
0.28225519099999996
0.30231781300000005
0.3036723425
0.280870177
0.221712909
0.31286741999999995
0.634585365
0.6158294085000001
0.5849947830000001
0.610796383
0.68444342
0.8395740300000001
0.8464558550000001
0.16355248349999998
0.11779570140000002
0.14722568175
0.0947158864
0.1310143091
0.12803823435000003
0.094697328
0.16144928699999997
0.8814666600000001
0.9290337900000001
0.916788808
0.2521484985
0.12279702549999999
0.170089775
0.7031634465000001
0.7255373070000001
0.8498509500000001
0.140067054
0.0792387885
0.078878667
0.07645084020000001
0.098070893
0.199642326
0.1717696475
0.18664946000000004
0.10319611199999999
0.11197047870000001
0.662568045
0.10874740940000001
0.12179932400000001
0.08988833
0.07894760575000001
0.1275610035
0.7414806005000001
0.1410946031
0.149711943
0.8612494200000002
0.9249022250000001
0.9319217365
0.898984475
0.7992600915000001
0.10577296775000002
0.11231225775000002
0.7013160735
0.14274691650000002
0.09103377950000002
0.12291921050000001
0.11754000750000002
0.15305282500000003
0.7739291155
0.1346154615
0.1195674657
0.1607377685
0.246152262
0.3092410185000001
0.77701907
0.656249245
0.6643364945000001
0.7881606525
0.78388731
0.625434757
0.58943202
0.488251061
0.19893545799999998
0.2270620955
0.279231279
0.15861584350000002
0.154841642
0.1136168625
0.1067349975
0.14232842750000002
0.582854053
0.23664112450000002
0.614850924
0.268399231
0.26572184050000003
0.13943008320000003
0.12497054100000002
0.15467155
0.259187455
0.8376826120000002
0.829867953
0.6271858140000001
0.46986781450000004
0.16270839250000002
0.16204208180000002
0.583910022
0.6191167270000001
0.6381250175000001
0.65271855
0.6596591390000001
0.19594207750000003
0.10521759154999999
0.08137772530000001
0.1024563975
0.636094298
0.1254762376
0.160995084
0.15804007225
0.1257960565
0.291236508
0.8686226560000001
0.20441744950000001
0.07233035489999999
0.0556076897
0.06030678080000001
0.09229479900000002
0.79436951
0.8125417580000001
0.7990517155000001
0.09027695265
0.058066224500000006
0.055479122150000004
0.05758108555
0.09358984500000002
0.8321120235
0.852970297
0.8806858940000002
0.9273551305000001
0.9252630510000001
0.890649433
0.8952370185
0.8991401720000001
0.8984895415
0.8975711750000002
0.07843552
0.04980863395000001
0.05925066355
0.0533444153
0.05456284295
0.05595271415000001
0.05608140415
0.0611940114
0.07736069970000001
0.1674311155
0.8699450890000001
0.20648036060000002
0.1382088945
0.11729180280000001
0.09619585970000001
0.0701330431
0.07990621319999999
0.07300759999999999
0.09392936410000001
0.22885991950000004
0.719271456
0.7011912905
0.11440193500000001
0.07650219280000001
0.07280207585000001
0.0772533094
0.1020602825
0.20680087200000002
0.8538580130000002
0.8032988010000001
0.7450811225
0.7732111365000001
0.8760965435000001
0.8709864660000001
0.7230932695000001
0.6587370235000001
0.6558405840000001
0.22564696650000005
0.12744408850000002
0.1260928355
0.17378824780000005
0.7684884374999998
0.703424904
0.8129170299999999
0.6629285970000001
0.15194236500000002
0.11673087530000002
0.12669714405000004
0.655171316
0.721530305
0.847734426
0.7658459695000001
0.6959757249999999
0.136669235
0.10556663400000002
0.13125559520000002
0.6211340455000001
0.6222114505
0.628191975
0.13294236550000002
0.1593703612
0.0848559575
0.0794535578
0.14360077425
0.12420187830000001
0.15389624200000002
0.12526177100000002
0.6971069400000001
0.219975552
0.7759546585000001
0.7787924770000001
0.7432931090000001
0.11621464719999999
0.138088342
0.1414034305
0.11043939400000001
0.294321363
0.897376849
0.9065378850000001
0.8893628585000002
0.12473212900000001
0.06759624215000001
0.0726636355
0.08485651150000001
0.12430146109999998
0.768856912
0.10287490269999999
0.0739386127
0.08748099025000002
0.13391902550000004
0.096678335
0.07755020030000001
0.07680661075
0.0857511572
0.0913046515
0.08827594470000001
0.09632939439999999
0.09574268300000002
0.1690499065
0.808433233
0.807421945
0.8078472950000001
0.8298360315000001
0.8638440780000001
0.2188892075
0.149912407
0.1956716675
0.168332642
0.775671832
0.83815276
0.7262178745
0.717657419
0.231545627
0.1515746205
0.1085064395
0.11279211720000001
0.18398138800000002
0.3846609820000001
0.6900517940000002
0.29432683750000005
0.668127586
0.1588711925
0.11284084100000003
0.09801500050000002
0.10860752530000001
0.134202448
0.22407963549999999
0.36595121550000004
0.370904236
0.8198262315
0.7954176550000001
0.754311907
0.693990139
0.6553954580000001
0.6409248745
0.655146663
0.7224082165000001
0.832869133
0.8482190620000001
0.7875992749999999
0.7579133085
0.7522761635
0.829374165
0.49929993350000007
0.1893491945
0.16445316000000001
0.195937421
0.23083892
0.6778873400000001
0.11573793900000001
0.07624071154999999
0.0639625997
0.062185976999999996
0.06627543215000001
0.08040976650000002
0.1325456825
0.230747902
0.8910818740000002
0.8905853715
0.75690071
0.720506347
0.7188475565
0.7136878400000001
0.725451086
0.8623940905
0.10548330840000002
0.053426898650000006
0.04609559060000001
0.04701181075000001
0.048386253049999994
0.053553694650000004
0.06024422280000001
0.1210380764
0.885649545
0.9027888460000001
0.924559572
0.9036479525000002
0.8904616450000001
0.9179648790000001
0.9189790445
0.9047110005000001
0.9042938770000001
0.9226445035
0.909214001
0.88911675
0.845454966
0.082351379
0.06147260750000001
0.0909968069
0.07575781690000001
0.1313738061
0.842990825
0.1166369125
0.0756419824
0.12684971820000002
0.0751059703
0.06931073809999999
0.07089852960000001
0.09182968185
0.08643729975
0.0789510725
0.07523204150000001
0.11132188200000001
0.23859943600000003
0.20698035649999996
0.1178014003
0.127676316
0.22804336050000004
0.7870404699999999
0.20583973900000002
0.20391474950000002
0.18419103350000002
0.4025161955
0.8573416620000001
0.8254356540000002
0.9070443925
0.9055597070000001
0.8289067215
0.8495083875
0.2918955285
0.183996596
0.258552273
0.20789541899999997
0.6764939385000002
0.8058027640000001
0.697581528
0.6291635804999999
0.5887976620000002
0.2001588295
0.23072277450000003
0.25933928700000003
0.4137023965
0.5636500765
