0.8233741665
0.8265021700000001
0.815106442
0.37471822550000006
0.3082143865
0.7472532669999999
0.312583045
0.21783287400000004
0.24273210099999998
0.8306020625
0.842654572
0.24404105350000002
0.31561616800000003
0.6211070695000002
0.12106413830000003
0.10022304735
0.1551617445
0.8572883585000001
0.780575395
0.756175061
0.07892076125
0.0504339823
0.04890418005
0.05437354155
0.07956581245
0.07764646200000001
0.11321851935000002
0.07799984265
0.09103722125
0.8744757675
0.89739729
0.9195160600000001
0.9459172955000001
0.9188592550000001
0.864827134
0.062319914850000005
0.045010219700000006
0.050614112200000005
0.08176833792500002
0.06192788430000001
0.051799386
0.05413549800000001
0.0744879724
0.17405128170000003
0.8981629185000002
0.8878527425
0.1148778138
0.07741099725
0.0772952296
0.117663766
0.168216638
0.8032829585000001
0.1302363035
0.07059089249999999
0.055576019100000006
0.052189249650000005
0.05333754075
0.05984600829999999
0.11829146070000002
0.9047569625000002
0.9275571049999999
0.908115767
0.9364204335000001
0.9381288220000001
0.922918775
0.8056789970000001
0.776257154
0.08553088810000001
0.0532737188
0.04577278415
0.0520597959
0.0653651262
0.1083244267
0.14756249075000002
0.819379195
0.7275099500000001
0.7330745860000001
0.8425269305
0.7306939370000001
0.11775227420000002
0.07990753490000001
0.0747860682
0.09998225440000001
0.10841967200000001
0.11869649400000001
0.6914756565
0.1441712875
0.1020563
0.1366109575
0.8265472515000002
0.2235087005
0.09475145780000001
0.10238396700000002
0.7898641625
0.849632662
0.9295559895
0.939948273
0.9263188615000002
0.7945104470000001
0.0699456637
0.05062885570000001
0.0547682799
0.09951493835
0.908151507
0.9385826785
0.9156710264999999
0.8555298000000001
0.07444085230000001
0.05579349765
0.0684754585
0.20791736100000002
0.8856103500000001
0.8378358300000002
0.7558041200000001
0.7051679255
0.09815006400000001
0.0794716331
0.1228531495
0.8313727055000002
0.9087990760000001
0.891920474
0.1430689595
0.1336967795
0.2964971585
0.8209306340000001
0.1859810005
0.21816531600000003
0.18939983150000003
0.12921772250000002
0.134385237
0.21269247800000002
0.7421581049999999
0.805628021
0.8416068845000001
0.8666680095000001
0.8338677495000001
0.812505603
0.818562587
0.8594682739999999
0.8684577400000001
0.8457724520000002
0.8591263729999999
0.843541091
0.8344294870000001
0.8370830635000002
0.8543358030000001
0.8874967250000001
0.8950397600000001
0.8770444650000001
0.8133950895000001
0.78273149
0.776323553
0.7910387495000001
0.8713442050000001
0.8556614600000001
0.1698662615
0.10365704325000002
0.09011925500000001
0.09824551600000002
0.16799996450000004
0.12822814300000002
0.22158261099999998
0.17236304950000003
0.7618636400000001
0.889967045
0.8738259430000002
0.1235926885
0.08516389805
0.1013943923
0.726459885
0.782288485
0.9156155550000001
0.9045690580000001
0.08381383300000002
0.0533002269
0.045197649425
0.053490685850000004
0.1090315233
0.19880951549999998
0.8629225835
0.83348324
0.155141221
0.13408559430000003
0.08549462375000001
0.130247952
0.8807843610000001
0.89995913
0.8953313385
0.9167649950000001
0.1701850306
0.07203643255
0.0870693545
0.19119994210000002
0.8247857195000001
0.12532276715000001
0.0720644335
0.056032465649999995
0.058332893050000015
0.07969603590000002
0.0604310003
0.058594414700000014
0.07083337660000001
0.126024453
0.8768348825000001
0.8971185705000001
0.8780743055
0.11775377570000001
0.07671113780000001
0.0857423661
0.0958523081
0.6593032375000001
0.1445787379
0.10232759820000001
0.17024832115000002
0.8914433280000001
0.8942861535
0.9392535000000001
0.937947752
0.9066216620000002
0.1026020158
0.0868838613
0.19305136775
0.7497996830000001
0.7487578425
0.12170547779999999
0.13769784424999998
0.0671389914
0.05909609325000001
0.06900587779999999
0.09143761160000001
0.09628596190000001
0.14640794810000002
0.179514636
0.800290621
0.158639996
0.10315158199999999
0.09784985350000001
0.10046735250000001
0.1004118962
0.10205619495
0.1140163138
0.21552535299999998
0.09314280650000001
0.0784730427
0.08449501405000001
0.0735758485
0.07794652709999998
0.0730634259
0.09860397220000001
0.6986128185
0.11455169450000001
0.13279069300000002
0.09643565200000001
0.08599439925000002
0.204287132
0.9022241815
0.904065585
0.9334925740000001
0.932180584
0.9190541675000001
0.8811524810000002
0.865362567
0.8915801825
0.924363144
0.91610322
0.19529104000000003
0.0754286595
0.09586252095
0.087072573
0.1265410444
0.816623093
0.12941672910000002
0.11030635875
0.610156514
0.09462184825000002
0.07003917035
0.0897468687
0.8317413645
0.9200171735
0.936457579
0.9264961945
0.8687592470000001
0.86683236
0.88584843
0.9120858574999999
0.823588611
0.07497509550000002
0.04920927195
0.0461192979
0.0557236798
0.06419430229999999
0.0767705448
0.1071778928
0.09482360870000002
0.12092621584999999
0.10221324450000001
0.1034047415
0.13079996600000002
0.2466464395
0.7925292765
0.6860272449999999
0.6284462630000001
0.15785472
0.13785140850000002
0.20883209800000002
0.17040955000000002
0.6917972250000001
0.711206107
0.12073232560000001
0.10438505480000002
0.0939004913
0.08124531230000001
0.0644551157
0.07423613915
0.08954067850000001
0.058073513900000005
0.0620440993
0.12228283950000002
0.9052057130000002
0.9298990925
0.9466492365
0.9314697185
0.15557462200000002
0.055758172300000006
0.048147073900000004
0.05729692195000001
0.08232642870000001
0.794786671
0.861865816
0.9029534365000002
0.8517131990000001
0.81136397
0.8711218875
0.8159392919999999
0.7833395110000001
0.7952051600000001
0.8681939824999999
0.816270141
0.7390860459999999
0.6909033405
0.6974972800000001
0.693831368
0.7352673740000002
0.8421910750000001
0.16007785599999996
0.13424724000000002
0.693021628
0.08248676835
0.0569695648
0.052265223300000004
0.055432333400000006
0.0736876141
0.06192766405
0.09265508485
0.880369162
0.899216322
0.904414757
0.8963522345000001
0.8602191570000001
0.07952996970000001
0.063193126
0.062030101399999996
0.060946318449999995
0.0646458489
0.0666752047
0.06886524925000001
0.06459804415
0.06072356450000001
0.08418548600000002
0.12834482900000002
0.17567473150000001
0.20932169100000003
0.24083768700000002
0.8590298325000001
0.894550795
0.786019792
0.134511463
0.12345009500000001
0.1024994668
0.12619088050000002
0.7495851394999999
0.8409760395000001
0.7022447395
0.19623598000000003
0.21777687650000005
0.2464512345
0.16845333050000005
0.1886387215
0.719690139
0.8405357800000001
0.9061072235000001
0.925940537
0.903402259
