0.8172514424999999
0.8204531429999999
0.832225395
0.8754336965
0.8583129950000001
0.8113004039999999
0.733231464
0.20603914750000002
0.1977373825
0.166591638
0.22543049250000002
0.17843224200000002
0.2645312738
0.6152610860000001
0.6888472185000001
0.750941837
0.8732529155
0.8662586770000001
0.2150173985
0.21085472975
0.11430661850000001
0.1075354165
0.1677720475
0.14120620199999998
0.6664757960000001
0.6878013080000001
0.6771878785
0.6417264570000001
0.6638108335
0.664747536
0.67248383
0.7000258540000001
0.7645076350000002
0.867011747
0.7919915350000001
0.7575640375000001
0.7310795175
0.127920942
0.12506751079999998
0.6829896329999999
0.0882536784
0.06319286675
0.05962175530000001
0.0606525959
0.05836424875000001
0.0602119266
0.08769844035
0.080832337
0.088900286
0.12172797250000002
0.9104880665
0.937992589
0.898693317
0.08539512240000001
0.0577734986
0.04724929235
0.054682039
0.08327114979999999
0.7761726440000001
0.7829251965
0.771778802
0.08244752490000001
0.051169173400000004
0.04801672740000001
0.05336507830000001
0.1058506089
0.9209123850000001
0.944944742
0.951397092
0.9327969150000001
0.07879729399999999
0.050856780600000005
0.06185689415000001
0.0590130882
0.09759148145000002
0.7563448485
0.10258017850000001
0.08882592350000001
0.0599143445
0.06140333964999999
0.0907051485
0.716910747
0.13620793949999999
0.15931967599999997
0.8643941400000001
0.815279127
0.796974682
0.7821619175000001
0.7656667825000001
0.08997843690000001
0.06789880855
0.0579687709
0.06149589860000001
0.0792916152
0.10886494200000002
0.757691053
0.8476181950000001
0.18790950800000003
0.11413010040000002
0.11656508695000001
0.11025581470000002
0.16732783
0.1007515275
0.10449034499999998
0.1316315905
0.608948405
0.1581257735
0.16336150050000003
0.660400939
0.285847103
0.7043255845
0.09568528595
0.06290818635
0.06254172085
0.06584949395
0.06509080169999999
0.0746914872
0.15553783075
0.774624635
0.09545222765
0.0636822606
0.0588340091
0.05934421355
0.10278663669999999
0.9000341105
0.9355414875000001
0.895873166
0.0860394855
0.06552053305000001
0.10085991425000002
0.17155656300000002
0.22824204750000002
0.8811440815
0.12461856149999999
0.05925476875
0.05176404655
0.05469937125
0.05745040825
0.06951317240000002
0.11507288630000001
0.7500371300000002
0.3840571805
0.682243598
0.11904215350000003
0.09078819095
0.10474528190000001
0.1712530735
0.8648367695000001
0.9038960045000001
0.89804262
0.8090041645
0.7171097100000001
0.7072382050000002
0.7794269325000001
0.8345253425000001
0.80360374
0.7990133890000002
0.811267069
0.8657829185
0.877300943
0.8493611590000001
0.8617713319999999
0.8147464500000001
0.7432416980000001
0.6449804610000001
0.566108926
0.17094145600000002
0.14243233900000002
0.145580342
0.17132783199999999
0.5472192300000001
0.530151382
0.21493172800000002
0.1521885975
0.1416335058
0.1962633505
0.5330355700000001
0.19989160749999998
0.1490106725
0.1679086555
0.5707067080000001
0.6624234999999999
0.8320911405
0.8276926875
0.36692590550000004
0.25829258000000005
0.5259036995
0.49761289200000003
0.261316606
0.41716488999999995
0.7589259190000001
0.21351275749999998
0.1812317005
0.13710947550000002
0.14094841150000004
0.5601211515000001
0.6605157829999999
0.8406853980000001
0.8551108180000002
0.7126963310000001
0.683524012
0.8123236035000001
0.699129559
0.15077141
0.18117755300000002
0.07383093685
0.06005668420000001
0.06531997989999999
0.05360830055
0.0506242623
0.057169361900000014
0.08683875684999999
0.8477258930000001
0.8790837345000002
0.914775152
0.9464870835000001
0.9390328480000001
0.8267359575000001
0.060382203100000004
0.042249482500000005
0.04240988150000001
0.046110289400000004
0.05382705605
0.06347031595000001
0.1047004423
0.13276194330000002
0.1654162433
0.5768357499999999
0.5254153659999999
0.5463791500000001
0.146162346
0.11880799400000001
0.13135150400000004
0.2796276705
0.673843022
0.6775416765
0.679078385
0.663885803
0.1588444815
0.1412635335
0.66606433
0.12859307550000001
0.0882383027
0.111799035
0.07432856199999999
0.07149162449999999
0.0828096222
0.0946576169
0.10361680770000001
0.1348888703
0.7385454390000001
0.11064478650000001
0.07796400785
0.07078187895
0.06867669894999999
0.0688596533
0.0675935809
0.06505480785000001
0.0644225365
0.05870233655000001
0.059285826500000006
0.08770944505
0.8455666079999999
0.86327139
0.89374293
0.8958968510000002
0.8797989255
0.83341189
0.07358002050000001
0.048723807050000005
0.04612170415
0.0485659876
0.05414267015000001
0.0805497788
0.8161919850000001
0.8937401315
0.8658203515
0.8514552710000001
0.8585646600000001
0.8953317835000001
0.7774754720000001
0.081640473
0.05628747395
0.05616550370000001
0.077364989
0.8167483090000001
0.8561444915000002
0.8972257124999999
0.9303125180000001
0.9377050450000001
0.937265355
0.9265114149999999
0.8333183710000001
0.11785371700000001
0.12155140040000001
0.6721566950000001
0.13140713950000002
0.156080556
0.8170367325000001
0.10302749785000001
0.06491180860000001
0.0654816111
0.119980342
0.11284180475
0.7782961140000001
0.8651072925000002
0.735517645
0.307961061
0.7454605050000002
0.7445226250000001
0.7321922565
0.1779112275
0.219458866
0.0923996836
0.06902845065000002
0.07961830945
0.1334938465
0.1758262155
0.429186022
0.8259535205
0.165759104
0.110980828
0.132092282
0.109255711
0.11244980349999999
0.1572324185
0.7426991770000001
0.830555761
0.730953882
0.736743442
0.8270893500000001
0.7698165385000001
0.777654992
0.8744247710000002
0.8787056655000001
0.836695478
0.88532323
0.8514957734999999
0.8497067985
0.215516651
0.182002508
0.276418302
0.23088364750000004
0.6628753765
0.78672069
0.463457189
0.40393032949999996
0.7841291575
0.685947544
0.3847581650000001
0.6311588450000001
0.8150796735
0.744327658
0.7136943880000001
0.7766106779999999
0.42323586
0.3361696860000001
0.5889375350000001
0.807722058
0.721980522
0.774669461
0.203009705
0.163515627
0.1711659375
0.3364349595
0.598354856
0.18868921
0.16571918800000002
0.16598358100000005
0.2005752255
0.7377273830000001
0.634633305
0.3817465325
0.257863329
0.33774838549999997
0.31800511950000004
0.235563866
0.30252081100000006
0.853833131
0.8907735330000001
0.8658808125000002
0.6879648100000001
0.15134612449999998
0.13675520160000001
0.18904504200000002
0.6835291050000001
0.318487394
0.1441188075
0.0786589783
0.07266751295
0.05754882290000001
0.05644699565
0.06229177815000001
0.0962199628
0.1835311685
0.885479235
0.8190373815
0.786595534
0.7750387605
0.8734185710000001
0.1072562795
0.0572120982
0.053634150650000004
0.0739956762
0.852953115
0.93163237
0.927768927
0.9428552650000002
0.9164529735000001
0.07081983245000001
0.048942134
0.05694558410000001
0.1153306095
0.7575574530000002
0.87047041
0.15460212
0.09950396330000001
0.1845383535
0.7312583570000001
0.09685663915000002
0.08647423640000003
0.06426252445
0.0631054023
0.16528913050000002
0.8891473415
0.8982971700000001
0.9423807120000001
0.9356456030000001
0.9369643885000001
0.8959571745
0.0878380438
0.0575573878
0.08043623579999999
0.07288236055
0.08846319140000002
0.7095579125
0.11981222350000001
0.0922387925
0.15185005799999998
0.733183713
0.7207154035000001
0.866338684
0.7325478780000001
0.22157270150000002
0.40830421299999997
0.847360064
0.149256731
0.12781712799999997
0.6820612250000001
0.0880600156
0.0582970176
0.05878017530000001
0.09909908505000001
0.8834475720000001
0.8717690195000001
0.892997002
0.9084123749999999
0.929397334
0.9155361825
0.9110447370000002
0.916063822
0.851437159
0.07725645630000001
0.05394957905
0.05954231640000001
0.09926148215
0.7267691390000002
0.09945279660000002
0.0710152655
0.07778055805
0.07142570670000001
0.0926088712
0.19689311845000004
0.08062429135
0.0677256453
0.06985301765
0.07611856270000002
0.09841395145000002
0.3506125832500001
0.33073987940000005
0.767464705
0.42726821969999995
0.11980371250000002
0.090312273
0.07766415125
0.09782262155
0.13785529659999998
0.152723802
0.1480367305
0.21745080849999998
0.7453412540000001
0.87428011
0.8861357490000001
0.8489791700000001
0.8729744785000001
0.9121657815
0.921648518
0.8950809315000001
