0.815808051
0.7816342110000001
0.34187080750000004
0.191616679
0.1807876552
0.2403092267
0.6783160220000001
0.777317995
0.19283276370000005
0.15224013639999998
0.1892556118
0.6205858075
0.7678959969999999
0.16398887
0.1234622211
0.13573931350000001
0.6591096230000001
0.6673985800000001
0.14397677665000003
0.13092915189999998
0.09877268565000001
0.11868565090000001
0.15645413839999997
0.12511065424999998
0.1052122909
0.1344290497
0.8270101650000001
0.7462570575
0.8742809185000001
0.786327147
0.8773620380000001
0.7496093020000001
0.0823221863
0.0569613371
0.06119036115
0.06441155500000001
0.09409534695000002
0.7073243075000001
0.08480058085
0.05515647605
0.05360466075000001
0.07135781775
0.35821748150000005
0.9238872759999999
0.9449076205
0.9438428050000003
0.9198542785000001
0.10618912550000001
0.05567964535
0.06088188344999999
0.08777451895000002
0.894751566
0.9402480790000001
0.945137521
0.9209574640000001
0.086353284
0.06694690915
0.05514037095000001
0.07593892005000001
0.81995268
0.876312406
0.9331021985
0.9198490170000001
0.10028624024999999
0.051753644900000007
0.046862646300000005
0.0555232226
0.10373418915
0.812151622
0.9118612585
0.9160945669999999
0.8033439575000001
0.1563112181
0.08016076345
0.11042099670000001
0.12033294445
0.1115018282
0.06551111530000002
0.05452464977500001
0.08080484924999999
0.06617701025
0.08249065600000001
0.8860090415000001
0.93097382
0.934413667
0.9453799900000001
0.9399837485000001
0.9420419310000001
0.922797912
0.0633207009
0.040562807085000006
0.03944843981499999
0.04543410273000001
0.06665782095
0.06509690100000001
0.0698155479
0.07965158010000001
0.10154871425
0.19838611
0.9152793485
0.9230688285
0.8274488720000001
0.0898387764
0.06777303195
0.10182716705
0.07376326250000001
0.09641528
0.6684121850000001
0.11565702550000001
0.10369021900000001
0.18070302850000003
0.18788802550000003
0.7918466295000001
0.800155437
0.8037855555000001
0.7825226405000001
0.134516419
0.1182937537
0.0936171646
0.11879057990000003
0.805966429
0.88639119
0.7893477475
0.7253217765000001
0.1221572125
0.11277369799999999
0.20135503230000001
0.1804132251
0.23241676215
0.1461975759
0.21945373680000002
0.16545709155
0.637378733
0.17384424770000004
0.1667003935
0.36075370650000005
0.8823076209999999
0.9046656639999999
0.862268203
0.2115729725
0.18379921525
0.27921864600000007
0.6571740495
0.6704966410000001
0.3864453117500001
0.2349265284
0.2295448555
0.381256002
0.7584105270000001
0.8109387670000001
0.8565334189999999
0.90846481
0.91842038
0.885119182
