0.828219127
0.8642452700000001
0.8872617970000001
0.8647012370000001
0.857532626
0.887375129
0.875902185
0.7964455525
0.7111723675
0.6895288215
0.7573742310000001
0.8083762219999999
0.752236357
0.7231742649999999
0.7528424120000001
0.8317896895
0.8202635215
0.8653850695
0.8494101515000001
0.8904188790000002
0.8831009320000001
0.7204612850000001
0.42808947499999994
0.1942523765
0.1811988085
0.147288962
0.15483505900000002
0.22174251150000002
0.752199665
0.22050458299999998
0.207405637
0.25297719350000003
0.18791310000000003
0.6568989434999999
0.199439179
0.088061739
0.07819720100000001
0.07216049830000001
0.08017706349999999
0.133573233
0.167849313
0.8743211580000001
0.8051318620000001
0.754806283
0.09061131050000001
0.06485873005
0.06737324695000001
0.08909284449999999
0.06250262845
0.0825641758
0.8143067525
0.847823745
0.8926333
0.9317000615000001
0.91489932
0.10841443950000001
0.0812291302
0.1083915315
0.671119571
0.09677236475
0.07162713170000001
0.09916567885000001
0.660218535
0.1090074455
0.11787866350000002
0.1283256255
0.14163857150000003
0.18331475149999998
0.1468026415
0.19749546150000002
0.7393506799999999
0.18452084750000003
0.1351745742
0.1504835195
0.5954097945
0.503295136
0.8151362140000001
0.6965382580000001
0.674047442
0.6637888510000001
0.6314190529999999
0.29591584700000007
0.5271297415
0.13574168650000001
0.1191560045
0.146954322
0.588276902
0.723680191
0.6016092955
0.5787072090000001
0.591505938
0.6478178820000001
0.759267537
0.6327746395
0.19532982649999997
0.1629125985
0.18399914950000004
0.186892424
0.3341329175
0.4085351325
0.4467671160000001
0.8017459650000001
0.697846635
0.6769764135
0.7789931520000001
0.6669165955
0.6315329340000001
0.547798281
0.14494933050000003
0.11532261850000002
0.14570819900000004
0.5577325905
0.13669080150000001
0.101078491
0.0997042718
0.1388911308
0.8196157445000001
0.70331759
0.6975574219999999
0.6753811995
0.1227963206
0.0803729586
0.0813668223
0.11795746700000001
0.6729408480000001
0.66438967
0.13455526350000002
0.1094694862
0.09453884
0.135637638
0.13931482000000003
0.12553565900000002
0.1223957413
0.146415691
0.20772779649999998
0.1463626645
0.13073585070000002
0.170475862
0.8360476800000001
0.8025761770000002
0.911321219
0.9201920560000001
0.892473327
0.7148612225
0.599055786
0.06627143099999999
0.05620917810000001
0.0492681933
0.0497782559
0.05977007340000001
0.104277802
0.8759557950000001
0.9380503600000002
0.9440572279999999
0.8836562240000001
0.8260810445000001
0.10711508
0.052663416000000005
0.04880107680000001
0.059910358
0.07104838899999999
0.13878407
0.8727712830000001
0.884041963
0.73901127
0.6786900015
0.18951526200000005
0.6574267560000001
0.09665400125
0.064836566
0.05884646065000001
0.0623990613
0.0702666244
0.14015358
0.19442613949999998
0.8067503505000001
0.7345607435
0.0861065047
0.05757075910000001
0.06479775385
0.16201810830000002
0.9159541595
0.93694707
0.949527827
0.9411195745000001
0.8638445770000002
0.06481498175000001
0.0472626309
0.052407914050000004
0.08255283825000002
0.8248094340000001
0.8977482175000001
0.14778487199999998
0.08909735710000001
0.07252589275000002
0.10126697575000002
0.07219251365
0.08471103445
0.1838180345
0.586869843
0.22011325550000002
0.681288353
0.8034566400000002
0.7719869810000001
0.8759813170000001
0.8854558000000001
0.8196614160000001
0.7612883840000001
0.745879361
0.8019034750000001
0.7349082105000001
0.662631182
0.6472518285000001
0.6928111045
0.798854696
0.7825886105000001
0.8235301025000001
0.756578125
0.6722605040000001
0.22248611950000002
0.21999379850000006
0.2016538146
0.34022437050000004
0.6673119470000001
0.8006508275000002
0.2409170555
0.129923855
0.12680111030000002
0.09250100815000001
0.11089745130000002
0.103220849
0.07522046835
0.07694375630000001
0.10600884000000002
0.773514132
0.8764676495000001
0.8139574319999999
0.888835755
0.7808353975
0.7581639165
0.737180175
0.07681062845
0.0523246021
0.052739633450000004
0.05827762089999999
0.06387672645
0.07346952440000001
0.07778514435
0.07207328115000002
0.062045764149999995
0.05811454675
0.05334998485000001
0.05589889285
0.08404925720000002
0.2788178575
0.863680023
0.15805729505000002
0.1585509896
0.905183237
0.9308225660000002
0.9478725
0.9414599835
0.9328362965000001
0.9236822760000001
0.0640653108
0.0401473113
0.03976496525
0.042512937300000005
0.045266005500000005
0.047395025400000006
0.05623223492500001
0.05531587195
0.09321371535
0.1504939535
0.837963362
0.8515157080000001
0.9217564920000001
0.927704792
0.919857982
0.8705033349999999
0.8171806930000001
0.78431015
0.8041269070000001
0.852181041
0.904259523
0.8208857100000001
0.08677508900000001
0.06259919220000001
0.0657404047
0.058476415450000006
0.0646919482
0.10370985645000001
0.8030906050000001
0.8873153950000001
0.8165732164999999
0.779588049
0.743001013
0.1475900957
0.14977775815
0.1273604012
0.2112652625
0.24328278300000003
0.21708479700000002
0.79862168
0.36239992100000007
0.24531051600000003
0.45166638049999996
0.8112266515000002
0.65744925
0.20907140200000005
0.17473665900000002
0.23104040900000003
0.1816381542
0.6289677454999999
0.7012940780000001
0.834847397
0.846073572
0.7802080445
0.859594065
0.8311831075
0.29628951350000005
0.38557916950000004
0.6218194405
0.18713541500000003
0.19658724800000002
0.6788600835000002
0.779006348
0.9088054030000001
0.9257736034999999
0.9035918360000001
0.428952534
0.196570155
0.61849501
0.20717331
0.1722505788
0.6167264569999998
0.6061955035
0.17543741700000004
0.18401061650000003
0.32432668950000004
0.261811759
0.298478993
0.145201056
0.11962105500000002
0.1271302035
0.15596044950000001
0.6992443450000001
0.85853402
0.8877928595000001
0.867408432
0.722241365
0.6149496090000001
0.5039096865
0.17575887799999998
0.1696556165
0.14493107
0.15413867524999997
0.6140584434999999
0.6391180240000001
0.6495146705000002
0.619448126
0.15825342550000002
0.11248210360000002
0.12421249370000001
0.144368
0.6383406699999999
0.7658879985
0.6959207470000002
0.693986979
0.7730159000000001
0.659594381
0.6250675665
0.36332062499999995
0.22114266000000002
0.15101717550000002
0.130506973
0.13881468810000003
0.123403634
0.14992534999999999
0.150463873
0.6350630274999999
0.6326326905
0.15353220650000002
0.12435030150000001
0.1982183965
0.13757283775000004
0.10196402549999999
0.11739554710000001
0.123125835
0.24397629900000004
0.6855582120000001
0.6610774025
0.6245853250000001
0.1499333265
0.1272343465
0.16718120250000001
0.8562607550000001
0.8786510435
0.767158308
0.8460660110000001
0.7346354675000001
0.7522717080000001
0.852559692
0.6970254280000001
0.127563075
0.11097005770000001
0.18151816150000002
0.7735383520000001
0.680767233
0.6620676194999999
0.6835601205
0.807762418
0.717597477
0.727848498
0.8412010220000001
0.18403910700000004
0.10637083660000002
0.1310849221
0.095312719
0.1342647455
0.8814090485000001
0.8995077585000002
0.6998441479999998
0.08192228774999999
0.07125995305
0.12456641100000002
0.162257398
0.8830067705
0.9324280735
0.934308015
0.889940215
0.9049262165
0.18047017850000002
0.07929328855
0.0620818338
0.07766147275000002
0.620184742
0.66072211
0.7169643485
0.8322411615
0.24493006800000003
0.7072466065
0.1484748097
0.07595491915000001
0.08305149250000002
0.0956601453
0.1298246213
0.7931776610000001
0.738860397
0.6960113039999999
0.12188274
0.11599132350000001
0.6770775524999999
0.10670394085
0.07795046285000001
0.09581255200000001
0.8287766325
0.88318939
0.9279225520000001
0.863661224
0.10096064825000003
0.08095498695
0.16304604700000003
0.732667503
0.13786031380000002
0.1549585083
0.8388749135000001
0.301484651
0.20694609
0.15267214
0.09310901249999999
0.1258602094
0.7477096900000001
0.29028389849999997
0.84342802
0.10486173870000001
0.06530885469999999
0.0742204409
0.08603143499999999
0.15181888799999999
0.11634478160000002
0.099179973
0.1820843638
0.11051888110000001
0.1977890935
0.13286999384999998
0.10773388734999999
0.13106859080000002
0.13302903225
0.26690280125
0.19829195850000003
0.4249825655
0.7788814074999999
0.20849366700000002
0.19673833000000002
0.303074427
0.341518655
0.786938207
0.6258040135
0.153599615
0.12194927450000001
0.13025172
0.7182795465
0.887193125
0.922776141
0.9231151455000001
0.9028509229999999
0.3949592315
0.1564170665
0.281579063
0.6920850365000001
0.08720146179999999
0.0593380168
0.0623299979
0.06981015800000001
0.19601528749999997
0.387847053
0.8914506250000002
0.8326110105000002
0.7693044575
0.729532855
0.7214745135000001
0.132337613
0.12418464950000001
0.17034534850000002
0.8341284294999999
0.2497264395
0.10347854700000002
0.12371131020000001
0.6402530825
0.149071954
0.122541241
0.139423625
0.6626238245
0.599907874
0.125347656
0.10686220245000001
0.18159532550000002
0.7458522700000002
0.8872122200000001
0.9027952550000001
0.8601201325000001
0.19128323749999998
0.16931086850000002
0.154096563
0.1461630555
0.21929839200000004
0.1479037195
0.1661512242
0.2569156865
0.21975018000000002
0.11903199500000002
0.1170140457
0.11325754270000002
0.20311980400000001
0.26722464799999995
0.8719729535000001
0.8330648525000001
0.7807705465000001
0.7173004150000001
0.104868946
0.07562397275
0.09308462070000001
0.745716445
0.815578998
0.9000894330000001
0.847677313
0.7647971944999999
0.08822663980000002
0.0627969344
0.0665242503
0.125485175
0.122642181
0.12436729300000002
0.259711535
0.7729298525000001
0.23918909600000002
0.26369819400000005
0.341159905
0.772901375
0.6408743360000001
0.28907467600000003
0.2251992385
0.44792489199999996
0.2511558075
0.382193665
0.79752268
0.735408205
0.6826554635
0.630946646
0.300856184
0.21349477050000001
0.43880821200000003
0.269464747
0.45209360700000006
0.779971818
0.7146537725
0.7857535000000001
0.7139299525
0.7145638729999999
0.816739294
0.7948228150000001
0.2443854935
0.18813350450000002
0.1971086895
0.19462544399999998
0.3057628405
0.29510141100000004
0.1615623305
0.16290659950000003
0.1367406095
0.14641094500000001
0.5448283615
0.5660066455
0.5845632319999999
0.19995048050000003
0.13654944950000003
0.1451169585
0.10764217300000002
0.0993349532
0.12459289000000001
0.170820981
0.5628779755
0.222120908
0.5565229245
0.22246381100000004
0.2588915785
0.7669784515
0.34055200550000003
0.349018512
0.19296359999999999
0.11860066600000001
0.10896751750000001
0.11129908849999999
0.1568519285
0.6305644435
0.1238445175
0.0959222034
0.09117561675000001
0.105528588
0.18841882250000003
0.8075587590000001
0.15638353600000002
0.1740169615
0.1437960755
0.09895023500000001
0.1043327358
0.8005013000000002
0.9018066525000001
0.8735598190000001
0.9073484570000001
0.10510131800000001
0.051118511600000006
0.04081712725
0.0412940532
0.0468580792
0.0763470879
0.8721856669999999
0.9112786
0.9318853005000001
0.945083811
0.9357090560000001
0.929851647
0.866817828
0.0606614433
0.04484337185
0.04292820555
0.047835916
0.05968719050000001
0.0903826868
0.7518379365000001
0.7087797855
0.12113639825
0.15719479150000001
0.1267535745
0.1168291317
0.12368460330000002
0.6654294835000001
0.10553621580000001
0.08367476639999999
0.1046467625
0.2056721375
0.21955170850000003
0.7889218590000001
0.707657095
0.738797155
0.8277548505
0.8049065805000001
0.656687705
0.6326109565
0.696137063
0.8222715615
0.820230077
0.440633939
0.288444364
0.21963603200000004
0.234579332
0.6099836735000002
0.6509555010000001
0.747519407
0.31864965850000004
0.1872516945
0.1769893305
0.5228358824999999
0.48602756800000013
0.1697386145
0.17980947100000003
0.32108353500000003
0.3773598205
0.6365306749999999
0.1852916265
0.162202527
0.115266811
0.1139843715
0.141514473
0.136656217
0.2048828935
0.1289952975
0.13669596550000002
0.20959264500000002
0.1787973675
0.6461057765
0.6743228515
0.821140171
0.7424098100000001
0.828484936
0.680760762
0.143534513
0.098709242
0.0945234903
0.13748853700000002
0.17007743750000004
0.21658238850000003
0.12451722
0.1074571955
0.12846044875
0.6605566975
0.653106706
0.219131869
0.167328456
0.1040775615
0.0876444868
0.10230225999999999
0.191873218
0.150381563
0.6177100635
0.13963670565
0.136286392
0.602106557
0.15587910749999997
0.18688703050000002
0.81992653
0.24473952850000003
0.092460334
0.083069012
0.139652958
0.8436680380000001
0.7339720645000001
0.09094618680000001
0.06367570175
0.07080066200000001
0.13780382000000002
0.8862348400000001
0.8926261624999999
0.09849345350000001
0.06275223005000001
0.07329151385
0.2149686165
0.8861756740000001
0.9140379575
0.9403870080000001
0.9418368295000001
0.9327969875000001
0.8759682865000001
0.831754152
0.08631164700000002
0.0543437327
0.0582277205
0.09017614430000001
0.82521818
0.8782729165000001
0.09766558100000002
0.0647263644
0.0679824601
0.1112969144
0.7991590845000001
0.7929101300000001
0.7912353955
0.7798914925
0.08611265800000001
0.06250923050000001
0.06048112815
0.07184027800000001
0.084925909
0.0890922508
0.086563447
0.0916431467
0.08635720000000001
0.06880851715
0.06874998500000001
0.10148201715
0.08246259184999999
0.093423521
0.8266848735000001
0.8429177305000002
0.849031279
0.843139382
0.8788556820000001
0.9248631075000001
0.9363445525
0.931134366
0.9040596615
0.11978069799999999
0.1252151051
0.10580081200000001
0.1415880765
0.8201942520000001
0.123779686
0.1085302553
0.07566947080000001
0.09033778519999999
0.713502424
0.6450058819999999
0.17311144050000002
0.2216910635
0.8812260150000001
0.8838674880000001
0.1331326985
0.1136281005
0.0774573675
0.06493094390000001
0.07203986370000001
0.11023397650000002
0.23400571600000003
0.102411586
0.08336025990000001
0.107650514
0.1550092627
0.2131328045
0.11249357870000001
0.1034146405
0.12851487050000002
0.14756009450000002
0.6174911280000001
0.589450268
0.229798728
0.606312657
0.22057922500000002
0.1742223275
0.607028063
0.11925529450000001
0.0862157564
0.09542438575
0.2370217225
0.6660435990000001
0.2273448085
0.742196175
0.8513117645
0.10775971674999998
0.0706259333
0.05697820245000001
0.0677317358
0.10072439550000001
0.8620871119999999
0.9284793720000001
0.9346666995
0.894210179
0.848883438
0.7853760095000001
0.0957297966
0.11801022600000001
0.09248595600000001
0.14315402850000003
0.15553184200000003
0.8241614805000002
0.11227851400000001
0.08146963900000001
0.07477602600000001
0.08082745775000001
0.12519244300000001
0.77254105
0.2345902745
0.301563965
0.5570887859999999
0.24232806400000004
0.6426263165
0.679182222
0.8018010950000001
0.7017522215000002
0.6504602734999999
0.1801681855
0.2226132855
0.11754695600000001
0.1159298195
0.596676515
0.13788928450000001
0.1270201465
0.658945981
0.2620139465
0.8207712425000001
0.907595729
0.8963943645
0.9018098470000001
0.8383576600000001
0.7438243470000001
0.2844331555
0.7738956634999999
0.15016731249999998
0.1353431025
0.6074486124999999
0.12944413300000002
0.11367191
0.18421540549999998
0.25073056400000004
0.8657587850000001
0.8701663185
0.7007862450000001
0.156430195
0.1531688715
0.11931660970000002
0.11884386350000001
0.1605997965
0.1832345575
0.444158606
0.7793904765
0.3876187335
0.712791375
0.845040055
0.842456409
0.728983298
0.7734107060000001
0.35710798700000007
0.45763546800000005
0.45785183500000004
0.771461239
0.32082346800000006
0.24517280600000002
0.1974189535
0.22025593400000001
0.7394973250000001
0.6409577579999999
0.6359948995000001
0.615692196
0.184946334
0.15124838100000002
0.22015237850000002
0.18137985750000002
0.22436184400000003
0.3799772
0.55163319
0.8468113820000001
0.8274506275000001
0.17396607600000003
0.12989566460000002
0.1570226025
0.17533343250000002
0.587118274
0.1324298551
0.1091744713
0.1622036655
0.8663159850000002
0.8756487755000002
0.273135114
0.416931739
0.8095905135000001
0.1545687195
0.130139011
0.675724815
0.744209757
0.818267631
0.8591032860000001
0.920748637
0.9258980279999999
0.9194858820000001
0.8973709550000002
0.9096861040000002
0.8806205845
0.8630480574999999
0.8615063995000001
0.11322837720000001
0.08875088770000002
0.112895902
0.12506863450000003
0.6524328304999999
0.6423231035000001
0.130949334
0.1049798772
0.1064695395
0.21525475600000002
0.135730843
0.13987133300000001
0.183821448
0.7871418585000002
0.6938226279999999
0.6741750080000001
0.67466984
0.7379441670000001
0.845536295
0.8155737280000002
0.8150850795000001
0.8598955400000001
0.518149379
0.13670932800000002
0.0985248625
0.0966323475
0.104506901
0.136677194
0.1715693495
0.594559596
0.16084574000000001
0.18808239450000003
0.225412949
0.7501843345000001
0.2010822455
0.134004832
0.143139825
0.15364037749999998
0.28275901600000003
0.2478207775
0.3978458405
0.6401418225000001
0.629438005
0.6603735119999999
0.765260695
0.458534284
0.24830876500000001
0.2484090665
0.585922535
0.6108956229999999
0.64710216
0.6634174445
0.6600691615000001
0.6878231960000001
0.7984986050000001
0.665677758
0.130943166
0.12111984850000002
0.14388533970000003
0.11674653400000001
0.1443403245
0.1584341655
0.6913143009999999
0.16422810950000002
0.10179611845
0.136724141
0.0742515745
0.0634898113
0.06214142190000001
0.05921507064999999
0.059156745
0.060221855100000006
0.0680682405
0.13229649950000003
0.8665895430000001
0.877411516
0.8882049505000001
0.185524257
0.0952268908
0.08550575755
0.05170031675000001
0.05477088025
0.10627364789999999
0.9181958315
0.942982033
0.9158629240000002
0.856390527
0.06629778895
0.04575760525
0.04728723845
0.065570643
0.14015820025000003
0.16639641500000002
0.86289506
0.795395025
0.0870502437
0.056796287200000004
0.0568326111
0.061315967699999994
0.07240289924999999
0.1107231515
0.724854029
0.10096939740000001
0.069296949
0.08087559225
0.11255723
0.279542357
0.838085786
0.223772095
0.30799391150000005
0.318769782
0.8081495370000001
0.853550712
0.129647708
0.0823884965
0.0779751246
0.09250566025000001
0.15435235149999998
0.22942940200000003
0.34273039699999996
0.797530491
0.4471982075
0.23997990000000002
0.243453139
0.6377598860000001
0.7737349645000001
0.7454724960000001
0.7616046280000001
0.8044231410000001
0.7008440040000001
0.5838918205
0.24299430100000002
0.27176370899999996
0.297237007
0.7557750550000001
0.6709024410000001
0.6721988999999999
0.786640701
0.14132412575
0.09108831130000002
0.0850812615
0.11041628550000002
0.2141095005
0.8739481550000001
0.8665302635000001
0.872920331
0.9002094010000001
0.858390444
0.803030643
0.7516930060000001
0.72398431
0.16522474299999998
0.081905651
0.0782166737
0.0781451743
0.0987000288
0.5845071565000001
0.576448685
0.5566471185
0.174689523
0.16951183600000003
0.22836086800000002
0.7864984890000001
0.700102152
0.677680456
0.1361411199
0.098162594
0.11095191650000003
0.10286555045
0.08886036945000002
0.13881476030000003
0.10415815469999999
0.177995474
0.8588631090000001
0.7481843724999999
0.6343039745000001
0.21500607350000003
0.7243382500000001
0.8601733685000001
0.26873158550000004
0.18306935480000003
0.10932040430000001
0.1782267885
0.827839489
0.8585837120000002
0.8931717145000001
0.9184369855000001
0.8920303489999999
0.8925248870000001
0.14317282800000003
0.08569767369999999
0.137723029
0.23969464149999997
0.900326904
0.8979936350000001
0.09356190600000001
0.0599629336
0.056932180750000005
0.071046892
0.11409603329999998
0.19683577500000002
0.19998207099999998
0.12653647540000001
0.13867405325
0.7048164135
0.7517923565000001
0.8709679465000001
0.8683506730000001
0.7851986545000001
0.8025771300000001
0.8555890820000001
0.843910079
0.9036161885000001
0.918596797
0.9211168300000001
0.91524158
0.8821970414999999
0.7721956480000001
0.701081435
0.6691106415000001
0.645806083
0.30915949600000003
0.3206809605
0.4008979635
0.320975834
0.762014353
0.6417401335
0.627984806
0.34479228100000003
0.2187284935
0.1822508035
0.2567154405
0.1655412945
0.174665224
0.16648449350000002
0.10429626850000001
0.0887242605
0.087598402
0.11658479270000001
0.1170231106
0.6618995950000001
0.6479875735
0.6565874650000001
0.6982629300000001
0.8388677405
0.714967175
0.276062127
0.5170460365
0.8578743400000001
0.7122801775000001
0.08539089265000001
0.07125098735
0.10381213470000002
0.08037899169999999
0.1508706695
0.8977932115
0.9415362890000001
0.943483905
0.9009823755
0.157656022
0.0720626863
0.07111249650000001
0.07438621455
0.08870881175000002
0.6785714334999999
0.6293257095000002
0.18894433450000003
0.1755925055
0.6599721635
0.7403598010000001
0.8935882490000001
0.9223455150000002
0.9174815064999999
0.8639074290000002
0.248389159
0.260079465
0.20138539650000004
0.24721344599999998
0.35999140949999997
0.8038691530000001
0.8679623800000001
0.912933277
0.9238022400000001
0.897272854
