0.5841029025
0.5875810085
0.355770739
0.43856292500000005
0.6031997195000001
0.8424371380000001
0.8230212825
0.7642337810000001
0.701651125
0.712416016
0.7955468050000001
0.86391256
0.8780222835000001
0.8504156660000002
0.868899818
0.854498443
0.855594963
0.887969088
0.9008084035000001
0.9060046424999999
0.9078923755
0.9051118790000001
0.884736438
0.8000043885000001
0.707398749
0.326375503
0.40205694850000007
0.34663009
0.6263337075000001
0.2140908655
0.2590136135
0.1271503333
0.10161011950000001
0.11875677050000001
0.0977896215
0.0997266748
0.13588371750000003
0.1704903455
0.6181497184999999
0.3058812655
0.32372241749999997
0.2950724805
0.837759433
0.8582273675
0.7185432730000001
0.675121555
0.7715580135000001
0.5119476460000001
0.12404713649999999
0.11149697315
0.19062743599999998
0.1675767305
0.15820172200000002
0.5542330230000001
0.23502008500000002
0.62066391
0.34811195549999996
0.8348224465000001
0.850806816
0.6875720000000001
0.6169836209999999
0.12338057960000001
0.105226731
0.1709582145
0.2014033495
0.228974901
0.225619635
0.7041955719999999
0.6827831000000001
0.6779757625
0.682342585
0.7118242720000001
0.863090004
0.8515704850000001
0.1053827545
0.07614981565
0.0927396277
0.7753613445
0.9029323440000001
0.8987068800000001
0.113821842
0.09738122315
0.0779277058
0.12005680785
0.8494983485000001
0.8969726650000001
0.09798149380000001
0.06650184105
0.07451007725000001
0.05148894945
0.05552106265
0.10309605560000001
0.9082841370000001
0.9273291415
0.9307101025000001
0.9199153965
0.27622133
0.7984974930000001
0.0723124224
0.052938564300000004
0.0538845599
0.0671299253
0.12244913700000001
0.8391855800000001
0.10718717025
0.06744241675000001
0.0756849675
0.10769705130000001
0.7972140575
0.7392004475
0.10855956955000001
0.07665041300000001
0.0951610977
0.7740182435
0.8275607165000001
0.91029275
0.9001842870000001
0.12441189870000002
0.11393348175000001
0.1142339245
0.10362927775000001
0.0757720176
0.07516494285
0.109592359
0.673911526
0.22370009650000003
0.654721581
0.18278008325
0.23528614550000002
0.17820607275
0.1471573368
0.20113667050000003
0.8441426700000001
0.8679550195
0.8049546145
0.869944197
0.8500983270000001
0.672163433
0.19717290750000002
0.2803340295
0.37081494
0.8323318300000001
0.7317309165000001
0.09947023360000001
0.071659928
0.07615694015000002
0.060975323600000006
0.06961692344999999
0.187403952
0.8803233050000001
0.9107205680000001
0.9346570035
0.9328292460000002
0.8910265100000001
0.837690731
0.8827032405000002
0.14653078449999998
0.07255296520000001
0.06889760480000001
0.1468419517
0.08426724040000001
0.09338753570000001
0.21062524240000002
0.10506797910000001
0.1003737068
0.12133157100000001
0.21544681800000004
0.1242346265
0.130730598
0.194703097
0.23187001150000003
0.775789015
0.470987029
0.349506205
0.32218854300000005
0.7178422100000001
0.836384266
0.8253934745
0.21446119
0.16503024500000002
0.19355450899999999
0.744314148
0.1710873775
0.1485030035
0.5682755770000001
0.1408456414
0.1475244055
0.685834733
0.7063667575
0.697102478
0.09944945349999999
0.06686591475000002
0.06912422985000002
0.127692529
0.815168211
0.2835001965000001
0.7770782145000001
0.7458327995000001
0.1079695906
0.07468381350000002
0.063876601
0.09066072800000001
0.8640835149999999
0.9086219750000001
0.926211442
0.929065578
0.9253972045000001
0.867886127
0.07423727375000001
0.057242192500000004
0.08605184325000001
0.0983758497
0.0653141452
0.06015115035000001
0.06250859495
0.07255634999999999
0.128356397
0.8063388865000001
0.182262099
0.1863401465
0.7835711280000001
0.2001074685
0.2020012205
0.7467899425000002
0.16695417900000004
0.1357952405
0.17185105500000003
0.67963331
0.864614902
0.8976844115000001
0.8885737850000002
0.8145196950000001
0.7540878485000001
0.7850230350000001
0.6778312355
0.6386415729999999
0.590876955
0.5712289935
0.5725957519999999
0.289758193
0.3715292555
0.29347083700000004
0.42712453699999997
0.637865283
0.619533399
0.1964944137
0.20418402550000003
0.23786917900000001
0.16106836649999998
0.16605717550000001
0.6386903580000001
0.6331662955
0.6202573330000001
0.17009301000000002
0.13565590090000001
0.15067040650000002
0.6622343254999999
0.7867648080000001
0.684879875
0.624109858
0.12377016675000001
0.11426929970000001
0.10560696850000001
0.08961907795
0.11406829679999998
0.7295284535000001
0.8385535290000001
0.14089340150000002
0.11868799930000001
0.1043392763
0.09852669575
0.09451019499999999
0.1729454305
0.859540267
0.7683026170000001
0.723532928
0.21570708500000002
0.7509921595
0.13992277399999997
0.06312858545
0.05416177395
0.06350753785
0.12036826125000002
0.8914312740000001
0.9121639380000001
0.8228359015000001
0.798468005
0.7903292895
0.7634945150000001
0.07078386530000001
0.04801051085
0.05056672115
0.0458517799
0.05277220185
0.1109019677
0.9233518100000001
0.94947386
0.9521206530000002
0.9305989965000001
0.06947556860000001
0.04115878115
0.038450112599999996
0.04535199720000001
0.05912335480000001
0.09586310410000001
0.8912095450000002
0.8661905825000001
0.8524061280000002
0.8595441220000001
0.9189028675
0.9028105505000001
0.259459406
0.755514737
0.07803977665
0.05186099245
0.05211089815
0.06158123055
0.06639704730000001
0.11450505445
0.0867973925
0.1560358656
0.18317916250000002
0.15870587049999998
0.08475101674999999
0.09745984065000002
0.09457656745000001
0.22148755920000004
0.2412070495
0.161695373
0.6992101960000001
0.6686441740000001
0.12373956450000001
0.09016931849999998
0.0861902585
0.10015609515000001
0.17322434400000003
0.7883642735
0.3639735505000001
0.39145861800000004
0.239525619
0.63533776
0.6309786175000001
0.19760303450000005
0.139980495
0.1459838345
0.12264252750000001
0.12310206400000001
0.209271539
0.14233540199999997
0.09920931270000001
0.097215521
0.12611800750000002
0.16505650209999997
0.7889263830000001
0.89944009
0.8934162315
0.7531505540000001
0.717744313
0.774418992
0.8584523450000001
0.82773171
0.8319942284999999
0.8953694499999999
0.8922371210000001
0.49530299499999997
0.252126211
0.164358693
0.13214731000000002
0.18621439350000002
0.187260588
0.21532565600000003
0.801340562
0.324494054
0.12679706000000002
0.10940936705
0.15722880400000003
0.1253080244
0.21462069800000003
0.723112734
0.725863942
0.7746309340000002
0.9059184000000001
0.8948811050000002
0.089883235
0.0512415088
0.0471586428
0.0555940896
0.11602338350000002
0.14833978900000003
0.908556745
0.9350520680000001
0.934418893
0.888344735
0.842328957
0.800256359
0.7309802430000001
0.14534284700000002
0.22674184949999998
0.8276240619999999
0.09713834980000001
0.0637770488
0.07131666880000001
0.1066404328
0.79161591
0.90973507
0.926203371
0.90732228
0.7811403880000001
0.7944260399999999
0.9051182034999999
0.906964803
0.8024878340000001
0.18494107550000002
0.0996732225
0.10553480590000001
0.09056779140000001
0.09575358880000001
0.149433561
0.6639270799999999
0.7184994739999999
0.86366005
0.8634362050000001
0.5665191374999999
0.6402947920000001
0.197444328
0.15171967949999998
0.19453621599999998
0.8671019969999999
0.871429961
0.918467329
0.8806583115000001
0.13380690150000002
0.09975439900000001
0.132788503
0.5188208925000001
0.37392973549999997
0.814906282
0.7697547875
0.8838014235000001
0.8887654045000001
0.7994815065
0.7568519080000001
0.7119450425
0.160613173
0.18280685750000003
0.091431738
0.0918194172
0.196531756
0.6989167130000001
0.222600399
0.7704888650000001
0.7715121870000002
0.7991772825
0.7528287100000001
0.2383592105
0.7429297210000001
0.10737560850000001
0.066737133
0.0714190338
0.08723858679999999
0.1020191185
0.191064909
0.15523840049999998
0.15222861000000001
0.6193818860000001
0.403950949
0.723514355
0.8336502750000001
0.9161460295000001
0.9263097630000001
0.8893426635
