0.8417560915000001
0.554272235
0.17169403449999998
0.126698832
0.14020505100000002
0.10903117050000001
0.1041417825
0.11922482200000001
0.11231174470000002
0.1377532095
0.25894787599999997
0.268445808
0.330850724
0.8038309950000001
0.643585386
0.276846598
0.21523269949999999
0.24991660150000003
0.8559179970000002
0.907169671
0.9138199975000001
0.9036205080000002
0.8541139630000001
0.6342541389999999
0.5088054185
0.19994876400000003
0.21879392250000002
0.751138458
0.370897741
0.31810618749999997
0.780230996
0.6667204810000001
0.648584132
0.6975587275000001
0.8528636940000001
0.860603098
0.7449483450000002
0.8004978820000002
0.25211002200000004
0.30773915
0.5166942635
0.17880416899999999
0.1663926015
0.4926163435
0.4553981925
0.19823526349999998
0.19973538600000001
0.5796123810000001
0.625144175
0.8647445429999999
0.8784704620000001
0.7797743930000001
0.7452411330000002
0.8029887550000001
0.24970021550000002
0.2524582315
0.14366764070000002
0.13259672020000002
0.206766875
0.16806444
0.14945323
0.535797954
0.173408351
0.1615503865
0.6085715865
0.6901320605
0.86002984
0.8882658550000001
0.8579277224999999
0.6983766485
0.7695690854999999
0.1625545835
0.139373741
0.11648407625
0.13044788995
0.6775673475
0.8151654460000001
0.6974140955
0.6751021614999999
0.657829403
0.1415358685
0.09980956660000002
0.113004958
0.6776470609999999
0.0926325738
0.0634011693
0.05809778075
0.06164924085
0.07123463885
0.1328002
0.8466113155000001
0.294136101
0.31140285050000005
0.8724971795
0.182971987
0.06749493420000001
0.054920184000000004
0.056004768350000005
0.06603392135
0.1045173948
0.140701355
0.8069985595000001
0.1107855543
0.0659343634
0.055072926300000005
0.06477827585
0.09702605415
0.863409101
0.867959782
0.8692628420000001
0.8570688620000001
0.0897304487
0.07422705360000001
0.06363430015
0.10138243250000001
0.155751523
0.806734
0.19654681200000002
0.12276705075000002
0.145244216
0.886578462
0.9157081855000001
0.8560928595
0.7496241050000001
0.21263790850000003
0.7346604475
0.18794691200000002
0.10737405500000001
0.151438605
0.8371743255
0.9226664309999999
0.9223624100000001
0.5571787349999999
0.4521896115000001
0.8065661100000001
0.09019678380000001
0.05855769350000001
0.0526726521
0.05811518475000001
0.06600444794999999
0.10298730910000002
0.757958679
0.724181455
0.12505511330000002
0.08663500000000002
0.1075823213
0.08891737845
0.09759783840000001
0.19059458600000004
0.153659184
0.695347371
0.7314588935000002
0.8209887570000001
0.70038221
0.6793994935
0.11217630100000002
0.08137839940000001
0.08881620380000001
0.07481878659999999
0.09149508635
0.8034953725000001
0.8697608360000001
0.931423191
0.9272403149999999
0.8414904990000002
0.738432315
0.1185689295
0.13407127400000002
0.17511276070000004
0.12728162350000002
0.17854150200000002
0.860972136
0.8931084790000001
0.8386365210000001
0.8616729765
0.7191519515
0.178429847
0.17641491750000005
0.564018825
0.206255299
0.27758426
0.24015015950000004
0.239258931
0.23757660600000002
0.22991364250000004
0.213817898
0.564467193
0.626385053
0.6483848965000001
0.6754826350000002
0.7446408800000001
0.51541154
0.5550452120000001
0.3055457735
0.38192163650000005
0.8247227825
0.8792004175
0.8610839150000001
0.7814258235
0.793674745
0.7245660380000001
0.719749889
0.789042783
0.8862065355000001
0.8873894615
0.7515526220000001
0.14930830099999998
0.100136958
0.08412263410000001
0.0825403515
0.09338826885000001
0.169790233
0.18301096679999998
0.12631183660000003
0.1760678825
0.774585073
0.8997721135000001
0.8830903115000002
0.11543994675000001
0.0796548999
0.09143418805
0.6319479960000001
0.654261298
0.6818546175
0.6535227985000001
0.19973371450000002
0.6771525805
0.68450566
0.0932841485
0.0845799124
0.06818673685
0.10780282500000002
0.12620675269999998
0.133855522
0.8978315945000002
0.896672872
0.9041433395
0.935936691
0.942024437
0.9421394260000001
0.9317856444999999
0.869130736
0.06931055450000001
0.05816773185
0.055845534300000006
0.05177241945000001
0.06616340735
0.10233495545000001
0.8346454259999999
0.35098684700000005
0.8939731630000001
0.88225882
0.1155035772
0.08746102200000001
0.1457537185
0.8538337650000001
0.8030513600000002
0.79568258
0.31718311150000006
0.18974784975
0.1586671535
0.12993768180000004
0.07765808095
0.06826184064999999
0.0755940392
0.0948603732
0.1670531425
0.7278036140000002
0.8012306524999999
0.6471188385
0.6013487670000001
0.22883654750000001
0.25067444400000005
0.49817779200000006
0.84737298
0.8076516555
0.211377773
0.18734691750000002
0.252132644
0.3793965920000001
0.811053058
0.4627839040000001
0.43915605799999996
0.15818069499999998
0.11700344800000001
0.11694029900000001
0.130765268
0.16731559799999998
0.47101777650000004
0.8542189405
0.8445714295
0.7173471845
0.7329940970000001
0.84920952
0.863763842
0.8125800615000001
0.7860575955000001
0.834944343
0.7507665615000001
0.6971959990000001
0.1654712795
0.1765162615
0.08907260025000001
0.07832354810000001
0.09543386385000001
0.133895719
0.122170835
0.7058425535
0.305036944
0.8904975725000001
0.9136793190000001
0.8693836715
0.8921378180000001
0.782701183
0.7178997725
0.628593457
0.1230088893
0.15159209399999998
0.8169690745
0.1208440708
0.06314000315000001
0.06051744575000001
0.0867443469
0.8129330920000001
0.8338139300000001
0.8732350090000001
0.8890464540000002
0.8665679820000001
0.08451622219999999
0.0632854874
0.070134866
0.09046282650000001
0.0755753145
0.07732054499999999
0.07438958225000002
0.0721412755
0.0648246225
0.058022616900000004
0.05343885624999999
0.05381163905
0.0693019404
0.2790936155
0.9183972075
0.943024798
0.9367565450000002
0.9205263600000001
0.1366667725
0.0802118855
0.10111899649999999
0.7063302945
0.26532581850000003
0.8406890965
0.1004205103
0.0676033295
0.0847879547
0.23084276100000004
0.8802289000000001
0.7783665345000002
0.22195498250000004
0.737453875
0.10259633555000001
0.07912425945000001
0.0661375205
0.06289113405
0.07417750915
0.1032885481
0.1324076227
0.76111588
0.8069281625
