0.8153800500000001
0.8011585465000001
0.7296987180000001
0.420757577
0.464038194
0.7394232525000001
0.8761751350000001
0.8967295050000001
0.866188745
0.8984595980000002
0.8901972020000001
0.8177844585
0.8168239395
0.25453883299999996
0.18905897575000005
0.22177490600000002
0.7504098705000001
0.247626003
0.2952174145
0.195250684
0.6238008590000002
0.6051033445
0.12055948600000001
0.1006414339
0.1223003243
0.67347568
0.148248033
0.16810839750000003
0.07549203320000002
0.06220721480000001
0.06315393195
0.09461448160000001
0.7775553275
0.8091353355
0.8882133580000001
0.7737220380000002
0.747303281
0.726844091
0.7318824615
0.8391241150000001
0.2532080895
0.19937412000000002
0.8187018155
0.8803680240000001
0.9216896525
0.9236568550000002
0.900557997
0.91892537
0.9097191130000001
0.8252089119999999
0.217430262
0.380265258
0.8693474545
0.8468123654999999
0.821401096
0.853145802
0.9243360375000002
0.9377374860000001
0.9338610079999999
0.9101596940000002
0.09246307229999999
0.055370913949999996
0.049116351200000005
0.05731639015
0.07899034140000001
0.0681384948
0.082978327
0.1265262858
0.16795649450000003
0.8379617595000001
0.7852983410000001
0.882949838
0.8753356090000001
0.7116510955
0.13444257265
0.1323480669
0.10138859100000001
0.0989484055
0.11490309295000002
0.21367990050000002
0.8270965250000001
0.8304974900000001
0.63372316
0.1956495725
0.182396158
0.13903046470000002
0.1444605675
0.595538055
0.644638788
0.6990328365000001
0.8137894274999999
0.16407006750000003
0.12327439000000001
0.189377803
0.1108921277
0.10037537070000001
0.10276690394999999
0.1360608047
0.3141964225
0.7161153265
0.7068574665
0.6639202055
0.666205629
0.6695752429999999
0.6666826075000001
0.242510638
0.157014823
0.14284818850000003
0.1677944366
0.6762255650000001
0.831344304
0.8427839140000002
0.733709625
0.7189073610000001
0.8158360250000001
0.7944697575000002
0.764549125
0.7217527595
0.641964639
0.2078378395
0.168317728
0.18498007000000005
0.15938241900000003
0.174030189
0.585796766
0.674735446
0.8199167610000001
0.8008525705000001
0.802312307
0.8531581100000002
0.84022095
0.833792715
0.7566547530000001
0.6999796979999999
0.6791510805000001
0.630542598
0.439230518
0.546397272
0.40192361000000004
0.29712591499999996
0.37473633599999995
0.8128765185000001
0.8377062415000002
0.6918699150000002
0.33255287600000005
0.231981593
0.2539397375
0.7056316180000001
0.606381628
0.5832206595
0.6310661949999999
0.7672810729999999
0.7263395220000001
0.836062573
0.8281183785
0.381039272
0.25907846900000003
0.19487755300000004
0.21542618900000002
0.6995404399999999
0.17047018400000002
0.1332082075
0.12782636
0.14933902200000002
0.3102819315
0.440758733
0.8160416475000002
0.7072649785
0.7938881400000001
0.7068165965000001
0.8266465300000001
0.818123268
0.6629910815000001
0.6591561475
0.80008533
0.7938291095000001
0.32430754250000005
0.385704354
0.3451564585
0.23118337300000003
0.48895183600000003
0.234941659
0.26126486950000005
0.779949507
0.7814462725000002
0.5730521759999999
0.529502537
0.14231873550000002
0.12293250900000002
0.1522272945
0.16385211600000002
0.2829793965
0.30357404200000004
0.224226709
0.313725091
0.5781992885
0.24447762050000005
0.262404333
0.7831967400000001
0.7810627400000002
0.190804884
0.16196951
0.10498684470000001
0.0911242787
0.08984647100000001
0.10489399399999999
0.1398236282
0.208237732
0.6378052700000001
0.5877893394999999
0.609009722
0.6119852115
0.14868274000000004
0.1017745155
0.08896022250000002
0.0993557063
0.12393928400000001
0.17716722499999998
0.7912035060000001
0.687967831
0.6748330485
0.8077037600000001
0.6672753425
0.5955020745
0.25437892300000003
0.1219080138
0.09759219400000002
0.0967498265
0.1273822075
0.6348205635
0.635318322
0.6462267520000001
0.711278632
0.8365536715
0.748521383
0.7244925710000001
0.8131081225
0.192409689
0.09879890500000002
0.08663963455000001
0.11312271800000001
0.20941131900000004
0.7958962665
0.495161724
0.3514034935
0.12706670830000003
0.08668778020000001
0.08590633830000002
0.10785052070000001
0.097876837
0.12824152900000002
0.13346521549999998
0.1263709915
0.1044350262
0.12700175050000004
0.740316155
0.757691788
0.8472904235
0.688868009
0.18059569600000003
0.171818275
0.6219533995
0.617182372
0.6617108135
0.7709739840000001
0.20496949300000003
0.209761811
0.7528808725
0.6333408445
0.618822312
0.661801638
0.6642345430000001
0.13575107449999999
0.1271621313
0.6669342400000001
0.09097462299999999
0.0667190035
0.06478991840000001
0.06026449725000001
0.0601314401
0.0701984485
0.14562373
0.1832842275
0.868704157
0.885372267
0.8798553065000001
0.160336233
0.15117895500000003
0.791821085
0.840820536
0.8815112300000001
0.9084714135000002
0.8781511799999999
0.8370047975000001
0.8356922505000001
0.801726217
0.14172646650000004
0.1472595635
0.7613450260000001
0.7509496530000002
0.11837636030000001
0.10802691930000002
0.14929283000000002
0.8250825035
0.1157426165
0.08659722289999999
0.1434593717
0.1279835615
0.1463269535
0.7369534929999999
0.10918885825
0.0696755993
0.06541780970000001
0.07143140099999999
0.08873279640000001
0.1834334135
0.182932612
0.08851802845000001
0.0750618009
0.07629887850000001
0.10069674450000002
0.1610430631
0.22231875880000002
0.3756577255
0.83956247
0.8132998950000001
0.8658579635000001
0.8475201440000001
0.6956999349999999
0.20845234850000005
0.22820990875
0.14198664975000003
0.135946236
0.2041701485
0.1620949183
0.22253846500000005
0.6976587235
0.7623012535000001
0.8847608330000001
0.9109986509999999
0.913885725
0.9088128400000002
0.8947302675000001
0.849364792
0.306121332
0.1719969728
0.18302135660000002
0.6456387929999999
0.7846996930000002
0.6894303930000001
0.6830286425
0.18465660050000005
0.10064556425
0.07795280090000001
0.07072884439999999
0.07441151385
0.09946394620000001
0.2243094045
0.2037710575
0.8389725360000001
0.723911023
0.6980510520000001
0.1418496359
0.1184395086
0.0809465077
0.078577541
0.09788733320000001
0.597544418
0.141919089
0.13603858800000002
0.735947585
0.8928856540000001
0.9085566600000001
0.868856875
0.14999246050000004
0.14445836125
0.70310143
0.8629499450000002
0.19434490250000003
0.0870132505
0.09356182915
0.6267946920000002
0.0965455225
0.0852929125
0.0943509868
0.1396702832
0.9005149515000002
0.933114402
0.9325779825000001
0.8943071719999999
0.18295784000000004
0.206796486
0.885553997
0.927774302
0.9362893970000001
0.9299277025000001
0.8862363000000001
0.8006561050000002
0.1083461195
0.11399272150000002
0.6760262105
0.11613267025
0.14781822749999998
0.157214575
0.137344953
0.676341034
0.22068764649999997
0.680610022
0.201294334
0.317689015
0.8592269815
0.7886773470000001
0.19041627100000003
0.2165945245
0.832972767
0.7559739350000001
0.71215624
0.18745470200000003
0.20149922400000003
0.797909828
0.12425703430000001
0.0859241131
0.0989916574
0.186426383
0.166817787
0.7179870865000001
0.6945655860000001
0.671594642
0.6613778309999999
0.183605025
0.20106288900000002
0.17341346
0.6591554029999999
0.14051984485
0.10669665950000001
0.13266149175000003
0.12030853585000002
0.193309593
0.13644746250000003
0.16529415520000001
0.44353427050000005
0.8542731875
0.8537120670000001
0.7027635775000001
0.669421361
0.29592821850000006
0.1645862465
0.1710447175
0.135307425
0.14476415800000003
0.5286895415
0.23269218700000002
0.2143739915
0.583466155
0.199313271
0.19954053200000002
0.6119088355
0.14457364850000004
0.101903379
0.08638850884999999
0.08748166950000001
0.10820216600000002
0.26593933350000004
0.824173008
0.920911612
0.9313895175000001
0.912228914
0.7933366759999999
0.21726483350000003
0.15096182575000003
0.1831651411
0.75874239
0.6340323320000001
0.1384144705
0.1218931451
0.14316784300000002
0.6188383510000002
0.620134967
0.19302828350000004
0.16956489750000003
0.20863170500000003
0.14044119000000002
0.1404672461
0.22645257300000002
0.2134216365
0.218874804
0.7616697270000001
0.3334153875000001
0.6975755275
0.8224445850000001
0.356244363
0.1089385877
0.07311098415
0.06470888629999999
0.06544675815
0.07579961769999999
0.10052179505
0.203356137
0.8457733470000001
0.7200023400000001
0.6661439459999999
0.6305131645000001
0.6493802200000001
0.6726666720000002
0.7579600670000001
0.22588517850000006
0.517405604
0.148313981
0.175532279
0.246574774
0.849068329
0.7988471445000002
0.748560455
0.7285930920000001
0.696100309
0.12342265799999999
0.1454147235
0.16008710750000002
0.7543279740000002
0.116691442
0.0722149185
0.0967211191
0.0848338123
0.0995780594
0.8789857670000002
0.917258235
0.934827551
0.9431819325
0.9334800955
0.8835116190000001
0.07387636065000001
0.06970448
0.05619703445000001
0.0533121126
0.08771496050000001
0.10897387300000003
0.094526794
0.10432570120000001
0.789837828
0.7498189695
0.716744275
0.7464976624999999
0.33073219099999995
0.29944735999999994
0.245095374
0.7827788925
0.30871528200000004
0.744330127
0.7925349910000001
0.8380081975
0.8776365709999999
0.9114250215
0.9038585825
0.33658777900000003
0.10818501650000001
0.10629915649999999
0.07249403200000001
0.06626452525000001
0.0759790793
0.09492610205000002
0.17488592200000003
0.6988925505000001
0.6404020720000001
0.3013787465
0.7682784460000001
0.23113079150000002
0.274845471
0.19501530500000003
0.14359369900000002
0.15284244300000002
0.233274915
0.6429388220000001
0.646365625
0.6312296110000001
0.602912298
0.178011457
0.171738116
0.28793220049999996
0.839170893
0.7734086200000001
0.149287899
0.0702719848
0.05099894710000001
0.050629979049999996
0.0614168622
0.1429411813
0.8522830724999999
0.891399125
0.9057018370000001
0.900314583
0.906574751
0.1139683865
0.0567120844
0.05060744035
0.0659288963
0.0855722685
0.1962487605
0.22087221
0.09955291460000001
0.08527022749999999
0.08629558400000001
0.0875755856
0.09375533050000001
0.10094043999999999
0.125660239
0.1953075715
0.2601626025
0.275703374
0.319971316
0.215236232
0.15469003
0.1533842705
0.237217417
0.239783342
0.1625895155
0.18902208650000002
0.22041671899999998
0.2609200285
0.832433824
0.8498172610000001
0.372606437
0.14383689800000002
0.09502885
0.07807504750000001
0.08717636050000002
0.1317215525
0.263492043
0.6456362835
0.31372749000000005
0.7887790889999999
0.6529880415000001
0.549793325
0.1560027225
0.19053417700000003
0.11981479
0.13333422250000002
0.662059358
0.7045196925000001
0.8580721770000002
0.7582816900000001
0.731281075
0.12104259350000002
0.09497308000000002
0.11786373650000001
0.10587391750000001
0.08284265425
0.07490615789999999
0.0796566345
0.0824619565
0.0924893932
0.08330412159999999
0.10679724350000001
0.7517345280000001
0.7178480450000001
0.7401826890000001
0.7315248045
0.710018567
0.6884648824999999
0.1039993527
0.07901157539999999
0.11587505270000001
0.6244206589999999
0.1066016135
0.08882960880000002
0.10920426349999998
0.1873314945
0.6924559240000001
0.7120857795
0.8103611585000001
0.2935405075
0.1821905035
0.22300618250000004
0.13319097000000002
0.13522835649999998
0.633806205
0.23445320700000002
0.12516138400000001
0.12674932049999998
0.244112752
0.30295693250000005
0.8892923635000001
0.896674833
0.74528527
0.08327297
0.055139288950000004
0.05179954710000001
0.060212923050000006
0.1037560703
0.7486578205
0.7666212720000001
0.865994938
0.797657941
0.7543125975000001
0.713449055
0.6853127175
0.6682173640000001
0.16619400950000002
0.109998765
0.18933740950000003
0.696633601
0.17274224299999996
0.22708844
0.824043275
0.1501170565
0.131725908
0.663758985
0.091512175
0.066925893
0.0828254855
0.21188096699999998
0.9072274104999999
0.9129040790000001
0.87782079
0.0942270918
0.061532035500000005
0.0629084318
0.09370334350000001
0.70311859
0.14555094550000003
0.176084215
0.8412215085000002
0.211375109
0.08331369170000001
0.07811882800000002
0.08008138090000001
0.151473577
0.860038347
0.826905349
0.818018178
0.8302578780000001
0.8444110480000001
0.8745132550000001
0.25089351600000004
0.08820032450000001
0.0676977856
0.08128210620000001
0.14118454200000002
0.766397164
0.7298635990000001
0.7055805049999999
0.12484367950000001
0.10772009900000001
0.09072777600000001
0.10397186850000001
0.20149748900000003
0.6920249620000001
0.14417899750000002
0.10990382050000001
0.12390893000000001
0.10091531680000003
0.1043650789
0.1365640965
0.6788043329999999
0.260281244
0.1851993715
0.2331143625
0.7462211645
0.173524704
0.127993623
0.14325190000000002
0.21317981000000003
0.671639921
0.7745739890000001
0.8471908215
0.8212810480000001
0.7854053130000002
0.7564676975000001
0.7849999985
0.8605144165
0.889923074
0.8878732630000001
0.8590101075000002
0.849333399
0.8741487815
0.867329799
0.8069419999999999
0.740965191
0.686893921
0.34837260450000007
0.3937248795
0.31527009300000003
0.190870002
0.199923116
0.17948424699999999
0.14148987750000003
0.13611084500000004
0.14768849850000002
0.22063152800000002
0.33324793650000006
0.42051391600000004
0.6632779450000001
0.6538430955
0.7523474525000001
0.3504426725000001
0.16749943399999997
0.14458435200000003
0.1807290085
0.25351970199999996
0.20747961550000002
0.1851390795
0.1527663695
0.10585384650000002
0.0986893107
0.116746349
0.21172152700000002
0.8163992790000001
0.696481955
0.6449060105000001
0.6807610850000001
0.733834225
0.8481340064999999
0.8339326565
0.8872793019999999
0.8788430555
0.7631556795000001
0.707598139
0.709512992
0.19773736750000004
0.1007734428
0.11722999080000002
0.0777601004
0.0957164425
0.106007294
0.13553116850000002
0.8733738685000001
0.8529167100000001
0.8577248510000001
0.8949431580000001
0.8532767115000001
0.828954492
0.884945732
0.8205409969999999
0.7275784390000002
0.10342904300000001
0.134246965
0.12459259530000003
0.0860779653
0.10403750419999999
0.10893672820000001
0.20630496099999998
0.829565353
0.7506630415
0.8443972315000001
0.711645845
0.10433121950000002
0.07261809800000002
0.07631856100000001
0.1251013065
0.20578045150000002
0.8571226900000002
0.7550203590000001
0.6986761050000001
0.092588313
0.09117938119999999
0.0687666544
0.10322497100000001
0.10963937
0.20067935250000002
0.9100351665000002
0.9257358365
0.939888428
0.9363811410000001
0.9102916150000002
0.095927735
0.0841347182
0.0637505422
0.056488671000000004
0.0747809954
0.1210634225
0.8535454750000002
0.7586902360000001
0.7285829549999999
0.1191229175
0.1185894505
0.08080005700000001
0.0857912235
0.1625061205
0.7092758499999999
0.23556538850000003
0.08875611315
0.073786723
0.0866020725
0.1507257305
0.16731034500000003
0.110918946
0.1164320865
0.687464045
0.09841864350000001
0.07626435
0.07756006365
0.1283601175
0.7390305540000001
0.133986064
0.130625308
0.8164939605000001
0.8743100770000001
0.9181445575
0.904220855
0.884919285
0.8725044200000002
0.8058135875000001
0.1204138
0.12910562750000001
0.772577306
0.15376927825
0.07782620100000001
0.08244087435
0.0623406603
0.0701241491
0.1261200215
0.20447877650000001
0.886194903
0.861483727
0.8190412370000001
0.7971851305000001
0.13284762820000004
0.07627624575
0.06964629250000001
0.08562063615
0.20546027100000003
0.8770516960000001
0.8848801085
0.7504944499999999
0.223900632
0.09630625550000001
0.09058510405
0.1139481401
0.2380353935
0.25472058550000004
0.17272808900000003
0.22813870750000004
0.666045655
0.34205651950000004
0.1511105392
0.14323022900000001
0.22768012250000003
0.3437756075000001
0.136745051
0.115379952
0.099662915
0.09193236775000002
0.16004300500000002
0.2733111375
0.1859346205
0.6564237765000001
0.645769263
0.667958541
0.7547860795000001
0.24089221649999998
0.229632995
0.5558871245
0.2666505575
0.26078633
0.6649356595
0.779203157
0.6521195815
0.260401317
0.19996680400000003
0.13318857070000004
0.138667349
0.172665306
0.33927059550000005
0.8710571050000001
0.8960486950000001
0.8488869480000002
0.199771331
0.145768735
0.145883396
0.17933847800000002
0.20713059250000002
0.2229832495
0.687083072
0.8533399810000001
0.8948000285000001
0.8996231000000001
0.8852377735000001
0.8329497150000001
0.3124353665000001
0.248487741
0.21238046
0.28909729050000005
0.212942763
0.25344439700000004
0.7301966175
0.6192702795
0.560891629
0.519639656
0.245740368
0.528502055
0.23147317650000002
0.3081633935
0.2794486255
0.158760252
0.1397911363
0.19093153899999998
0.7932490800000002
0.722875123
0.7339717715
0.8599489775
0.8658109285000001
0.7805182995000001
0.8816924400000001
0.9070922705000001
0.9016205270000001
0.8403747010000001
0.8779464205
0.7509982475
0.11197211800000001
0.070682022
0.05448221835000001
0.052136396950000004
0.0559834466
0.07480561255000001
0.14051704050000002
0.911518476
0.9316206475000001
0.9039677344999999
0.1249029068
0.0999458225
0.16141113700000004
0.8196709600000001
0.750097707
0.8519176450000001
0.694256646
0.113962859
0.0804290085
0.0789712052
0.13024747169999998
0.6185558155
0.769833535
0.6597892324999999
0.6141017550000001
0.5884426555000001
0.23345670300000002
0.24326034300000002
0.745910311
0.23849473200000004
0.30879268400000004
0.2537249905
0.13033102600000002
0.130531637
0.124696287
0.10451035650000001
0.1442473696
0.7992827855
0.13691771349999998
0.10709889330000001
0.08684756429999999
0.1192761848
0.6740622100000001
0.674651798
0.6769357060000001
0.35652053100000003
0.417034018
0.851001637
0.7479481579999999
0.7980986320000001
0.9130908750000001
0.9201976150000001
0.818019115
0.08368850250000001
0.0470824594
0.0420766766
0.04848338430000001
0.06243891165
0.30810113120000004
0.921583933
0.9341139615
0.9353314045000001
0.924204003
0.920345645
0.10596895519999999
0.048682939450000004
0.041099087650000005
0.043601611250000005
0.0551973106
0.12142941300000001
0.8463955780000001
0.8507676250000001
0.8516689915000002
0.8799220955
0.7774526380000001
0.6934955805
0.22199946600000006
0.23842498750000002
0.7581165430000001
0.857832268
0.7887611149999999
0.8619581100000002
0.2836607135
0.14552534800000003
0.19900164350000002
0.1541446995
0.651581418
0.15933743300000003
0.10631741200000001
0.09313554700000001
0.09711510500000001
0.11613967620000001
0.1801760755
0.6162384649999999
0.24499244250000002
0.2126668905
0.5293080550000001
0.4605677410000001
0.19090721500000002
0.211525702
0.6127829975
0.667304478
0.77118346
0.661923365
0.20338977100000002
0.17414336549999998
0.19868194800000002
0.21662427800000003
0.26877956599999997
0.115575302
0.0904029726
0.09563706250000001
0.142286784
0.1079481535
0.15983581350000003
0.12423245599999999
0.1232953155
0.7368812885000001
0.724546538
0.718483339
0.7264604120000001
0.8446488769999999
0.253075886
0.159169894
0.274248678
0.8228891840000001
0.120738674
0.08353633785000002
0.09427800650000001
0.775245882
0.842779617
0.9036110900000002
0.8960785255
0.9243719550000002
0.912236232
0.7884805720000001
0.11079158400000003
0.16506863700000002
0.17110479099999998
0.8368525030000001
0.132068172
0.07224764080000001
0.06928187749999999
0.07479640779999999
0.11957256875000001
0.133935929
0.178624324
0.739780625
0.8231394095
0.12284925805
0.0805839525
0.08139118625000001
0.12833342150000002
0.838339352
0.7701332065000001
0.7349260000000001
0.16133464349999999
0.12467371200000002
0.10938884599999998
0.23905337
0.8700725960000001
0.9005671100000001
0.9030944945000001
0.844358451
0.136874582
0.1048133655
0.162430389
0.2701701795
0.8609867905000002
0.9018585655
0.8410101100000001
0.7322904205
0.10146482750000001
0.0809782886
0.0840771593
0.12599042475
0.778005455
0.7212392920000001
0.843810364
0.8393679100000001
0.6991096370000001
0.7059542619999999
0.710947005
0.7055661225000001
0.6937095250000002
0.16547527150000002
0.09879514105000001
0.0852460163
0.10887816100000003
0.706190952
0.6774338699999999
0.136008602
0.12890947600000002
0.6873414179999999
0.08505323805
0.05456166975000001
0.051204257850000004
0.0519617614
0.057114929450000004
0.1076326725
0.909091355
0.944280174
0.9325735055
0.08245032935000002
0.049797326700000005
0.05117704195
0.04596019305
0.05817841880000001
0.11343764450000002
0.8919077624999999
0.9343748900000001
0.9170329730000001
0.0857272762
0.0504249944
0.046865074300000004
0.05942620725
0.09138019925000002
0.23159159750000005
0.8867360385
0.8833967335
0.19279908399999998
0.12549203550000002
0.1879130325
0.17698097499999998
0.8369082080000001
0.11953166400000001
0.08878526349999999
0.05978115985000001
0.0570922621
0.059464139500000006
0.068257737
0.11530890830000001
0.772622644
0.14131636980000004
0.09631641800000001
0.19516246950000002
0.8467443030000001
0.880124986
0.8947625160000001
0.8919549990000001
0.8581024300000001
0.157186051
0.11616235850000001
0.2324178045
0.8498931750000001
0.8199523270000001
0.086369615
0.05748338940000001
0.057222587250000005
0.0637753635
0.06668290715
0.06657737885000001
0.06484213015000001
0.06998911830000001
0.0776898307
0.1318622542
0.3449634455
0.9050908300000001
0.894168725
0.1791936435
0.0887067333
0.0790274511
0.09251059
0.143767592
0.29228376300000003
0.2509209125
0.11853579050000002
0.10113280799999999
0.07569123750000001
0.08143840299999999
0.1348630035
0.20879213300000002
0.8458146705
0.88038441
0.7696819840000001
0.6754826795000001
0.144648666
0.15259832
0.10777307270000001
0.11754120700000001
0.663474997
0.721636665
0.8724340615
0.866608818
0.358497277
0.281113114
0.779281171
0.12973877050000002
0.092189344
0.09824749
0.7391480120000001
0.8187240870000001
0.9082448760000001
0.911747042
0.872330475
0.8958610925000001
0.8469494919999999
0.8322702380000001
0.8641413565
0.7475358390000001
0.0920556225
0.06855819540000001
0.099160717
0.1298113195
0.45005650900000005
0.8256558020000001
0.17302416
0.12744292499999998
0.1099421995
0.16484105500000001
0.1766733745
0.135474483
0.15231927450000005
0.6072645320000001
0.22838063449999998
0.25971033200000004
0.7621995585000001
0.29431454650000005
0.2202327215
0.330844324
0.22894207300000005
0.6274865184999999
0.24136070150000002
0.20892560550000006
0.146281409
0.09793530950000001
0.090211715
0.10696856
0.10847177350000001
0.202956196
0.390457005
0.5788998025000001
0.8290049715
0.7372773295
0.8016833765
0.6438853305
0.171592687
0.1500022613
0.22498081200000003
0.1621185435
0.163202246
0.20782479400000003
0.6100381350000001
0.305293821
0.177436377
0.188065978
0.2589629565
0.20787409
0.263309691
0.766576564
0.3792470185
0.1880587345
0.1755839375
0.6344911215
0.26263962500000004
0.15439971800000002
0.103151187
0.109317536
0.09829010880000003
0.0766258575
0.09510538150000002
0.11961859150000001
0.08118711880000001
0.12175991650000001
0.8267446905000001
0.18109399250000002
0.12760085399999999
0.3172716235
0.8828820540000001
0.875365452
0.9190077919999999
0.90590686
0.905041112
0.9143732210000001
0.8622947945
0.7744087909999999
0.11884742950000002
0.09892146700000001
0.2032849025
0.6707472875
0.13613282599999998
0.14324084550000002
0.75141865
0.8619448289999999
0.756344117
0.1349614025
0.08875414150000001
0.091583801
0.169393137
0.19474119650000002
0.145568403
0.2218618365
0.20917903000000004
0.5830101550000001
0.14255927850000003
0.13382770574999997
0.19247501700000003
0.221156566
0.2788588005
0.16229464100000002
0.1407093358
0.15090446150000003
0.575637373
0.5794766315000001
0.23030628949999998
0.336356046
0.2570787945
0.7525904160000001
0.19988919400000002
0.1628200133
0.2633179545
0.60593047
0.626822788
0.654186023
0.1386911853
0.11867424474999999
0.08019708430000001
0.07513717835
0.08949504315000001
0.1823081715
0.21951611849999997
0.19805048600000003
0.6701653165
0.12058817595
0.0942891478
0.12410146614999999
0.21327780500000004
0.6759462345
0.15567373150000002
0.164638019
0.8042346859999999
0.114724547
0.08103749755
0.10987699300000002
0.728230565
0.1586362171
0.07155778735000001
0.054672778750000005
0.060109938550000006
0.09593134610000002
0.29501637150000004
0.903630295
0.8194398325000001
0.07790693100000001
0.048597714050000004
0.04629482900000001
0.0524492468
0.10962660930000001
0.8994336065
0.9301414925000001
0.9455650250000001
0.9394469135000001
0.9309778570000001
0.925635585
0.18583332375000003
0.05840483970000001
0.06761876900000001
0.0576540811
0.08698313710000002
0.8642424105000001
0.9085226650000001
0.173113679
0.13479051260000002
0.06189685955
0.06029678310000001
0.10534473790000001
0.1370264285
0.7648552310000001
0.13541724650000003
0.128832425
0.7024706950000001
0.2664745405000001
0.8151970814999999
0.149473135
0.14096749775000003
0.6977424550000001
0.22289606950000002
0.2588285245
0.26782139800000004
0.758686812
0.24696457850000003
0.7399051025000001
0.12661970840000003
0.1202672139
0.11488962670000001
0.06933018535
0.061447520049999996
0.06112204755000001
0.0731287998
0.1133003222
0.7632799325
0.7485064604999999
0.8653172000000001
0.25835038975
0.11538443395
0.079870264475
0.08413374524999999
0.11133905425000001
0.07653239149999999
0.07125319450000002
0.0808051746
0.10182900400000001
0.17571701500000003
0.46571591250000005
0.9036017685000002
0.925682483
0.9252620970000001
0.9057828600000001
0.8964634100000001
0.647898058
0.45783841900000005
