0.7138490519999999
0.40023742650000005
0.579129941
0.22360855500000001
0.19443891050000003
0.22000561400000002
0.7442060550000001
0.616674235
0.146652584
0.117984999
0.13723340570000003
0.122087877
0.14480075050000002
0.6355489854999999
0.644380841
0.670014451
0.715850999
0.867787453
0.8710175365000001
0.7243406575000001
0.7845192539999999
0.1832897315
0.14266971300000003
0.14868572800000002
0.691025498
0.8825433530000001
0.9133503705000001
0.895320108
0.7520241150000001
0.798598381
0.16110977550000002
0.12935868650000001
0.20011918500000003
0.750899853
0.355822448
0.20719860150000002
0.264473202
0.23781677
0.16113258900000002
0.22649457050000002
0.5969330290000001
0.6310148965000002
0.671258923
0.7036692255
0.193760187
0.117284164
0.1407333378
0.1338841185
0.10447692130000001
0.11716407420000002
0.1156808212
0.09145999
0.0811348281
0.08632680250000002
0.107522172
0.17059374800000002
0.8652192495000001
0.8918014575
0.8311276655000001
0.900425128
0.8862312860000001
0.7313320455000001
0.63670816
0.122194939
0.15115651670000002
0.13881515150000004
0.088566041
0.11316083845000001
0.6712524369999999
0.10843183540000001
0.091097264
0.12279830050000001
0.706783128
0.0943612555
0.060084083950000006
0.0533625953
0.05092254765
0.0480831651
0.047410146800000004
0.057967390050000005
0.20735264015000002
0.9056944630000002
0.9333533630000002
0.9396899150000001
0.9284918640000002
0.9085170020000001
0.1006379228
0.057047473050000005
0.04682071994999999
0.050707208000000004
0.05790784845
0.0627752917
0.06662179160000001
0.07223315340000001
0.078006087
0.09285480095000001
0.06933277874999999
0.06499253865
0.07445233709999999
0.106078414
0.14624843675000002
0.21780960350000003
0.7560121485
0.8569329240000001
0.820695534
0.4193564685
0.6120695940000002
0.50679293
0.6476799160000001
0.7506012879999999
0.6283067720000002
0.5957655755
0.5805190014999999
0.579030393
0.3305215335
0.582630295
0.256457337
0.614939207
0.188320817
0.23036310150000003
0.10093119425000002
0.07881026830000001
0.07897270240000001
0.08123473120000001
0.10881918850000001
0.6677123340000002
0.10606522080000001
0.0747080545
0.07714443470000001
0.11995591600000001
0.7663469679999999
0.746016284
0.72837519
0.108867235
0.0815263915
0.07805231544999999
0.09862978800000001
0.6634241825000002
0.1201343023
0.11955896810000001
0.7506864900000001
0.776934361
0.825222922
0.8957264555
0.8367282875000001
0.7970386129999999
0.832297289
0.9128911825
0.9200818230000001
0.8920290970000001
0.9092578225000001
0.815006722
0.1233166683
0.12410984450000001
0.7176686580000001
0.12104939000000002
0.1783399455
0.16974781549999998
0.0794212937
0.07187522015
0.07274985425000001
0.07973199250000002
0.089152751
0.0864247841
0.0793235158
0.0765414952
0.0782645007
0.07944593374999999
0.10281712159999999
0.09935044350000001
0.161429081
0.17585040500000002
0.4046955915
0.8884570130000001
0.891265733
0.7257312800000001
0.08900118480000001
0.07196201505000001
0.059192577200000006
0.06380358700000001
0.10590159440000001
0.8127888925
0.8320195
0.8377000460000001
0.8330151284999999
0.160985625
0.0645366221
0.053608757400000005
0.0572348209
0.0646477615
0.0858067688
0.11941368880000001
0.2677119435
0.8144811750000001
0.185571119
0.15171811300000002
0.6143811200000001
0.12545144525000002
0.15970175450000001
0.1235778885
0.12531914460000002
0.16836872200000003
0.16843505399999997
0.8927071460000001
0.8924413455000001
0.9119523105
0.789112742
0.08885325480000002
0.087845147
0.12195860950000001
0.13684064
0.12492925100000002
0.1400281571
0.7595932565
0.18692911250000002
0.22197370300000002
0.8120216045000002
0.2462976855
0.225082888
0.11190540700000001
0.07350637310000001
0.0625121852
0.0619153686
0.07017670599999999
0.11944945500000001
0.8585465985000001
0.750668851
0.1450319278
0.13444057299999998
0.7331747710000001
0.1703389405
0.08625239850000001
0.0661531057
0.08532178935
0.785629508
0.7973446800000001
0.825319897
0.8828830350000002
0.927315859
0.8944285
0.8251359025
0.07559577640000001
0.0516410088
0.05400671485000001
0.06427457219999999
0.08282963559999999
0.11952368700000002
0.08402837110000001
0.0754535236
0.0753538212
0.07943497999999999
0.08061436380000002
0.09112014535000001
0.13206822820000003
0.1964168825
0.16993680900000002
0.16200290800000003
0.21070367099999998
0.259212633
0.349733884
0.8109715525000001
0.7138131645000001
0.68803393
0.792417766
0.6761277630000001
0.641247407
0.6550824055000001
0.758924359
0.1451303715
0.108870218
0.1573390315
0.13427845600000002
0.1288566623
0.7705429580000001
0.8440769850000001
0.9177911435000001
0.9251738485000002
0.8844605860000001
0.9006411170000002
0.7816954145000001
0.1223627762
0.1559386265
0.12330953
0.10544485599999999
0.1388939525
0.7624868925
0.17060330999999998
0.17444566800000003
0.102918574
0.09802523950000001
0.1444462155
0.887319996
0.9220685590000002
0.9216456415000001
0.885049979
0.894579265
0.8355947635000001
0.907695995
0.9156073650000001
0.873361083
0.9186191085000001
0.9005427105
0.08441073560000001
0.0482333884
0.041940962899999996
0.044572403100000005
0.05053799115
0.053358797650000005
0.0787350103
0.8280595020000001
0.8216908030000001
0.825811229
0.8245039765
0.867818379
0.9237935920000001
0.91959403
0.9214645165
0.9304475890000001
0.9106100555000001
0.08261285905
0.0523486019
0.06838395120000001
0.058115416
0.0642541305
0.08177756670000001
0.1550278595
0.8187294415
0.12670305975
0.0834298562
0.10191185050000001
0.14409447289999996
0.18642910250000003
0.8123012500000002
0.7659520650000001
0.874915204
0.890709309
0.8639108569999999
0.718141307
0.6956793055000001
0.8071598950000001
0.69241258
0.6451881949999999
0.11805023245
0.08099279770000001
0.0733255871
0.10714929050000001
0.669156636
0.11649841400000001
0.12277655075
0.07276166715
0.0622490567
0.0954607509
0.11634146559999999
0.09627329285000001
0.14333239150000002
0.909809355
0.9441009605000001
0.9324535785000001
0.10045083419999999
0.08139813645
0.06289398445
0.061461986950000005
0.0626317514
0.10391614130000001
0.09240515740000002
0.10194977120000003
0.655123795
0.11000331775000001
0.09221664809999999
0.12349117660000002
0.1840661095
0.725662314
0.8717496385
0.8852819455000001
0.8123075115
0.8347629344999999
0.707149712
0.617582102
0.5860009705
0.4799331995000001
0.18641669700000002
0.1830553475
0.264500199
0.770389002
0.695914237
0.6647528515000001
0.6233913495000001
0.5927544560000001
0.5138678985
0.1345171583
0.14031236670000002
0.15707477600000003
0.4518753765000001
0.232455972
0.28657633900000007
0.81734914
0.8322086150000002
0.42430039950000004
0.34464247400000003
0.7675163750000003
0.3980058165
0.3627728435
0.8545173565
0.8816559735
0.8028588945
0.8750310880000001
0.805073277
0.859623635
0.14229617849999998
0.07994625339999999
0.08146347395
0.15583779
0.841671619
0.130865414
0.08936109100000002
0.0592925352
0.06282854975
0.0903740944
0.7139325925
0.10279949349999999
0.106620418
0.10064658185
0.06903910320000001
0.12059430374999999
0.9165414520000001
0.945840605
0.952504483
0.942812954
0.924768808
0.0705926604
0.046883553
0.05165058990000001
0.0677662892
0.11869057625000003
0.842633065
0.10138266575
0.061012660999999996
0.064989079
0.1084209186
0.717254207
0.2112316395
0.690738573
0.09897695465
0.06809156645
0.07882149320000001
0.153801176
0.14662722250000002
0.3011136625
0.791624675
0.222460539
0.20755474200000001
0.6371990785
0.742205618
0.28115046850000003
0.28527189100000006
0.7332117199999999
0.28481668150000006
0.28568672500000003
0.7563690040000001
0.3516092745
0.17060065475
0.153183955
0.2471378005
0.557891342
0.54873419
0.16977585429999997
0.1221429245
0.129019198
0.6249708125
0.1777313323
0.1160497879
0.12301152400000001
0.275738041
0.8274837789999999
0.1798869565
0.09688959160000002
0.1107972165
0.645088404
0.224683236
0.7545319225
0.178805581
0.075577539
0.05388832185
0.05036295885
0.04955385985
0.0528729932
0.07730535279999999
0.80741001
0.8297731920000001
0.9384812150000001
0.9397661900000001
0.8213651165
0.06040263085000001
0.042470187150000005
0.044479333200000006
0.0411856585
0.04171739485
0.0464377562
0.078769538
0.900309333
0.93663566
0.9463124900000001
0.9375519140000002
0.9341415215000001
0.9415967860000001
0.9231770800000001
0.06877361535000001
0.04363251555
0.0409892364
0.04908811095
0.05957067365
0.06919572415000001
0.12887405305000002
0.862782923
0.10434025335
0.058663062349999996
0.055019935325000005
0.058930045550000004
0.08002536525
0.1585511779
0.08560629075
0.0558797938
0.05236743
0.05816054635000001
0.121512773
0.9199684340000001
0.9405162575000001
0.9296638230000001
0.12923624125000002
0.056143889
0.044918253799999995
0.0454105932
0.05228100395000001
0.0693220584
0.21835378200000002
0.778151196
0.8624522405
0.21255802750000002
0.1177653438
0.0991514111
0.15643658074999997
0.640071402
0.143490481
0.1363287525
0.255983316
0.27423914949999995
0.2569867545
0.18431612799999997
0.2146380885
0.7404355335
0.24676951750000004
0.3085204225
0.2339397305
0.41696836849999996
0.751478909
0.8106149130000001
0.834000645
0.852780926
0.7307462185
0.24889648350000002
0.17883068929999998
0.216847406
0.2644364715
0.7927445795000001
0.809289483
0.6837373625
0.7122263315
0.8500759250000001
0.8422422170000002
0.1433140505
0.09218002925
0.08997142225000002
0.106928408
0.6718525689999999
0.75066102
0.8823046085000001
0.8147676875
0.7980857530000001
0.8593534700000001
0.11512057850000001
0.07320866015000001
0.0728802315
0.07035550959999999
0.08411333480000001
0.084843907
0.099838115
0.10530423250000001
0.1143941726
0.180326913
0.654552143
0.641388295
0.1639371275
0.12306920160000001
0.12403797375
0.09857044549999999
0.09927998830000002
0.14380056250000003
0.7989905850000001
0.128313332
0.09552799740000001
0.08710374030000001
0.0893768945
0.176060031
0.6937440535
0.10277441020000001
0.07735547174999999
0.10990795550000002
0.75630153
0.247328087
0.23620527100000005
0.19248267150000004
0.3818653885
0.8985547919999999
0.889906785
0.8667384770000001
0.89219504
0.1830825665
0.1723810125
0.14815646999999998
0.218106493
0.8722916745
0.19312319750000004
0.060959866000000015
0.0482531126
0.0529837803
0.061218305800000004
0.10574772275
0.13966237950000002
0.157422426
0.8312868304999999
0.810303862
0.8080395330000001
0.778511521
0.08538717475
0.054304784599999996
0.055768015700000007
0.0660132437
0.0712973761
0.0748009677
0.073468726
0.077639278
0.1314761537
0.27842394000000004
0.797195881
0.851191135
0.1650511765
0.13623624600000003
0.2488698045
0.8016045125000001
0.859706178
0.9154444955000001
0.922233086
0.8982799665000001
0.8058384475000001
0.7212851020000002
0.7035052435
0.1865560765
0.15907026050000003
0.13741155100000002
0.6098103649999999
0.6175746400000001
0.14502228450000004
0.0961983817
0.098759998
0.129712683
0.676778456
0.686357928
0.1687229855
0.10011716575
0.1072904561
0.12350677870000001
0.07481177439999999
0.11531993110000001
0.11603290770000001
0.08151589195
0.14456180300000002
0.8911045719999999
0.9218912050000002
0.9386629610000001
0.9170140840000001
0.8840865525
0.8306554094999999
0.06486797100000001
0.04689669550000001
0.054066808949999996
0.07358958870000001
0.09452664215
0.1166728024
0.16295126250000003
0.09856477175
0.1353394152
0.0972540845
0.11465501920000001
0.2033030785
0.15790839830000003
0.19289007
0.7794553625000001
0.6086733500000001
0.16340634950000002
0.13619254150000004
0.165953406
0.2452620265
0.844300558
0.8807087245000002
0.8490708765
0.29726342850000004
0.241588875
0.30272899
0.764845907
0.685795836
0.634107568
0.644048731
0.7152383080000001
0.8719166170000001
0.89796655
0.85005964
0.286417501
0.23051807800000004
0.29041610050000005
0.7647781
0.7268731680000001
0.7299190515
0.7864913330000001
0.2862348885
0.24458830600000006
0.3513717665
0.7582917655
0.6205828954999999
0.20537892950000003
0.2236090195
0.25602835500000004
0.6857188375000001
0.8278321850000001
0.710162773
0.1958346515
0.139054266
0.0931183225
0.09944687625000001
0.6551066930000001
0.7244522005
0.7898383080000001
0.887033381
0.80040566
0.768191132
0.8640157595000001
0.0902718873
0.059799716600000004
0.04929925285000001
0.05634071225000001
0.06581057775
0.1183351145
0.8775246065000002
0.761927598
0.0833778491
0.05674442425
0.058325405800000014
0.1001233239
0.8919630374999999
0.8808391200000001
0.8773681100000001
0.8990987160000001
0.09837424519999999
0.070061039
0.09208999395
0.81040562
0.855980559
0.8462541280000002
0.844392272
0.8218835835000002
0.092346981
0.07257181250000001
0.10284074175000002
0.865484185
0.8889006300000001
0.864999329
0.08077229265000001
0.0497029327
0.04807821905
0.05147334455
0.053898770400000004
0.05701469045
0.07556627645
0.06651621495000001
0.09602805850000001
0.096533451
0.8015689300000001
0.9086579945000001
0.9201803535000002
0.8761735570000001
0.852836871
0.8737047725
0.90409044
0.872307045
0.848250277
0.8406068910000002
0.852078805
0.19383327150000002
0.173871263
0.30477486750000005
0.45631863500000003
0.814616369
0.9020281960000001
0.8967427365
0.6641939535000001
0.543404965
0.5133594150000002
0.7381384470000001
0.795875118
0.2624729185
0.2200564
0.28148733000000004
0.8112620995
0.80646909
0.8361578140000001
0.7252494625
0.705487963
0.7731132789999999
0.8522263640000001
0.8594529050000002
0.9041331315000001
0.9077525460000002
0.884001739
0.9066643320000001
0.905449925
0.885209906
0.9051902535
0.9031975305000001
0.8884198365
0.8732468025000001
0.9017590985000001
0.8706551150000001
