0.3895528975
0.16046611550000003
0.12082889100000001
0.12444009950000001
0.176756079
0.19258813150000004
0.38167544
0.773245416
0.175613138
0.1204164815
0.12743706300000002
0.238152951
0.6083237229999999
0.177353666
0.18349686900000003
0.7115941895000001
0.743803447
0.7904679035
0.8694147415000001
0.827508255
0.851565616
0.7348145070000001
0.6430134359999999
0.2091734085
0.265989619
0.632975848
0.6544099809999999
0.6617588375000001
0.19498498650000004
0.11339601899999999
0.10342770000000001
0.13062389300000002
0.613363442
0.6109161500000001
0.2412569365
0.32073110450000003
0.16460947099999998
0.15526088400000002
0.11552860300000001
0.1020546875
0.122237955
0.629514916
0.6182155879999999
0.11151742999999999
0.08299845924999999
0.097927172
0.184398363
0.836039973
0.397539416
0.32405390500000003
0.27307005500000003
0.7858486100000001
0.7925132640000001
0.12119263870000001
0.056841813100000006
0.048401072700000006
0.054260384800000006
0.07588308125
0.134692107
0.9112859200000001
0.9180117090000001
0.879542008
0.09801430600000001
0.0705516336
0.049321893799999995
0.05035936570000001
0.0637929924
0.1226146156
0.7671096390000001
0.7377058925000001
0.3119836305
0.2694110905
0.3455824515
0.876289023
0.9124266620000001
0.9099124965000001
0.88543629
0.296013618
0.1384350765
0.134064737
0.17071322200000003
0.74614944
0.329272588
0.155472561
0.1233396775
0.11952510649999999
0.1780320735
0.5777979990000001
0.22986365450000001
0.62246276
0.35535400200000006
0.30923656600000005
0.648609657
0.7905114955000001
0.193477392
0.20433212100000003
0.1216801185
0.1268737377
0.6705218194999999
0.20111422750000002
0.110059731
0.12174117100000001
0.776111
0.8220207230000001
0.841215504
0.838463073
0.8182183909999999
0.7902577460000001
0.833848828
0.8588074799999998
0.8681865860000001
0.8792313100000001
0.8912414155
0.8905196795
0.8983887470000002
0.894148475
0.90211463
0.8873070760000001
0.8836683110000001
0.9009024170000001
0.8542396915
0.18449496999999998
0.0740098732
0.06709635465
0.09529800240000001
0.879685722
0.938805375
0.9458941650000001
0.9118802295
0.8516738250000002
0.0673547896
0.045751875850000005
0.04780313225000001
0.05933591995
0.05816808510000001
0.06215824820000001
0.07547020054999999
0.070961125
0.080359348
0.13134991950000002
0.18149810800000005
0.8502382600000001
0.8288325650000001
0.22051799800000002
0.228580288
0.19303148100000003
0.6364392520000001
0.2522174535
0.130908877
0.11064991900000001
0.1111726273
0.153201891
0.17359771450000003
0.309432708
0.3624319145
0.350596775
0.7896282185000001
0.7618092780000001
0.778112142
0.8327343405000001
0.7622735310000001
0.7222044635000001
0.2232250395
0.13106313174999998
0.13355725280000003
0.1229868154
0.10701886280000002
0.07920066265
0.0980015585
0.11021448780000001
0.1387786027
0.12865922
0.08722796850000002
0.0745087901
0.12219813850000003
0.13622617909999998
0.842270841
0.8990089519999999
0.8771873680000001
0.8762165815000003
0.90827363
0.9122704890000002
0.8951544175000001
0.8879637850000002
0.8909446730000001
0.9117294705000001
0.9186495635
0.915974327
0.898867148
0.9153136255
0.907762986
0.2500784165
0.09964565869999999
0.07551291660000001
0.11290036300000002
0.10486637650000001
0.1218927261
0.15851156049999998
0.08468543260000001
0.08529882650000001
0.158263613
0.120981248
0.1916765135
0.15593979750000006
0.29874512
0.6659676215000001
0.6105519575
0.5815958010000001
0.20554616350000002
0.23021798100000004
0.23830269850000002
0.22486521700000003
0.597815084
0.627410909
0.649310394
0.6990267685
0.8342699815
0.8394239950000001
0.22871961700000001
0.22716038200000002
0.11435735280000002
0.0981274615
0.1299205295
0.777771304
0.14216402250000001
0.14904237450000002
0.12841629300000001
0.0928789333
0.14181481850000002
0.8187546830000001
0.8238242525
0.8007714725000001
0.12221687750000002
0.06841794865
0.07341800369999998
0.182155015
0.904418013
0.9325161995
0.91705652
0.8895765345
0.158577336
0.0819172895
0.10391661100000002
0.16717734600000003
0.8218766750000001
0.786651685
0.7732519225
0.8217346799999999
0.16347702649999998
0.0720163025
0.079283405
0.08212354555000001
0.069509843
0.0655127348
0.0639764211
0.0759546942
0.1024713125
0.17996737499999998
0.8255871185000001
0.6719712050000001
0.12628290700000003
0.10189089605000001
0.1269139783
0.22705375400000002
0.2259856955
0.2469889295
0.2596078605
0.732065734
0.6362453785000001
0.6662714605000002
0.8014689540000001
0.7979736900000001
0.40530881199999996
0.43608988500000007
0.750774778
0.2345408795
0.20628364899999999
0.18010699149999998
0.5174214010000001
0.18711692300000002
0.243275819
0.8250057270000001
0.7376561565
0.09440066265000002
0.062400660499999996
0.05795156850000001
0.06308256649999999
0.0593758985
0.058398810950000005
0.052844667250000005
0.06378867649999999
0.17422628150000002
0.8527205900000001
0.8447771319999999
0.8852555345000002
0.9059848260000001
0.9125318800000002
0.9076981325000001
0.8846452650000001
0.8493748750000001
0.08698373625000001
0.052777657000000006
0.053217439150000004
0.08909478655000001
0.09999909995
0.13322924
0.10561914859999999
0.09030071510000001
0.13180276000000002
0.795196956
0.668645051
0.21225509050000005
0.17449290050000002
0.575058143
0.155454315
0.22294759150000001
0.1767513255
0.6286884595
0.1193672285
0.08796687275
0.10899597150000001
0.1001388128
0.104337313
0.1173751835
0.2096822155
0.154558912
0.209386593
0.8716061999999999
0.903580653
0.8816040380000001
0.215404293
0.141685954
0.10097059300000003
0.11222931455000001
0.6209816794999999
0.26592477550000004
0.811269261
0.1639172035
0.170783403
0.1488768132
0.0960482415
0.11428542850000002
0.08491190950000001
0.06667619065
0.05847707255000001
0.05719228475
0.06790707274999999
0.12582313250000002
0.9016252465
0.896360158
0.8519260735000002
0.8048490620000002
0.08390509930000001
0.05927104705
0.0673934624
0.11599241000000002
0.8465380910000001
0.7472067865
0.1448053155
0.15002012950000002
0.111947738
0.09381532499999999
0.1269974335
0.16240990299999997
0.24005964100000002
0.8095622749999999
0.7205697329999999
0.712611124
0.7256195525000001
0.7440337675
0.8209339000000001
0.6950404615000001
0.1447534685
0.10342760680000002
0.11365137780000001
0.5637351149999998
0.11365156850000001
0.10637908825
0.09667642899999998
0.1445111625
0.8857504975000001
0.927295425
0.9337703875000001
0.9211169880000001
0.7945780285
0.174135906
0.17249400250000002
0.851274087
0.157805101
0.06009813165
0.053282703
0.0518396422
0.05467252545
0.0627435038
0.051405342550000004
0.04816808040000001
0.050739102
0.07684781874999999
0.8771068300000001
0.8903299815000001
0.9210462419999998
0.937527325
0.93946782
0.940799074
0.8880240795000001
0.06190860695
0.0427028823
0.04294017805
0.05096988365
0.0652932037
0.10658724790000002
0.7496980735000001
0.09545691195
0.0656192486
0.06331669655000001
0.06978049120000002
0.07552666009999999
0.11839144120000002
0.083111042
0.09235239170000001
0.17029390200000002
0.161290614
0.7622407920000001
0.17508840350000002
0.143655132
0.21020336550000002
0.7998566180000002
0.8096576485000001
0.707820808
0.7812869020000002
0.15444015725000004
0.1103762278
0.11519471560000001
0.1082826109
0.20104920750000002
0.1903996575
0.654011085
0.6705608160000001
0.74407398
0.90803065
0.9248808119999999
0.895962607
0.08788282910000002
0.05215221395
0.05236576405
0.06615714810000001
0.105258653
0.07917713600000001
0.06575957110000001
0.06510015075
0.09021067420000001
0.7222439735
0.17355242550000002
0.37284943100000006
0.845879837
0.16504093050000002
0.14859171759999998
0.8086652850000001
0.8475600660000001
0.861788415
0.80623651
0.15593111550000002
0.1609794395
0.8611586595
0.8835704765
0.9347444510000001
0.9351625485000002
0.9111860155000001
0.21729106800000003
0.1764123095
0.8208860760000001
0.09002405299999999
0.060328553199999996
0.0703077445
0.18931013950000003
0.7878961470000001
0.19128699650000003
0.154758886
0.07498574390000001
0.06788565880000001
0.08861689315
0.7182101099999999
0.7611197110000002
0.895376968
0.902296522
0.793898283
0.3435548440000001
0.20882563599999998
0.17269437050000003
0.2436182595
0.26482654050000004
0.38504824200000004
0.782613461
0.7030073010000002
0.654460915
0.6680589460000002
0.6904868550000001
0.7966334350000001
0.727508375
0.6854085270000001
0.15230962800000003
0.1326863648
0.107840049
0.168116242
0.160782164
0.10187034550000001
0.082255703
0.11926832450000001
0.10401018930000001
0.14429918800000002
0.8465890880000001
0.1042544505
0.06805910000000001
0.0599159922
0.0571064549
0.07614366675
0.2370998
0.8878345015
0.915555473
0.8157390535000001
0.1311153755
0.127768736
0.7043789844999999
0.25967434450000004
0.84984523
0.8906873960000001
0.8875210600000001
0.8908876355
0.1028972763
0.08051792684999999
0.1283786065
0.8737495315
0.8603591320000001
0.1152163716
0.0761401525
0.0647534219
0.10272145334999999
0.1295554427
0.1459456364
0.8778392145
0.8084439545000001
0.11663395280000001
0.1457439433
0.11917626440000002
0.13511534500000003
0.1854866387
0.13562441750000004
0.11523735400000001
0.0831257137
0.07237148685000001
0.07433419100000001
0.11189016800000001
0.6732653970000001
0.15290127050000002
0.18212516
0.34581085450000004
0.419853525
0.6653123015
0.280816929
0.6472583534999999
0.18380474300000002
0.17758582700000003
0.1268215615
0.1056894697
0.13328507350000002
0.19235643500000002
0.784365537
0.34005645300000004
0.24743876200000003
0.306158971
0.13900487849999998
0.10859863700000001
0.1110843262
0.150606782
0.6245898364999999
0.7281142540000001
0.872653769
0.9064616799999999
0.9060641800000001
0.870483914
0.7012728970000001
0.6584033715000001
0.2052134515
0.09228667515000001
0.07373127400000001
0.08603156520000001
0.15089653600000003
0.8380467385
0.9086206025000002
0.8373992550000001
0.7933569400000001
0.16582468099999997
0.07028570775
0.06174504515000001
0.0736630935
0.13523599300000003
0.19853123850000004
0.23751460000000002
0.381039128
0.8329135135000001
0.31843096750000005
0.248118795
0.7721655945000001
0.2035244185
0.21103557900000003
0.8737669225
0.917266365
0.914426625
0.8703149
0.8258525430000002
0.7893200625
0.7857823174999999
0.7700871325
0.695108425
0.1543736885
0.1779712555
0.7531489770000002
0.2530178785
0.3557590445
0.6307635
0.3067037335
0.28781708800000005
0.6337014464999999
0.861217136
