0.8558549070000001
0.8927906935000001
0.85657791
0.3988353105
0.26470034249999996
0.34320114949999997
0.8136364380000002
0.8348905970000001
0.8920543915000001
0.8938675970000001
0.8473134820000001
0.4094594450000001
0.42877106300000006
0.34073404150000003
0.7422995920000001
0.343929204
0.2765208995
0.23258629900000002
0.5807574520000001
0.3201010065
0.2702130835
0.16732216500000002
0.16544936
0.270937832
0.32947125800000004
0.8355330320000001
0.822660253
0.290999918
0.3019852395
0.340059918
0.7751976650000001
0.6793208350000001
0.6816111079999999
0.837066244
0.8468260075000001
0.7295299460000001
0.813842425
0.3321233035
0.1627613545
0.20314811450000003
0.1336730065
0.15890532950000003
0.1647537725
0.32455597050000007
0.8059061710000001
0.6780236019999999
0.6434257775000001
0.650920356
0.7799320765000001
0.6849438525
0.664775624
0.6641094089999999
0.785775206
0.6766741750000002
0.16563875000000003
0.17278489030000002
0.21518683250000004
0.204314287
0.13764285470000004
0.10809131100000001
0.0741051162
0.07789796075000001
0.141426661
0.143998356
0.8491176630000001
0.7832920465000001
0.9028133940000002
0.901606337
0.17520393550000002
0.0737110408
0.06930036765
0.1254479173
0.15202872600000003
0.8854717900000001
0.9043408375000002
0.8368273915
0.7717287935000001
0.7394680164999999
0.7053689744999999
0.1633736345
0.19717261800000005
0.8743135620000001
0.920284686
0.9281727860000002
0.9198379970000001
0.877673161
0.844626709
0.838899638
0.840998525
0.1568985435
0.150326023
0.7653525710000001
0.8500247605000001
0.925661625
0.9337758065
0.9199364455000001
0.8097570100000002
0.0806261214
0.07599460549999999
0.06064248555
0.05959816185
0.0791311937
0.0701398815
0.07606348365000001
0.05863825415
0.059577213950000006
0.10324813875000001
0.10951541790000001
0.8851665335000001
0.915739517
0.922153909
0.9225560605000002
0.09351185025
0.0674399052
0.05179531115
0.06095290070000001
0.0569792219
0.05710425965
0.0596537473
0.07555508775000001
0.07377902060000001
0.08797962715000002
0.23030219000000002
0.25562574849999997
0.195987972
0.21474709350000004
0.26061613199999994
0.11699440400000001
0.13692694985
0.12496212550000001
0.18363406049999997
0.11497493275000001
0.14279570600000002
0.1294046862
0.2052383295
0.665585212
0.6873017284999999
0.7318697405000001
0.8574516929999999
0.87797728
0.8571666160000001
0.7183731580000001
0.359424371
0.271006016
0.191715619
0.5115002275
0.1242206166
0.13778983300000003
0.26926291500000005
0.6502021880000001
0.1165761235
0.08329762700000001
0.09836879830000002
0.11986584600000001
0.8251259110000001
0.8738173785000001
0.4817583875000001
0.8943741645000002
0.9049168790000001
0.8544819770000002
0.7473455449999999
0.21616541000000003
0.712210556
0.7116065245
0.13065916300000002
0.08554974350000001
0.0876890135
0.1651443855
0.7168008210000001
0.195101067
0.10569483800000001
0.09635160950000002
0.12022830600000002
0.25988304600000006
0.7840164035
0.1999742555
0.160765767
0.20049696450000004
0.216460969
0.222352507
0.355520766
0.4729828850000001
0.7359799865000001
0.29948813600000007
0.31022326750000007
0.34814048950000004
0.80800532
0.83298808
0.7329954175000002
0.7238693700000001
0.8041136140000001
0.6821037300000001
0.18106406050000004
0.1400743067
0.11993499249999999
0.1107043115
0.1281357277
0.1828224863
0.20733646400000003
0.7458080865000001
0.1874734515
0.14883720949999998
0.18220178440000004
0.7065510775
0.8329067685
0.7111366100000001
0.645693265
0.18527952650000004
0.17007835720000003
0.5887871405
0.6333954045
0.6801766605000001
0.760234657
0.8957021570000001
0.8824700685000001
0.130753901
0.0875111517
0.0853007901
0.1014255866
0.14748485649999998
0.7672850445
0.6796681095000001
0.761746373
0.21674647300000002
0.18845380730000003
0.46661290600000005
0.22986677400000002
0.347788079
0.8565378075000001
0.8731488805000001
0.28837000400000007
0.1374828605
0.18696248150000003
0.20015575330000002
0.22681345800000002
0.6647577290000001
0.14220881125
0.192388832
0.23164081700000003
0.35503553800000004
0.899500534
0.824984182
0.09647238270000003
0.05069439155
0.045158538649999996
0.051860186200000005
0.0839625819
0.857643586
0.8814757870000001
0.16002866450000003
0.15321054180000002
0.876960007
0.9367190630000001
0.938489257
0.8829537850000002
0.1495158875
0.2276719162
0.8921527905000002
0.8515314
0.0707083165
0.0473414178
0.04837693925000001
0.056092341700000006
0.08531967055000002
0.08726908015000001
0.08943654885000002
0.08318307735
0.072155342
0.0811526752
0.09143438350000001
0.09088975530000001
0.07939696865
0.12141741230000001
0.642697455
0.152152129
0.18125885200000003
0.853931666
0.8532620635
0.1372893345
0.09166531100000003
0.0771046155
0.1336080205
0.0877779906
0.107999145
0.15396220800000002
0.9076845385
0.938037218
0.931791515
0.8143195360000001
0.1074064918
0.047166714900000004
0.039896756
0.042772393650000004
0.05595177150000001
0.05162890705
0.07255835570000001
0.17650616565000002
0.9210536925000001
0.9367649280000001
0.9260231990000001
0.927840912
0.9392122350000001
0.919709812
0.0925844261
0.0811544146
0.060852262649999996
0.05572573445
0.05274596565
0.05397088005
0.06658887730000002
0.103368013
0.7864861085
0.714784223
0.11507033040000002
0.1294237838
0.0938541475
0.10970905850000001
0.1864049755
0.8699952870000001
0.859316728
0.1968574255
0.2154871715
0.1579590233
0.21061023300000004
0.677033383
0.719820465
0.7836651960000002
0.8906376125
0.8898477730000001
0.766484472
0.1373782865
0.20284312515000003
0.13302284165000003
0.05676141625
0.04738887825000001
0.04661802095000001
0.0472669498
0.05365554060000001
0.0847419668
0.8952993405
0.9289972475000002
0.9374230250000001
0.9137420675000001
0.0890231847
0.07556654255
0.0451125173
0.044150977650000006
0.0467707734
0.0519850301
0.07201046445
0.10175132209999999
0.15526537699999998
0.804551454
0.820906612
0.866935835
