0.8144304625000001
0.8362471750000001
0.8473620500000001
0.8916503375
0.9012100015000001
0.8741121275
0.8876586510000001
0.8471279330000001
0.26274656900000004
0.19061116900000002
0.19540581500000004
0.2744277935
0.8670981215000001
0.91480362
0.916205684
0.8850011200000001
0.7591014945000001
0.6859595895000001
0.693958256
0.7724043370000001
0.8841652580000001
0.91244556
0.9158257225
0.9011731945000001
0.833644215
0.845914318
0.3180348205
0.14726229600000001
0.11977667350000001
0.1266868925
0.0933688125
0.08470679119999999
0.08772344625
0.1060239125
0.0983080395
0.1504613615
0.114801031
0.19430448200000003
0.842901314
0.21043342600000006
0.136943848
0.1252051042
0.6533180130000001
0.09624966725
0.06521417725
0.0687909063
0.12196113770000003
0.868838812
0.843137563
0.8126638770000001
0.7740011250000002
0.7823310725000002
0.762043261
0.7460734865
0.7139478255
0.0778946854
0.05490816775000001
0.05587945255000001
0.06333075240000001
0.0820679425
0.1532379665
0.1833380855
0.1435228415
0.19278712800000003
0.8484967275
0.803776335
0.8702728015000001
0.756924933
0.7087581844999999
0.7772044754999999
0.25509648
0.26060410250000005
0.763355172
0.716180813
0.8597897750000001
0.8534535670000001
0.1746680005
0.137232917
0.5710868350000001
0.0986931935
0.07097864100000001
0.0691498465
0.08924176810000001
0.816022557
0.9091599455
0.919487144
0.8745634695000001
0.8950606300000001
0.8436550305
0.859335215
0.904292218
0.8901747850000001
0.9028819395000001
0.8665943205000001
0.8634981095000002
0.9073508725
0.9110890230000002
0.8782614750000001
0.8727451995000001
0.9131555840000001
0.8903760095000001
0.12030174880000001
0.07901902185000001
0.08890404625000001
0.1373388685
0.7628533645
0.1798280975
0.16571743900000002
0.6509334655
0.6328555499999999
0.11438675019999998
0.08594593369999999
0.09348706175
0.14419198150000004
0.813390236
0.14507941800000002
0.11805936900000001
0.09328212599999999
0.0705143711
0.08830866534999998
0.7910985095
0.8355636530000001
0.8537190100000001
0.851901327
0.8862215430000001
0.9156640180000001
0.898772632
0.8752299135000001
0.84592184
0.7745124745000002
0.0945902104
0.08507945905
0.14103251225000002
0.168344475
0.14822659700000002
0.754737355
0.8463049185000001
0.726108998
0.66131782
0.12649123550000002
0.1059102013
0.138427934
0.2889273
0.859422628
0.8859952585
0.814579528
0.7898988599999999
0.8495366320000001
0.4198322735
0.159532077
0.164390342
0.1310071335
0.17119299500000004
0.10642984600000001
0.09794972575000001
0.11444353250000001
0.197182348
0.194647329
0.20968990899999998
0.396183797
0.7572967459999999
0.3023452315
0.6012872400000001
0.187402882
0.1648653975
0.228135468
0.1738892275
0.1335843361
0.137012939
0.176425517
0.7784819829999999
0.6657546475
0.6244675470000001
0.1703636245
0.17734924050000003
0.195131332
0.2612679135
0.2244285265
0.7655737210000001
0.291559822
0.39860514849999995
0.6963514410000001
0.7964534400000001
0.38194171950000005
0.588528119
0.5808348325
0.21395984699999998
0.1279765809
0.14662238100000002
0.7711758980000001
0.20734845600000001
0.1565862875
0.2808261785
0.8418336950000002
0.7051005495000001
0.711977816
0.8359524835000001
0.11860805919999999
0.08932978910000001
0.13639851760000002
0.890433034
0.9043272695000001
0.10119312030000002
0.067156173
0.06000961
0.061972443700000004
0.090293839
0.7259415655
0.142725237
0.16909345629999997
0.8806159
0.82590828
0.0854083987
0.05681955665
0.057826674300000006
0.09248646405
0.8874692715000001
0.9361172335000001
0.92463302
0.9108190380000001
0.08985313804999999
0.06578654200000002
0.09011886399999999
0.6947608399999999
0.240074315
0.8591831295000001
0.91452782
0.8430584050000001
0.78420281
0.1257382965
0.14810448800000003
0.814085392
0.09766572435000001
0.07390865590000001
0.11737554175
0.14736337370000002
0.1645515515
0.8914317785000001
0.8912766500000002
0.3418622915000001
0.8465170550000001
0.11367830880000002
0.09691717675
0.09875555735000001
0.0901794951
0.20973457050000002
0.6669456525
0.11772045150000002
0.10591199800000001
0.1773694765
0.706088983
0.6945624005000001
0.590897232
0.8480996435000001
0.720795447
0.24706799550000003
0.19664560020000002
0.622533538
0.17199133825
0.21243074750000002
0.318610942
0.3083375115
0.1969385615
0.65982153
0.12944338775
0.0997049213
0.11950488700000002
0.2031372447
0.1519106315
0.10976247214999998
0.10877490280000002
0.1290489001
0.619537474
0.22027478100000003
0.11681912350000001
0.10125992775000002
0.1338208997
0.248419933
0.87692065
0.88857347
0.7268937400000001
0.09618617545000001
0.08501920560000001
0.07335384805
0.116693845
0.1042071407
0.13977133590000002
0.9095820800000001
0.9402478175000001
0.9464732430000001
0.9402114149999999
0.909278891
0.11223460100000002
0.11144496504999998
0.09464527015
0.09883010870000002
0.6216740155
0.281876993
0.289913843
0.867935983
0.880137373
0.7145167075
0.23403756150000002
0.12002493000000003
0.1127900389
0.1191930223
0.1963551331
0.73108008
0.8792504360000001
0.9108185930000001
0.9137549200000001
0.9039658530000001
0.873487325
0.42853413050000005
0.1725944907
0.1739669785
0.15915174780000002
0.21300823900000002
0.8401608105000001
0.8459630200000001
0.31644660100000005
0.38217296800000006
0.6404246665000001
0.7259136485000001
0.8760236295
0.8849129450000001
0.8133854470000002
0.8679738335
0.7964010300000001
0.7310540415000001
0.23656323600000004
0.175553946
0.5913747269999999
0.559542414
0.13349047349999998
0.17512614850000002
0.21458453550000003
0.1196437565
0.12526018375
0.1035350233
0.11280009570000002
0.1933111635
0.8641090900000001
0.8820500760000001
0.214193765
0.1093951425
0.11553214125000001
0.675197605
0.08703880035000001
0.0562355547
0.053086562600000005
0.0536973891
0.06332563205000001
0.0910360328
0.844408155
0.8678201440000001
0.8954090795
0.928022849
0.9320340195000001
0.9237799080000001
0.8869004750000001
0.8457118499999999
0.811183004
0.8331861974999999
0.884017358
0.9205482005000001
0.8946028160000001
0.8418860585
0.07718341025
0.05148206615000001
0.04593609635
0.05154872835
0.068332386
0.1254810875
0.760156339
0.6694849830000001
0.16811547210000002
0.182297607
0.445603843
0.8629982165000001
0.7328832070000001
0.10984772325
0.08537895820000001
0.071225916
0.07882314100000001
0.08114988750000002
0.0973346155
0.14081009549999998
0.704388081
0.8089687855000002
0.21297381400000004
0.261829466
0.10735596820000003
0.08172836650000001
0.0874680558
0.150192041
0.8508662600000001
0.7779904150000001
0.7419570500000001
0.720480578
0.6905437470000001
0.1276624775
0.0805915566
0.08317662685
0.2125548715
0.8522325605000001
0.8763115600000001
0.8766456885000001
0.9059903825000001
0.833739073
0.125073613
0.08559026365000001
0.09742410200000001
0.2803926675
0.899492103
0.9283204460000001
0.91282863
0.77355391
0.6922900919999999
0.6866933245
0.152774044
0.10366420700000001
0.09184806469999998
0.10063497550000002
0.1636048175
0.25541416650000004
0.8763936000000001
0.9129583140000002
0.9101102045
0.8547774910000001
0.783691443
0.7054950150000001
0.6647460430000001
0.6721724605
0.7507010280000002
0.875657637
0.9156098685
0.9220948055000001
0.916361441
0.8770768465000001
0.38875645
0.3777089015
0.3492376825
0.8312113745000003
0.7746083075000001
0.690606261
0.5932090415000001
0.1514976339
0.16911502050000002
0.17061270075000004
0.5592018225000001
0.7073970190000001
0.8155701715000001
0.9157972275000001
0.9295313780000002
0.9023446850000001
