0.7000153035
0.2769218769999999
0.22683705900000004
0.18400104850000001
0.201530486
0.379513787
0.7565998574999999
0.319672708
0.3225737700000001
0.8121205430000001
0.8132740145000001
0.35352647
0.449000097
0.6247319375
0.758261133
0.22730374750000001
0.136124242
0.12223675950000001
0.1327680865
0.5470701324999999
0.5917856095
0.63390379
0.386663923
0.2244239105
0.6389058045
0.110820398
0.08168321975
0.078627574
0.0977084107
0.140214355
0.09040444
0.06995404420000001
0.07180292740000001
0.11859488370000003
0.857050932
0.7658112100000001
0.7481682485000001
0.11338518350000001
0.1031716302
0.07903566500000002
0.1033691052
0.6944267670000001
0.10020723275
0.08199452920000001
0.058090801750000004
0.06450438020000002
0.1186278955
0.8993215890000001
0.9304056795000001
0.9221109515000001
0.9126232540000001
0.8907255900000002
0.8312868385000001
0.0815514764
0.0645633181
0.08912161465
0.7278334559999999
0.179190086
0.19110606100000005
0.8853905675
0.8939455095000001
0.11986614550000001
0.11662176985
0.09132042665000001
0.09692134965
0.8339159335000002
0.9261658119999999
0.9361955945
0.9105409225000001
0.087635975
0.05549182685
0.057538780850000006
0.086195602
0.6773275050000002
0.6718705049999999
0.6930756995
0.7458452320000001
0.7983887655
0.8626450019999999
0.337400588
0.234796418
0.12377715800000003
0.1064588215
0.13409315275
0.5344015160000001
0.2246879
0.31957128800000006
0.6817052755000002
0.7488130180000001
0.8220485055
0.7938956210000001
0.769741208
0.7515553415000001
0.7288146710000001
0.6907434465
0.514409186
0.38387131650000006
0.21011192450000005
0.1959041635
0.5940802685
0.20579100099999997
0.16561907200000003
0.1059194766
0.08461084519999999
0.08000719025
0.0880962995
0.12323637560000002
0.1571113755
0.8277553470000001
0.7568835465000001
0.87725051
0.87298144
0.724344023
0.8273097150000001
0.619622981
0.09896670749999999
0.08830795300000002
0.1461927599
0.18892356100000002
0.741452328
0.8680843740000002
0.20494775350000002
0.10245105920000001
0.123746314
0.7776241069999998
0.8843226735
0.12459956650000001
0.0619678485
0.047354405800000006
0.04932923545
0.07678337145
0.8651380930000001
0.928132617
0.94093009
0.9407101800000001
0.9362990065000001
0.9141856810000001
0.899206877
0.8867777944999999
0.891329171
0.0706150334
0.047489817999999996
0.05116784800000001
0.09200207665
0.17947885500000002
0.8735985015000001
0.9282066360000001
0.916240677
0.2304970415
0.10149175
0.1372883705
0.6669302225
0.6520180675
0.1505679674
0.12935811149999998
0.0995951093
0.12361098575000001
0.744698879
0.7963530655000001
0.8802241500000001
0.816531551
0.805899971
0.8591259200000001
0.35714460950000004
0.258664687
0.11597201480000002
0.101260811
0.12295798550000002
0.5601419464999999
0.22734786350000002
0.37436455350000003
0.5481801410000001
0.7796716180000001
0.4422493475
0.7291647379999999
0.28554110400000005
0.2991365415
0.34873020299999996
0.6069276530000001
0.5962736635
0.623777914
0.6374493790000001
0.6995685635000002
0.825217542
0.8441870539999999
0.7826167869999999
0.7063064025
0.6694254179999999
0.6129497610000001
0.26678547
0.190861125
0.20036690150000003
0.328350103
0.36839552500000006
0.332667951
0.16155178750000002
0.119988737
0.11767444650000002
0.1492157775
0.6064233300000001
0.5941237425
0.177348101
0.16642856800000003
0.1290603603
0.13595931500000003
0.18502271550000002
0.7571337995
0.6331171095
0.5736716005
0.19334047900000004
0.196926701
0.18225391400000002
0.24545349400000002
0.6961575080000001
0.82217329
0.7979047950000001
0.262676799
0.175205606
0.17429937350000002
0.524820149
0.638122768
0.8269378700000001
0.8517496715000001
0.808211138
0.5522993070000001
0.17022243199999998
0.23842921100000003
0.12556583950000003
0.111640337
0.1283231045
0.11323309299999999
0.12621963030000002
0.21709917900000003
0.1328874205
0.13478800700000002
0.17635162499999998
0.746676755
0.5933080035
0.228494351
0.2391814845
0.7576833450000001
0.635489214
0.1524300965
0.1256717285
0.1363448122
0.1206276232
0.144479023
0.253396108
0.8121487970000001
0.753032961
0.709454518
0.7025495045
0.8228192945
0.7771617705000001
0.7227534899999999
0.6776068329999999
0.6578101350000001
0.6652854145000001
0.7091697365
0.781467585
0.8694351850000002
0.888335227
0.8663758890000002
0.7799789250000001
0.7711747755
0.843876081
0.8225232715
0.8284161074999999
0.3362351585
0.1788556015
0.18999810900000003
0.17534975210000003
0.677240087
0.8370458890000001
0.8209281
0.8956778025000001
0.9008809775000002
0.8702734950000001
0.6679417995000001
0.13096926569999998
0.167587502
0.1379207915
0.193434081
0.16371733100000002
0.24060096550000004
0.194292206
0.17056984100000003
0.31153886350000004
0.6998105915
0.7314345500000001
0.83864089
0.7332718975
0.198737798
0.1321379165
0.16027002650000005
0.122754054
0.0952996425
0.10542085500000001
0.125477111
0.13578815100000002
0.6436939455
0.7133173445000001
0.8487175415
0.831218033
0.2617156025
0.29065953099999997
0.217989066
0.5502951155
0.586231595
0.3028042315
0.2489098035
0.5996759700000001
0.23940751899999999
0.1601035915
0.15112687500000002
0.21032019549999997
0.12626109600000002
0.12759457500000002
0.208838202
0.17478376600000003
0.2713321425
0.236945407
0.7015416480000001
0.793139864
0.6755562240000001
0.620230769
0.535663123
0.16790754000000002
0.1643791605
0.1464670388
0.18060229450000004
0.700536223
0.8372763605
0.8342990825
0.6646435199999999
0.5794345535000002
0.49874078550000006
0.524810326
0.4987967015
0.239745451
0.13330658650000002
0.125142539
0.170256116
0.1864113305
0.18342875550000004
0.17038152950000002
0.24190803100000002
0.191481067
0.6654322425000001
0.7683559685000001
0.6527035365
0.7397752270000001
0.5098709355000001
0.42505167800000004
0.43319858400000005
0.5305050575
0.6243344565
0.7004703069999999
0.7747456050000001
0.8862883030000002
0.8723074035000001
0.13007732400000002
0.0990662615
0.08215923574999999
0.0714106612
0.0979679986
0.0735039615
0.06458867805000001
0.08919149375
0.7958303290000001
0.815065985
0.8848893440000001
0.09846699950000001
0.057892715399999996
0.056494695149999996
0.08078506845
0.831147855
0.87569235
0.9036960435
0.90245884
0.8592609625000001
0.08155257100000002
0.0575797454
0.0531986198
0.053382001850000006
0.05547481725
0.063816869
0.068368723
0.07987565434999999
0.1000848685
0.1774582325
0.216798457
0.1935879465
0.7545063495000001
0.604582295
0.5494132795
0.488021348
0.1355810543
0.1014677405
0.09325949055
0.1279843745
0.6034642445
0.6535185455
0.7432296380000001
0.8983666175
0.9145438899999999
0.8833179980000001
0.1082870215
0.06476066550000001
0.05948426015
0.05664684145000001
0.061062496800000005
0.07027238915
0.07545238125
0.0814420405
0.165418018
0.8537979619999999
0.33220090350000003
0.35658900149999995
0.8771689420000002
0.7886187130000001
0.09801842400000002
0.07366027800000001
0.09824046825
0.798337553
0.8232525205000002
0.8227566269999999
0.7682384250000001
0.1016230295
0.07809369355000001
0.1015137652
0.8035541975
0.8611771915
0.23517739350000005
0.38168599300000006
0.8612196330000002
0.2158976055
0.11337320179999999
0.13806826400000002
0.1370326093
0.12153838150000001
0.6568759595
0.66641626
0.724790424
0.84443525
0.7582981280000001
0.7358321800000001
0.8580650540000001
0.237407115
0.11167177600000001
0.07821923450000001
0.05740302925000001
0.0651117794
0.15298585150000002
0.9011993300000001
0.8860264210000001
0.8745724930000002
0.141196115
0.059849374299999994
0.051376276850000006
0.063427275
0.11979643100000001
0.15452353000000005
0.7385617830000001
0.6958782174999999
0.6533935129999999
0.15654418380000001
0.181583397
0.13380387050000003
0.18827230250000002
0.8640053164999999
0.9108942785
0.9155159145
0.8969783
0.760357355
0.1266238295
0.09263245064999999
0.07959091885
0.082945635
0.103588551
0.110991627
0.133894331
0.18132172750000003
0.282350587
0.7484920420000001
0.6114192565000001
0.590603036
0.62040867
0.6587277085000001
0.77443421
0.645355325
0.65777513
0.7404894525000001
0.1880480085
0.1375832045
0.1261635473
0.15327892000000004
0.1746262175
0.31126984750000003
0.392090748
0.6476807899999999
0.649630302
0.7601987600000002
0.24092871750000006
0.1234268785
0.09817062100000001
0.10944783850000002
0.1594972385
0.2001054205
0.28423907750000005
0.656189611
0.6655768310000001
0.711225018
0.8211390030000001
0.7341880420000001
0.7956056725
0.264239971
0.1782857295
0.1128335717
0.0981854605
0.12093656125000002
0.1310722898
0.5996623685000001
0.6068770335
0.6239968144999999
0.7590167
0.6132678930000001
0.186128969
0.1659421315
0.5981996395000002
0.5878739570000001
0.15030077000000003
0.20441338950000001
0.1018559175
0.0838553058
0.1009178105
0.1013380247
0.1967202482
0.1606509005
0.7294456945000001
0.8406976180000001
0.17465861170000002
0.0906443437
0.08711880305000001
0.08396773175000001
0.1583217745
0.21392231750000001
0.761836866
0.8765016915000001
0.74882468
0.6934277120000001
0.68490247
0.11201482600000001
0.0882270916
0.07842834475000002
0.1447037435
0.126936517
0.2602890015
0.8158235725
0.6600596535000001
0.1069739857
0.0840109068
0.11264716750000002
0.19884156950000004
0.71728512
0.6889618270000001
0.134004545
0.152701361
0.148026991
0.12348786670000003
0.17650179249999998
0.6950550124999999
0.09652021405000001
0.07025006395000001
0.08813599075
0.8258322699999999
0.9034657779999999
0.8999919650000001
0.9190574290000001
0.8603179890000001
0.762438542
0.07866042915
0.07597138985
0.060971768200000005
0.08315323175
0.841630337
0.9006015970000001
0.9316006010000001
0.9069316425
0.84778734
0.07735369469999999
0.057988090900000004
0.07388344825000001
0.13555846500000002
0.8944580325000001
0.9061981045000002
0.09399799355000002
0.05370661735
0.052857490900000005
0.0749381025
0.1250702057
0.10710426685000002
0.10496381185
0.11336852425
0.7686827270000001
0.762098725
0.131412148
0.0795269211
0.07725338015000001
0.14454758025000003
0.8523315450000001
0.912717923
0.9217895415
0.9044447525000001
0.7737317
0.09280103890000001
0.08435217375000001
0.06760233750000001
0.0619721728
0.06290217565000002
0.08126810500000001
0.1574775087
0.2245776965
0.862908392
0.84842185
0.22905501300000003
0.22255750950000003
0.652721542
0.20086613120000002
0.2749296445
0.14272806970000002
0.14746553739999999
0.26372036750000005
0.324364914
0.6742203415000001
0.7109220485
0.8525769315
0.8628237770000001
0.8002502020000002
0.88469511
0.875092016
0.758030197
0.189715282
0.11478379629999999
0.08419084430000001
0.07131438524999999
0.09661582
0.12114042550000002
0.31453271150000006
0.7086513019999999
0.8078334825
0.6656331310000001
0.6375355625000001
0.294939189
0.278293874
0.272605431
0.301444738
0.16121379350000004
0.14734670600000002
0.19895629350000002
0.728405501
0.5763810275000001
0.3408953330000001
0.6254450189999999
0.6926957410000001
0.8559636375000002
0.8844489745000002
0.823474248
0.8541988600000001
0.406677746
0.140596671
0.122693073
0.13035884
0.20480657250000003
0.7033223584999999
0.846170125
0.8225294989999999
0.23380628800000003
0.2243703385
0.1995636325
0.27188886500000004
0.216410607
0.5617679889999999
0.32340462200000003
0.244013905
0.299374749
0.42016448300000003
0.7470421165000001
0.6431790820000001
0.625328181
0.650808166
0.6815570200000001
0.7794832385000001
0.676588981
0.207444402
0.20805816650000003
0.28384956
0.21892977800000002
0.26765802
0.1821150595
0.143807763
0.188172319
0.12490475650000002
0.134675553
0.3155992735
0.8797731255
0.8840511220000001
0.7890100130000001
0.871859265
0.8073950780000002
0.8640584805000001
0.14356432300000002
0.0769404889
0.07803962490000001
0.0756827295
0.07551743320000001
0.1696183495
0.801853819
0.343208379
0.893485479
0.9246576115000001
0.9320761545
0.9314252375000001
0.9235206875000002
0.887958902
0.314825992
0.838843842
0.1207342431
0.08326205575
0.121813471
0.12391347670000001
0.0997118468
0.1803922735
0.6372479050000001
0.121730427
0.11976750575
0.250243109
0.8930752430000002
0.9151398725
0.859558722
0.8267542859999999
0.24986251450000002
0.086667539
0.07121959324999999
0.08258908950000002
0.0798254865
0.0941738793
0.18108533400000001
0.6617399480000001
0.21817125850000002
0.29550659700000004
0.20417801900000002
0.171033987
0.21288286499999998
0.2452296505
0.7549111565
0.272904756
0.159920545
0.138149958
0.157713998
0.1508150915
0.1751802215
0.298748882
0.6145338220000001
0.3218012665
0.5080702645
0.7296674755000001
0.2329066475
0.1767756655
0.17165608
0.197450543
0.614789776
0.7392093230000002
0.8581640650000002
0.8696670445000001
0.8199416500000001
0.8682198140000001
0.8698144905
0.8175300400000001
0.2997123545
0.2369838985
0.5391531145
0.3051507945
0.1561313965
0.129039002
0.1385242915
0.176736002
0.690288508
0.8667276564999999
0.8849319550000001
0.8496104539999999
0.675671981
0.16032381250000002
0.1379906435
0.203458601
0.12361325150000001
0.1287572237
0.21877721400000003
0.12578440700000001
0.1262925815
0.18307463850000003
0.7996927540000002
0.695666137
0.3101005765
0.1118529943
0.07487824330000001
0.0704569226
0.06409582320000001
0.06600797820000001
0.0676047901
0.09746692165
0.1153717654
0.7919756515
0.8941797785
0.8203899000000001
0.793615875
0.736034333
0.08972735124999999
0.061048909500000005
0.0557034905
0.07016112515
0.157407343
0.8649009985
0.8773421150000001
0.738711027
0.1192538745
0.0908958027
0.087287448
0.11674564700000001
0.117197247
0.13304046700000002
0.105277752
0.0994871325
0.11143387800000003
0.1802618085
0.6789476605
0.7993610470000001
0.701661312
0.6911785129999999
0.75706355
0.3517522209999999
0.586840342
0.3023480615
0.716336569
0.27144736750000004
0.6383253040000001
0.14534424650000002
0.1262056
0.09039089550000001
0.0981534915
0.08377716769999999
0.1061567855
0.11475529450000001
0.108767283
0.08742885100000002
0.12212781700000001
0.8206830675000001
0.7350227585000001
0.7156804645
0.7824496725
0.8409442895000001
0.8879091725000001
0.877094552
0.88832854
0.8280634675000001
0.76416505
0.1332305418
0.0971813105
0.115741679
0.1550501455
0.8148277995000001
0.841462767
0.8529518199999999
0.8475623005
0.84222591
0.8722175919999999
0.2535445725
0.16107266900000003
0.1263966637
0.20002868249999997
0.7484684925
0.7535232335
0.8373467115
0.12453750430000002
0.08850879700000001
0.1104974275
0.7579835440000001
0.806939365
0.8430553545
0.8379716450000001
0.7921472315000001
0.73272873
0.11848676550000001
0.107977919
0.14639464800000002
0.8280324710000001
0.840434991
0.8407718755000001
0.8649485530000001
0.8971395270000001
0.9004600865
0.885503452
0.8256578545
0.8184281425000001
0.8216086049999999
0.8186749765000001
0.8222349730000001
0.819682008
0.8185313825
0.8084373170000001
0.7871973
0.745353299
0.7408240505
0.758275033
0.7517455025
0.7334725735
0.1475007525
0.12883498300000001
0.24031067500000003
0.21860556900000003
0.11650261380000002
0.11007587600000002
0.22432497549999997
0.1305846505
0.214605745
0.11866635850000003
0.11496394775
0.172959648
0.7781929150000002
0.32787286899999996
0.722277853
0.8026868730000001
0.1538334134
0.1048563774
0.09082964750000001
0.1272290552
0.3061521305
0.279783806
0.8483402135000001
0.8303157900000002
0.16726543600000005
0.1189209418
0.11373673840000001
0.16927357699999998
0.21466958600000002
0.729495453
0.26174806050000005
0.2846778075
0.297944709
0.3348263815
0.7728385390000001
0.7330411
0.696595048
0.738844183
0.8478816000000001
0.8873328300000002
0.8935167925
0.8843778775
0.8502708980000001
0.7266026045000001
0.6798424295000001
0.6242975500000001
0.245406948
0.2191259005
0.26224938600000003
0.5211923580000001
0.5088096305
0.254948487
0.20368040550000002
0.5050294995000001
0.15621901000000002
0.13754205700000002
0.17708705300000002
0.188218877
0.2904406545
0.794047606
0.6632228950000002
0.17003869150000003
0.1404728285
0.090647657
0.07837785275000002
0.0902972725
0.155013406
0.877629038
0.9148708900000002
0.91851447
0.8955048485000001
0.7519327250000001
0.647698376
0.608403961
0.639545792
0.6694042849999999
0.6913841129999999
0.711728399
0.7471161625000001
0.7835138790000001
0.8486346249999999
0.7580189300000001
0.113945109
0.0812651535
0.0824272951
0.1060756998
0.16984985800000002
0.10796104750000002
0.11187561350000001
0.11923059550000001
0.1571503495
0.61209774
0.290714106
0.2526221375
0.6005096030000001
0.28790322450000005
0.60117891
0.245121371
0.2888579645
0.16852624249999998
0.17139926100000002
0.574036857
0.18317074000000003
0.17319151700000002
0.5901354990000002
0.1891023095
0.1279177012
0.12304768620000003
0.162739153
0.1564072785
0.598818474
0.15977706249999998
0.15535281550000002
0.136563965
0.16834359775000002
0.17121761850000003
0.29748570950000003
0.765235556
0.591319342
0.2498483445
0.16748927475
0.19933384725
0.266662404
0.26491302800000005
0.8155635554999999
0.8155014275000001
0.6419259294999999
0.557254883
0.21234903700000002
0.46946640000000006
0.15325237950000004
0.19378427400000003
0.1575863665
0.136129408
0.17442603699999998
0.20423807749999998
0.829894507
0.84719524
0.7028731115000001
0.6825468699999999
0.772652
0.1468824105
0.095518458
0.08302009545
0.093103235
0.16386493150000003
0.8381854320000001
0.8535962290000001
0.325209203
0.18924260550000002
0.1225951993
0.12733644775
0.5780839440000001
0.275962091
0.8294201460000001
0.8361963670000001
0.15854360150000002
0.18252446350000004
0.127796938
0.11392579850000001
0.11178744430000002
0.10782413680000001
0.1161322128
0.7247932100000001
0.6956931825000001
0.11899458170000002
0.08338317325000001
0.1079903294
0.6857285950000002
0.09244523425000001
0.0627078822
0.05999509195000001
0.064321731
0.0685191285
0.119978709
0.880914922
0.8887065090000001
0.9015111490000001
0.913318913
0.891639931
0.8714076790000002
0.8530858605000001
0.834304854
0.8317932870000001
0.81534938
0.7812390619999999
0.08851899020000001
0.0713471423
0.10569242850000002
0.12428135550000002
0.8129707150000001
0.8081797374999999
0.14813963100000002
0.14274034200000002
0.7113333870000002
0.09797059
0.06850975430000002
0.094253016
0.08047907380000001
0.13841978700000002
0.17211421450000003
0.191024356
0.19955064250000001
0.15527707550000003
0.16595266550000004
0.824569452
0.10783791655000001
0.0693010676
0.08074859050000001
0.1429532885
0.17277402500000003
0.7070846479999999
0.7131226605
0.7419144440000002
0.7704572590000001
0.8361028939999999
0.23112698550000002
0.1153503515
0.0919896575
0.09905533170000001
0.17994426700000002
0.8544183515
0.899742974
0.9074637215
0.8930165145
0.8233199400000001
0.7685144264999999
0.7572886045
0.8004966075000001
0.233933281
0.2628869735
0.168342511
0.233385413
0.19692026149999997
0.173208628
0.5468415325000001
0.275840824
0.7285244199999998
0.8444587415
0.8279376249999999
0.2769295715000001
0.263255196
0.6396272220000001
0.6363606965
0.6729568220000001
0.6828904205
0.6450484660000001
0.6443282075
0.6318078465
0.21309241350000002
0.209467183
0.6390656875
0.6533405120000001
0.6599545880000001
0.6450323535
0.203491147
0.22560126350000004
0.25467974250000003
0.16251245600000003
0.192928537
0.20686490400000004
0.199210495
0.3695692725
0.756101047
0.290375213
0.3448035420000001
0.850762244
0.8946804660000001
0.8821160425000001
0.7753193870000001
0.6930121400000001
0.22068818199999998
0.21310742600000002
0.6040618805
0.6445393994999999
0.7785715465
0.6596640579999999
0.2936968515
0.401278774
0.30871156349999995
0.707773995
0.8135568435
0.686126963
0.23248100550000003
0.320538326
0.178238182
0.17148533
0.33153035900000005
0.6275805010000001
0.148745956
0.10066549020000001
0.11014914299999998
0.10915040300000001
0.168504339
0.1830869625
0.5954364805
0.271072439
0.611376813
0.3018080355
0.4390803100000001
0.6002651670000001
0.232430341
0.23451059600000002
0.204563844
0.5818916215000001
0.6059980745
0.6152974295000001
0.6118153925
0.6390324000000001
0.6999705085000001
0.7582837800000001
0.8280604170000001
0.716583517
0.19834805400000002
0.1682441285
0.2588924395
0.211204887
0.3110446735
0.7477190380000001
0.32668182199999996
0.478061002
0.6622169729999999
0.780663828
0.38485952849999994
0.200804281
0.21131373
0.6133363835
0.6877169405000001
0.823046271
0.7442521895
0.7139210985
0.1631458085
0.116500825
0.11310411100000001
0.1282802355
0.21290148800000003
0.6103371105000002
0.21265890150000002
0.211032522
0.6592431110000001
0.7769266385
0.6774653680000001
0.680360092
0.7170165315
0.724984131
0.711464191
0.7110015780000001
0.167192059
0.123278787
0.11822715950000001
0.132844261
0.263901869
0.1274646648
0.1000304405
0.11187746050000003
0.133757283
0.220190038
0.6347196275
0.5696988900000001
0.22863347900000003
0.25758644900000005
0.7101958450000001
0.823833508
0.7829256445
0.7798753210000001
0.8162933690000002
0.7128991305000001
0.6891510535
0.7649934105000001
0.2321127005
0.2776407945
0.16107829550000002
0.1678652915
0.7746156925000001
0.8571407075
0.7985808010000001
0.7270311374999999
0.6869172535
0.6832032195000001
0.6614937065000001
0.659117406
0.652088725
0.14121948850000002
0.11234050050000001
0.16168185050000003
0.19029681399999998
0.686389468
0.688518962
0.684646356
0.686323416
0.17023587399999998
0.1111731205
0.1072615655
0.1421369485
0.141998597
0.15920712550000002
0.699405437
0.8079014285000001
0.42828948099999997
0.1877564325
0.163817236
0.2225730235
0.2701060145
0.7761291200000002
0.637523854
0.21284414550000003
0.20143763650000002
0.32401044650000005
0.571733363
0.568757653
0.5947762384999999
0.37448415850000005
0.24403193350000002
0.32524465849999995
0.21613451200000003
0.5355004990000001
0.18155272599999997
0.18596513650000002
0.1933430565
0.291048175
0.2549366745
0.706692228
0.8070031980000001
0.7418696350000001
0.7232987670000001
0.7167007105000001
0.6856966514999999
0.11977297950000002
0.08444760999999999
0.0809326715
0.06460475485
0.05860997210000001
0.0694513524
0.1178602695
0.8854729675000002
0.8933565800000001
0.9127488435000002
0.8860163255000001
0.875718322
0.8873319570000001
0.9076698315000001
0.9021720065
0.9088322070000001
0.878093088
0.09376745850000001
0.06085908260000001
0.0751619179
0.10688637900000002
0.1837564855
0.1824221215
0.221766502
0.7059289630000001
0.8347639270000001
0.8177080365000001
0.879909687
0.8863601170000001
0.864857985
0.7899832800000001
0.8546343455000001
0.8215205835
0.165509514
0.1284157563
0.1391184205
0.14311207
0.19146425150000002
0.5952412020000001
0.23204992400000002
0.213658695
0.163568536
0.18566559550000003
0.41023560000000003
0.6974947745
0.7830264870000001
0.2035397525
0.160588113
0.215570607
0.4497504775
0.8036655860000002
0.26770613449999997
0.14632987849999998
0.107537576
0.0930950615
0.126494043
0.1357485505
0.1673941115
0.3026183190000001
0.4074747090000001
0.8379456020000001
0.909159605
0.924297125
0.900740014
