0.27981846250000003
0.14042110545000003
0.13440417754999998
0.11020033030000002
0.13390302350000002
0.784239168
0.892591895
0.8066518055000002
0.7687681665
0.14994746245
0.0776781308
0.06836667950000003
0.0790736586
0.1759432925
0.6334846060000001
0.24426428400000003
0.672823788
0.7734942275
0.23436335700000002
0.18090760549999998
0.13480296320000001
0.16403500875000002
0.5582478725
0.575135425
0.20501481700000002
0.36279774900000006
0.8092388610000001
0.13602288275
0.0862975978
0.08082758409999999
0.12195132409999998
0.1686329453
0.73787444
0.7382205445000002
0.13828720070000003
0.06483211950000001
0.05173938995
0.05525368570000001
0.07511403925
0.09915664369999999
0.7971565330000001
0.775476603
0.772762761
0.7528380590000001
0.7493064135
0.1003787842
0.06522484310000001
0.05726363165000001
0.07908063645
0.68237198
0.13899207785000003
0.235348314
0.9048149664999999
0.9096358475000001
0.157168793
0.09885712175000001
0.18435929950000002
0.7831113175000001
0.09396573705
0.06916191695
0.09108150660000001
0.86094683
0.9067787490000001
0.9002696295000001
0.847560313
0.08502623629999999
0.06749512519999999
0.09312738845000001
0.8157472600000001
0.8305608740000001
0.14721694300000002
0.1146140008
0.280146384
0.9030002300000001
0.8814318630000001
0.215355745
0.14070981750000003
0.7383686
0.1015657277
0.0664555514
0.07852105365
0.25634094300000004
0.904754622
0.8548174550000001
0.10841800435
0.11440916245
0.05562449690000001
0.051180928725
0.05969667865
0.12535268675
0.17114132499999998
0.17096255300000004
0.1289863984
0.678840323
0.13134026745000002
0.13546829420000003
0.6737983
0.24476253290000002
0.24004050750000003
0.8054637280000002
0.37219794700000003
0.21946532170000002
0.313722879
0.3895908045
0.7472486269999999
0.826489491
0.6048260585
0.872428195
0.8851643700000001
0.8783970720000001
0.8869268360000001
0.8959082804999999
0.9134376575
0.888867541
