0.41009211900000003
0.2399345395
0.23956067300000003
0.243946431
0.25102590450000006
0.25101105800000006
0.74234819
0.40719193500000006
0.24857911650000003
0.26961935000000004
0.7816034870000002
0.7835678880000001
0.36648263700000006
0.5350120150000001
0.19303312500000003
0.263001833
0.259938294
0.173656957
0.192843921
0.1977421725
0.229512549
0.15574740700000003
0.178956571
0.34167601
0.8110834330000001
0.6713286580000001
0.18155292150000002
0.19924094650000002
0.10217739749999999
0.0910843425
0.10305866000000001
0.5560460275000001
0.1306703135
0.129630209
0.17178060450000002
0.828539015
0.7986356824999999
0.8369176150000001
0.910603206
0.9002814495
0.210666143
0.10961981400000001
0.13921002950000003
0.744729184
0.17843850749999998
0.0961466343
0.0815235278
0.1157002045
0.6925277125
0.09342347165
0.0695763435
0.061530024100000004
0.06260077470000001
0.1025961278
0.84347035
0.8629382750000001
0.8609857315
0.8169108680000001
0.0859690781
0.07005872680000001
0.0612478105
0.0650614243
0.11748048900000001
0.6630010435
0.092946727
0.08165322710000002
0.10016550099999999
0.2018368305
0.8903862145
0.8957425970000001
0.706024479
0.1323808625
0.11157768700000001
0.162997472
0.562165952
0.623547795
0.6533866965000001
0.706621584
0.8487170795
0.8348488660000001
0.32902196749999996
0.3785560725
0.3205003715
0.7428843880000001
0.635432955
0.5826973910000001
0.5451420210000001
0.5268882065
0.16318675149999998
0.12402139520000002
0.12582567220000002
0.140540134
0.630129057
0.2793663075
0.14136551600000002
0.11053096860000002
0.12198921650000001
0.16321109949999998
0.795665985
0.692937339
0.6745397525000001
0.6929686675000001
0.82250129
0.8049012900000001
0.49479682850000006
0.1525573195
0.15532175725000003
0.15344943370000003
0.5862027575000001
0.6092255885
0.38570460800000006
0.8530212390000002
0.8745739810000002
0.7424315820000001
0.669236595
0.26981650250000005
0.6456465735000001
0.6526846000000001
0.11663201850000002
0.0829966205
0.0697926747
0.07999506149999999
0.11326530950000001
0.220911083
0.8783310520000001
0.891604995
0.3234960269999999
0.1639046535
0.1489159065
0.07696759225000001
0.0730697775
0.1195014283
0.8418199294999998
0.6858455545000001
0.1390778442
0.1530110187
0.8144679410000001
0.15598686400000003
0.19170008750000003
0.2226519365
0.7290010840000001
0.0844708082
0.052496294250000006
0.048174139600000006
0.053567012350000005
0.0785112384
0.8568416160000001
0.8821932840000001
0.9085662885
0.947151875
0.950179553
0.9463324280000001
0.924464185
0.0754801482
0.05757424875
0.04413508192500001
0.048540582400000004
0.07588621729999999
0.6881576334999999
0.10230886515000001
0.081798795
0.0948304826
0.7770814300000001
0.88191914
0.8146632279999999
0.887701285
0.7858432069999999
0.847889861
0.1023825383
0.08270716510000001
0.14270594975
0.18467573850000002
0.8933120600000001
0.9317596585000001
0.9436650455000001
0.9324678670000001
0.24954510399999996
0.07760140165
0.04979924535000001
0.04879028705
0.06503261280000001
0.14439660675000002
0.8746730644999999
0.751042271
0.0857506482
0.06553751834999999
0.07357796215000001
0.127789648
0.24900953500000003
0.2460647705
0.7052647830000001
0.33814113700000004
0.198783382
0.26426404700000006
0.8539490775000003
0.8915139150000001
0.864129545
0.7230528525
0.7225371820000001
0.814717832
0.734794314
0.7089131005
0.6884031900000002
0.6604162090000001
0.12502522530000001
0.09100933215000001
0.1047126353
0.1096843964
0.18459464
0.5990196675
0.147827537
0.1193886423
0.14304162675
0.1812223445
0.6848318915
0.792857982
0.4993438495
0.27745628450000004
0.20774628075
0.239230605
0.805677121
0.7696098750000001
0.8848660305000001
0.8769123700000001
0.1307860088
0.0958917824
0.07539886675
0.0566174282
0.05085563975
0.049180663150000005
0.05081884987500001
0.06284305555
0.13155458230000003
0.9234980230000001
0.939948483
0.855191009
0.07967163625
0.04736213935
0.0462965437
0.04975967665
0.054332184500000005
0.07336037009999999
0.08894888960000001
0.16190040969999997
0.17793974350000002
0.7076732185
0.8014205280000001
0.16846009199999998
0.1441337003
0.20522880050000003
0.14344315900000001
0.1096048483
0.09850160350000002
0.09174249955
0.15188880000000002
0.27321833700000003
0.642129667
0.6420306295
0.660231295
0.8006881380000002
0.28688877200000007
0.19174153900000002
0.1218584422
0.0974093145
0.13992617250000003
0.6246659280000001
0.16556757
0.11862628750000001
0.122835861
0.106547116
0.0984217478
0.11165833150000001
0.10785356900000001
0.1431301585
0.1456475335
0.1648180468
0.26368039800000004
0.25081279850000004
0.1499907398
0.135531241
0.16658416400000003
0.569124082
0.6186380029999999
0.758338983
0.644169856
0.7574340795000001
0.249687726
0.300106551
0.19363168599999997
0.128035334
0.113958693
0.1319739165
0.12825901150000002
0.178653783
0.21045898700000001
0.23669517450000002
0.3006000085
0.2286663435
0.18800693400000001
0.124404363
0.11362944670000001
0.1398066595
0.1102701715
0.0994462218
0.11229362600000001
0.11638173
0.136379051
0.18539940400000002
0.276458156
0.2340602185
0.5746635005
0.17915810000000001
0.1735257805
0.5762993615
0.15567348900000003
0.127354257
0.13590569700000002
0.12639113300000002
0.1361180855
0.17637219150000003
0.24179666600000002
0.14060249500000002
0.152143257
0.5606133790000001
0.18242238649999998
0.208270053
0.26938890400000004
0.194691739
0.28346528049999997
0.5172376460000001
0.1615564505
0.1572485355
0.1431686627
0.176037276
0.7479793055000001
0.6140350920000001
0.6438209930000001
0.7830400575
0.635518247
0.6286020595
0.747863534
0.191636172
0.15547023950000002
0.111405501
0.11253743899999999
0.12243672800000002
0.1025274575
0.106499479
0.11683242600000002
0.1838223755
0.231826643
0.8059705145
0.7920626290000001
0.5308938
0.21609447850000002
0.18064027350000003
0.42617318400000004
0.203930956
0.3199971745
0.37609459750000007
0.45082010150000007
0.7735482175000001
0.4030148860000001
0.7534114820000001
0.6000614569999999
0.24799677200000003
0.22376459050000003
0.43475812
0.15024715449999998
0.1505803015
0.2197692625
0.7707407314999999
0.623940385
0.170405099
0.147897612
0.198870659
0.6653049775000001
0.809239722
0.1396898855
0.085026893
0.08021843050000001
0.10009305680000001
0.10019856199999999
0.07624190900000001
0.07238338635
0.0796982725
0.0694919665
0.0713965745
0.06125891600000001
0.06996396405000001
0.132923219
0.850461585
0.8980648525
0.8688951270000002
0.8821319020000002
0.919953383
0.9000425350000001
0.07399524610000001
0.04819158960000001
0.049249761
0.0679755836
0.11783046045
0.7893866675000001
0.202361546
0.4914166605
0.9151517100000001
0.92463507
0.9050203025000001
0.88550859
0.09548894570000001
0.058201929
0.07031897615
0.0655336822
0.049782802650000006
0.05273619335000001
0.0897628406
0.897986131
0.9200689930000001
0.8971172515000001
0.9273812275
0.9059061165000001
0.09499550920000001
0.06845849855000001
0.1016062455
0.7388456325
0.194932505
0.09345456700000002
0.06134711025
0.0582135282
0.07302805770000001
0.20478678250000004
0.8004874040000001
0.771430749
0.7305132600000002
0.10732097750000001
0.07151806995000001
0.08039344400000001
0.1292536245
0.7935925225
0.695659945
0.7121569875000001
0.807987019
0.1232618788
0.08308326249999999
0.079614453
0.09193845650000002
0.1572414015
0.13048035500000002
0.117947014
0.1941945485
0.7381467100000001
0.681115029
0.2245645725
0.4136587775000001
0.8667668335000001
0.814599702
0.734591481
0.0880461095
0.06781404135
0.05908742765000001
0.07297011789999999
0.2861964759999999
0.8891185245000001
0.8791616525000001
0.8952728645000001
0.9105456919999999
0.8734540235
0.8240278400000001
0.0792242575
0.0521888894
0.05307215190000001
0.0759054078
0.0723420306
0.089153867
0.11399660300000002
0.7416155665
0.715831743
0.15710551550000001
0.110811584
0.1532420815
0.154196519
0.17404790750000004
0.8040049539999999
0.7301849315
0.7661467635000001
0.865878146
0.7601759865
0.1033658215
0.06661357960000001
0.05897286315
0.0691769839
0.12890748070000002
0.14164879
0.12330091800000001
0.8468769735000001
0.901471198
0.897928421
0.91985973
0.9202810645
0.9020021759999999
0.847695831
0.8017163734999999
0.7663450820000001
0.777693842
0.7987615665000002
0.8448038110000001
0.9073721105000001
0.916048375
0.8784596250000001
0.14867720100000004
0.143894843
0.150885435
0.13520375550000002
0.6140436420000002
0.1304260925
0.10616496750000001
0.129760405
0.6273238605
0.6032993265000001
0.585059139
0.5697110460000001
0.21353662850000002
0.23452034600000002
0.7227895045
0.8487407275
0.7997825095000001
0.7590615500000001
0.7349282530000001
0.7047114410000002
0.202710785
0.19711327299999998
0.60627238
0.16630711200000003
0.13916709600000002
0.19996629200000005
0.5814439770000001
0.24388098750000003
0.380061689
0.6349854734999999
0.5853703729999999
0.23468889050000002
0.597551422
0.26190166400000003
0.262015926
0.245125099
0.216694765
0.60024029
0.1381247475
0.1363037365
0.13318508099999998
0.261353419
0.15568359200000004
0.143809501
0.2367145485
0.785391102
0.41111209500000007
0.19827724149999998
0.207477919
0.295179503
0.284861316
0.634035221
0.6858308110000002
0.7842965940000001
0.6842070820000001
0.6875695235
0.7428996085000001
0.8797901500000002
0.9006255850000001
0.86947379
0.730223393
0.1217030055
0.08303998899999998
0.09382759049999999
0.0890595042
0.12861233030000002
0.1402454132
0.15826566649999999
0.1745938015
0.220388065
0.8289255805
0.81007134
0.210665746
0.17818143
0.212454842
0.3039628645
0.1924833265
0.1245579883
0.115076491
0.1137766445
0.21072135900000002
0.7070004930000001
0.8306417129999999
0.8056194585
0.27734261899999996
0.32111697050000004
0.6073505260000001
0.4200108335
0.39368204100000004
0.7073807855
0.39846839300000003
0.16076667
0.1581331662
0.1274927693
0.09388614650000002
0.10258102000000001
0.08297121985
0.0798477897
0.10893040390000001
0.6592515509999999
0.109233584
0.097857451
0.11017605900000002
0.16512277250000001
0.87235262
0.9141012225
0.8469567520000001
0.1535375145
0.1813919225
0.1587087365
0.118204557
0.6539275430000001
0.1028766595
0.08177545850000001
0.08953239975
0.13934949219999998
0.134855569
0.708482313
0.708365908
0.7192591425
0.7039794365
0.130055366
0.1739302385
0.09326615170000001
0.11217870650000002
0.06378969949999999
0.0612642382
0.070101942
0.10566635799999999
0.0696068074
0.10983438150000001
0.8958811289999999
0.9274684990000001
0.8753287710000002
0.08865085000000002
0.07484883049999999
0.09777615639999998
0.30904613250000007
0.872594818
0.13061453850000004
0.0647291757
0.0557246366
0.05804418615
0.0781856405
0.14428483700000003
0.846750837
0.7532320495
0.8735550835000001
0.7169277350000001
0.0932082632
0.063120093
0.05857021825000001
0.06998795605000001
0.1709995255
0.8704625645
0.8394165520000001
0.815742402
0.8469640135000001
0.9028731100000001
0.9049996570000001
0.8655174830000001
0.8559140235
0.8826041950000001
0.821534428
0.7408860540000002
0.08539136050000001
0.07452767899999999
0.08746519
0.110285269
0.1218722455
0.6772522240000001
0.63168035
0.6059867145000001
0.599217299
0.61594549
0.6142585365
0.6227508500000001
0.1910810255
0.17104939700000002
0.6617681980000001
0.322128524
0.142029457
0.093105799
0.110847721
0.12232297100000002
0.16198801950000002
0.22486491850000004
0.4166717765
0.40318101049999994
0.23553427550000003
0.33645198200000004
0.1160287768
0.09306299890000001
0.11350821700000001
0.1348590965
0.166714034
0.6019960955
0.580164235
0.182535397
0.29081303599999997
0.2530175765
0.15359023700000002
0.22745012650000002
0.18171793749999998
0.0840050346
0.07115606895000001
0.1045952382
0.79442765
0.820614215
0.8453877555000002
0.8904536670000001
0.9303275555
0.9345414980000001
0.915678343
0.79877104
0.0850035125
0.06617422935
0.07946827865
0.20527386250000001
0.8497035140000001
0.7671062405000001
0.717854705
0.19398032249999997
0.12369994050000002
0.1540214715
0.1607897425
0.136625565
0.1410461755
0.11612235850000002
0.1299698535
0.6541066125
0.6589144135
0.6634420925000001
0.6364397104999999
0.6217123925
0.603137248
0.219613122
0.22051515449999998
0.422634026
0.8068712790000001
0.7442823470000001
0.846031792
0.819182985
0.8519553850000001
0.7670344850000002
0.6956926775000001
0.6694200315000001
0.305934382
0.15120726450000002
0.14511467870000003
0.22321957200000006
0.6322901100000001
0.22657078049999999
0.1503324655
0.18021054500000003
0.13918825750000002
0.11389448700000002
0.09878094529999999
0.12660051700000002
0.14606275900000004
0.63090919
0.140629012
0.1328082895
0.11929477800000002
0.15448395000000004
0.6211618765000001
0.1275443115
0.127434071
0.140997078
0.140219538
0.6361815255000001
0.21051579250000005
0.17275281
0.717908334
0.7785803100000002
0.8514563450000001
0.9134210695000002
0.8883938075
0.300731988
0.451363774
0.7024052209999999
0.19112804800000002
0.25799742600000003
0.126079909
0.138883449
0.581250774
0.116733479
0.09284558
0.0960630565
0.13155344200000002
0.706574645
0.71958571
0.7431200195000001
0.7353128250000001
0.745787341
0.821159779
0.153686027
0.11106323700000001
0.13473932300000002
0.10540646979999999
0.088659708
0.11507983070000001
0.13318094619999998
0.1152748893
0.15491529350000002
0.16112188000000002
0.22035169100000002
0.7592383385000001
0.297008
0.228730983
0.2738765705
0.182922885
0.20396252600000003
0.2152612235
0.2148885225
0.634220682
0.6545974645
0.8280975140000002
0.80983831
0.6270230470000001
0.22711586850000004
0.2123105415
0.2723761635
0.666903882
0.2406064645
0.22643914450000002
0.29206326750000006
0.5022294250000001
0.791675915
0.4772687175000001
0.7963465115
0.20742379149999998
0.158651212
0.231924559
0.14643922300000004
0.09799697500000001
0.08579978400000002
0.10475631400000002
0.6060778490000001
0.11872099629999999
0.1150185321
0.237635108
0.773044185
0.7682139650000002
0.7498695615000001
0.7116550935
0.7253090670000001
0.7347536275000001
0.7068428085
0.0931198353
0.0676214455
0.07697567150000001
0.1688781545
0.801642519
0.287070959
0.21093210650000002
0.15170636399999998
0.751250854
0.7940888295
0.8255657515
0.88758461
0.8671423730000001
0.8370522085000001
0.800608703
0.780729
0.718663672
0.1174849375
0.1422371755
0.21737485650000005
0.83621831
0.1608881005
0.08011741200000001
0.07253436754999999
0.0949146855
0.7871155235
0.8760062375000001
0.84555692
0.829621018
0.8263496305000001
0.813510543
0.7970937170000001
0.7791012375000002
0.760053855
0.352950095
0.2951095585
0.7670647200000001
0.26485645150000003
0.617776595
0.13519041199999998
0.11911915749999999
0.137127861
0.23620649450000003
0.332488414
0.7980792775000001
0.721133334
0.7257229580000001
0.8480224485
0.8585165735000001
0.7680782960000001
0.725474905
0.8112735815000001
0.138795404
0.106765076
0.13814686899999998
0.08044187070000001
0.07563207799999999
0.11523394830000001
0.716763439
0.71777597
0.702157599
0.0873167958
0.0681084561
0.07921625500000001
0.143771589
0.161051186
0.13000351400000001
0.8484857195000001
0.8563358600000001
0.870410944
0.840332894
0.08959517549999998
0.064266771
0.058199675900000004
0.055566418500000006
0.0628679299
0.1237976959
0.8484525549999999
0.7672947130000001
0.832338683
0.155431878
0.13336774510000002
0.21330783550000001
0.7838802994999999
0.21894941150000002
0.135160922
0.1480171255
0.551835147
0.6371067720000001
0.767126799
0.6314040830000001
0.1688957625
0.15564584699999998
0.24838431850000003
0.261127392
0.892799365
0.925635204
0.9059430470000001
0.733124258
0.10587553160000002
0.10149515565
0.09016987740000001
0.1168281897
0.6455425530000001
0.714253556
0.8743946480000001
0.889160609
0.403319975
0.16242639050000002
0.10419895155
0.138398014
0.07671276475000001
0.0750925872
0.0685807841
0.07671453580000001
0.10383840375000002
0.7222692475000001
0.10370038600000002
0.07136415825
0.09669480614999999
0.0740597137
0.131060693
0.9002718300000001
0.9276351710000001
0.914660243
0.932306745
0.921385423
0.876019328
0.8640614900000002
0.869200953
0.1312934275
0.13430617150000002
0.7096363015
0.1286191408
0.097281813
0.1788918185
0.711491464
0.12202688869999999
0.1412858535
0.1325904845
0.741798496
0.7455353395
0.19364814430000002
0.09792813200000001
0.0947312548
0.10235089420000001
0.1620175805
0.1390194885
0.12938106275
0.175272082
0.7919975180000002
0.6795931980000001
0.601012769
0.29187210999999996
0.563503694
0.32118395150000006
0.37177550700000006
0.268610726
0.2917222405
0.7200333575
0.6297792255000001
0.6373972225000002
0.7495310985000001
0.2432573145
0.21866698450000005
0.3607439635
0.645779432
0.1548748778
0.113523892
0.1144793003
0.21252812899999998
0.139650771
0.09228053000000003
0.07828601515
0.0755145269
0.09620026740000001
0.08287821665000002
0.1051271615
0.7112847815000001
0.7205335115000001
0.7302944990000001
0.757819925
0.8694925720000001
0.7672674705
0.7325119509999999
0.739829105
0.838311878
0.110808671
0.08176219009999999
0.11355010580000001
0.09433467855000002
0.12436579040000001
0.8079062650000001
0.708182017
0.38621039
0.366077513
0.71526164
0.08457474755000001
0.05644408980000001
0.055199457150000006
0.0568162609
0.06019165880000001
0.06057927515000001
0.0607691207
0.0922384654
0.8687079679999999
0.936421417
0.941623528
0.9122919850000001
0.1077039379
0.0787386975
0.09332487399999999
0.8086800580000001
0.8616127245
0.905012185
0.935834295
0.929973745
0.8452126369999999
0.126022101
0.15897632050000002
0.1620525075
0.8891525855000001
0.9140076950000001
0.7951753660000002
0.11228430130000001
0.11065843485
0.6669453375000001
0.6655120330000002
0.0864035058
0.06782773745
0.08336682849999999
0.4369546295000001
0.9248283325000001
0.9376055200000001
0.8916003815
0.10456295150000003
0.059716320200000006
0.059149773950000005
0.11044357020000001
0.9053266015
0.9404992265000001
0.9360293485
0.8586677100000001
0.13124174199999997
0.059046857900000006
0.0466809571
0.05077174560000001
0.07084548545
0.1273227295
0.822415581
0.40580002900000006
0.46605301550000006
0.8476298720000001
0.7058598380000001
0.1331922901
0.12770807945
0.09845733545
0.14052567670000002
0.8895170705000001
0.9069048850000001
0.9309006825000001
0.8779857535000001
0.8194527345
0.0953344832
0.08108129500000001
0.1470410538
0.08238576420000002
0.08825360965000001
0.2196373215
0.1772499485
0.171590028
0.10840733775000003
0.10077836470000003
0.13024224970000003
0.11982666600000001
0.13549854
0.6499007700000001
0.30738670500000004
0.4206545575000001
0.34120765350000004
0.2172550505
0.21884234900000002
0.4541264595000001
0.7913424769999999
0.68600563
0.686325745
0.745537013
0.8007398360000001
0.85947991
0.8648467725000001
0.8757750290000001
0.9104676854999999
0.9111890960000001
0.8703297000000001
