0.5627553265
0.5445973600000001
0.220491316
0.18587923850000002
0.2460468625
0.592480907
0.6596244579999999
0.7956302925000002
0.549560463
0.35247437000000004
0.46559587050000006
0.824132792
0.8178511700000001
0.5761094520000001
0.13781811900000002
0.1365989287
0.112727183
0.11585525800000003
0.1518432795
0.19041681849999997
0.618572193
0.6165675615
0.5910749385
0.1362529277
0.12468281050000002
0.1173890725
0.1198872145
0.689521752
0.704203693
0.7396952225000002
0.84701864
0.1316984545
0.0714743738
0.061996299100000006
0.0819237882
0.853432943
0.930965972
0.9407075480000001
0.9159801855
0.09728518575
0.07039822444999999
0.0719526055
0.14479727050000002
0.6551584315000001
0.628659844
0.6009819875000001
0.18145796050000004
0.25020711500000004
0.28427525200000003
0.29336750850000004
0.8526332620000001
0.8860207625
0.8656947155
0.7746133325
0.866571912
0.892222387
0.8907475310000001
0.8483165925000001
0.6810453445000001
0.5652891565000001
0.19714368300000001
0.21389284900000002
0.216509446
0.20420374200000002
0.172578816
0.267313766
0.127545297
0.111045422
0.11420333450000002
0.1236912685
0.17833093849999998
0.5980445695
0.5779505
0.18395541150000003
0.206612572
0.264293638
0.149482924
0.155836256
0.22855628
0.12104370199999999
0.1184165245
0.128748043
0.12110985100000003
0.1408200617
0.2354739255
0.189385523
0.176666368
0.6197912015
0.588568783
0.591698598
0.5857354125
0.58981814
0.6215300389999999
0.762579608
0.692297775
0.830377846
0.8346000020000001
0.348964005
0.1579030015
0.14410044199999997
0.5880157530000001
0.13289607750000001
0.14347914150000002
0.214743151
0.168860275
0.07189177649999999
0.058766357400000004
0.06718897265
0.1197700125
0.1415061651
0.12417234270000002
0.8207091260000001
0.9040385350000001
0.2904243
0.17350207
0.10233610700000001
0.055553186000000004
0.05312931640000001
0.0640370891
0.05193048355
0.05146708985000001
0.07748613995
0.0920471305
0.8810587565000001
0.9217694885
0.9496309975
0.9435698625
0.8558223610000001
0.06213893185
0.0453014569
0.04248492295
0.047951875000000005
0.0823955191
0.8363912789999999
0.9172447185
0.9301190465
0.9168954175000001
0.8505974895000001
0.872701153
0.7714743665
0.7941729710000001
0.8930221
0.892287152
0.812948645
0.796197805
0.8450496085
0.8878858490000001
0.9146055365
0.8821346069999999
0.8794761
0.09545791749999999
0.066315559
0.09177007275
0.119295128
0.16615161359999997
0.746081
0.8415412985000001
0.14840519749999997
0.1532807745
0.13966805499999999
0.11946402650000001
0.08814573999999999
0.0918633565
0.14350407250000002
0.185258872
0.2660094755
0.22241468
0.7433936250000001
0.2417750215
0.2659969545
0.28713122799999996
0.594018427
0.5893597515000001
0.5095017755
0.21057002400000002
0.1543230485
0.16839996300000004
0.6123424045
0.6537068500000001
0.41941741650000003
0.37843734450000005
0.2483367145
0.1127385335
0.0752269294
0.06412828065000001
0.06776653175000001
0.10540406175
0.8137191805
0.876952009
0.150759019
0.0768393082
0.07813312750000001
0.16523309
0.260678046
0.897549465
0.8968230815
0.8726655200000001
0.848839361
0.7802136665
0.08075844899999998
0.059418844500000005
0.060502074100000004
0.08643811469999998
0.21748603
0.8705894319999999
0.7450195885000002
0.11343790000000001
0.0871197943
0.0772777756
0.09583405025000001
0.5817486880000001
0.1394003167
0.13050641400000002
0.209173734
0.7043547440000001
0.7335858060000001
0.8742889899999999
0.857502439
0.170540568
0.1721474785
0.5518202750000001
0.16047984599999998
0.25779921000000006
0.7081325009999999
0.28804196099999996
0.7991659770000001
0.125567452
0.09183882600000001
0.1276137506
0.8507679610000001
0.847076942
0.8105072714999999
0.7944785735
0.806316828
0.7543940450000001
0.10012517750000001
0.0743442487
0.0951854942
0.6272515105
0.1219650343
0.1146453515
0.14830055050000002
0.686676924
0.2989278175
0.29295501949999997
0.88153322
0.9119755429999999
0.8814346295
0.256938656
0.15856480850000002
0.1705486995
0.5238155200000001
0.587755057
0.688118069
0.8575407565000001
0.8946180165000002
0.8723199214999999
0.7651748375
0.7338317340000001
0.756822235
0.8559288635000001
0.860238755
0.7515792349999999
0.6837379575
0.32305755799999997
0.226461622
0.117721546
0.11948906075
0.5732717145
0.1443722125
0.2063526035
0.1736911
0.845129507
0.9115296230000002
0.8249733475000001
0.7586283720000001
0.08187657274999999
0.061337550500000004
0.061440553700000004
0.06211486149999999
0.07766814725
0.0941256605
0.10582448550000002
0.0976455107
0.0928810728
0.15231680730000002
0.12422292300000001
0.69191019
0.6665553649999999
0.11291045250000001
0.07716580995000001
0.09394008599999999
0.1568579505
0.898104053
0.92566168
0.912993905
0.9340529770000001
0.932114286
0.9111645150000001
0.751079885
0.07384857825
0.0747704703
0.10384835199999998
0.279170033
0.887210915
0.875219743
0.1458044993
0.127780786
0.11625004825000002
0.131382488
0.600630306
0.7170771214999999
0.8752692
0.9046378325000001
0.9016736985
0.8680741895000001
0.7556746650000001
0.76771236
0.84414437
0.750638257
0.677596673
0.103084596
0.07494904244999999
0.0858171153
0.131961418
0.09620825350000001
0.15588432449999998
0.8348214925
0.6582431780000001
0.1569266485
0.24282674350000005
0.694266002
0.698293587
0.7501830405000001
0.837162403
0.915679291
0.9283239215000002
0.9180217685000001
0.8717079355
0.875991029
0.7559706105
0.145189895
0.14045845
0.588013967
0.09379111275000002
0.09657060150000002
0.1023302735
0.0898539975
0.11622820270000002
0.164888694
0.6067418255000001
0.17586383049999998
0.19883300950000005
0.223269499
0.2634273505
0.6042560969999999
0.190575471
0.169520316
0.25336924050000004
0.14539941400000003
0.1579127225
0.1542057985
0.24951394000000002
0.174189102
0.6244375470000001
0.1349488405
0.10198366430000001
0.1180969905
0.648121905
0.6396394540000001
0.631878459
0.6390286040000001
0.307902292
0.27080603950000004
0.1910051785
0.7564084540000001
0.825711869
0.8741038000000001
0.8547363060000002
0.8616798820000001
0.9045946069999999
0.9083120899999999
0.893906607
0.8631600340000001
0.8781348224999999
0.8377532440000001
0.831405245
0.8725167229999999
0.8337432115
0.810783063
0.8479319799999999
0.7224673320000001
0.6438695640000001
0.20430793650000004
0.280785588
0.4199768300000001
0.855747868
0.7727675035
0.7412701545
0.114539328
0.0853476825
0.074862501
0.0868313745
0.13202089865
0.1385092075
0.3133690395
0.14840360149999998
0.18382962750000004
0.343820379
0.20480272300000002
0.13125386030000002
0.1096158765
0.105853314
0.10637134050000001
0.150096072
0.24233453400000002
0.695655993
0.7720698280000001
0.24420577900000004
0.19859413
0.20524861300000002
0.7153081330000001
0.8791599845
0.909368989
0.890890224
0.7809262735
0.731208777
0.721165205
0.7607714760000001
0.2519820035
0.20164037699999998
0.27549591450000005
0.768456172
0.758499541
0.8755893880000001
0.897938415
0.886253205
0.8312752600000001
0.8942337235000001
0.8916340205
0.763942738
0.1622888315
0.08614445729999999
0.06258527615000001
0.05653440535000001
0.0612572456
0.06791878600000001
0.11489704445
0.8296876905
0.8849109264999999
0.7967555750000002
0.7481835880000001
0.8070645965000001
0.9085819804999999
0.90360695
0.29329882949999997
0.11595512200000001
0.12476926129999999
0.637736685
0.6251942530000001
0.1249292487
0.09745132420000001
0.098413259
0.13899343025000002
0.628584174
0.662885574
0.6907814134999999
0.7901494665000002
0.7178093860000001
0.72863009
0.810252011
0.7625640245
0.718141063
0.6646228045
0.31612457899999996
0.1635359645
0.13327132249999998
0.136174653
0.514157145
0.16905553650000005
0.18345955900000002
0.20551222600000002
0.81614475
0.770535412
0.7091949315000001
0.6908580915
0.7054088865000001
0.751758753
0.801938875
0.857307833
0.7628146650000001
0.6897091
0.101177603
0.0831985365
0.1268553145
0.15267071349999997
0.1762379835
0.8640710775
0.922670582
0.934872192
0.9271977545000001
0.8856617465000001
0.8421416700000001
0.19501747000000003
0.12438275600000001
0.1036521285
0.086942827
0.120796329
0.642138763
0.63582092
0.6269648365
0.12359502420000001
0.09777833950000002
0.1271155915
0.7992264485
0.8827329440000001
0.8428609995
0.8290748750000001
0.8999946080000001
0.894495824
0.7948670485
0.8346467125
0.1163422025
0.0818151631
0.11007178900000002
0.7521624534999999
0.7982841039999999
0.8400107790000001
0.8934608170000001
0.7437720870000002
0.1003065377
0.096166193
0.1044697945
0.682447365
0.6996572010000001
0.752556826
0.8719770370000002
0.8252234250000001
0.8152999815000002
0.8776193580000001
0.757031976
0.145324979
0.12798336800000001
0.1389377867
0.6312998014999999
0.6033817805
0.22298440500000002
0.4045121330000001
0.2805335365
0.759875271
0.1696191815
0.140871312
0.158252221
0.30959961900000005
0.8381868214999999
0.8455124450000001
0.7277929000000001
0.7098160110000001
0.7174893620000001
0.751967976
0.7808255145
0.7950053735
0.8246459
0.18450541450000002
0.1326612615
0.141261095
0.10561987
0.0926579797
0.10300374250000001
0.10606316200000002
0.1425518637
0.132010449
0.1362738845
0.1788534225
0.209396857
0.3599503435
0.44865942400000003
0.518667635
0.6230460605
0.819815064
0.777703383
0.729748338
0.7324211875000001
0.7331386295000001
0.7531274695000001
0.8266863050000001
0.8478964390000001
0.8878661760000001
0.8819581250000001
0.8252581965
0.8404394500000001
0.2888642195
0.15608031649999998
0.1840139555
0.1089461285
0.11167845770000001
0.6376437555000001
0.2106632175
0.1681877797
0.1093143475
0.15803193225
0.21260327750000002
0.832731648
0.9066666715000001
0.8394626200000002
0.8890302885
0.1457736625
0.09131151600000001
0.07213199540000001
0.09698527950000001
0.13481255900000003
0.6969985095
0.795937132
0.13105486300000002
0.10274032285000002
0.1515461095
0.21139900600000006
0.389936996
0.8369952325000001
0.7788502700000001
0.841200647
0.6993748645
0.15396558050000003
0.1125290597
0.1034913555
0.124814564
0.28050214250000005
0.7109247375
0.17197222725
0.0840627267
0.0652056143
0.06403724695
0.0775370115
0.121405684
0.7341210080000001
0.6916915485
0.10322038950000001
0.07541777720000001
0.09257907689999999
0.650601464
0.0980219555
0.0775079223
0.11249152975
0.8201599835
0.8468168140000002
0.922780272
0.8363851480000001
0.079286891
0.0609961566
0.044460497450000004
0.04788634370000001
0.05563927595000001
0.08116802375
0.8889034250000001
0.935662003
0.92540416
0.9057801445000001
0.9123583185000002
0.08735517075
0.0820948444
0.08373875600000001
0.06951616265
0.078767378
0.1317938517
0.9054225985
0.9405801130000002
0.933029827
0.19090006240000001
0.054567239649999995
0.045233038100000005
0.04939666145
0.07690626799999999
0.759197768
0.329097932
0.911001721
0.917215263
0.207228731
0.0623738367
0.05162498485000001
0.0567535635
0.1028686924
0.244833946
0.8216353080000001
0.8207738345000001
0.875353638
0.29351739400000004
0.1744896222
0.608091593
0.12051487100000001
0.1028005458
0.133722654
0.755569475
0.8880222489999999
0.8902217900000001
0.7367008390000002
0.11484692030000002
0.08763326165
0.11065018500000001
0.14029083499999997
0.8042450465000001
0.16542695399999996
0.19174481200000001
0.891355389
0.9027308224999999
0.9273915100000002
0.833664864
0.07482157945000001
0.0551889208
0.05375655210000001
0.0933049455
0.07395625005
0.0915264997
0.7818518375000001
0.905914727
0.9211493400000001
0.8919782420000001
0.13044780325
0.09320781535000001
0.1690896778
0.09252353049999999
0.10160105435000001
0.75836815
0.7361821445000002
0.7288653520000001
0.7190405340000001
0.11341020400000001
0.09771143650000001
0.1048127728
0.11845754
0.1580513245
0.846990097
0.5282866335
0.4001013275000001
0.13862837100000003
0.120684784
0.20377147300000004
0.1319339235
0.13087775000000001
0.16671842400000003
0.31708735400000004
0.8670153935000001
0.8658763560000001
0.48626733350000007
0.2510733055
0.23417533650000003
0.57021213
0.6441937500000001
0.8452302710000001
0.8306445299999999
0.8575130780000001
0.9145928100000001
0.9250507960000001
0.9045911425000001
