0.7321831835000001
0.25258669100000003
0.23705097800000002
0.1447605005
0.1424877792
0.231669378
0.253698385
0.2244135175
0.8074691425000001
0.3154935755
0.2565743345
0.8257116130000001
0.785881052
0.7972131069999999
0.8802246800000001
0.8786295190000002
0.784386388
0.8293288885000001
0.22476011299999998
0.3224242060000001
0.8137430585000001
0.15045673850000002
0.122390998
0.125791606
0.1310079615
0.15819219499999998
0.1183748963
0.1922086155
0.8430572155
0.10780253600000002
0.0650752695
0.07232417040000001
0.05751502235
0.0543504601
0.0560415698
0.0577014677
0.09016652060000001
0.868930371
0.88840401
0.9039727245
0.8775289820000001
0.0834525478
0.05717813435
0.053819545399999995
0.0559727426
0.0602024951
0.06845777705000002
0.06653760455
0.06136132900000001
0.06684057910000002
0.0829592062
0.16587019000000003
0.3230641315
0.8131645500000001
0.643117065
0.175188532
0.12447445520000001
0.1183858086
0.23284032100000004
0.540388601
0.5945614905000001
0.679468425
0.8445153795
0.8464108365
0.26323757200000003
0.16250356550000003
0.151495872
0.14087841100000004
0.576597079
0.135173509
0.1140185815
0.10747951770000001
0.134025331
0.12299643800000001
0.12266509300000003
0.15419798599999998
0.7400698780000001
0.18855129650000005
0.14795967050000003
0.19621574600000002
0.6396219210000001
0.7859924160000001
0.28144910000000006
0.215128861
0.59696554
0.274275712
0.14718078599999998
0.1438425345
0.6176433750000001
0.6227972650000001
0.6705396845000001
0.826157004
0.6627572140000001
0.0895386408
0.06507974695
0.0744074095
0.12577487050000002
0.812267438
0.9067857695
0.8356134055000001
0.147889326
0.06428010665
0.05370172320000001
0.052349193550000006
0.07285763035
0.731396228
0.209033238
0.8423133220000001
0.9242969005000001
0.9370460075
0.9363950300000001
0.9337801630000001
0.9301549465000001
0.9163566595000001
0.9312527905
0.9296457440000001
0.9079529860000001
0.32461742000000005
0.859885105
0.07829934930000002
0.05313325235000001
0.045340310300000006
0.04891313715000001
0.0632064917
0.09324301750000001
0.06244108400000001
0.07391757575000002
0.167279477
0.8985588505000001
0.91085117
0.8617313615
0.906266513
0.8938317005
0.750335422
0.14743514800000002
0.1370266125
0.1997367195
0.5733621725000001
0.23625021550000003
0.36968988999999997
0.6673543930000001
0.7765242050000001
0.42210374400000006
0.2621914815
0.33184617550000006
0.6462151464999999
0.6803620420000001
0.7691982645
0.676976296
0.6801551680000001
0.6817557830000001
0.3416661875
0.2080713645
0.18080404450000004
0.18183847949999998
0.10002252420000002
0.132873829
0.087702159
0.06301485200000001
0.062175221749999995
0.091298653
0.861610038
0.9115323750000001
0.91111595
0.9259314375000001
0.9256328500000001
0.921238188
0.911533505
0.8840336960000001
0.8628688330000001
0.8624372365
0.8980839070000001
0.8911550480000001
0.81448911
0.76650929
0.7834066975
0.803811602
0.8198188160000002
0.813981441
0.7700616259999999
0.10079649070000002
0.08065202610000001
0.0895212635
0.1943538035
0.650524581
0.17167330200000003
0.130102785
0.17955608000000003
0.259739569
0.31599530400000003
0.3620358585
0.819713543
0.679683909
0.20338337
0.25668634200000007
0.17285715550000003
0.6177075790000001
0.6012062205
0.1711078375
0.2314322785
0.188560672
0.7869525890000001
0.12411523480000002
0.09085577730000001
0.13069981000000003
0.7980547820000001
0.8513602300000002
0.8778952870000001
0.876594217
0.8655121920000001
0.8902227840000002
0.185461861
0.0670796396
0.05401728095
0.0611475942
0.10997851150000001
0.23918401350000001
0.8328746535
0.160397674
0.12526284550000003
0.09784748450000001
0.1007991775
0.1391241352
0.1430803317
0.22611071650000003
0.1432006515
0.143684385
0.2123747475
0.7672376240000001
0.6904072740000001
0.656048638
0.673239795
0.673262284
0.6794739030000001
0.7577363440000001
0.6153751325000001
0.20560216850000004
0.18621043699999998
0.2309723595
0.252207322
0.712098364
0.3233421935
0.23173247300000002
0.23308350100000005
0.36789287750000005
0.5821864775000002
0.6252056225
0.7550946119999999
0.2229599515
0.1662442055
0.171978038
0.12389602200000001
0.1024941325
0.09465025300000002
0.11118275620000001
0.12409185750000001
0.10989571500000002
0.139406091
0.6119913555000001
0.6449453190000001
0.689702261
0.8442002095
0.8364915490000001
0.2702045435
0.15439832650000002
0.14587636550000002
0.5050820789999999
0.131348175
0.112709577
0.13367364999999998
0.2525136515
0.33031541000000003
0.8814626775000001
0.899883418
0.8445555975000001
0.906853195
0.9087244775000001
0.8875667780000001
0.7330839325
0.12051213250000001
0.061751193600000004
0.051976047100000006
0.05358248620000001
0.09058196600000001
0.183453953
0.34136961000000005
0.884267459
0.7906888950000001
0.762350225
0.7540140320000001
0.09808640625000001
0.06400863675
0.0730989816
0.20866133
0.8864477140000001
0.9017939370000001
0.8769303135
0.1128253333
0.0609884037
0.061475302
0.09414518225000001
0.094107972
0.0943422815
0.0834623865
0.06619792270000001
0.066223886
0.1144518315
0.2159540875
0.877065585
0.898027104
0.8724510695000001
0.7352793925000002
0.7848933475
0.658902018
0.5944263720000001
0.6015270715
0.6823953225
0.8423886950000001
0.8775144050000001
0.8555018425
0.6935729105
0.18094804
0.150113496
0.173086654
0.175339406
0.6058683870000001
0.634155955
0.7727659225000001
0.257763397
0.1622503425
0.1646456365
0.6880105695
0.8223655975000002
0.69067554
0.5855344695
0.1370272295
0.143289441
0.23839034450000005
0.56805996
0.6489910285
0.691374315
0.809629275
0.7161563525
0.7853281485000001
0.166916274
0.12742616080000002
0.18215524000000002
0.137530306
0.2298506215
0.284187493
0.74613014
0.8682744925000001
0.7551775100000001
0.723107775
0.1609015415
0.1141763525
0.08193256900000001
0.0912025161
0.1031152215
0.19051176849999998
0.8370204585000001
0.7482735360000001
0.24381625250000005
0.09358260750000001
0.07386476589999999
0.074055561
0.0683207923
0.07046953824999999
0.093002391
0.25385227650000003
0.8320411000000001
0.16244735700000001
0.141689212
0.6984781250000001
0.1989371255
0.1693456
0.7804734425
0.7974621630000003
0.822132689
0.783611288
0.2021167465
0.28100085750000003
0.778682902
0.7346168614999999
0.17971099050000003
0.200030019
0.8512784600000002
0.897712155
0.8836131575000001
0.8925647760000002
0.8479953100000001
0.795433579
0.7529532000000001
0.793327634
0.8278116600000001
0.8441471725
0.8434913100000001
0.8356617320000002
0.8204451675
0.8016970430000001
0.79649977
0.8228351970000001
0.8626781565
0.2210699575
0.09546865770000001
0.0824295413
0.09371663945
0.16115679200000002
0.14472236349999998
0.21095676900000002
0.3475833770000001
0.8186440500000001
0.77151924
0.706978672
0.6926294555000001
0.6823410435000001
0.7445986885
0.844047322
0.8685761605
0.850896426
0.8398978450000001
0.7446228899999999
0.588717593
0.2138493225
0.20629890800000003
0.289095378
0.7922421515
0.779109332
0.8430178730000001
0.729562712
0.1758504255
0.11227509000000001
0.0871695758
0.0865630505
0.10445682450000002
0.1275912913
0.20459605649999998
0.786393346
0.24921698150000002
0.1802027735
0.1393227955
0.19772558699999998
0.18489733550000004
0.22476930100000003
0.872454579
0.905826331
0.8897301150000002
0.7780698429999999
0.695764806
0.6556527775000002
0.6492450455000001
0.6536894745000001
0.6882924069999999
0.826231362
0.8183982534999998
0.19781006600000003
0.1668484305
0.7002162919999999
0.8872455255
0.9282478990000002
0.9366915010000001
0.937546525
0.9297911830000001
0.89580161
0.1010966855
0.0708750004
0.0628590843
0.1101045297
0.1061813
0.11760293
0.187577611
0.7239711325
0.0971087695
0.07340453270000001
0.12063698050000002
0.1559383605
0.8391574770000001
0.817995082
0.770485878
0.09249010600000002
0.0664451518
0.08284837349999999
0.8167105800000002
0.877492047
0.9199374675000002
0.9456320679999999
0.943229413
0.9200862870000001
0.073190459
0.0476990082
0.05373485025000001
0.08347927570000001
0.08011093140000002
0.08590823085000002
0.12272552660000001
0.8347569315000001
0.142773178
0.08808418620000001
0.12842865975
0.128991534
0.14856424505000002
0.8232649725000001
0.7660070525
0.8577229865000001
0.794187193
0.8673493195000002
0.780444651
0.19815917600000002
0.16884723000000004
0.08512838390000001
0.11377789140000001
0.09985621715000001
0.05965245625
0.0598404925
0.05995872955
0.09976411650000001
0.10657528200000001
0.8839203154999999
0.9130330245000001
0.93051737
0.9354961345000001
0.9092576365000001
0.09835877620000003
0.08049233800000001
0.0862016785
0.20183749350000002
0.8649838470000001
0.836452782
0.77434796
0.7499908970000002
0.7368010640000001
0.7959468749999999
0.8218320925
0.8207002275000002
0.8072476725000001
0.7941803470000001
0.823653957
0.85203768
0.16367117850000001
0.157290014
0.146462797
0.1274959045
0.1778635915
0.3300802925
0.8313474380000001
0.89187433
0.9040666450000001
0.898535889
0.8790625040000001
0.8712940720000001
0.873924182
0.8476765305000001
0.8264796580000001
0.8089205050000001
0.7843358469999999
0.815512867
0.8380511750000001
0.8574533209999999
0.8731337495
0.8355823450000001
0.7570336854999999
0.215406977
0.271072823
0.21719758150000001
0.190838314
0.3059922545
0.4023395285
0.7158854689999999
0.7429255310000001
0.7456297150000001
0.74383169
0.3706194975
0.1446227395
0.10994116450000002
0.09901971775000001
0.1049653705
0.14800943375
0.16491580599999997
0.6616659145
0.7336654035
0.8616941710000001
0.8925351345
0.8866503400000002
0.840753916
0.19735694100000004
0.1391289905
0.1306906723
0.1362495607
0.17666160749999998
0.6649595005000001
0.791647908
0.25903102850000004
0.15110891569999998
0.1294258047
0.18558255250000003
0.1397369481
0.23923795949999999
0.2553573855
0.23804718420000007
0.1599973394
0.13231872
0.0970342728
0.10700145845000002
0.583345574
0.663477028
0.7333647930000001
0.892348652
0.9206484780000002
0.923448254
0.9170953475000001
0.8934897050000001
0.7752537825000001
0.7207727775000002
0.10528569225000001
0.1257149183
0.0607779811
0.05609241735
0.06619107325
0.11852622439999999
0.11547587480000002
0.728013015
0.08813352390000001
0.059099299150000006
0.052371887799999996
0.05801858270000001
0.0980127405
0.33493936150000003
0.912861565
0.9144583875000002
0.928932856
0.8820933680000002
0.795761307
0.19537303099999997
0.717584204
0.09665510450000002
0.10339974225000001
0.07892522175000001
0.14297585775
0.9120065900000002
0.937168969
0.888147365
0.07864332350000001
0.049357551150000005
0.0458952964
0.052021200600000005
0.08279205905
0.8553102900000001
0.8775704344999999
0.90728245
0.19474116000000002
0.1415036745
0.08111867975
0.0968863211
0.8248175145000001
0.8916138400000001
0.93367211
0.9351261049999999
0.918407072
0.38201093450000007
0.20862740300000002
0.8486521674999999
0.1384857225
0.08440006765000001
0.054750997399999994
0.0506897194
0.057610382050000006
0.08647767715
0.10210850690000002
0.751033855
0.7990400340000001
0.9066606640000001
0.9214764310000001
0.9073021450000001
0.8090800450000001
0.797220594
0.8851160555
0.866295777
0.16321532775000003
0.1478652795
0.24761092599999998
0.27001171350000003
0.264159922
0.6684953619999999
0.641343869
0.208610317
0.17682424580000003
0.128936472
0.1638179558
0.17964809799999998
0.18045103199999998
0.3905440285
0.7956503700000002
0.6509613700000001
0.2543221445
0.280981915
0.7362930310000001
0.6376591675000001
0.6271973855000001
0.6231097485
0.6027262449999999
0.2466608595
0.3073030995
0.23593599150000003
0.2589458935
0.666798163
0.7627723550000002
0.23821552650000005
0.199423442
0.14123034175000002
0.139766705
0.241399928
0.272497095
0.20912484100000003
0.32055203400000004
0.3297435505
0.608213196
0.51643298
0.17827713250000002
0.2034734445
0.41089457949999997
0.8723670470000001
0.8951861250000002
0.8603715000000001
0.6903928665000001
0.556311038
0.1356834892
0.14240133700000002
0.154129902
0.20649963000000002
0.219519884
0.301819355
0.878599613
0.8904739600000001
0.761033515
0.10474151200000001
0.0960945135
0.05766390080000001
0.05793976645
0.08218173200000001
0.143579778
0.15751005375
0.13166542450000002
0.837080218
0.870284543
0.903812049
0.8744837635
0.8401521505
0.7592788280000001
0.1438782045
0.14887650950000003
0.8093767170000001
0.8738168420000001
0.9015342050000001
0.8768617310000001
0.7948735825
0.13890863650000002
0.142007759
0.750529242
0.8120802760000001
0.8335851885000001
0.837557372
0.8574904010000001
0.906343183
0.8906943580000001
0.1014625247
0.08572468570000001
0.0934906238
0.10794993000000003
0.077834882
0.09938871300000002
0.7199860745
0.8361060615000002
0.17187335850000002
0.10050234100000001
0.112637509
0.14884081650000003
0.8516830774999999
0.2426761615
0.0690166965
0.05061834755
0.0509421723
0.0672877554
0.16951062
0.9040767935
0.90716685
0.893059309
0.8641661605
0.8533470000000001
0.120816117
0.0572148819
0.047426543099999996
0.04593616824999999
0.05129391504999999
0.0820734396
0.8560424835
0.9217470805
0.938951722
0.9344702675000001
0.873112422
0.797947103
0.10568105370000001
0.12759356300000002
0.08850862000000001
0.1422142506
0.14016497049999999
0.16402712099999997
0.817633242
0.6758045600000001
0.6421616330000001
0.3358151905
0.317095384
0.28201298100000005
0.34090369000000004
0.33962882600000005
0.28911370550000004
0.7756297014999999
0.6692119990000001
0.7005632350000001
0.8071992525
0.7264285940000001
0.6614086485
0.6546866655
0.6535335075
0.6739703285
0.78805643
0.32272538500000003
0.21036173700000002
0.28044379250000007
0.83098917
0.841600101
0.28187726450000006
0.19600300150000002
0.13417457700000002
0.14671739100000003
0.14554188950000002
0.11852542020000002
0.133289833
0.24299782050000002
0.249074723
0.812043636
0.8045138685000001
0.606897616
0.236516025
0.30613198500000005
0.7010602615000001
0.870750306
0.9105025529999999
0.918188381
0.9168829125
0.9066472750000001
0.8750982785000001
0.7585584910000001
0.318213167
0.17694391550000002
0.28624304550000007
0.17063966700000002
0.11133161050000001
0.0940251895
0.09197460100000002
0.1070338658
0.13683480750000002
0.26151243500000004
0.6143084615000001
0.5936710415
0.32281698700000006
0.28172115600000003
0.17968615100000002
0.2174823945
0.617987431
0.1621235925
0.1845875705
0.111065454
0.1217966
0.7733525499999999
0.8262325205
0.848424905
0.882176065
0.8627766775000001
0.8445325825
0.8546270115
0.885080337
0.8861384795
0.8882146235
0.8334288725000001
0.761210103
0.17590038900000002
0.11986563950000002
0.14138469300000003
0.14324824200000003
0.623971115
0.30323062100000003
0.233462722
0.2883838865
0.46032908350000007
0.834391938
0.8435932349999999
0.8550393485000001
0.869331855
0.8661920280000001
0.85864492
0.8514376950000001
0.8331142285
0.829320947
0.8695435055
0.8930454575000001
0.8979446115
0.892848077
0.889875013
0.8959011620000001
0.8968426030000001
0.8877553440000001
0.893886885
0.8885132600000001
0.863580242
0.8505148740000001
0.8667706245000001
0.865632577
0.9032118580000001
0.9119271935000001
0.8942197025000002
0.7678846050000001
0.168437672
0.11778224920000001
0.1122942987
0.12877167979999998
0.230928952
0.23057624300000001
0.6425488565
0.233435351
0.335046846
0.352774601
0.7024204500000001
0.13989859799999999
0.16886953980000002
0.09641463960000002
0.07090753765
0.0722926329
0.0671323685
0.07184877285
0.10639473680000001
0.692376221
0.1332591795
0.150211063
0.708022175
0.09324971395000001
0.06501860665
0.07335998735
0.107869299
0.06696754305
0.08683550395000002
0.8191990130000001
0.8703455345000001
0.9193862290000001
0.8970302780000001
0.8836620735
0.8925312670000002
0.9264095950000001
0.9334755305
0.9316422430000002
0.914562151
0.8935269000000001
0.8943461925
0.07786144769999999
0.05284441065000001
0.060794660199999996
0.1039514213
0.08996275435000001
0.11584798740000002
0.7802022880000001
0.156678439
0.06723892035000001
0.05770097695
0.064582619
0.0950873815
0.726293049
0.2056891945
0.16478223750000004
0.19994187625
0.168752061
0.17016059675
0.7827940820000001
0.263871588
0.2201751195
0.20777934450000002
0.7263944275
0.8256153740000001
0.8963731015000002
0.9037412470000002
0.8823645625000001
0.901920551
0.9000328360000001
0.8697091645000001
0.7560129195
0.7258814010000001
0.7565774710000001
0.874629053
0.8781666330000002
0.4574034555
0.21025200850000003
0.633297882
0.141243495
0.15268911540000002
0.7929066610000001
0.1031213239
0.06059554585000001
0.06092551115000001
0.10949323705
0.909164422
0.9423388805
0.940937651
0.9417498375
0.8750666950000001
0.06804816970000001
0.04522870755
0.04404181925000001
0.04835017885
0.05270361785
0.05822192740000001
0.07711169350000001
0.1619093645
0.8479263685000001
0.6919156425
0.13716148900000003
0.11727232100000001
0.18491529150000002
0.8361925275000001
0.9025923925
0.8914517835
0.8989326000000002
0.8600252990000001
0.8263536345000002
0.7927828655000001
0.760315105
0.27406576
0.1502982615
0.15889106350000004
0.6381128545
0.747128284
0.8664149435
0.85472178
0.8738990120000001
0.795241155
0.7437425525000001
0.714597034
0.281834692
0.16008490150000002
0.101909459
0.0831990275
0.08366697370000001
0.12772399950000002
0.729568127
0.8720318720000001
0.912219519
0.9165500630000001
0.8941897745
0.7816453470000001
0.23805517599999998
0.16959795149999998
0.23132115000000003
0.14131161900000003
0.1163605382
0.09880178450000002
0.1499905383
0.07210165724999999
0.06062669365
0.07243561150000001
0.192811101
0.878173614
0.9260163090000001
0.9236225915000001
0.8571572165000001
0.784983398
0.76897961
0.7686406150000001
0.782338345
0.13164649300000003
0.0744985218
0.05980063875
0.06100279880000001
0.09140772600000001
0.12321403600000001
0.19368468800000002
0.7757061034999999
0.189807539
0.13449663550000002
0.14602547450000003
0.23910010750000002
0.20833358899999999
0.290216925
0.861466899
0.902376482
0.9102902640000001
0.901676323
0.8594895265000001
0.7395711850000001
0.71735645
0.7714491524999999
0.8628589450000002
0.8596175485
0.7186909000000001
0.31272004200000003
0.36624932750000005
0.35040611800000004
0.264612705
0.40588754250000003
0.7684986115
0.2153530232
0.16432058935000002
0.2273028395
0.8636736930000001
0.9151068365000001
0.9223844385000001
0.9206423244999999
0.9107507165000001
0.8809966360000001
0.74926177
0.1589968025
0.08796071305
0.0742167374
0.08584971720000001
0.0686592731
0.06893086805000001
0.0803953686
0.1427625605
0.760000805
0.8835952600000001
0.8812015255000001
0.7440898600000001
0.08094465575000002
0.053391973300000006
0.05042782360000001
0.05669386670000001
0.07689268135
0.09895710810000002
0.15087306949999998
0.11671187275
0.13853578360000002
0.10982849600000001
0.701368585
0.09630123175000002
0.07302851390000001
0.1201290595
0.14086288230000002
0.8921788225
0.895467902
0.9353697890000001
0.938776433
0.9269195185000001
0.8566020180000001
0.7687065430000001
0.07091087415
0.060540859550000006
0.068358449
0.1069796277
0.905559506
0.931857605
0.938169182
0.9389369585
0.8958465965000001
0.09639921105
0.11087262820000002
0.08834493560000001
0.0518908647
0.0522897915
0.0587155999
0.06698042180000001
0.1145508725
0.7585139200000002
0.10553003124999999
0.0883869776
0.12058489955000001
0.10921420125000002
0.1547332661
0.169341694
0.160014406
0.862150543
0.801734253
0.762163218
0.7339322334999999
0.1416942785
0.12114679350000002
0.168996099
0.8210520195000001
0.761393143
0.7293583950000001
0.7214426380000001
0.709470938
0.783189939
0.885092861
0.886433102
0.9234546650000002
0.9310561805
0.9270237550000001
0.912731802
0.3834138945000001
0.0935040705
0.07180991935000001
0.08439120300000001
0.0693992293
0.0708703565
0.08213988475
0.150236796
0.8328635849999999
0.743600307
0.7167562949999999
0.672597716
0.6609179634999999
0.22443051
0.151400213
0.15437940299999997
0.6212791319999998
0.21380847100000003
0.16300522349999996
0.211897145
0.2362357215
0.2672097685
0.780775405
0.715546526
0.6714877239999999
0.6103173340000001
0.24637682150000004
0.195431343
0.20774737799999998
0.41368177200000006
0.7998543615
0.768182169
0.8612537200000001
0.8898427239999999
0.8962378090000002
0.89124043
0.8626931725000001
0.745202057
0.47229312100000004
0.2576494025
0.193784252
0.13277156850000002
0.11864584750000001
0.14481617450000003
0.1638977265
0.27892019549999997
0.8463627950000001
0.8556983415
0.462253935
0.28381469800000003
0.55323154
0.6251166340000001
0.6969862000000001
0.8528184655000001
0.8817548115
0.8518576550000001
0.6683754665
0.187759467
0.1259382637
0.1288925675
0.198149122
0.7325862750000001
0.8697959380000001
0.865420115
0.6979601710000001
0.16873190475
0.19049583025
0.11241391849999999
0.11005637120000002
0.18543766
0.5517164445000001
0.5531671455000001
0.14915298400000002
0.147800931
0.26196281800000004
0.39731159650000003
0.8689153905
0.8618159550000001
0.63067279
0.1323622865
0.13062383790000004
0.13212669600000002
0.1312746375
0.6796582480000001
0.6811039590000001
0.6890866955
0.6930441940000001
0.18405828775000002
0.096629983
0.11914107850000001
0.0797695804
0.0987041943
0.6723244830000001
0.112997218
0.1066897754
0.139566067
0.8635011925
0.8146367485
0.8085732980000001
0.8728583215
0.08520075400000002
0.0523372968
0.04941173940000001
0.0634844311
0.1158981565
0.11529542300000001
0.8675330130000001
0.8945130404999999
0.905228263
0.900452565
0.8926845370000001
0.9100812465000001
0.843355051
0.1265906893
0.14320464800000002
0.7166284210000001
0.0838606935
0.058293817500000004
0.05887873265000001
0.0850810745
0.762155511
0.78260755
0.796357223
0.8167814400000001
0.8710818095000001
0.120869318
0.08270843035000001
0.1019432904
0.6780447920000001
0.09644607050000001
0.0712534105
0.0767644423
0.0779421203
0.1214218043
0.7240320849999999
0.723609383
0.7320629475
0.76879367
0.8663403095000001
0.8341375010000001
0.850395645
0.9004496850000001
0.8883242015
0.912958539
0.902304554
0.7958768325000001
0.20690173750000002
0.290376548
0.29441648870000003
0.240296024
0.7759122755000002
0.8900859850000001
0.8936984970000001
0.7809223350000001
0.256035159
0.2026902207
0.13773513850000005
0.1487486105
0.6531380569999999
0.1949966735
0.12261861125
0.1193741765
0.16835482
0.22505004320000002
0.8436009400000001
0.8595612670000001
0.7334183550000001
0.35748204
0.20465355150000003
0.20723088150000002
0.318947129
0.6320823455
0.5955607575000001
0.620276118
0.63911968
0.6268200090000001
0.29420750600000006
0.21897002250000003
0.225364529
0.4976972430000001
0.8382623490000001
0.8112619945
0.8345600790000001
0.7007538
0.6377645595
0.201277984
0.1494421815
0.16589263850000002
0.27208591399999993
0.671746747
0.7193826350000001
0.8531397425
0.8741415430000001
0.8233481890000001
0.840831295
0.7031345985
0.16189966925000002
0.11401384770000002
0.0976722911
0.09904257849999999
0.12101209115000001
0.2322318355
0.2459767105
0.3476844415
0.8397908000000001
0.763965549
0.8405404465000001
0.34780063850000004
0.15600402925
0.19016620150000002
0.1100586701
0.11969764315
0.6711769395000001
0.6795309305
0.6773767
0.08730020895
0.059482707700000005
0.0623919962
0.090211104
0.1464347928
0.7478305599999999
0.292854406
0.8548780365
0.1079725723
0.07331134620000002
0.0521583873
0.057710694800000004
0.10347431359999999
0.110878739
0.1952312835
0.894472905
0.803012499
0.0821557235
0.05317835520000001
0.052904587950000005
0.08403812735000002
0.8928152850000001
0.9431585500000002
0.948571006
0.924860341
0.07497196135
0.04913584855000001
0.05266063655
0.0871718469
0.887811675
0.9361991220000001
0.9279913135
0.17268634400000002
0.06785648485
0.07230078945
0.1183961103
0.832170559
0.1239288661
0.1036796215
0.1597139125
0.8431156310000001
0.10770247650000002
0.07366175030000001
0.09759734800000001
0.0674904248
0.06872694854999999
0.09291178530000001
0.7187398315
0.743068625
0.8318048920000002
0.7010325045
0.675279775
0.690781679
0.755333027
0.8624676520000001
0.8085437000000001
0.8374468970000002
0.162759829
0.1226686165
0.15050962100000004
0.1416235355
0.2065988095
0.6255246200000001
0.7149153035
0.8173338005
0.771453586
0.835721552
0.7751550094999999
0.7921291470000001
0.865630419
0.5341527960000001
0.251503003
0.0916043935
0.07029891395
0.10081274785000001
0.07293521260000002
0.11503761059999999
0.1145098145
0.08036132755
0.1572263358
0.2353229845
0.875213625
0.9055623795000001
0.0855483336
0.04727916755
0.04145826910000001
0.043961547850000005
0.053426326499999996
0.1316228196
0.2366141605
0.9262004435000001
0.9433734900000001
0.9036563610000001
0.8832707075
0.1251839845
0.0663132226
0.0520557814
0.04666037765
0.04931590435
0.0572091541
0.09370506650000002
0.856000564
0.90105601
0.151992972
0.08869564499999999
0.0690991836
0.0901306675
0.149742706
0.7376561155
0.10534771500000002
0.08297248765000001
0.07560679805000001
0.10978101550000001
0.15088372900000002
0.253999709
0.863211345
0.8425967090000002
0.8420369075
0.8676423645
0.8117927680000001
0.8115756715
0.839228681
0.7485172020000002
0.6866144125
0.6871168510000001
0.6904411065
0.39646055900000005
0.315716476
0.192314398
0.12191202150000001
0.09749455050000001
0.10319171799999999
0.11307713000000001
0.1642612635
0.6195077515
0.600102405
0.5770742440000001
0.2054336995
0.18997660600000005
0.2565552865
0.702978761
0.852106115
0.8623372725000001
0.475455086
0.197462507
0.18573552899999998
0.5634866675
0.5607768545
0.1322844225
0.1032538723
0.1024225035
0.1545561755
0.658767554
0.11198019050000001
0.07670498340000001
0.07847216620000001
0.09874049545000001
0.708833028
0.692734561
0.213979363
0.28774214500000006
0.27114678400000003
0.8544245100000001
0.09739933950000003
0.05184327635000001
0.04569389305000001
0.05179207
0.1006354197
0.9063440080000001
0.9351905939999999
0.9393506575
0.9195832525000001
0.934765999
0.90702049
0.8819635090000001
0.8401603750000001
0.06185439145
0.042492935350000004
0.0421211178
0.0459198797
0.05541152455
0.09037912334999999
0.11358485800000001
0.27755068600000005
0.868424099
0.2298402665
0.18772716550000002
0.10714453269999999
0.1255985665
0.814957116
0.899670135
0.8360554070000001
0.284216889
0.12365759150000001
0.10391158400000002
0.1176894752
0.5850068620000001
0.7149601440000001
0.872800325
0.8977399480000001
0.871019356
0.876168555
0.8006780935
0.753247218
0.8005304475
0.8568139960000001
0.8363398635
0.8577584135000001
0.8041895309999999
0.719717104
0.281189314
0.35736391900000003
0.709246965
0.8537153685000001
0.829078908
0.211607224
0.1757103865
0.27209812450000004
0.20955243
0.28954153400000004
0.43609448000000006
0.5107104305
0.622918532
