0.16879539840000002
0.07933381810000001
0.0669417659
0.0678679481
0.08267070315
0.08256025700000001
0.1547253135
0.19278345200000002
0.8655749075000001
0.75835055
0.783701137
0.8229765745
0.8658374630000001
0.9251744964999999
0.9196791070000001
0.776931402
0.07237713530000002
0.05467894495
0.061391629
0.09752850365000001
0.895094009
0.8845475375
0.93975347
0.926232742
0.07858220040000001
0.04225707245
0.0369522341
0.039081718065
0.041677534215
0.047413973
0.07981194615000001
0.8981980240000002
0.9263664750000001
0.9331705630000001
0.9230531820000002
0.8894264295000001
0.07331059345
0.051674125849999995
0.0572970971
0.1109160977
0.803028285
0.09095367205
0.06000541235
0.06860940075000002
0.062090571
0.07702560925
0.06202505085
0.053752959399999994
0.049414644774999995
0.046768987850000006
0.04913853195
0.07499103495
0.88837422
0.917343228
0.9407494700000001
0.9514815555000001
0.9517016535000001
0.9331046774999999
0.8912766
0.0634224149
0.0419587893
0.042260779150000004
0.047482109225
0.05344342080000001
0.05986150690000001
0.05741448600000001
0.055758532300000004
0.0532305166
0.053382903200000005
0.0594948296
0.0874154449
0.76965555
0.8161439865
0.885998312
0.9111765220000001
