0.1771249606
0.09464856265000002
0.1049280223
0.07373797045000001
0.07380418965
0.09892538810000001
0.1171438665
0.1835305025
0.6759789175
0.20793268000000004
0.757607185
0.787281568
0.881874942
0.75831174
0.7483741869999999
0.7063820350000001
0.19580909600000002
0.6443287845
0.12754335500000002
0.1292501217
0.08919921335000001
0.1665379883
0.727340306
0.08881754345000001
0.07315235029999999
0.0520479765
0.05284594535
0.053920680000000006
0.0585849641
0.16867510915000006
0.903336388
0.914541993
0.92979521
0.936509931
0.941319513
0.944303757
0.92996683
0.11295398620000002
0.05387320140000001
0.07539083910000001
0.07981796185000001
0.0642239149
0.06914117415
0.09850088604999999
0.7475856869999999
0.08962776525
0.055563831550000005
0.0504983592
0.0496252012
0.057466966800000005
0.052542313825000006
0.07819446705
0.8826705570000001
0.9082034015
0.9265935275000001
0.9312432770000001
0.9492427715
0.9453469030000001
0.895360075
0.0623405372
0.042434013400000005
0.0448624378
0.04567301042500001
0.05127807634999999
0.07611734495
0.05515781345
0.05835971260000001
0.10077751985
0.07440506065000001
0.1012540974
0.8198079810000001
0.902215692
0.8903876400000001
0.9078988735000001
0.93094767
0.9154015565
