0.30864837100000003
0.31761248450000007
0.8451764605000001
0.8604378030000001
0.301944514
0.2688354935
0.8273653224999999
0.7327418505
0.7447583325
0.8741354655
0.21365712300000003
0.0667386707
0.05214527850000001
0.056841605
0.10558480860000001
0.12901060269999998
0.1324800218
0.11061642445000001
0.06653634475000002
0.0851865566
0.864124816
0.92565474
0.9355272490000002
0.9138060050000002
0.9311858495
0.930406595
0.926476994
0.9061918215
0.89771659
0.9250029550000002
0.9293001179999999
0.9201884290000001
0.9373366980000001
0.9359807050000001
0.9142532410000002
0.07550531120000001
0.050318460300000006
0.062274234750000004
0.07791779000000001
0.08918131845000002
0.0852570654
0.061053449200000005
0.0663765471
0.08931028090000002
0.2039117561
0.8498263070000001
0.7077142599999999
0.227714271
0.2538551115
0.7763751890000001
0.247197541
0.24294406200000002
0.7398661370000001
0.820042334
0.9109340750000001
0.9246623845
0.924628488
0.9180293970000001
0.9022972770000001
0.897265457
0.9117607700000001
0.9160196215
0.9145907664999999
0.9059008510000002
0.9138952080000001
0.9163102430000001
0.9157539680000001
0.911698896
0.9143089149999999
0.9147678300000001
0.911362856
0.914438308
0.9152237730000001
0.9120152884999999
0.9161343770000001
0.9181507370000002
0.9164190099999999
0.9211206995
0.9166486205
0.8827223129999999
