0.5566519154999999
0.504564097
0.7835032835
0.6668473545
0.5351432295
0.4308961445
0.3057171900000001
0.6021546074999999
0.734569227
0.3958429725000001
0.36096151400000004
0.6224125775000001
0.7699336000000001
0.34580722300000005
0.17486876650000005
0.16250107049999998
0.146807255
0.1282247505
0.19008231450000002
0.14518181000000002
0.12376012500000001
0.19051585450000003
0.177609061
0.1927265735
0.8359697235000002
0.8329143015000001
0.14911378800000002
0.1277606151
0.11384241930000001
0.1929935205
0.818501145
0.32174099350000007
0.8279250575000002
0.0948120949
0.06366593990000001
0.07289671965000001
0.11158679860000001
0.10297190130000002
0.145755725
0.14748032850000004
0.7191941225000001
0.122708028
0.1199971062
0.7595609514999999
0.23627897300000006
0.16626606819999998
0.8468845585000002
0.9059522640000002
0.9317114300000001
0.917784176
0.8977906890000001
0.18287203300000002
0.26933464
0.8918558045
0.8981767405000001
0.08540251989999999
0.05832733475
0.08099203420000001
0.09308352569999999
0.15270499350000002
0.16584950950000002
0.754373988
0.09192657840000001
0.05881542895
0.056578436600000004
0.06961586865000001
0.115090116
0.09698058655000001
0.1542052893
0.131734564
0.687260984
0.6414659629999999
0.15845633650000002
0.23612303350000002
0.1548599295
0.10744471900000001
0.116408135
0.1236793995
0.20325397750000002
0.16933391050000002
0.284590577
0.3128642715
0.738237545
0.7559453025
0.76835469
0.814802145
0.6659003960000001
0.5691322934999999
0.5398344660000001
0.5716106855
0.6031467015
0.6371584790000001
0.25215367650000003
0.17601485400000003
0.131537674
0.15426211150000002
0.18000455700000004
0.2222412695
0.822850052
0.8630433300000002
0.854336791
0.76277952
0.7129491020000001
0.674919055
0.27110197100000005
0.16165316
0.12586616120000002
0.10318263329999999
0.105964763
0.12113327000000002
0.15432379950000003
0.643788639
0.7641444325
0.3430216625
0.248642621
0.3324683085
0.210646396
0.28785160600000004
0.128389959
0.10658920799999999
0.113499659
0.14665958950000002
0.11642397300000001
0.11785430450000002
0.146892677
0.1150918695
0.11064432050000002
0.131852889
0.1040997595
0.09601806700000001
0.10168146320000002
0.12621445050000002
0.649317422
0.66337296
0.7886718190000002
0.6696564890000001
0.684775246
0.8297729185
0.837999012
0.32111440750000003
0.15192840200000002
0.193408973
0.0969274521
0.09089813805
0.12345415780000002
0.13360378150000002
0.09902278130000002
0.0898288565
0.086565298
0.09605749649999999
0.1224049455
0.11619084
0.08236617260000001
0.0796234591
0.09914576250000001
0.1670305225
0.7755251799999999
0.8547055800000001
0.7361674275000001
0.695463433
0.6506015525000001
0.14072682900000003
0.1283591608
0.22515855850000005
0.8332174250000001
0.7531210400000001
0.6937330880000001
0.6666265375
0.69401704
0.7089976225000001
0.7276805695
0.863483295
0.1878329815
0.076900195
0.0623273105
0.079237257
0.1655582915
0.23419429550000004
0.6604556979999999
0.190685038
0.680414226
0.6342047095
0.12095335700000001
0.11876722800000002
0.159158062
0.8848797835
0.924014526
0.929730282
0.9189343584999999
0.8702404440000001
0.85310991
0.8976545765000001
0.8868910395
0.8914338225
0.9181542979999999
0.915186067
0.8854301085
0.1925012155
0.225000203
0.20632977400000002
0.871584946
0.8769756550000001
0.26558913300000003
0.7453280114999999
0.140641114
0.10829393825000001
0.06610801
0.061491510850000014
0.060552601250000004
0.07460878165000001
0.10630553995000001
0.40719346700000003
0.8700673165000001
0.74863633
0.1271609875
0.08116322925
0.0818683799
0.11511294130000001
0.1176469795
0.2460551925
0.2336435
0.127325351
0.1600007954
0.15853262550000002
0.1322886755
0.19663323500000002
0.6590145589999999
0.680290873
0.6943869029999999
0.684636261
0.21909247150000002
0.1294030605
0.11786146850000001
0.13190336075000003
0.24151326399999998
0.6668936515000001
0.7168351419999999
0.8521714045
0.8736423435
0.8163707435
0.8610253680000002
0.7415450450000001
0.1161966277
0.09192449750000001
0.14004433275000003
0.0871380011
0.1170283097
0.07293351349999999
0.07693139199999999
0.1449448455
0.18293303100000002
0.16941633250000002
0.108645149
0.058347897800000006
0.052538126000000004
0.0613462975
0.1292922478
0.8333833600000001
0.831577774
0.8164837240000001
0.8584915385000002
0.9047993085000001
0.9277097755
0.938027503
0.9246896840000001
0.11220822550000001
0.050014611099999995
0.0428839758
0.0474868859
0.0659751638
0.09866462200000001
0.19533671450000004
0.8605715000000002
0.1603816085
0.0786179649
0.07350761455000002
0.12341216500000003
0.6403712370000001
0.1259549336
0.1334047825
0.1283194975
0.20341755800000003
0.6748560425000001
0.6635775545000001
0.713038381
0.7546323095000002
0.8171931865000001
0.8522455020000002
0.8424371000000002
0.8474548850000001
0.831767477
0.838348527
0.8582491555000001
0.8629267150000001
0.866187513
0.8542749745000001
0.8323865945000001
0.80770425
0.7976597175000001
0.773781954
0.7627545640000001
0.715071368
0.18598519100000002
0.19619043000000003
0.10613783750000001
0.08915384039999999
0.10930291750000001
0.7094525880000001
0.738253317
0.8584319190000002
0.6915424929999999
0.094016932
0.07548188095
0.10678989600000001
0.7493692350000001
0.7808076360000001
0.7543150949999999
0.09275764680000002
0.0615653167
0.06610784460000001
0.12789796750000001
0.8979062215000001
0.9088610750000001
0.09529633610000002
0.0595198866
0.0938153658
0.09418861290000001
0.06160741585
0.09198335125000001
0.901741772
0.9471167300000001
0.9507082795
0.9044929709999999
0.066208722
0.0462958587
0.04722360065000001
0.05743666570000001
0.06934427785000001
0.12986953185
0.8539972450000001
0.1002257665
0.058989870750000006
0.054923390100000004
0.0555688404
0.056546070250000004
0.0754798655
0.16085771499999998
0.8971252335000001
0.8777297415
0.903422079
0.7896849285
0.0882627595
0.06336159845
0.0739544176
0.11416651550000001
0.1991993265
0.8328673705
0.883317515
0.8205141075000001
0.7927097420000001
0.779077657
0.7496179940000002
0.126268818
0.08246465850000001
0.0801226595
0.08636209700000001
0.11091808650000001
0.24582505999999998
0.24967386450000004
0.8027951545
0.73624207
0.751611933
0.8597996900000001
0.8781833070000001
0.845094918
0.89567133
0.902910093
0.872851445
0.7242275874999999
0.16761189699999998
0.139455251
0.171343817
0.17848071450000003
0.476246976
0.27572027000000005
0.291074433
0.5911774240000001
0.8701636269999999
0.8994797820000001
0.891621942
0.8451869909999999
0.3249640515
0.1904543065
0.1946049095
0.34388194250000004
0.8673400804999999
0.8952793800000001
0.8318695000000002
0.7966824815
0.8392626990000001
0.7253291920000001
0.287667826
0.1693138797
0.1877401505
0.353770001
0.7573320080000001
0.22989826400000002
0.18030800119999998
0.19982982750000003
0.6982578970000001
0.8774859520000001
0.9082374370000001
0.8949945770000001
0.827306576
0.8409927370000001
0.759223788
0.6798724295
0.6613615810000001
0.6468046085
0.6535884800000001
0.696465287
0.801412006
0.177927629
0.13380197500000002
0.1302932665
0.21836122900000002
0.09906515
0.080194839
0.06954642000000001
0.0734959631
0.10257679700000001
0.196910673
0.865387225
0.154739799
0.07762759429999999
0.05463773010000001
0.052418702100000006
0.0615162041
0.10532400269999999
0.8684993959999999
0.9127245710000002
0.9002896265
0.9034258579999999
0.917277518
0.8944457890000002
0.888714692
0.8971674550000001
0.4334935305
0.22487989900000002
0.8136643259999999
0.1115789841
0.09695455900000002
0.175199766
0.24920456400000002
0.7800582835
0.29471624550000003
0.17706683700000003
0.6015624260000001
0.13652582675
0.13175261450000003
0.519176865
0.15698217800000003
0.18130767650000001
0.31632769399999994
0.8626312530000001
0.8936860875
0.8783676375000001
0.7141033849999999
0.1876983455
0.19433043750000004
0.7794532075
0.121000028
0.0858032283
0.13056162100000002
0.08987170775000002
0.07796134880000001
0.12462795975000002
0.14051770080000003
0.85744212
0.8841992350000001
0.929905943
0.934178138
0.9163872125
0.917522543
0.8743635875000001
0.1846908095
0.1055428565
0.0830646205
0.1200001945
0.1020395893
0.08893725800000002
0.12287973020000001
0.7593914500000001
0.223172543
0.27065806100000006
0.6428109949999999
0.665278177
0.7906058125
0.700384083
0.670073782
0.731360357
0.8620732675
0.88193727
0.8347179695000001
0.7922009440000001
0.7473134725
0.7141736265
0.1317953427
0.1026028355
0.08425818400000001
0.0774064425
0.1036354675
0.1454781005
0.314294941
0.331067642
0.24950287000000002
0.22561445150000004
0.20074790250000002
0.2833256065
0.25004337200000004
0.2819960415
0.6588927050000001
0.7528698500000002
0.400254471
0.6114766695
0.7811324865
0.606295392
0.20892526800000003
0.230149216
0.23926606500000003
0.25764963850000006
0.48000136300000007
0.2056694055
0.244475291
0.6966593190000001
0.8527147939999999
0.8745844135
0.83613452
0.840559992
0.8588266480000001
0.8363764160000001
0.8256285080000001
0.8431119619999999
0.8916220699999999
0.9165060245000001
0.894683556
