0.8536431705
0.7620110520000001
0.20579720550000002
0.19598173150000003
0.22844485150000002
0.1426196888
0.15621676050000002
0.1516303575
0.13980493949999998
0.7011995435
0.7328192760000001
0.8357119210000001
0.90951718
0.9223754120000001
0.914594424
0.8812950535000001
0.886756735
0.8420795120000002
0.8272056950000001
0.889655268
0.8999226245
0.8796543515
0.8896811950000001
0.860572066
0.8649623925000001
0.9029490270000001
0.8971181730000001
0.803952915
0.19867296000000004
0.24961942199999998
0.2166789515
0.1291949313
0.1280368458
0.10341743699999999
0.10621196530000002
0.16662542149999998
0.14420241450000004
0.1651451585
0.642301866
0.7243170210000002
0.856936847
0.8821930450000002
0.8396012575
0.8589170180000001
0.7594952840000001
0.6765248720000001
0.13092914950000004
0.10225614950000002
0.1136868558
0.12068085475000001
0.6126400350000001
0.157721327
0.18793428350000002
0.8478109050000001
0.22481493599999997
0.0743957183
0.0631659108
0.060524305949999996
0.08132440969999999
0.0725962495
0.09638171075
0.7729157825
0.7672877575
0.10006431235000002
0.06394386575000001
0.09129303585
0.06624699690000002
0.12023922719999999
0.918159992
0.9462836115
0.95305458
0.9490091450000001
0.9240931149999999
0.06564321980000001
0.043637493150000005
0.04657666835
0.06316031935000001
0.2125194125
0.8808655800000001
0.17914952350000005
0.13622753135000001
0.0774082924
0.06154271385000001
0.08696862725000001
0.08196697234999999
0.16228529700000002
0.8325128930000001
0.15414103250000002
0.1390986415
0.649331934
0.212961069
0.392294129
0.8050185900000001
0.21156747700000003
0.19612997249999997
0.6486085815
0.71430047
0.8697533150000001
0.8790205780000001
0.772589688
0.7312215475
0.782744265
0.2866368365
0.26313060250000003
0.42121665100000005
0.6849618955
0.7050514489999999
0.779535728
0.8335957915
0.881007579
0.8858937275000002
0.8622434990000001
0.8853903060000001
0.890941137
0.8723391650000001
0.7613014650000001
0.30262808
0.284989059
0.2885658515000001
0.7165121345
0.29520722050000003
0.33771453050000005
0.646285094
0.71158113
0.8278140020000001
0.7831148085
0.7820749625000001
0.841468456
0.3905251975
0.1646918275
0.14478592000000004
0.19378742000000004
0.16587787699999998
0.525744664
0.5656444125000001
0.23548364900000002
0.28427651
0.34348807550000005
0.18080548300000002
0.146671353
0.13425142500000004
0.1435319595
0.27480075200000004
0.12973574300000001
0.1082434625
0.10323097449999999
0.110807326
0.14911143300000002
0.158735939
0.1354746605
0.0957283545
0.0857494355
0.088365722
0.1232141305
0.17732519200000002
0.12033175500000001
0.12573932410000002
0.68919754
0.1027645865
0.09293739009999999
0.07021121400000001
0.0841873875
0.100013642
0.12018211550000002
0.19969024000000002
0.7991724215
0.21758366700000004
0.18294116100000002
0.8383839110000001
0.87690378
0.8910090665000001
0.886246076
0.87362488
0.8171549600000001
0.1532876865
0.230678025
0.8083296255000002
0.15084625750000002
0.1414121385
0.09413936810000001
0.060244584500000004
0.056449029000000005
0.06493128235000001
0.09547394349999999
0.769512848
0.7839927724999999
0.864435563
0.16000024250000003
0.16073181250000002
0.10825121235000001
0.0830033008
0.0887485258
0.16207609650000002
0.8242973655000001
0.7907562699999999
0.8252784080000001
0.881868605
0.8667790405
0.774876287
0.767922132
0.8446481120000001
0.8362892180000001
0.7253923745
0.638912895
0.257110131
0.24559771800000005
0.5401937015
0.626718271
0.6989868770000001
0.8250446339999999
0.8232831275000001
0.6431770655000001
0.22402866400000002
0.23536089350000003
0.5959825885
0.625883885
0.626478174
0.593178862
0.41934051800000005
0.349846
0.237151452
0.24119533750000002
0.3721607305
0.8147545
0.8337741865
0.410167484
0.1581757095
0.125289214
0.14115246750000002
0.1333803188
0.18625636099999998
0.561759084
0.338176042
0.8294532205000001
0.851497456
0.6870632255
0.6210195975000001
0.22304601799999998
0.218429802
0.6945876074999999
0.19081013300000002
0.175750722
0.29922820250000004
0.682374395
0.830659601
0.169583975
0.08021786799999998
0.06593425965000002
0.080020072
0.09589757620000001
0.270205735
0.9176411655000002
0.9391373580000001
0.928506244
0.7734535260000001
0.0626953148
0.04290199125
0.0407145258
0.04486998335
0.047509215400000006
0.06149915085
0.1513544865
0.8978876885
0.8792100005000001
0.8665125130000001
0.8661725825000001
0.8965095825
0.0788834859
0.048325090849999995
0.04603299330000001
0.0513714222
0.09262424825
0.8966186375
0.8967265210000002
0.910268776
0.9330405580000001
0.8676897830000001
0.06726416585
0.04882275225000001
0.05949426865000001
0.06470849015
0.1383823475
0.8980923135000001
0.877487878
0.8231163525
0.8257246350000002
0.1479196073
0.08346200825
0.06541823199999999
0.09157968050000001
0.0607211773
0.06120987395000001
0.09129184350000001
0.7810489565000002
0.769928533
0.743211536
0.7390783100000001
0.12247352305
0.08179974235
0.1083257209
0.08264403740000001
0.10851953350000001
0.2713615125
0.8507464055
0.717247622
0.19505416800000003
0.12460286599999999
0.13225488300000002
0.563473982
0.6066479
0.6203004605
0.12814196
0.130829718
0.11558072775000001
0.09625910185
0.074288958
0.10543788115000001
0.07394872795000001
0.1175620369
0.9012639595
0.9108355300000001
0.9000097485
0.872130299
0.8003770965
0.0756701548
0.054890628
0.0637583674
0.07259873415000001
0.1365166005
0.1884122055
0.2193443565
0.227533479
0.855857392
0.8661011235000001
0.7900664315
0.8591233900000002
0.8436549149999999
0.73244631
0.7147955779999999
0.757658924
0.8652331180000001
0.9002753465000001
0.9084929810000001
0.9032702180000001
0.8637551685000001
0.49236864750000003
0.4917390285
0.6450082570000001
0.250030985
0.24641207750000002
0.463524945
0.8218642710000001
0.7061339740000001
0.14702661299999997
0.14237539600000004
0.154898249
0.0841385927
0.07331563545
0.09454498125000001
0.72798873
0.7318185770000001
0.7738336275
0.901160168
0.890083309
0.11790028550000001
0.0914318013
0.10001314669999999
0.6604295615
0.110521307
0.0762889769
0.09505967659999999
0.740744649
0.7277888865000001
0.7367968414999999
0.21865417800000003
0.18543734700000003
0.15305167050000001
0.855655945
0.9074821035000001
0.936099008
0.926434502
0.848338588
0.09497759900000001
0.09908302720000002
0.12460198850000001
0.7470893155
0.727805415
0.705763352
0.11078250365000002
0.098374446
0.25453675400000003
0.8333951325000001
0.1506725405
0.15883165075000005
0.14181583500000003
0.8366095420000002
0.9180719469999999
0.9213469735
0.812153058
0.0864430277
0.06389986480000001
0.06594838335000001
0.106208223
0.16876273049999999
0.100240469
0.11460897930000001
0.1003902197
0.1226772769
0.639265791
0.6080081395
0.31444066299999995
0.34729855800000003
0.8492965540000001
0.85572644
0.22122113799999998
0.26268780599999997
0.09619406920000001
0.06668633865
0.059966605
0.07095405149999999
0.14741057000000002
0.9023640330000001
0.9238982600000002
0.893598796
0.15630742299999997
0.171093089
0.15503581549999998
0.8509681675
0.9141641770000001
0.8828822660000002
0.7925318075000001
0.105345323
0.10275810945000001
0.1124994505
0.6726643080000001
0.6636573560000001
0.6712032265
0.1435105215
0.097399314
0.09258325425000001
0.12628899470000002
0.741796579
0.2241581785
0.23887747050000002
0.29989079249999995
0.852788475
0.8988118680000001
0.9012783240000001
0.8721215600000001
0.6626189455
0.4440041760000001
0.25838972400000004
0.27955258450000003
0.48067195700000004
0.5215986324999999
0.564025012
0.616325758
0.6666992905000001
0.77622194
0.4046461055
0.23655466399999997
0.270642501
0.32544018850000006
0.727901851
0.2504448445
0.2197638975
0.16490061099999997
0.1719817625
0.539578643
0.34957507649999997
0.6224744655000001
0.609653634
0.190979439
0.16888625699999998
0.258415176
0.16844367350000003
0.10766269750000002
0.097548761
0.12596212350000002
0.21453046150000002
0.7906739500000001
0.15330556950000002
0.10166606530000001
0.11271835949999999
0.6314121435
0.656259092
0.6845420150000001
0.7392665275
0.8869511490000003
0.8761090000000001
0.13151357000000002
0.11992072949999999
0.077768148
0.09407527545
0.7459768790000001
0.782831261
0.8897737925000001
0.8070808785
0.7594664250000002
0.7466454
0.14593479150000002
0.0973861522
0.0601331209
0.06311576865000001
0.1112326715
0.811314803
0.14096033600000002
0.126909238
0.7312518335
0.2591526355
0.8525732110000002
0.8975183775000002
0.9332145205000002
0.9109379870000001
0.846448069
0.2072069755
0.7629604985000001
0.07239341889999999
0.0486466392
0.04606469880000001
0.04942074085000001
0.05657827590000001
0.08262037950000001
0.15942425100000004
0.873408687
0.8157209799999999
0.7719643565000001
0.8146125175000001
0.8492885265000002
0.8826690615000001
0.7715711425
0.1035058455
0.08809224940000002
0.129182307
0.19273027
0.747582046
0.829945399
0.14777365450000002
0.11102270725
0.1275614468
0.580992803
0.13007307
0.10987665350000002
0.12166030400000001
0.15309497150000004
0.6562414420000001
0.714594491
0.8481506670000001
0.8734964790000002
0.8485401620000002
0.683166473
0.2199279225
0.2038898365
0.54907686
0.197365932
0.1334838075
0.10799123870000002
0.10390762219999998
0.1383882555
0.1467274995
0.621304066
0.18529803649999999
0.25175719350000003
0.23462965900000002
0.1560707855
0.240465844
0.6089120715
0.142240145
0.13736505485
0.12047901230000001
0.170214035
0.8744703444999999
0.9111528445000001
0.90723651
0.877631579
0.6520659169999999
0.12352497215
0.11945148364999998
0.1034061216
0.14958640325000003
0.27027706650000005
0.8266142250000001
0.6921494174999999
0.6709856725
0.7997366015000001
0.15758960499999997
0.13481033750000004
0.601840575
0.1027300575
0.0814785017
0.11652312780000003
0.6857839250000001
0.14599504800000002
0.11542746320000001
0.145594085
0.744116638
0.12198700770000001
0.07595677260000001
0.07405657535
0.07344064859999999
0.0787567643
0.07817075685
0.07219206715000001
0.07605725235000001
0.05681994395000001
0.0520025608
0.05575749120000001
0.0922694037
0.8866153785000002
0.923927452
0.9130402099999999
0.89531013
0.8998877540000001
0.8907501420000001
0.887963158
0.8565239935000001
0.06686042399999999
0.04393454720000001
0.04258176425
0.04726894335000001
0.054412274999999996
0.0633279975
0.11510872330000001
0.19623350835
0.8073510990000001
0.11498014099999998
0.10220594340000001
0.08672951035000001
0.1785355255
0.7617447315
0.16462355060000003
0.234777829
0.27964362200000004
0.7940190160000001
0.773459723
0.1452747775
0.08848442200000001
0.099153501
0.6532401365000001
0.1455792182
0.189512951
0.88674587
0.906464445
0.8084356505000001
0.139275964
0.0852401707
0.08242800685
0.16563084800000002
0.13931625400000003
0.6981490849999998
0.6951404754999999
0.1169174548
0.08148195535
0.0738306271
0.07864652365
0.12326516420000003
0.104195509
0.159900107
0.1857585185
0.18271889450000003
0.746566217
0.8405627440000002
0.73326764
0.28712979050000004
0.48682625650000005
0.6913415355000001
0.14446441170000002
0.10308975070000001
0.1094939518
0.18163761700000003
0.1366006435
0.171697091
0.752272177
0.8755018500000001
0.8927844845000001
0.863487785
0.763942671
0.8020620465000001
0.89438353
0.9096085050000001
0.8903627700000001
0.754450232
0.10867886600000001
0.079954789
0.0797559145
0.1044778713
0.760589402
0.7991149600000002
0.7965268495000001
0.7933542720000001
0.7486733185000001
0.110169399
0.0832010525
0.10428388300000001
0.168086079
0.8337831564999999
0.818438224
0.18920702300000003
0.1687159775
0.14909776049999998
0.180342521
0.63844565
0.678181553
0.653147696
0.776576178
0.2485181405
0.2082466105
0.274651499
0.2353991085
0.585931783
0.6468194720000001
0.771536024
0.2230144795
0.12876753800000001
0.108469097
0.13564741449999998
0.15811914900000001
0.20291832250000003
0.8904646525000002
0.9199468865000001
0.8967191850000001
0.1045807703
0.074408354
0.06639462025
0.1196254524
0.13633533050000002
0.7088080099999999
0.0856239117
0.059826037
0.06931662855000001
0.1327916146
0.1417983937
0.11818322985
0.862473606
0.9148255825
0.9134552765000001
0.9241345190000001
0.9062907355
0.906386168
0.919339427
0.8939645285000002
0.8395753880000001
0.0805277424
0.074745174
0.08715673460000001
0.1238988316
0.06377762175000001
0.0654291058
0.09463329105
0.07695483909999999
0.06546759800000002
0.0677279445
0.10965249400000003
0.8492453449999999
0.7520960930000001
0.7575179480000002
0.839384798
0.2084513175
0.2827392225
0.21903238649999998
0.11388701120000001
0.102984051
0.18125966450000003
0.13095673000000002
0.163214067
0.6850587960000001
0.6913440710000001
0.8012909595
0.6572441050000002
0.25522619950000003
0.6265882715
0.1805519385
0.14859314900000004
0.23385938500000003
0.170810604
0.2115098695
0.2685480995
0.668355927
0.7894134870000001
0.376173493
0.17862865800000002
0.17470578699999997
0.23755762900000002
0.3616493545
0.8005238065000001
0.6912908190000001
0.19631091200000003
0.17779909849999997
0.26878992599999996
0.1264731085
0.0972773055
0.0970447475
0.1140808885
0.13498853900000002
0.2012629975
0.23889614499999998
0.7724639200000001
0.6501949650000001
0.2434086205
0.15540280650000002
0.13634659300000002
0.16002214900000003
0.6848702419999999
0.8050392575
0.6487015629999999
0.167355542
0.143879862
0.1766068435
0.3339501645000001
0.6472540130000001
0.6264624974999999
0.6551967930000001
0.6646450685
0.6592245389999999
0.709960124
0.8278040240000001
0.8440477935
0.7684133499999999
0.6670658655000001
0.5853825309999999
0.25971480300000005
0.28612875900000007
0.3005369425
0.3234737275
0.7140559000000001
0.47942635850000004
0.7373793850000001
0.40467650200000005
0.317289763
0.27402139799999997
0.5883313175000001
0.6204959675
0.7480223455000001
0.6722634905000001
0.69729611
0.81235994
0.8097900345000002
0.6618255769999999
0.15983170600000002
0.138161278
0.16385670300000002
0.16588328700000002
0.14133336149999998
0.1638967045
0.271039341
0.8069600885
0.7568279665
0.8459982585
0.829009906
0.659478169
0.601138672
0.541946178
0.1525491455
0.1311782332
0.15675250950000003
0.154119444
0.2106782815
0.8365829715
0.8912754860000001
0.8959435835
0.8734720030000002
0.817422843
0.23573015250000004
0.1487895965
0.152030164
0.247445024
0.271075265
0.359177725
0.8424614810000002
0.839376077
0.6328487424999999
0.1437487295
0.1245248185
0.1663930555
0.8089399955000001
0.7735061169999999
0.7673870245000001
0.838159435
0.715472987
0.6267665550000001
0.16972156650000003
0.16664563000000002
0.2859070635
0.833071273
0.860237777
0.779253239
0.8575929975000001
0.868837075
0.845760874
0.75849085
0.8236882070000001
0.8126244375000001
0.621405872
0.20392300300000002
0.1478106645
0.14615752750000002
0.1203460705
0.1244074802
0.1830257785
0.750267798
0.385090885
0.22462702850000002
0.5716997595000001
0.2072955615
0.19288211
0.20705447000000002
0.1325024245
0.1266741295
0.181317488
0.6337959005
0.6404026930000001
0.33901966199999994
0.2537062285
0.35752300550000005
0.7705630860000001
0.19130541749999996
0.1605085575
0.12251392150000003
0.149377074
0.1942759365
0.14028852800000002
0.09872317370000001
0.088357898
0.10368753650000001
0.192103356
0.7895569410000002
0.2135987145
0.12707637800000002
0.130339903
0.638272603
0.24045186899999998
0.26094896800000006
0.20592616600000002
0.7433777770000001
0.7770646875
0.850085437
0.7479386790000001
0.7124611335000001
0.7060851265
0.7102313935000001
0.8440752374999999
0.1964817805
0.0864359126
0.07227382
0.08914669225
0.749779742
0.8110908600000001
0.8434223200000002
0.868772368
0.8993695095000002
0.8295208845
0.780631331
0.7255536725
0.06984185644999999
0.05312578465
0.05024817235
0.0778445986
0.06199011135
0.1098153842
0.9143193350000002
0.9373222920000001
0.948765406
0.940216807
0.8732047405000001
0.061083715499999997
0.04290542765
0.0431982984
0.0519699247
0.087609247
0.118288356
0.8808243925000001
0.8444066375000001
0.7881598205
0.7457646960000001
0.699559183
0.0923554332
0.06967223320000002
0.08175985575
0.17773738700000002
0.8889206530000001
0.9245427020000001
0.9313032350000001
0.9212192300000001
0.8476449415000001
0.7762861405
0.71643665
0.14131530800000003
0.141640789
0.13797810724999998
0.6097513549999999
0.14983966750000002
0.18182855699999997
0.426428417
0.8436296730000001
0.355076912
0.10895113175
0.07955547295000001
0.08349656800000001
0.1124096893
0.24278766500000004
0.8251926875000002
0.3757838835000001
0.172867433
0.2266067235
0.1122687484
0.12126963465000001
0.10625404470000001
0.15057034330000002
0.19912215499999997
0.08962662145
0.094057648
0.1312598405
0.168606158
0.3648892565
0.817356098
0.16087943000000002
0.12011266670000001
0.0741347757
0.07427020635
0.089270508
0.08057726150000001
0.06272293890000001
0.07301022080000001
0.09792562880000003
0.8490409010000001
0.9266092900000001
0.9283093120000001
0.8368822300000002
0.7502050145000001
0.0664586907
0.049780678450000004
0.04777006355
0.05740346675000001
0.0881172705
0.8599121925000001
0.8928056840000002
0.8947746910000001
0.8624043020000001
0.10316141999999999
0.0892828065
0.0605794949
0.0729982585
0.1389850185
0.9005804055000001
0.9162133890000002
0.7872393575000001
0.0768175733
0.0653781953
0.0779673671
0.143044059
0.1775768685
0.1407597724
0.73937379
0.675278447
0.18892206050000002
0.216922591
0.1627663755
0.711574822
0.8417927935000001
0.82720466
0.8666463095000001
0.8176058960000001
0.7856092065
0.7616869465
0.7165089625000001
0.23387518000000002
0.28734518099999995
0.6154954575000001
0.15330248049999998
0.150011428
0.19019972000000002
0.275245949
0.21325293550000002
0.362654584
0.712459701
0.8530200535
0.8537996620000001
0.736651424
0.678444939
0.6580547605000001
0.24444350000000004
0.31632823400000004
0.216808154
0.17038958899999998
0.171581579
0.37282113800000005
0.6265440940000001
0.1585219555
0.117791299
0.11520111100000001
0.12143523650000002
0.15714701949999998
0.6962034679999999
0.7603950685
0.8581569110000001
0.8170574370000001
0.8835532985000001
0.8689366570000001
0.46902472500000003
0.24067177550000002
0.24089952000000003
0.416779079
0.626758352
0.875675757
0.85144597
0.6672455150000001
0.259441122
0.2760248595
0.7233402094999999
0.8593244099999999
0.8444184630000001
0.8511354210000001
0.7647477715000002
0.729540532
0.7387431515000001
0.8149595645000001
0.734766433
0.37422709800000004
0.502853608
0.6054479520000001
0.769390793
0.34391783100000006
0.5776368190000001
0.28344978350000005
0.41323911500000005
0.416151231
0.357607771
0.7785005749999999
0.7269816565
0.7968102765000001
0.8864507395
0.8810872280000002
0.7946156355000001
0.724742031
0.7272314925000001
0.7844066375000001
0.8531257010000001
0.8055461920000001
0.812380325
0.1880439075
0.137854285
0.145123456
0.19327262550000002
0.28885525200000006
0.28480393000000004
0.7694762
0.867009095
0.8455537715
0.8997184645
0.918255667
0.9188803645000001
0.9092387115000001
0.9192295725
0.896963259
