0.805684815
0.8255141225000001
0.8352214
0.8393268300000002
0.856538115
0.8860595575000001
0.8973155620000001
0.8930569469999999
0.873882958
0.8901303495000001
0.9007902700000001
0.9048788450000002
0.903560746
0.8945839950000001
0.8651092650000002
0.818840744
0.7339650520000001
0.32248539000000004
0.36172508850000007
0.31670489399999996
0.21237219150000006
0.20558728000000004
0.3101552075000001
0.8083905105
0.778820635
0.8845220100000001
0.9036179450000001
0.88548984
0.33363106249999996
0.1302774155
0.11008108000000001
0.12604502450000002
0.710170066
0.8552123500000001
0.7411123675000001
0.097719711
0.08598385050000001
0.09113531050000001
0.12228504525000002
0.1033205638
0.07055821649999999
0.09249894040000001
0.708455005
0.10265347899999999
0.05924788625
0.06233380154999999
0.15130805939999997
0.9076182955000001
0.9259064790000001
0.9338080400000002
0.9443007959999999
0.9273357470000001
0.8999699970000001
0.827220058
0.059292247650000005
0.0427099117
0.045370876600000005
0.05924557095000001
0.055007845050000004
0.05888549725
0.0674481692
0.07535577420000002
0.0802812619
0.13954281959999998
0.12920456800000002
0.7488813894999999
0.8007753635
0.15359979999999998
0.12579286325000003
0.14034839030000001
0.256049289
0.8485526000000001
0.8825823225
0.8739320400000001
0.8237037545
0.333043185
0.31698122149999997
0.34217307250000006
0.252262918
0.5672630515
0.213121587
0.209198416
0.172697887
0.26271465250000003
0.196317415
0.5823368130000002
0.148030009
0.12995272900000002
0.1540752815
0.1445527725
0.20855125650000003
0.8357994279999998
0.8575547214999999
0.6850557270000001
0.2172903955
0.24944876650000003
0.159528026
0.1803304705
0.7740397410000002
0.1250420555
0.077949356
0.07660419165000001
0.11930232730000002
0.19632373900000005
0.7235522555
0.6484588035000001
0.13376516800000002
0.12611172485000002
0.793645839
0.8573926525000001
0.9337389530000002
0.944672046
0.9376670050000001
0.912408968
0.08168650385
0.059737865499999994
0.08121371435000001
0.11751337895
0.075495614
0.077155695
0.10979532430000001
0.6846227250000001
0.11424977920000001
0.09266446
0.10772958895
0.09662232800000001
0.1276549783
0.1596874375
0.1484677405
0.6280968500000002
0.1841850965
0.12288967590000001
0.1323520228
0.6727362269999999
0.6908152160000001
0.7575841984999999
0.8622183120000001
0.781671882
0.7024762800000001
0.141065363
0.127574399
0.20059935
0.5516064655
0.19045850200000003
0.26283384800000004
0.24035462400000002
0.7237324969999999
0.612245449
0.5611910235
0.30351701000000003
0.44493962849999996
0.49852061100000006
0.837864822
0.8294673100000002
0.18927663
0.1147895685
0.0874362482
0.08275151750000001
0.08130292409999999
0.09443823750000001
0.141853889
0.7088624365
0.855289464
0.8656159080000001
0.7677332885
0.878625995
0.9027789560000001
0.9034418944999999
0.8901088920000001
0.8411042440000001
0.6326820365000001
0.5445766620000001
0.17868060150000004
0.12549412100000001
0.13421344750000003
0.5016801270000001
0.14155088799999999
0.1366222695
0.2112355245
0.8018100335000001
0.340570348
0.277805633
0.8213386405
0.735254732
0.72828986
0.8357742775000001
0.17860590750000002
0.11590548275000001
0.16352953550000002
0.17297163125000004
0.17605564900000004
0.8678963439999999
0.874686106
0.8679777470000001
0.87057976
0.8734063825000001
0.8734866945
0.8820592650000001
0.885751344
0.7938022264999999
0.09619545800000001
0.09520720190000001
0.09912799150000001
0.10424095
0.24659083200000004
0.8623308520000001
0.8283910765
0.8675705725000001
0.7105828230000001
0.2093717455
0.310467126
0.6559306920000001
0.2673488685
0.16278311350000002
0.1697941635
0.565416769
0.17614514550000002
0.1785988895
0.2923459915
0.6071466149999999
0.169463168
0.1348853223
0.13090513275000001
0.176702162
0.1980481235
0.769737648
0.19668761450000002
0.18318280800000003
0.191838922
0.11612145780000001
0.1264931652
0.794308089
0.8878546370000001
0.8307209790000001
0.8592999200000001
0.1168172428
0.09328678185000001
0.1275081365
0.18612557700000004
0.1831661497
0.7624345000000001
0.6469012540000001
0.6277244130000001
0.6016925070000001
0.6221950559999999
0.6409408270000001
0.6634977645
0.6678429325
0.10073270750000002
0.06967377870000001
0.06673378775
0.0738982964
0.1183342775
0.07330704130000001
0.06307082855
0.060354700149999996
0.0699615263
0.1334595825
0.8846688189999998
0.8381890930000001
0.134852772
0.11974284850000001
0.06940586160000002
0.05831112135
0.0901644675
0.2250681025
0.9234446550000001
0.9444448425000002
0.9351748985000001
0.32305009
0.11860915050000002
0.06240047435
0.07669332200000001
0.07119738800000001
0.104183151
0.8895553930000001
0.8941795625
0.9022446880000001
0.914550325
0.836839658
0.0733431315
0.054604042000000005
0.05397700070000001
0.06899589635
0.11199174600000002
0.7572069780000001
0.12715853645000003
0.0738950798
0.069497587
0.0992976012
0.1563842645
0.8150139115
0.192099433
0.2248391475
0.16303921650000003
0.139356966
0.20307929300000002
0.7986903115
0.1513450995
0.10783104245000001
0.08984587465000002
0.07783638865
0.0936363985
0.09503726500000001
0.15313461450000002
0.283172837
0.20772383850000004
0.18035675150000002
0.6355630315
0.6298160770000001
0.61667274
0.176721409
0.199364981
0.278122134
0.18332573950000003
0.18305534
0.14061051100000002
0.1002928465
0.08331788925
0.09217701265
0.07445934359999999
0.06583161339999999
0.0712328253
0.10042524580000001
0.06939927779999999
0.07926096745
0.133891171
0.853252824
0.10074141385000002
0.05749509365
0.05474762910000001
0.0820151397
0.8773456740000001
0.914467355
0.93370283
0.9448216775
0.892722783
0.0645261303
0.041937053700000004
0.039301913
0.044173679725000005
0.0525391667
0.08227132685
0.1334385875
0.8827904150000001
0.8236135710000001
0.112882531
0.07022361229999999
0.074143673
0.1175435347
0.7371157570000001
0.1936638415
0.09720285000000001
0.09757058700000001
0.2279010575
0.7872485
0.8701538600000002
0.7380044335
0.17708488850000004
0.177204408
0.6937905309999999
0.68027875
0.6845773330000001
0.6555073339999999
0.1697931065
0.15669676600000002
0.621467513
0.640903996
0.6491362395
0.161165842
0.15346587
0.14060018400000002
0.21461026200000002
0.1396748562
0.144317353
0.2009151395
0.27635666299999995
0.14806652250000002
0.11552308370000001
0.10323104
0.1256259375
0.158334615
0.162482494
0.128160615
0.12362037980000001
0.15132720700000005
0.2625752775
0.7962193065
0.24241800600000002
0.35344261050000003
0.16438347
0.10861339200000002
0.16659357175
0.09343164
0.06499686115000002
0.0603410189
0.062801463
0.0606326569
0.0781447529
0.12160534045000002
0.7688966070000001
0.227646997
0.8205245835
0.8685596860000001
0.9215681394999999
0.9295558885
0.917119888
0.9295768235
0.93013136
0.91900992
0.8397290310000001
0.1919394835
0.750904706
0.0872342605
0.08785566865000001
0.06408489365
0.1001755011
0.0786522761
0.0678039148
0.07566975215
0.1375670813
0.690775577
0.16713531190000003
0.20600094775
0.15584129950000003
0.13546229899999998
0.18830887500000001
0.15603752050000003
0.22622491
0.797668672
0.7869574205000001
0.6322615545000001
0.37392507900000005
0.21704411050000003
0.2052451935
0.555388663
0.5114876135
0.17925009150000004
0.18718033999999997
0.1646081855
0.17999271350000004
0.286512969
0.2906336035
0.18354255499999997
0.21199761650000004
0.4790107345
0.5092409754999999
0.5821666575000001
0.625595272
0.7011229794999999
0.8616635140000001
0.8853394255000001
0.8622438770000002
0.69659239
0.137841414
0.11836151710000002
0.17949024149999998
0.18384233050000004
0.132514674
0.1728393655
0.6628425629999999
0.64851771
0.645913304
0.6798391895
0.7103820845000001
0.85112319
0.263189685
0.1196257012
0.128067907
0.11665126650000002
0.095094354
0.11399822400000001
0.118566165
0.1575726845
0.16557340550000002
0.6785046469999999
0.7073728615
0.8008321725
0.6882681705
0.711522079
0.8045809770000001
0.648306492
0.21537348000000003
0.2748403955
0.23819950550000002
0.6168528649999999
0.63606913
0.6181495265
0.5999585095000001
0.5925207069999999
0.5080035780000001
0.1427280535
0.1090853445
0.10466099
0.1309624825
0.21945056200000004
0.14580715800000002
0.1655262615
0.29669683700000005
0.2548385745
0.7865238080000001
0.646223481
0.5968132465000001
0.17910520000000002
0.15410004400000002
0.19495546300000002
0.782193475
0.68249773
0.666979248
0.65478583
0.13662287700000003
0.09795484275
0.0728620707
0.0783364255
0.12235677815000003
0.73420501
0.739326092
0.10999244150000001
0.07698747120000002
0.06570513735
0.06470075735000001
0.05932456465000001
0.0566207457
0.056775926399999996
0.055753023900000004
0.07336713539999999
0.130951033
0.91339988
0.9392991220000002
0.9345195595000001
0.8067606405000001
0.06836607894999999
0.049411057999999994
0.051675839300000005
0.0850307394
0.8748363175000001
0.923801762
0.9452413675000002
0.9234740615000001
0.08153864825000001
0.051788389750000004
0.05625418790000001
0.10498882260000002
0.8960856475000001
0.8840202100000001
0.831206215
0.08569041965
0.07839273919999999
0.061712039350000004
0.08143731905000001
0.0644367036
0.06206475175000001
0.06066783795
0.0640217646
0.08913114940000001
0.261760702
0.845993055
0.12989287790000004
0.08840355875
0.1163906127
0.23059995550000004
0.4297402880000001
0.8771450540000001
0.879878215
0.7502280050000002
0.654876619
0.5918007600000001
0.24612468450000002
0.2068662935
0.2531858235
0.789658358
0.813316779
0.6790071890000001
0.6399836360000001
0.580715404
0.4784163665000001
0.1619212045
0.1611818075
0.12877962650000002
0.14144053
0.6340377254999999
0.19482812400000002
0.14769252100000002
0.09845501350000001
0.10616325555
0.583242032
0.11305883900000002
0.0990789372
0.2103719715
0.8199757650000001
0.8445647800000001
0.8573262065
0.8683584085
0.8904373220000001
0.914080342
0.9041083915000001
0.905816495
0.844996463
0.1097662935
0.060460834500000005
0.05213947950000001
0.059033617
0.07831657549999999
0.1608033261
0.1860564975
0.10407012980000002
0.1146730645
0.192592632
0.155735054
0.252367897
0.13389072250000003
0.11330818350000002
0.13952552250000003
0.5506014170000001
0.1768705935
0.17230658750000002
0.682842772
0.8080040470000001
0.7200902964999999
0.6984695765000001
0.7215343375
0.836981042
0.791659405
0.8720458600000001
0.855069846
0.1352347035
0.0842154619
0.07984675100000001
0.0963781439
0.1353152485
0.154699176
0.1504733647
0.14904694
0.1750422125
0.1441217055
0.16325226150000002
0.6217808010000001
0.15382563050000003
0.107582128
0.10264742100000002
0.123427006
0.20791767050000004
0.1630736795
0.15002255
0.19790699850000001
0.8239025400000002
0.8103557185
0.20051585900000002
0.2198307635
0.1343879561
0.14792501300000002
0.6577734765000001
0.7948293435
0.26917391350000003
0.21869109550000004
0.18037164849999998
0.6269488459999999
0.6267544700000001
0.2901373965
0.795339725
0.190807187
0.0981821385
0.09241458599999999
0.07750851199999999
0.104677691
0.6520555385
0.2091801975
0.721596395
0.7433346555
0.0959433294
0.06718006150000001
0.06457275615
0.06806040470000001
0.07871627265
0.09837010230000001
0.07213913990000001
0.06931424935
0.0785961142
0.1340320955
0.7673735875000001
0.10133192075000001
0.0734904806
0.07750973800000001
0.10210755545000001
0.0652422092
0.0888922137
0.8304185725000001
0.845989891
0.8769718205
0.8537505045
0.26400866700000003
0.758336984
0.16333838300000003
0.24071120000000004
0.901232982
0.8939094665000001
0.15679111350000002
0.09346164785
0.05392091430000001
0.053487124500000004
0.056701969600000006
0.059769616000000005
0.061903412500000005
0.069274907
0.10216206350000001
0.0782430115
0.06871227370000002
0.1137560863
0.146932108
0.8625485380000002
0.9193378205
0.9286910795000001
0.909941658
0.7873059110000001
0.7096544060000001
0.29625803250000005
0.6364999185
0.21475012300000001
0.6022509
0.2236520355
0.3654892635
0.8039864449999999
0.2857629865
0.42132150150000003
0.7850223225
0.308331648
0.642289482
0.619289983
0.26945930400000007
0.40481367600000007
0.5720519015000001
0.8273332385000001
0.69157026
0.18059526750000002
0.16689021925000003
0.1915934733
0.22142014229999998
0.5557238864999999
0.6323240824999999
0.723561388
0.82327943
0.8006536310000001
0.8027112125
0.8738218135
0.890484901
0.868475418
0.73299169
0.362750664
0.2057160825
0.25976416550000003
0.19302088150000002
0.26578984750000006
0.7121264135
0.8363337110000001
0.758733096
0.836394529
0.2992167305
0.1468628735
0.153862105
0.146461076
0.23267830250000002
0.7528671680000001
0.22289503849999998
0.1968172705
0.573952087
0.16550066
0.180272634
0.22236324550000003
0.157032211
0.618983665
0.10920887280000001
0.07806433580000001
0.0904973073
0.6315096575000001
0.17898634350000003
0.1943228035
0.8130354635
0.9170875715
0.9349312455
0.923986852
0.7952193130000001
0.08243832325000001
0.06782484355
0.06666727820000001
0.082246888
0.7045670085000001
0.13514936549999998
0.1722989815
0.8944611370000001
0.9369260460000001
0.9390700000000001
0.9024404275000001
0.8122026970000001
0.1023379008
0.10255567975
0.6575741049999999
0.08720675505
0.06856642510000001
0.08966050200000002
0.10746705140000001
0.7331260875000001
0.31331824950000003
0.33774358600000004
0.7102899680000001
0.09989444900000001
0.0655213256
0.0693817405
0.0877151915
0.108764261
0.1038979895
0.12181008400000003
0.6153002679999999
0.1799316355
0.18008316350000003
0.591801832
0.588634282
0.3221607785
0.2473581515
0.3328106515
0.319151097
0.23145662000000003
0.6330223450000001
0.67741494
0.7914677
0.666276512
0.6259602740000001
0.579998637
0.16401798699999998
0.1631996885
0.1601372735
0.1397452165
0.19255932250000002
0.5170160970000001
0.558744611
0.5822032509999999
0.5595606150000001
0.489990404
0.19512680450000003
0.1893207775
0.1692093445
0.191722187
0.5694559705
0.38612581
0.3119121325
0.285377491
0.5347567870000001
0.858753822
0.8394628075
0.665335995
0.60428271
0.6132882070000002
0.6711005915
0.8324094875000001
0.8693898705
0.8126770110000001
0.9029899215000001
0.916379961
0.8976123515
0.1770422225
0.07730042949999999
0.0738272465
0.128876456
0.11772802250000002
0.0675344497
0.0621827807
0.0613389022
0.0605625835
0.06789026065
0.11650763700000001
0.8517813600000002
0.8908834775000001
0.1234759051
0.09209099835
0.16407961150000003
0.8556333985000001
0.10006362155000001
0.05634183755
0.04926828910000001
0.0556595918
0.10236911330000001
0.9108403995000001
0.94379975
0.9318607895000001
0.08511888225
0.04705744775000001
0.04279596665
0.05004722885000001
0.07775750049999999
0.7862486870000001
0.8243059730000001
0.18735703
0.09670352325000002
0.12636240515
0.8877351970000001
0.9035877300000001
0.917273277
0.9354130080000002
0.9130036380000002
0.07881962595
0.048873317650000005
0.04796989570000001
0.05794925165000001
0.10305242800000002
0.8645696165000001
0.8339789505
0.8896508285
0.8193982945
0.8234347820000001
0.8905007720000001
0.87017487
0.15828750850000003
0.1445500619
0.13623980890000004
0.11473678120000001
0.15286499350000002
0.332635075
0.811384035
0.7204745850000001
0.6542754195000001
0.619188799
0.317369272
0.4021101095
0.4583117885
0.6233160210000002
0.6690061860000001
0.6980677135
0.791163211
0.8539512400000001
0.835967981
0.8305772164999999
0.5475382145000001
0.35699010950000004
0.316488119
0.6168446940000001
0.6316152305
0.671114772
0.6966379045000001
0.759434153
0.850899027
0.8837883584999999
0.8739289005000002
0.8082653325
0.845651869
0.7508499135
0.227152853
0.31459428850000004
0.213758834
0.0947678875
0.0660696692
0.05993579030000001
0.06514305934999999
0.09210775660000001
0.7701282110000001
0.7686444955
0.7698485134999999
0.8274709474999999
0.8741835100000002
0.9133347530000001
0.9078546725000002
0.9116907110000001
0.8582588130000001
0.7629532615000001
0.09054246124999998
0.07000261320000001
0.0761752863
0.135360676
0.6226889885000001
0.15286769250000004
0.1773131415
0.19896897900000002
0.234531438
0.8366076150000001
0.867264122
0.8442027425
0.1542842195
0.1157256667
0.14124217800000002
0.6845572865
0.274655906
0.10435079900000001
0.07874032054999999
0.07171410425
0.07649844485000001
0.07364854289999999
0.07036226400000001
0.06724078705
0.0694066564
0.088819352
0.08145869750000001
0.14272188700000002
0.840080075
0.8313428810000001
0.22577792650000003
0.24021101600000003
0.18674383000000003
0.8496637309999999
0.8834404920000001
0.8820923340000002
0.8285553815000001
0.11965539500000001
0.133683248
0.2363811015
0.8553230285
0.847535045
0.1646263825
0.0821454595
0.08811610460000001
0.134277823
0.80344627
0.14375273500000002
0.1360634705
0.6522790570000001
0.13041283250000002
0.138022701
0.13392035250000003
0.6788327325
0.107821876
0.083467371
0.10456020900000002
0.15165161050000003
0.08466505195000001
0.0777019953
0.11080668850000001
0.0895222
0.10397564670000001
0.8645721175
0.9259356365
0.9293488379999999
0.8474386970000002
0.09436260369999999
0.054302988600000004
0.052904540400000005
0.07472609775
0.8466995790000001
0.9044263549999999
0.93803685
0.9171181479999999
0.08221516620000001
0.0510003327
0.052565115550000006
0.0879745405
0.823944075
0.9060450955000001
0.8504475870000001
0.880201915
0.1245681
0.11342228500000001
0.07555244575
0.06777714770000001
0.08611701299999999
0.182925108
0.8994241850000001
0.9113519280000002
0.760451855
0.1032802225
0.0659220014
0.06738654490000001
0.07319307250000001
0.0811639278
0.109701771
0.657893158
0.13766152599999998
0.15760313850000002
0.1038560745
0.176117399
0.195121693
0.174191634
0.8832712000000001
0.8803019430000001
0.8946784325
0.9225703500000001
0.9297432905000002
0.9284935685000001
0.9145134290000001
0.8531082000000001
0.7674408215000001
0.075433101
0.07020744400000001
0.07615606325
0.0810706465
0.13067642100000001
0.2544537
0.8288219824999998
0.14286547449999998
0.09052676799999998
0.09302197550000002
0.13807153549999998
0.162863322
0.29535392150000006
0.20198965000000002
0.14660973100000002
0.157462292
0.2711431275
0.1917085445
0.6048724025
0.17849925700000002
0.18494662700000003
0.2900341125
0.1910693065
0.14232965000000003
0.1285438287
0.09428211700000001
0.11025268500000002
0.17722966399999998
0.1309998539
0.11142398880000001
0.151780418
0.8350306195
0.7318488579999999
0.7479940230000001
0.18393742150000003
0.06878499354999999
0.05748022594999999
0.060369256
0.07192720405
0.10242068595
0.708284862
0.13034298300000002
0.13109291939999998
0.7428372179999999
0.10691366380000002
0.07057026115000002
0.05712947595
0.04847786485
0.0534661736
0.10525370605
0.9197436305000001
0.9458658845000001
0.9437096564999999
0.9264300099999999
0.8855450810000001
0.06884707595
0.04950638875
0.053112115050000006
0.09665593385
0.10344948930000002
0.0655968059
0.063007233
0.06325604155000002
0.06818042445
0.0675301448
0.0646304317
0.06843526920000002
0.09207898700000001
0.21161777950000002
0.8700304245
0.1275271756
0.07289344595000001
0.0782191242
0.09830723400000001
0.11047550110000001
0.09387687875
0.08337311809999999
0.07689803234999999
0.08993753625
0.08258130770000001
0.09837828650000001
0.1002409675
0.1316624525
0.655342472
0.1682151715
0.17050815000000002
0.166357366
0.144435476
0.15633705950000001
0.15169212799999998
0.1324659988
0.14402488450000003
0.331237882
0.8606890165000001
0.8671924430000001
0.44606494100000005
0.21435960399999998
0.20444947600000002
0.17437165850000003
0.12206273700000002
0.13543729799999998
0.10919607099999999
0.09850925800000002
0.10640626
0.13218924
0.3424751775
0.8861578215000001
0.9241537615000001
0.9061257250000001
