0.9000789665
0.9219710655
0.9023532550000001
0.8930380420000001
0.729299518
0.28758431500000003
0.15315072170000002
0.1047621885
0.08666499170000001
0.082510771
0.087929345
0.0905375325
0.09368911
0.10770101200000001
0.1419164255
0.7084089780000001
0.8372625935000001
0.779782988
0.8798254969999999
0.8780767615
0.7629989850000001
0.8014936975
0.6193687150000001
0.182801288
0.1224090065
0.12082758900000001
0.18623484799999998
0.162783687
0.263931113
0.6524909970000001
0.6884439545000001
0.8518712135000001
0.864718991
0.759784935
0.8072953195
0.339355633
0.254520013
0.71923471
0.20410899799999999
0.19787949600000002
0.7639196490000001
0.8823534755000001
0.874318982
0.8905108955
0.807609018
0.7433398085
0.7183174480000001
0.680374425
0.1212879695
0.10508610450000001
0.1346975225
0.256236204
0.6607516365
0.6515015430000001
0.6311663975
0.6240740900000001
0.6160156035000001
0.561746704
0.517650107
0.1915365415
0.1762659425
0.23245997950000002
0.3346694455
0.6376304695
0.6080344
0.628561264
0.6301691999999999
0.2847360855
0.271461422
0.190417952
0.208699321
0.7235272180000001
0.6349978065000002
0.5662665435
0.5164651950000001
0.1866547355
0.167857849
0.192427595
0.178536021
0.23359915300000003
0.7884172825000001
0.8049235400000001
0.6270170165
0.2075550085
0.1795067995
0.2139933665
0.717700052
0.5923544035
0.29172904850000003
0.264363748
0.236792518
0.6206749525
0.7765117380000001
0.705126735
0.7896680555000001
0.3709070455
0.184919013
0.17886471950000002
0.2870068315
0.5867995935
0.738427481
0.1942792495
0.15598638750000002
0.211594736
0.16467291650000002
0.14149050750000003
0.19466230350000002
0.8697472475000001
0.9100459540000001
0.8991745069999999
0.723231834
0.13150849
0.11582617999999999
0.166742382
0.1593362465
0.18309409599999998
0.302354416
0.6471675395
0.7503459250000001
0.28436664
0.26833649500000006
0.4408619265
0.830879685
0.8126343265
0.28282852
0.32087242600000004
0.209997257
0.2267726645
0.7486566125
0.271755123
0.19253050900000004
0.23582661050000003
0.1542099488
0.20860951550000004
0.1468817575
0.15700458550000002
0.23822161350000004
0.7852523499999999
0.6589621205
0.6353049125000001
0.724719175
0.8774843040000001
0.9025185625000001
0.8865328605000001
0.7850400665
0.8660752165000001
0.8361937500000002
0.14997345750000002
0.1049344205
0.10850606995
0.1655682055
0.8664289770000001
0.8900990045
0.7231178960000001
0.6840016375000001
0.6742563389999999
0.0963612475
0.06631126520000001
0.06189956675
0.0730741426
0.08038360300000001
0.1084019007
0.1078534938
0.16955826250000003
0.8865588489999999
0.91520536
0.8962969759999999
0.7079234225000001
0.6590159795
0.6462442125
0.6438675515000001
0.5686075515
0.13610201000000002
0.144454807
0.22752749949999998
0.2555453385
0.8306416130000001
0.8556449450000001
0.7405865300000001
0.6774683789999999
0.629994975
0.5169394475000001
0.23452512050000002
0.2495917195
0.471503738
0.7826923270000001
0.680455747
0.6410778035
0.6172467215
0.19764456750000003
0.1717626716
0.538471101
0.13200972375
0.10656848500000002
0.13496994625
0.16782760950000003
0.203024535
0.8479598420000001
0.8616028690000002
0.7076725695
0.19862584
0.07822643055
0.06224614690000001
0.07590143129999999
0.07735337709999998
0.1408407801
0.11920478625
0.1330544462
0.815046216
0.14697848549999998
0.12857521075
0.3642992135
0.9025515380000002
0.9112878775
0.7896332660000001
0.12047389550000001
0.08604174925000001
0.12077057190000001
0.8523851725
0.84173487
0.847400845
0.893694708
0.8129908715
0.7940639554999999
0.7923141785000001
0.7606292619999999
0.07668283925000001
0.06305504
0.08605348000000002
0.06206053240000001
0.06005964675000001
0.0818146227
0.069991395
0.12126071925000001
0.140291361
0.903358665
0.9220595645
0.9000720700000001
0.9290298490000001
0.9318600670000001
0.9315387885
0.9243749565
0.8774576660000001
0.799200724
0.152564514
0.2426459815
0.8492669620000001
0.09095898665
0.0609346293
0.048546732999999995
0.04793889655
0.059544983
0.1095810645
0.9068924600000001
0.9313525175
0.9204320985000001
0.936823765
0.9243252335000001
0.829546005
0.0822430135
0.06153666975
0.0745489123
0.07526714400000001
0.10840024725
0.680370074
0.11953864530000001
0.103542247
0.138519061
0.13109745750000001
0.29429088650000007
0.656619245
0.1790486065
0.17174141400000004
0.35181311400000004
0.8674043040000001
0.883736285
0.7764680805
0.7543527120000001
0.8215300705000002
0.2247533795
0.266086755
0.1258512817
0.10307863850000001
0.13026265780000001
0.624359451
0.2100714745
0.27961716600000003
0.6473475875
0.620312361
0.238992136
0.19478712599999998
0.25647778
0.8478311915000001
0.8639526025000002
0.32653507500000006
0.132134828
0.10306337700000001
0.11113574955
0.10298279380000001
0.14392552650000004
0.17345210900000002
0.43278701850000006
0.883628785
0.9091233615
0.9060935450000001
0.8768112070000001
0.3587826145
0.15493707499999998
0.1650738055
0.7016825600000002
0.8568972460000001
0.7402490815000001
0.1414461315
0.19116909150000003
0.08206240260000003
0.0710470863
0.0966205477
0.8282004265000001
0.8646131225
0.8781956630000002
0.8943155110000001
0.0969681625
0.059832289600000005
0.057906978399999996
0.075474309
0.1501789155
0.7882678725000001
0.13241395115000001
0.11199504500000002
0.18329182699999996
0.7374572
0.8739716569999999
0.8827253230000001
0.285472995
0.095871955
0.06683814425000001
0.066749312
0.0955345598
0.7620153770000001
0.787812248
0.8755964675000001
0.1604138305
0.0797654319
0.07841032780000001
0.14694436000000002
0.23277636300000001
0.8293553229999999
0.8220055179999999
0.839457036
0.8742318005000002
0.9006827285000001
0.8467710175000001
0.12239567500000001
0.08780990920000001
0.0645074134
0.06472452170000001
0.09762691800000002
0.734737643
0.6908743800000001
0.115041537
0.0848753295
0.0914616785
0.13225359150000002
0.19591065950000003
0.7415581185
0.8724484730000002
0.8781205805000001
0.901776688
0.8841229780000002
0.825194292
0.8112895950000001
0.8144228130000001
0.8310638229999999
0.8801639845
0.8917050765000001
0.8670708095000002
0.8006123675000001
0.7917663110000001
0.8337098420000001
0.8365393769999999
0.883017185
0.8820037605000002
0.844589252
0.8080480750000001
0.7921996625000002
0.8144219120000002
0.8919805220000001
0.898406525
0.633601788
0.3423961155
0.1957190845
0.07491018325
0.0536783831
0.056129769700000005
0.0859401875
0.851808178
0.903197408
0.878307716
0.8786632610000001
0.88282509
0.8746653025
0.8459159800000001
0.07686857665
0.0523788028
0.05172943669999999
0.05942561815000001
0.084989093
0.10887116950000002
0.109464228
0.08970832050000001
0.09934335650000001
0.18154259800000003
0.7193648605
0.668929488
0.6228951980000001
0.2661968415
0.579284824
0.5670760655000001
0.22094536650000002
0.17694669700000001
0.1803826625
0.6013958395000001
0.63147954
0.7831863500000001
0.318427945
0.209968915
0.1950229545
0.598011315
0.20113726500000004
0.15159315799999998
0.132350507
0.13816897150000002
0.1209553632
0.11332697850000001
0.17656173449999998
0.23847889250000004
0.427903136
0.5367434985
0.7940180945
0.5897945405
0.17394104000000002
0.1526291005
0.23481245500000006
0.8022987125
0.7966586110000001
0.90198357
0.9121711050000001
0.889659398
0.766525684
0.12826181749999999
0.0682773607
0.053270938000000004
0.050434133400000004
0.05388668125
0.05505987375
0.05537160245
0.06005389325
0.1043816336
0.8902119635000002
0.917915032
0.9006151870000001
0.10530896830000003
0.08577189149999999
0.09817440730000002
0.0609219363
0.05740794670000001
0.05689926750000001
0.0653066335
0.10585786950000001
0.330285811
0.849069168
0.15613162274999998
0.11163905200000002
0.1441401267
0.121306491
0.171458396
0.8064330660000001
0.705537674
0.22429304550000004
0.14437371100000002
0.14160646850000003
0.1135677645
0.11342133970000001
0.14317490100000002
0.5910242175
0.6527438300000001
0.6824135605
0.7835844245000001
0.680987603
0.147665153
0.1027850884
0.09029413885
0.10475334535000001
0.0997129766
0.171125366
0.163442042
0.1022931039
0.11864394675000002
0.7737009899999999
0.8952039500000001
0.8016115410000001
0.14577748650000003
0.095597849
0.0735309078
0.10979904730000001
0.6930699795
0.08803192870000001
0.06497516275000001
0.07070432730000001
0.1090070045
0.750323454
0.11416464020000001
0.06238407740000001
0.05502399584999999
0.059225592800000004
0.09451773150000002
0.857721744
0.8676100680000001
0.8401744800000002
0.10321386575000001
0.072844026
0.09280093510000002
0.832524138
0.93079427
0.9390529965000001
0.9404288000000001
0.9389203070000001
0.8732348480000001
0.07562402615000001
0.0609219406
0.0875823871
0.735067097
0.08358398445
0.058841018700000004
0.05801008205000001
0.0705065821
0.15368331725000003
0.7704448825000002
0.1054781182
0.0723682402
0.0703093957
0.10920798960000001
0.6925295099999998
0.10167594985000002
0.0875820512
0.1636074885
0.273166708
0.811397577
0.881710449
0.7506744125000002
0.12191033460000002
0.10796853880000001
0.16489322175
0.26089295500000004
0.8290884049999999
0.712031799
0.23843286000000002
0.21991034675
0.13456324630000002
0.13391198450000003
0.19804838250000004
0.711194522
0.853472583
0.8786963875
0.8605353150000001
0.29250421750000005
0.18122773750000004
0.1248910494
0.1252167299
0.230085588
0.20293294
0.845772652
0.30197052049999995
0.0824063255
0.06099668935000001
0.0658929116
0.1010475566
0.7582055150000001
0.761012931
0.09462285390000001
0.0549149026
0.0502908301
0.050870650249999996
0.0542833203
0.08450868080000001
0.0711632388
0.17015330650000005
0.8701635995000001
0.3694825910000001
0.9104007030000001
0.9231977595
0.9318901775000001
0.945260163
0.9416748320000001
0.918425997
0.08876623385
0.06926175990000001
0.061282528100000004
0.10101527385
0.7457014770000001
0.08454325060000001
0.0580197762
0.05673724235
0.07772536444999999
0.2256191155
0.887024938
0.7618619050000001
0.0897248716
0.0678398139
0.0586495253
0.07050975790000003
0.1304883772
0.794876162
0.895845455
0.885418497
0.13537276025
0.11334507575
0.08287230995
0.08195952810000001
0.10286743015
0.20941716275000002
0.6660123920000001
0.7069517295000002
0.8336076685000001
0.8392653395
0.1931845045
0.14675882490000003
0.1986166385
0.10350255935000002
0.08299740545
0.0874068387
0.114243852
0.7339750325
0.841461919
0.711637172
0.6876891485000001
0.7177054129999999
0.7441727575000001
0.7641706075
0.7575151350000001
0.08250737324999999
0.050186097150000004
0.045403671650000005
0.0460352979
0.047536426650000005
0.062499620400000004
0.1629747687
0.468971676
0.9204402925000001
0.9359882470000002
0.9380146425
0.9331830580000001
0.9200017739999999
0.928573996
0.927989339
0.9135288050000001
0.9031756945
0.9082517960000001
0.16096788
0.09901634570000001
0.08021449550000001
0.05572660395000001
0.0542514793
0.05879814750000001
0.06427782520000001
0.06640961205000001
0.072410001
0.09045939045000001
0.08303688265
0.0810275927
0.1172831463
0.12213713375
0.18778292750000003
0.865627675
0.874383455
0.731654708
0.39091976149999996
0.764427292
0.18937038
0.14588952100000002
0.15431479200000003
0.6645946994999999
0.7328665934999999
0.8635744825
0.8047318680000001
0.8353276350000001
0.184278889
0.119493982
0.1003071105
0.108334377
0.16246389575
0.64745648
0.492480134
0.62600441
0.8725455400000002
0.871617369
0.86878337
0.8972455755000001
0.8709437855
