0.8231515100000001
0.845510002
0.8616862614999999
0.8992973275
0.9135165124999999
0.9075893250000001
0.8614152350000002
0.39311236850000003
0.2892029935
0.5034497780000001
0.8727658580000001
0.9132879385000001
0.9168930005000001
0.9083835815000001
0.884826077
0.8733172
0.8758292845000001
0.8202766250000001
0.7524167370000001
0.7072024130000001
0.6702522740000001
0.29131010500000004
0.20857807925
0.270922715
0.22003703800000002
0.28135691500000004
0.6452041015
0.645795768
0.6318427510000001
0.22981997799999998
0.2882864955
0.258703141
0.612696533
0.1517192075
0.118114329
0.13283433300000003
0.6486218245
0.6541974979999999
0.187932665
0.175516225
0.683299319
0.25175133675
0.0918202472
0.06455710310000001
0.060117100150000005
0.06561696895000001
0.09609507545000001
0.10321617625
0.2933928265
0.9060867165000002
0.931348332
0.9289362875
0.909441564
0.7485309240000001
0.06928581635000002
0.05194699575
0.0565099027
0.09795780550000001
0.6941240800000001
0.1308085535
0.18132615349999998
0.2101142995
0.8725926175000001
0.919143593
0.8355784679999999
0.07889905690000001
0.05532207665000001
0.0430681548
0.0465588327
0.07566625725
0.877144935
0.9251140325
0.9253295215000001
0.925893124
0.9279424650000001
0.9387174639999999
0.9353685405000001
0.9306266985000001
0.891951924
0.0621320451
0.0419030551
0.043005020375
0.052311769
0.06099274035000001
0.10189925350000001
0.08402396815
0.0719041919
0.0925075827
0.06932856270000001
0.06785712205000001
0.07613248920000001
0.08431316910000002
0.0831698733
0.12104185570000002
0.08718756475
0.1168039701
0.7319794435000001
0.10159551000000001
0.0748130022
0.08515415609999999
0.06788251115
0.06740246405
0.0724085261
0.09333735929999999
0.15887654
0.813610332
0.408244868
0.265861473
0.22123012645000004
0.6442147925000001
0.640444203
0.6654839830000001
0.29046091250000006
0.1616577845
0.167479795
0.14182319850000003
0.19737440125000003
0.1455527965
0.15255122200000001
0.1188137362
0.1296895647
0.10844142520000001
0.12405530225000001
0.24426648950000002
0.20846163550000002
0.791333552
0.6838159885
0.174306028
0.12138789250000001
0.173872871
0.11053980215
0.07540985589999999
0.0793256675
0.07151018020000001
0.0959896095
0.287096543
0.876877871
0.7836248745
0.711874236
0.70479646
0.1379129482
0.0904060902
0.10298661070000001
0.19774025
0.628813582
0.60113673
0.610907262
0.599153061
0.5887405055
0.6171958
0.6328554125000001
0.621290835
0.5978232250000001
0.5955122750000001
0.2029644895
0.1992255095
0.1388718722
0.1068656815
0.1378368088
0.8465165100000002
0.7981788965
0.8777972450000001
0.28496732100000005
0.13115086005
0.16209942600000002
0.8756583284999999
0.8851735795000001
0.10984968080000002
0.07943610605
0.11275162570000001
0.7388819345
0.1061637192
0.0661727024
0.0648077741
0.10158571375
0.8113415239999999
0.14958104949999998
0.15835198649999999
0.848879453
0.8988019320000001
0.9233899925000001
0.9372284965000001
0.9242045700000001
0.32492615
0.13715876475000002
0.7066800515
0.07746619790000002
0.0578920814
0.072177139
0.15506089850000004
0.747063697
0.11105498550000002
0.0844649154
0.1440870455
0.88159907
0.8848657520000001
0.12354014650000002
0.09364697425000001
0.1384531335
0.7946575204999999
0.8683234725000002
0.10082329849999999
0.06959532655000002
0.07578287650000003
0.11796693750000001
0.231789325
0.211543366
0.08520175270000001
0.0648220734
0.06437354865
0.110135358
0.8258753275
0.8437520215000001
0.8956602800000002
0.831238503
0.813002386
0.8136001475
0.807862497
0.8194619875
0.18996866750000002
0.0791056792
0.061651038850000006
0.08467015420000001
0.14202285250000002
0.6839763805000001
0.10449277900000002
0.06497629095
0.0666974341
0.0983030105
0.8574221820000001
0.9275915630000001
0.9288506540000001
0.8020124245
0.077458925
0.0630744009
0.08088071640000001
0.1482180835
0.80528084
0.844398615
0.8816893840000001
0.7881085230000001
0.7139005015
0.18921258650000003
0.259528928
0.1970889
0.163385416
0.2632988745
0.601723431
0.15639266799999998
0.166882467
0.149749059
0.20799565199999998
0.280274954
0.23055085200000003
0.3466734005
0.34287281950000004
0.8091546430000001
0.8119960620000001
0.6859319599999999
0.661454427
0.7163658319999999
0.8219454949999999
0.7345069249999999
0.1728123272
0.1026162913
0.10630833900000002
0.10445736140000002
0.10472875770000001
0.11020881810000001
0.134050776
0.12117796730000002
0.709160027
0.08537466185
0.05879251215
0.059185338100000005
0.06284039620000001
0.0986772928
0.7225881299999999
0.09555377015000001
0.0739390144
0.12796576734999998
0.8938905954999999
0.9318809355
0.9419938040000001
0.8986010825
0.14521132725000002
0.08079327190000002
0.12641451395
0.8616224299999999
0.19568926800000003
0.06792239235000001
0.07735950309999999
0.0568681676
0.05670711155
0.06026517989999999
0.07868557999999999
0.09209862675
0.16489913450000002
0.16850373700000001
0.1021122327
0.1115921819
0.24130318650000002
0.66776335
0.658758337
0.14812285074999998
0.09843125165000001
0.08574358965000001
0.09440264000000001
0.12212578700000001
0.229578316
0.2769005485
0.5924326424999999
0.16887207399999998
0.17961899249999996
0.7106768105000001
0.84610258
0.7349475960000001
0.716998696
0.8457862750000001
0.24759703900000002
0.09070580660000001
0.0728408715
0.08828450530000001
0.18858916199999998
0.720194436
0.2918069835
0.7340419075
0.8048734820000001
0.272099511
0.7253955224999998
0.8052790550000001
0.8616995480000001
0.9128087235
0.8779135100000001
0.2914804220000001
0.7396794050000001
0.8641788054999999
0.5095635215
0.7510435795
0.12631801725
0.0709882322
0.06664476715
0.0775072829
0.12850218575
0.7315631535
0.8837383460000001
0.9062727565
0.8897251820000001
0.7260001775000001
0.22789501900000003
0.27302058100000004
0.8021926025
0.6951304684999999
0.13013977550000003
0.11334582825
0.07831353785
0.07925617305
0.13265165625
0.6795802200000001
0.1013813347
0.08018081585
0.13655813430000002
0.1864279945
0.698255345
0.0978169238
0.07304208515
0.10441025885000002
0.7163141905000001
0.167911303
0.31595814600000005
0.84859106
0.12349313649999999
0.11955188990000001
0.0939796145
0.13199674655
0.9144537555000001
0.9463906750000001
0.9474363175000001
0.907994215
0.0987991422
0.1073368267
0.08475784225000002
0.11153694905
0.8070051375000001
0.10547568335
0.0595484106
0.0561610513
0.0583272507
0.06259993195
0.0701809248
0.076096886
0.07659643555000001
0.11213718105
0.7466276685
0.10601794925000001
0.07557610040000001
0.09633147720000002
0.15431368650000002
0.090033325
0.10469957065
0.10248474460000001
0.07444511520000001
0.07031765000000001
0.07958609450000001
0.09597273775000001
0.162002106
0.66185183
0.700669834
0.8075694495
0.7459628220000001
0.7369064330000001
0.81629724
0.766271071
0.722295665
0.68848634
0.6608624550000001
0.4517897305
0.7793753045000001
0.4266983735
0.20716198549999998
0.252355232
0.1637508755
0.20085764160000005
0.647609832
0.681056932
0.7232620025
0.8414572050000001
0.27283324400000003
0.12752329750000002
0.1205497623
0.1068548857
0.15224525230000002
0.5378524684999999
0.24794823450000006
0.685789222
0.8080540060000001
0.8188047285
0.15350460125
0.09997726910000002
0.09400472975
0.1072412645
0.22626338650000002
0.6915399115
0.232317074
0.1214216825
0.08587384769999999
0.10453166430000001
0.719207201
0.7451095679999999
0.119018533
0.0794226308
0.062025156149999996
0.051946963650000004
0.0567005726
0.0967083615
0.8774264630000002
0.9367351070000001
0.9420691080000001
0.8662551150000001
0.0791472094
0.0466408918
0.0425720969
0.048829838725000005
0.09641005000000001
0.886280178
0.9342515770000002
0.9412331629999999
0.9138454850000001
0.911282718
0.2580223935
0.14632263850000002
0.7007946300000001
0.1005015828
0.09759846020000001
0.313521475
0.9208487535000001
0.9402231070000001
0.9201223355
0.0838005852
0.051931724750000005
0.05710209265
0.12401991285000001
0.18246274875000001
0.24568794749999998
0.7703743775
0.11249733750000002
0.09280900900000003
0.1709461235
0.2119350345
0.7284355425000001
0.331006304
0.650100145
0.1197827827
0.09884599350000002
0.1315027805
0.262585807
0.839366347
0.7796866229999999
0.7725434985000001
0.8141113400000001
0.2047583765
0.15887651199999997
0.19637952150000001
0.7204436875000001
0.20687458649999999
0.1914225235
0.3145506005
0.790591515
0.90455745
0.8911392420000002
0.4754711630000001
0.21532987350000002
0.20733524850000004
0.65238362
0.7896679914999999
0.8880132130000001
0.8925311250000001
0.853169105
0.8597140600000001
0.9100709525000001
0.9187332349999999
0.8877408019999999
