0.712577566
0.384062995
0.32229453300000005
0.6611185715
0.8885699845
0.9085116955000001
0.8804518195000001
0.8526266400000001
0.8431199075
0.8467481800000001
0.7883357110000001
0.7756699794999999
0.8290734650000001
0.8281934460000001
0.8795686800000001
0.8755656075000001
0.797810349
0.7910786175
0.8804623260000001
0.8827194875000001
0.672599135
0.40413173700000005
0.206064291
0.22388723100000005
0.80689026
0.11199524520000001
0.07512716275000002
0.09840924465
0.06815179384999999
0.07819127214999999
0.150924334
0.8562142045000001
0.12357692535
0.1073107875
0.077301895
0.04864519895000001
0.0483589307
0.07083599265
0.85571737
0.9092826975
0.9393252199999998
0.9543551560000001
0.9522107515
0.9303179424999999
0.06065319560000001
0.03923078004999999
0.039702925385000004
0.048297913680000006
0.05962211110000001
0.0673650665
0.067589716
0.0627697401
0.05347905765
0.046603308200000006
0.050065062674999994
0.09182924550000002
0.900732492
0.9420491260000001
0.952430403
0.952967985
0.9445320050000001
0.8676034415000001
0.0563808763
0.04133264195000001
0.04421049285
0.0806644134
0.11959750055
0.12356231714999999
0.0842595607
0.12562304625000004
0.817753142
0.1291654803
0.1061028123
0.0895842307
0.1201589155
0.6787530119999999
0.1709109295
0.12434081649999999
0.13405621950000002
0.124345232
0.11074670150000002
0.08448074000000001
0.07501216470000001
0.077051723
0.09908200785
0.1555422165
0.8413753245000001
0.780350438
0.7786003850000001
0.771618694
0.7575057165000002
0.7242973494999999
0.07680500230000001
0.052467187000000005
0.05170140740000001
0.0575622368
0.061551705800000016
0.060120164600000005
0.055459583449999995
0.056522054849999996
0.08026456015000001
0.738558737
0.13949009435
0.30280362450000003
0.900108847
0.9224911265
0.9325666775
0.943737295
0.8981500230000002
0.07932894450000001
0.0449726786
0.04332569875000001
0.047981848550000004
0.05424304190000001
0.05735495475000001
0.056227441749999996
0.0546682849
0.05700498605
0.07157492749999998
0.15203707400000002
0.8706310060000001
0.7684485695000001
0.7409842105000001
0.09373163430000002
0.0678671751
0.105170909
0.1069294395
0.06208862095
0.0717404865
0.05197967275
0.0553987777
0.10505331105000001
0.9179523490000002
0.9318778460000001
0.93105242
0.9203681045
0.07673799089999998
0.04958387555
0.05222481735000001
0.0682688331
0.11470024690000001
0.8358153075000001
0.1629087795
0.10824122050000001
0.08751278785000002
0.13386119885
0.7058034135000001
0.7276561799999999
0.8368972499999999
0.12384115300000001
0.0789475404
0.07194554334999999
0.09956639970000002
0.0936161458
0.1194758288
0.649832225
0.68122567
0.202976962
0.151265306
0.10533895550000001
0.1013282762
0.08539455250000001
0.08717637800000001
0.0763209515
0.0601589861
0.05857040555000001
0.0719669276
0.1512206825
0.8529384870000001
0.265058982
0.2342258765
0.907923019
0.9413115350000001
0.942182788
0.921438698
0.09470904999999999
0.046332771700000004
0.0421765168
0.048173229850000006
0.08502504920000001
0.8967466475
0.9293866345
0.925500915
0.08127650435
0.0468411632
0.04277442925
0.049829680650000006
0.0979278977
0.8226272530000001
0.8160424255
0.8432466380000001
0.9071458240000001
0.819892387
0.7661179760000001
0.10882232200000001
0.12610311700000001
0.10615050100000001
0.06495240149999999
0.06361977205000001
0.0875862968
0.26080568550000005
0.8940775700000001
0.891654142
0.7059162630000001
0.632529488
0.10666530700000001
0.10094033250000001
0.17736036
0.240766876
0.885086776
0.8048038705
0.8041910769999999
0.22140019949999998
0.107697277
0.08073905299999999
0.071360969
0.0664419523
0.06929420480000001
0.06619695705
0.06118387205
0.058186709850000004
0.052707075150000005
0.0486151649
0.05015711035
0.0715336722
0.5131650235
0.935702248
0.9540698935000002
0.9557540370000001
0.9410662675000001
0.12401726300000002
0.05758363945
0.04631192925000001
0.043893761850000004
0.046127167350000005
0.049703905599999994
0.049759158850000006
0.0533322893
0.0772444595
0.1328481245
0.8945628775
0.9192064275
0.924499653
0.916903911
0.892242296
0.90815154
0.9119326190000001
0.9123250325000002
0.910471715
0.9039857840000001
0.8849610720000001
0.8844164245000001
0.83076384
0.8062384605000001
0.8103429865
0.8551871160000001
0.2580478565
0.16212063699999998
0.6424440925
0.10457837450000003
0.06735611725
0.060702349800000006
0.0662803754
0.094224884
0.6727778805
0.12260186170000002
0.12254621250000002
0.7162173955000001
0.14924113830000002
0.12425475950000002
0.134636933
0.8708111550000001
0.907545381
0.900034004
0.8440699655000002
0.09659369425000001
0.1016527554
0.10058539179999999
0.07598158484999999
0.1276858035
0.7257757480000001
0.09217624765
0.06004838685000001
0.061160541000000006
0.07229887410000001
0.14946011699999998
0.6552348175
0.187936852
0.352978986
0.8361165300000001
0.2048276185
0.1278762005
0.092641157
0.0694105876
0.08010100155
0.10966271179999999
0.8524948450000001
0.9113563
0.9154791095000001
0.934252937
0.9340088280000002
0.91629442
0.262340671
0.135931976
0.09733195920000001
0.0900336237
0.149205032
0.2119774305
0.67183828
0.6592772665
0.24298257550000002
0.15810521
0.19850613830000002
0.186614373
0.322191698
0.45151485350000004
0.8350524029999999
0.681411458
0.13298845375
0.12013899835000001
0.08040806034999999
0.06822522034999999
0.064492396
0.062196499350000004
0.05997632155
0.06618379805
0.10936464300000001
0.828469833
0.1909617357
0.254100243
0.8676815400000001
0.9258103095000001
0.912298397
0.9112682430000001
0.411370086
0.22406304450000003
0.8474987660000001
0.711646295
0.0782873249
0.059779969300000006
0.063230947
0.09416055400000001
0.660801626
0.1158994995
0.08817297835000003
0.0972289503
0.2106918245
0.21801447699999998
0.773480972
0.236351197
0.26867321
0.1581550705
0.186966559
0.7554891490000001
0.175187813
0.14602525025
0.69506649
0.821116284
0.24026084350000002
0.190775532
0.4041738735
0.9035321734999999
0.9281676000000001
0.918118308
0.8539773575
0.7789135545
0.1809967375
0.1638554055
0.353858927
0.8834415000000001
0.8730034925
0.1074543756
0.06734783725
0.0661599085
0.0842760491
0.1325359495
0.1829896085
0.8248190915
0.7946427935
0.8812405800000002
0.8857799245
0.855538079
0.33997291650000006
0.17811542700000002
0.15732571499999998
0.106085931
0.09402349419999999
0.1099780525
0.151659834
0.1570499645
0.636179389
0.612409412
0.17703431700000002
0.147777022
0.19697037600000003
0.5882627269999998
0.5525744610000001
0.58073003
0.594830278
0.6312775825
0.649227966
0.6626351045
0.7534734580000001
0.20806653900000002
0.1819015965
0.267565453
0.7771504260000001
0.691444731
0.7671809239999999
0.1780069135
0.14199110149999997
0.18487111050000002
0.202875345
0.800956255
0.3775046325
0.1266438225
0.10034014190000001
0.15956748045000002
0.08400301040000001
0.07529591035000001
0.08607648600000001
0.1559756495
0.748994004
0.8781402525
0.7661060700000002
0.09686011740000001
0.05666000095000001
0.04874712365
0.049131640500000004
0.04921136105
0.054723324450000006
0.08073147305
0.8122305745000001
0.821540732
0.9361029105
0.9456684700000002
0.9307654295
0.13102992300000002
0.0483205712
0.04045017765
0.0434428768
0.058923660700000005
0.103273291
0.8682213535000001
0.922163978
0.88075883
0.20536425899999997
0.09715961640000001
0.12816625325
0.8907824415000001
0.9136858500000001
0.930423065
0.9430708595000001
0.93756308
0.9110536020000001
0.08696315685
0.0663958339
0.10397534354999999
0.7981569065
0.15663050150000002
0.09365272640000001
0.058479369950000006
0.057706918350000004
0.0676341135
0.10089038735000001
0.6921692015000002
0.09955712500000001
0.075414771
0.09407709765000001
0.7867152030000001
0.8103358620000001
0.838993075
0.8720421910000001
0.91266611
0.885979616
0.8582172100000001
0.8324021500000001
0.8171555650000001
0.780998875
0.10846967020000002
0.0814315842
0.10272476715000001
0.7838318655000001
0.8892232250000001
0.8123359550000001
0.7822106000000001
0.7695633705000001
0.10006845265000001
0.0624642635
0.06227367245
0.07860313715000002
0.07386798020000002
0.08839967915000002
0.16425244375
0.7548587415
0.8439871799999998
0.38459972200000003
0.19742278500000002
0.2116506805
0.8079114945000001
0.24685913725
0.17101345475000002
0.10795645675
0.0930290105
0.12274694150000001
0.13328105
0.20724465150000002
0.1677563125
0.24239287650000002
0.858253045
0.8897899450000001
0.8608946880000001
0.7082674375
0.6668052455000001
0.7027148125000001
0.7691414895
0.851313967
0.8541941805000002
0.8848680480000001
0.8654285110000001
0.791086897
0.7879726365
0.8611701905000001
0.8553419050000001
0.7369590275
0.661523952
0.6466963265
0.566155516
0.14522333350000002
0.1302749995
0.13695445699999997
0.6471440250000001
0.662924721
0.235534335
0.1060448538
0.0898023713
0.08551984825
0.12855256050000002
0.8286463470000001
0.1299570585
0.07394245340000001
0.0737022798
0.13141928040000003
0.845526025
0.22433179150000004
0.07938450649999998
0.07187714220000001
0.1428643942
0.7922488065
0.7119195829999999
0.0983411961
0.08136254979999999
0.11811616335
0.8842965600000001
0.9390187000000001
0.9491518220000001
0.9447891850000001
0.917937867
0.0893678454
0.06805596745
0.119346321
0.832780507
0.11678027900000001
0.0737802038
0.09171976225
0.20023455400000004
0.8700168730000001
0.31093245550000004
0.7794763790000001
0.0894879572
0.0554798085
0.054253967099999995
0.05753864555
0.0647704981
0.1019532285
0.082232964
0.12867205930000003
0.8057762300000001
0.8485543644999999
0.1522296605
0.1116032865
0.215962676
0.88319948
0.9215960550000001
0.907992334
0.7536611690000001
0.202098301
0.256798679
0.16274439300000001
0.13097145350000003
0.1296217225
0.2372946235
0.2135416105
0.349330491
0.7098017765000001
0.775268887
0.8814185400000001
0.9076113180000002
0.9101073235000001
0.9018394315
0.8834319549999999
0.8787654050000001
0.8954428885000001
0.8994686875000001
0.893332619
0.9015683150000001
0.8970280355
0.874668191
0.8460607000000001
0.807202373
0.718988636
0.3567432155
0.24964532099999998
0.32970710100000006
0.79959294
0.8148518875
0.7929548925000001
0.8083457230000001
0.8413264519999999
0.8797261930000002
0.860173595
