0.7731406850000002
0.7852435550000001
0.790418575
0.816946445
0.88737401
0.9081830430000002
0.9033644710000001
0.8801613060000001
0.88982646
0.8790544484999999
0.8818181650000001
0.9052816615000001
0.9062807380000001
0.8795712105000002
0.7181370925000001
0.1869060135
0.17800811100000002
0.153849429
0.224948547
0.1609198885
0.16582478949999999
0.235452187
0.7334615750000001
0.8740032520000001
0.8612878045000001
0.666875823
0.60466657
0.5663536745
0.581725974
0.625417616
0.6774788100000001
0.7387843855000001
0.8564470860000001
0.85275353
0.7126228849999999
0.5952095239999999
0.27696326450000003
0.1775460075
0.19973941369999998
0.20670790575
0.735868829
0.8786775250000001
0.8883712800000001
0.8506322340000001
0.1432672905
0.09729087844999999
0.11064714720000002
0.11651114694999999
0.1222003106
0.11798309835000001
0.09399323050000001
0.111626814
0.681003193
0.6709742905
0.17939862350000002
0.1242830151
0.17063132600000003
0.14003827985000003
0.1459730395
0.18183787499999998
0.1372182717
0.633105337
0.13245108179999998
0.12563746080000002
0.658799618
0.6621453454999999
0.71943255
0.719876825
0.10350995345
0.09692837500000001
0.06435940995
0.0552656419
0.06036726925
0.09956886875000001
0.828617465
0.285608975
0.8613315375000001
0.9259301255
0.9185892705
0.1940158075
0.09496613544999999
0.16009859599999998
0.734386716
0.08524110475
0.0613674151
0.06277710915
0.12386093465
0.8888105380000002
0.9158525670000001
0.9008422830000001
0.898733311
0.17715870800000003
0.0764038399
0.10103868195000001
0.1101747963
0.785469075
0.11517730400000001
0.06709789575000001
0.07235726575000001
0.10810214390000003
0.763848738
0.09108121825000001
0.059841185500000005
0.0694945338
0.1207159693
0.10078970370000001
0.11807137355000001
0.8562427965
0.890647614
0.09624765780000001
0.05652984985
0.05366279994999999
0.07765782515000001
0.148742304
0.14748455370000002
0.09189471414999999
0.0720817995
0.0967251458
0.76493418
0.7377571749999999
0.17376922050000002
0.11874949725000002
0.19895016165
0.21391583050000001
0.22840897300000002
0.209668732
0.126957489
0.19452310875
0.6957719235000002
0.677612503
0.116166411
0.0794603859
0.07597496209999999
0.1146611865
0.14188429500000002
0.24095582000000001
0.26113953
0.6240544769999999
0.5955898310000001
0.220879857
0.20148283700000003
0.7712531750000001
0.200517938
0.26107546750000005
0.23080378400000004
0.1565495095
0.7760468815
0.816329007
0.836603009
0.8435930900000002
0.8693198845000001
0.10849031
0.08511156449999999
0.08190014115000002
0.0719852782
0.110894371
0.2834132315
0.881954155
0.8704706685
0.31965271450000005
0.26150693999999997
0.24206806500000003
0.775336828
0.66158297
0.6859595799999999
0.815876962
0.11486156400000001
0.07704392389999999
0.0649121721
0.0659919776
0.11169532380000001
0.8847020095000001
0.8807210189999999
0.937087729
0.9371138940000001
0.9007609070000001
0.1390150735
0.12832838000000002
0.6127373875000001
0.09507364515000001
0.080733734
0.1149894132
0.6530378080000001
0.664104674
0.23071489650000002
0.0938813198
0.0696081431
0.0785956442
0.07860167525
0.11492967400000001
0.22642645150000001
0.9115560155000001
0.9250025075
0.882002345
0.836221189
0.8250042320000001
0.2738518005
0.197454236
0.098917692
0.1235228713
0.07246101350000002
0.07713993350000002
0.13619911150000003
0.24778091800000002
0.18299442500000002
0.147177168
0.18604081150000001
0.21406783000000001
0.38072575500000005
0.5461732895
