0.817627721
0.8419524715000001
0.8597058860000001
0.881517065
0.8727193095000001
0.863771527
0.8201096930000001
0.798506121
0.8181000605
0.6635978199999999
0.40563715600000005
0.585173374
0.732273425
0.7775745665
0.8249894044999999
0.7099512975000001
0.2566501705
0.16845749150000003
0.17279041300000003
0.27505277650000004
0.800177235
0.6952795465000001
0.666824078
0.10368292750000001
0.06775465550000001
0.06875085885
0.12412047025000002
0.12535949670000002
0.8421576640000001
0.8852716075000001
0.922396862
0.8266293865000001
0.100490647
0.08437740525000002
0.0639977396
0.0645588339
0.094265139
0.6610151959999999
0.713143312
0.8605768865000001
0.8714122550000001
0.7837143100000001
0.8646027795000001
0.8289218520000001
0.291035291
0.5357556
0.13428714200000003
0.10429818635000002
0.12435743435
0.709548501
0.8726995815
0.8257858880000001
0.9207206580000001
0.9245127890000001
0.8899833990000001
0.11157850750000001
0.07812722500000001
0.0733493592
0.09902497215
0.5631795950000001
0.256686821
0.20332412
0.187990201
0.19156728250000002
0.590825418
0.7103454090000001
0.8818003040000001
0.914488132
0.9003915550000001
0.46085147500000007
0.3410168295
0.2997853385
0.2556665885
0.5896050565000001
0.09841442450000001
0.07777669990000001
0.07038762680000002
0.0830872415
0.17592924350000003
0.7517170785
0.20815955100000005
0.100397315
0.11485444585
0.7777255650000001
0.8013700020000001
0.8057665075000001
0.815454636
0.11374417665
0.05293994190000001
0.04715835984999999
0.053679146500000004
0.0483088966
0.04897646370000001
0.05430267485
0.10739208374999999
0.9231341100000001
0.938461535
0.931243563
0.9048051940000001
0.08474954750000001
0.050176314
0.057006843550000005
0.0467860347
0.049264263350000004
0.05029978155
0.06143643215
0.13001238210000002
0.888442759
0.8148759640000001
0.7309025035000001
0.108636073
0.09681422515
0.18779692180000002
0.8464826970000001
0.16396387750000002
0.07552116285
0.06376111605000001
0.07068290575000001
0.10274946060000001
0.749556903
0.8668236850000001
0.8748819525
0.724178131
0.1257075232
0.10115330565
0.1185378098
0.220436853
0.20567490450000003
0.3551071645
0.6839905885
0.20632523000000003
0.11075483
0.0867939155
0.10799045930000001
0.6619405590000002
0.09014592885
0.062050098399999996
0.060857090600000004
0.08397768490000002
0.29691338600000006
0.9044200904999999
0.9063620265000002
0.796914763
0.7985323950000001
0.9228502439999999
0.9328887429999999
0.9079026570000001
0.073875496
0.044743307350000004
0.04314031135
0.04942998355
0.05653817865
0.05915349110000001
0.05932755555
0.1177868955
0.12964979585000003
0.07404038909999999
0.1207018695
0.90863509
0.901403932
0.832625649
0.132568785
0.14354745200000002
0.8461214895
0.8674984735
0.1071581615
0.06846635560000001
0.060726459450000006
0.0900504912
0.0851018716
0.06064640235
0.0559671078
0.055092995549999996
0.0558528783
0.06844526320000001
0.142719298
0.898007645
0.8928364025000001
0.911252787
0.8265814800000001
0.6956420270000001
0.1396535515
0.16247161799999998
0.78087514
0.8988398580000002
0.9124101035000001
0.8659136669999999
0.8259714750000001
0.8301899909999999
0.8849284175000001
0.829086199
0.87672863
0.1637363905
0.0815475255
0.0636051172
0.0596558157
0.07759035550000001
0.0851196035
0.0974797355
0.1226325527
0.2767840235
0.6548420325000001
0.32556405349999995
0.332774784
0.776944243
0.737690724
0.8450603369999999
0.8609827250000001
0.8228865695
0.31303652400000004
0.31377441750000007
0.186183569
0.1871422605
0.296302614
0.25994023400000005
0.7496255795000001
0.294188723
0.2146014575
0.16617088500000002
0.47104873
0.14588276950000004
0.15255223350000002
0.6725572529999999
0.718092905
0.8403987305000001
0.7471063900000001
0.673119647
0.6393132320000001
0.6476232739999999
0.6193799165000001
0.2355390945
0.520097783
0.20335906050000002
0.482847745
0.19351997
0.2918924685
0.350187566
0.6436653080000001
0.656641454
0.774500005
0.6890902750000001
0.6786954835000001
0.6672536124999999
0.639920513
0.6064121905000001
0.20720344250000003
0.19699938750000004
0.28090977200000006
0.7624164380000001
0.1850512535
0.131850214
0.1553044535
0.7580777750000001
0.1889337285
0.1717062245
0.7357112250000001
0.7846665025000001
0.8160526325
0.7997105445
0.7560961100000001
0.6902929295000001
0.1665140245
0.18752295850000003
0.7457614300000001
0.12723153699999998
0.09662612290000003
0.1257068412
0.623978154
0.23850069499999998
0.15661839900000002
0.1734869775
0.6088173035000001
0.6028627435000001
0.20267729150000002
0.20789497450000002
0.183901694
0.266145731
0.256460743
0.790856038
0.7176973099999999
0.7036118795
0.7420251809999999
0.8684516090000001
0.894058169
0.8730595750000001
0.7369572664999999
0.7305525520000001
0.1993014045
0.0985500165
0.06377085400000002
0.0660159601
0.06115591865
0.050985013200000005
0.04709867045
0.04680024270000001
0.057344060100000004
0.2163602733
0.9011468250000001
0.9213494760000001
0.944482893
0.9452144780000001
0.9349948715
0.850189353
0.8081928480000001
0.8071300935000001
0.0782632758
0.048122904
0.04591689300000001
0.049965012850000004
0.05499212375
0.06052087610000001
0.0644601999
0.0773406732
0.16511871310000004
0.14932522400000003
0.15005599149999999
0.14179248249999998
0.12389693750000003
0.1695133675
0.10994056249999999
0.11364065150000001
0.1424040825
0.153626147
0.1372913475
0.1587796612
0.7637116995000001
0.599943001
0.20401028150000003
0.31696876900000004
0.5877416795
0.15939788175
0.15672969650000002
0.6439469470000001
0.6485218420000001
0.2072619665
0.681070919
0.1098755168
0.1141990902
0.0712014827
0.06857977450000001
0.0775291254
0.08474110665000002
0.0832228227
0.0750046441
0.09334582000000002
0.06460128959999999
0.06051563025000001
0.07133578275
0.1088418653
0.06724154930000001
0.058594276
0.1041898237
0.9158720675
0.93716054
0.948083847
0.9503070825000001
0.9286889039999999
0.06469366820000001
0.040511304299999995
0.038684071300000004
0.04656148085
0.0668499655
0.07967697275
0.792862961
0.7861841775
0.8125904325000001
0.9046066880000001
0.8877780175000002
0.893536435
0.9232104350000001
0.927145333
0.9102936665000002
0.9106957960000001
0.8351506399999999
0.08146669
0.0686458083
0.06653022975000002
0.12310526369999998
0.1585293945
0.16500580850000002
0.10898722490000001
0.07932732775000001
0.09372241619999999
0.11362686140000001
0.6253449480000001
0.18919773550000002
0.6458415384999999
0.607314151
0.1465328015
0.13367228220000002
0.17684290925
0.23239206950000005
0.8159299620000001
0.8059780255
0.27135010899999995
0.3014919225
0.38376580500000007
0.6206215905000001
0.20435891600000003
0.192820225
0.6072359550000002
0.1790106725
0.18074657449999998
0.1328869395
0.12082005500000001
0.143135381
0.12400003050000002
0.14378930780000002
0.16555291
0.141313749
0.16979995000000003
0.6056233169999999
0.6401207500000001
0.642249473
0.5932239945000001
0.20394044
0.20334628700000001
0.28178855550000004
0.299175631
0.6180383669999999
0.6697674010000001
0.768624218
0.26657733650000004
0.22551708050000002
0.1383311392
0.108280096
0.0980471665
0.09894587150000002
0.0975266705
0.11231523300000001
0.1412778345
0.291127621
0.1974574695
0.6444065355
0.620461876
0.13459860850000002
0.09254624725
0.09824920100000002
0.17127774150000002
0.1532868575
0.154570224
0.78067662
0.8953179490000001
0.8948806775000001
0.7564482700000003
0.7053488915
0.1332817165
0.1630828195
0.114239666
0.08400290850000001
0.08773544150000001
0.0970444625
0.105060008
0.104944865
0.1273385175
0.23213482600000002
0.206394112
0.7555162715
0.845227919
0.7993960080000001
0.7900238800000001
0.8369092250000002
0.77836369
0.762218555
0.8113824165
0.7486391895
0.7047452820000001
0.6801605255000001
0.6473230815000001
0.6120600780000001
0.49638399800000005
0.17821038600000003
0.16565985249999998
0.23320260850000002
0.7513002115
0.6670880069999998
0.6349817705
0.6073511115
0.12097776330000003
0.10676826420000002
0.0938934215
0.13268374050000004
0.15236881870000002
0.5645201670000001
0.1515941745
0.143040406
0.16221892999999998
0.5900598840000001
0.2410455695
0.5887860935
0.1645020225
0.136717725
0.160257953
0.16117454
0.6154810790000002
0.18353435750000002
0.11119923400000001
0.090422724
0.0952484648
0.155374114
0.6481148210000001
0.65956689
0.6567882420000001
0.6580475929999999
0.660657155
0.6764140470000001
0.7284774390000002
0.87682014
0.8834726310000002
0.7521138385000001
0.19052067
0.0853294775
0.06404436150000001
0.0642960025
0.07352643190000001
0.09226775400000002
0.120327951
0.26022592850000004
0.387303482
0.7457108625
0.747253575
0.8435700105000001
0.7102807950000001
0.2462420715
0.194911691
0.150458116
0.1719984905
0.6999143735
0.586970707
0.21134811200000003
0.204581745
0.3035345490000001
0.2887620185
0.6139204975000001
0.610652139
0.17935649199999998
0.1634623105
0.26159227100000004
0.18140375450000001
0.11309543300000002
0.09738512500000002
0.105056193
0.1371892525
0.26136982000000003
0.6324763370000002
0.13516210950000002
0.10428823770000001
0.12616538700000002
0.163371691
0.13072295280000001
0.199511026
0.7476755645
0.8474888930000002
0.678206792
0.1177135671
0.09620672580000002
0.133376938
0.7765780115
0.9055466030000001
0.9159064320000001
0.8225321805000001
0.71879552
0.09978408350000001
0.08694423340000001
0.1424265145
0.7184991745
0.8602037
0.7232397845000001
0.09573452850000001
0.06980382289999999
0.08028941584999999
0.076167458
0.092740611
0.1611749595
0.850227094
0.86539643
0.839909867
0.184976779
0.1183517865
0.09868015925
0.1115759823
0.19636669049999997
0.7865522485
0.1521011955
0.08825505099999999
0.07113128269999999
0.06741059525000001
0.08684700160000002
0.14195957570000003
0.760782417
0.8764855570000002
0.290762732
0.11025857550000003
0.0640185676
0.060292814800000004
0.08468565765000001
0.06614801450000002
0.08868927820000001
0.0704924214
0.14064106900000004
0.18003183750000004
0.1936743685
0.8747514499999999
0.8994996475
0.9144568850000001
0.241089918
0.11130503879999999
0.09988792900000001
0.124944822
0.8093651545000001
0.1291411263
0.07960959175
0.09611350225
0.16691436550000002
0.8180321700000001
0.11874681850000002
0.080859423
0.10230603800000002
0.07843739150000001
0.0688321955
0.06301997915
0.059047607450000004
0.05745144985
0.05558487699999999
0.063442594
0.11812480875
0.9017826720000001
0.919076811
0.8898114549999999
0.8874848600000002
0.9187341275
0.8942561554999999
0.10993749380000001
0.0930383115
0.10725990700000002
0.7524489935
0.8062575905000001
0.8484344575
0.909497321
0.8937548905
0.09675702550000001
0.06502620010000001
0.0692189612
0.0996616025
0.702298811
0.1205429377
0.126596226
0.8410951175
0.889933785
0.9337652570000001
0.9118339900000001
0.1301015131
0.1279772354
0.7489424440000001
0.18853838400000003
0.15269651399999998
0.0917467383
0.1222948803
0.7686409380000001
0.712492917
0.10537861160000002
0.0911678646
0.13315343929999998
0.8230063995000001
0.1492119845
0.162554023
0.10575896500000001
0.0809340161
0.10942914949999999
0.7129528740000001
0.659864493
0.17969767450000002
0.243188499
0.23214921100000002
0.7463141895
0.8527402250000001
0.7327281750000001
0.26186529700000005
0.110603706
0.1076951135
0.13021321930000002
0.654782673
0.1421030995
0.10060163970000001
0.0849517072
0.09563400650000001
0.1034275873
0.1222663195
0.22961540250000004
0.837894706
0.8673085650000002
0.8405648070000001
0.8755920020000001
0.8577659885
0.7553548785
0.6637463165
0.34923087750000004
0.29747690149999995
0.2673540235
0.7278528750000001
0.17756834550000003
0.1301546037
0.131494715
0.18859828050000002
0.6369148015
0.6587790325000001
0.6855788420000001
0.7392363715000001
0.8640941720000002
0.86785399
0.7224913850000001
0.184119686
0.144345243
0.6572574795
0.1540314395
0.077826029
0.07728145455
0.07610039019999999
0.1065055372
0.70067522
0.1098530409
0.07153872200000001
0.07402188025
0.1242738284
0.813483134
0.7815268930000001
0.1105708731
0.0835269038
0.1229199915
0.873564345
0.8673954080000001
0.8645021905
0.1698872975
0.0836609776
0.10534237610000001
0.8808800825
0.9317481730000001
0.9480033290000001
0.9301776370000001
0.07571780619999999
0.04606340785000001
0.0439300857
0.04821818605000001
0.058777321949999996
0.10138853820000002
0.7944889745000001
0.20987494150000002
0.11234760250000002
0.10969106990000002
0.14457530930000004
0.089525608
0.07587921435000002
0.09933206390000002
0.08349943550000001
0.1301864949
0.754493605
0.14358519470000003
0.2056060415
0.17428339825000003
0.0739113135
0.06454847205000001
0.06015398140000001
0.06255470730000001
0.12868699220000002
0.3342476525
0.9041225835
0.9259675015
0.928122945
0.9174833320000001
0.8790443200000002
0.7358323434999999
0.158767007
0.09617290519999999
0.08954330500000002
0.10041172500000001
0.1576223165
0.256157265
0.1970263555
0.16829810200000003
0.22673357300000002
0.606906578
0.6042131870000002
0.33123437600000005
0.2301729955
0.18964355149999998
0.232894921
0.7928191850000001
0.7758389095
0.8755380400000001
0.8722115440000001
0.19776052100000002
0.0959198525
0.08647269099999999
0.06516548125
0.06537576850000001
0.06732462660000002
0.06385580255000001
0.06116287810000001
0.05973650985
0.0642502764
0.0981227016
0.10000244865
0.857928997
0.8858515960000001
0.8930879749999999
0.8661312565000001
0.333397123
0.880376311
0.12156582030000002
0.0563133192
0.0513497984
0.05403781435
0.06344295585000001
0.07883454285000001
0.0651057122
0.06359964075
0.0769322645
0.11665682649999999
0.33834972350000003
0.8690712500000001
0.31873471500000006
0.27836109950000004
0.139489357
0.146249771
0.6573969165000001
0.24947721850000001
0.6644185705000001
0.15096997250000002
0.10512874650000001
0.13085591500000002
0.5854239025000001
0.1577133335
0.18179790500000004
0.6881900930000001
0.6849559745
0.6971472590000001
0.21253376700000004
0.20627046850000003
0.11850371300000002
0.1011596725
0.10407624400000001
0.1320998035
0.1621590385
0.13789733050000003
0.10954170950000003
0.113884021
0.1015956285
0.1163748145
0.11586075500000001
0.167197383
0.19160449950000003
0.2556769265
0.7837904285
0.7177060195000001
0.7385422550000001
0.83437327
0.8168725155000001
0.669585495
0.6237769080000001
0.6448959264999999
0.6695028590000001
0.723164967
0.8289817845000002
0.7007924215
0.13431172624999999
0.09803626690000002
0.10833953970000001
0.175634256
0.13553226699999998
0.6833483925
0.08984718695
0.0631364539
0.0626027373
0.07652790625
0.13642466800000003
0.8546589525
0.1660121195
0.11562380300000001
0.16029461650000001
0.11727382400000001
0.07712924605000002
0.09789128250000001
0.6894182799999999
0.1003608305
0.07402731709999999
0.0954579725
0.730387933
0.29428485400000004
0.883480216
0.8779038625
0.881562161
0.8339668590000001
0.24645583100000001
0.775059008
0.11543578570000002
0.0922359885
0.1170045195
0.725866805
0.09484443424999998
0.06557892215
0.06712261895
0.07457195475
0.08954013475
0.11766687550000002
0.11516191200000002
0.0763299108
0.06731043600000002
0.06957714685000001
0.08711506025
0.13438954
0.7534045844999999
0.1324968725
0.11911888550000002
0.6838741515000001
0.12776719500000003
0.129705358
0.8075507000000002
0.8530464265000001
0.8947195725
0.9308675550000001
0.895636055
0.2193743965
0.18506271000000002
0.8346988670000001
0.1332431853
0.1253971145
0.7127678965
0.0870600516
0.05860351895
0.05620089660000001
0.05943403150000001
0.0714286031
0.1368015796
0.8421272315000001
0.795183062
0.1014953935
0.0640681546
0.061940961150000015
0.07149729070000001
0.12772687
0.7188513425
0.224034803
0.7056387999999999
0.15681408849999998
0.089722127
0.0955329573
0.159477431
0.6955329895000001
0.23898340400000004
0.18277125299999997
0.308944065
0.829014349
0.773710833
0.7911191765000001
