0.7679632384999999
0.6847553275
0.15131048300000002
0.13960596799999997
0.3285235195
0.8984164450000001
0.8837553380000001
0.8933582595
0.0967761379
0.06490622395000001
0.07618330280000002
0.10958127179999999
0.878381427
0.8595280970000001
0.8565677015000001
0.8520270600000001
0.821594395
0.8231713865000001
0.855718229
0.8916896280000002
0.1123328255
0.09770815185000001
0.07528488985000001
0.11139979890000001
0.8189051575000001
0.09711730170000002
0.06353687884999999
0.08312050195000001
0.061867789400000005
0.08608244185000001
0.8551074250000001
0.8792366400000001
0.877585135
0.9004684010000001
0.9180025290000001
0.9389546175000001
0.9200659560000001
0.06974786615
0.0432375375
0.04246866625000001
0.0453453076
0.05078925110000001
0.05350540995
0.061330360650000006
0.09594380250000001
0.7922165155
0.768467306
0.0878672933
0.05384824885000001
0.0513505535
0.07501724929999999
0.09486945795
0.8810733645000001
0.9041393610000001
0.9159646625000002
0.9150145435000001
0.936918491
0.8926296400000001
0.8431311350000003
0.06909834105000001
0.05312120355
0.04697809555
0.0581653748
0.11227859390000001
0.8475625535000001
0.8140308895000001
0.103942038
0.07516300975
0.09444886240000001
0.719061727
0.713729452
0.17650058130000004
0.12878200315
0.18388349615
0.8664714360000001
0.864244921
