0.32877124920000006
0.21755629540000002
0.31525740139999997
0.7612717170000001
0.847424728
0.8941503574999999
0.9132280700000002
0.9279965945000002
0.9308801625
0.9310245050000001
0.9298223575000001
0.924955608
0.896003767
0.4668549655
0.265721667
0.5527136814999999
0.8779236330000001
0.8914112965000001
0.8947618920000001
0.907832043
0.8897398710000001
0.8517000155000001
0.8156370980000002
0.836886987
0.86855724
0.9133590199999999
0.9164551150000001
0.8960262035000002
0.8675009000000001
0.8283177585000001
