0.8394525150000001
0.8736056750000001
0.9039773595000001
0.910470177
0.9004974550000001
0.861220854
0.8422768015000001
0.8364628755000001
0.855206876
0.8777176955
0.8636383900000001
0.8632340810000001
0.6658686399999999
0.330761225
0.24929675950000002
0.32704883300000004
0.709063949
0.8623271635
0.8675677515
0.429471527
0.233509796
0.30515325849999997
0.31466521550000004
0.657199689
0.7688762690000001
0.33766224
0.4256781165000001
0.342028751
0.1855888915
0.1657210175
0.237857473
0.1292949493
0.1269509985
0.21348534350000004
0.12417576350000001
0.12279892300000002
0.161808742
0.1835931
0.7712691624999999
0.617232328
0.6254352575000001
0.63983904
0.6394709705
0.6205188450000001
0.1206415415
0.08781254580000002
0.10225149200000001
0.15846641600000003
0.8675734045
0.8684421655000001
0.12310778750000001
0.0793862685
0.1002269892
0.6663461985000001
0.1627313755
0.19998581800000004
0.1562668225
0.08687977500000002
0.11045354900000001
0.8544536149999999
0.9110892135000003
0.8184349620000001
0.7674539955
0.07521005900000001
0.05381217090000001
0.053982827600000005
0.05903458075
0.0557272038
0.054629719300000004
0.0654448271
0.1131930765
0.888676065
0.9195182705
0.9282846130000001
0.9225067195
0.9021080815000001
0.16098600500000002
0.0821993355
0.0956615685
0.0593594536
0.05466314005
0.054843788250000004
0.05461402729999999
0.0558742065
0.06765950255000001
0.10024533440000001
0.841889323
0.8637960075000001
0.8746287315000002
0.8575836465
0.118070056
0.06895959865000001
0.049576069900000005
0.04774055215000001
0.054854478649999996
0.09810906475
0.8850351365000001
0.8915844440000001
0.8915084030000001
0.9223886455000001
0.9026205359999999
0.883401043
0.8164273670000001
0.20299431900000003
0.7421357890000001
0.07459723640000002
0.0558910274
0.0626059039
0.1223631005
0.25259133300000003
0.861331276
0.827746404
0.12169690429999999
0.11624880550000001
0.06749753865
0.06001716120000001
0.07146650800000001
0.129969951
0.7506747835
0.8115934750000001
0.18163716680000003
0.19080162550000002
0.18827626350000004
0.374279921
0.8639754070000001
0.8764495260000001
0.7850995700000001
0.7221976370000001
0.7156705675000001
0.7834566295
0.7384351495
0.7321523525
0.793008893
0.754156544
0.799095843
0.6829068975
0.279088175
0.26733779
0.6211014995
0.6979702640000001
0.8349583880000001
0.8318308660000001
0.24480513
0.19646389050000002
0.579975921
0.13463826159999998
0.117110966
0.19672358450000005
0.14550847050000004
0.1305192185
0.1133028127
0.093897308
0.07263372900000001
0.0754755462
0.073637719
0.09694939700000002
0.0735164793
0.10125463575
0.7911249625000001
0.7638535100000001
0.8096827360000001
0.13812153870000002
0.0642808145
0.054157480050000005
0.057048664900000004
0.0865982854
0.8263711885
0.8838967665
0.28071339100000003
0.14112127
0.320597881
0.885811927
0.9006853930000002
0.87998531
0.13343527600000002
0.08949049675000001
0.131675884
0.8144569680000001
0.7508514700000001
0.07552837870000001
0.049828032300000005
0.04985049845
0.06720593305
0.1302152386
0.8914229975
0.92821646
0.8884890715000001
0.8211471525000001
0.07846619075000001
0.051610205500000006
0.052704037950000004
0.06280425775000001
0.09927586475000001
0.08655820774999999
0.0881458782
0.15854821
0.188732799
0.1853835145
0.13515742500000003
0.1091439347
0.1321957946
0.6802516730000001
0.7774420550000001
0.23157171349999997
0.2589060818
0.16751283400000003
0.21630566350000002
0.8890739045
0.9251354620000001
0.9112946375
0.756545505
0.11733728010000002
0.1013311526
0.1288296479
0.1502167075
0.67339751
0.8337101465000001
0.8442142285
0.72659804
0.7743050680000001
0.18506871700000002
0.13287581275
0.13974839200000003
0.15476659799999998
0.5196071535
0.5924869490000001
0.594076583
0.580828047
0.2052926515
0.193553777
0.5870682450000001
0.141034671
0.11262206999999999
0.0972745125
0.09295401325
0.11046370660000002
0.16513905010000002
0.22237869050000003
0.7019946355000002
0.1227024885
0.07742332500000002
0.07552212550000001
0.0976174511
0.09888562635
0.08582187750000002
0.1160345095
0.7070361785
0.11132748070000001
0.08644038575
0.12177660685
0.7209142700000001
0.0990311189
0.0662460571
0.0610277256
0.059877831699999995
0.05918137660000001
0.0550246307
0.059185119400000014
0.09582856805000001
0.8750120135
0.9179182705000001
0.928193469
0.893497794
0.8624922150000001
0.8753755655
0.8863641380000001
0.904565634
0.9329724250000001
0.9304391650000001
0.9078283035
0.07837620305000001
0.0503992845
0.05534009370000001
0.087292489
0.121553529
0.8074993300000001
0.7247751425000001
0.10202131710000001
0.0806439521
0.1072488577
0.7550656295
0.7381762525
0.124301624
0.10613861675
0.1096742777
0.6420589720000001
0.122417037
0.11627774650000001
0.275188751
0.8635195250000001
0.829677592
0.7826093550000002
0.7507870520000001
0.7870800130000001
0.8130262085
0.8192136130000001
0.829217745
0.874958207
0.77077225
0.11123065530000001
0.08163317640000001
0.08544586724999999
0.12164129150000001
0.717913987
0.43693616399999996
0.3544124875
0.12371973829999999
0.09688212050000002
0.09248903149999999
0.11984419110000001
0.11061186800000002
0.1262555105
0.1922887905
0.8241578125
0.808871493
0.8240526725000001
0.8480766825
0.8808596535000001
0.8858672360000002
0.8688474764999999
0.8172125749999999
0.847801145
0.822766015
0.7929902959999999
0.7524591130000001
0.7021816249999999
0.6328335850000001
0.138387471
0.1047222625
0.093843168
0.0910947107
0.10938607500000001
0.09753271300000001
0.1241392641
0.6989619640000001
0.7134942195000001
0.7376621569999999
0.754196299
0.2430689345
0.1085251655
0.061641388400000004
0.053614433600000004
0.06170753130000001
0.12506776
0.1547718545
0.9087938185
0.935569112
0.9267622400000002
0.7845960330000001
0.080281771
0.066886005
0.09976012610000001
0.7503509600000001
0.14324182875000002
0.06685488520000002
0.0640034338
0.11001704
0.8943988700000001
0.920693447
0.937766427
0.9205143010000002
0.885883903
0.8305932635
0.7705263099999999
0.0716377765
0.0527687696
0.05686534185000001
0.08848393350000001
0.7752842550000002
0.46127539600000006
0.8821292975
0.9226506085
0.8939369115
0.15312068950000002
0.14459328070000002
0.7493543715
0.8348508425000002
0.13750812125
0.130855053
0.1609633885
0.7928050625
0.1356562983
0.120548338
0.21632730020000002
0.240357205
0.7031075175
0.6966915495000001
0.206429392
0.14300053125
0.18318608300000003
0.1044423139
0.0954766482
0.106306557
0.1378942365
0.6668618625
0.788663191
0.18690293570000002
0.13767350080000001
0.13498257649999998
0.09035912455
0.0763681037
0.07477685695
0.08538519350000001
0.1476579714
0.7833145025
0.9017215570000001
0.8275601830000001
0.27389335600000003
0.0825789628
0.0615884443
0.0634519805
0.08080686020000001
0.15167847439999999
0.13911032905
0.664560449
0.13543659200000002
0.10405009300000002
0.11220418600000001
0.18890966250000002
0.10356625600000001
0.09109701309999998
0.0694593042
0.0695801344
0.0991681532
0.780218015
0.8069264194999999
0.8966139120000002
0.7869156900000001
0.08025476400000002
0.05661608350000001
0.0607582178
0.07236912875000001
0.0834877421
0.10779600410000001
0.8464867325000001
0.8775713175000002
0.11316019770000002
0.07722885580000001
0.09994948275000001
0.8576543999999999
0.9073705124999999
0.917949275
0.9037951130000001
0.10163414185000003
0.07746392240000001
0.12073139349999999
0.8801077429999999
0.914564059
0.8675648400000001
0.8073318975
0.763476845
0.103127553
0.12031199960000001
0.12418280650000002
0.11171479449999999
0.0847700362
0.10600042450000001
0.6547351804999999
0.6693852115000001
0.7299119690000001
0.7859155500000001
0.8821189740000001
0.778456585
0.10581312350000001
0.08251933325000002
0.09695597190000001
0.1184532529
0.8570727930000002
0.913988649
0.906919746
0.8942649309999999
0.8916333540000001
0.8983090499999999
0.8105168920000001
0.10762192200000001
0.11061881575
0.082704682
0.10064150505000001
0.7779403480000001
0.893831096
0.9254839250000001
0.9288154485000002
0.9191726415000001
0.8662793875
0.832303616
0.845495737
0.345371523
0.703252798
0.1462552815
0.12708838150000001
0.1820725194
0.128759864
0.15590387249999998
0.14587793850000003
0.21097952500000003
0.8367367390000001
0.8609086925000002
0.808607423
0.8778686315
0.898001648
0.9017867180000001
0.8951934635000002
0.867096894
0.765348165
0.6662887315
0.22372971349999998
0.23085008850000002
0.22090439950000001
0.2047122106
0.6202653465
0.663122846
0.7443640550000001
0.854303967
0.832024317
0.874351762
0.815296978
0.7498262730000002
0.10673227730000001
0.0707175821
0.061473024700000004
0.06207938850000001
0.07334011270000002
0.08584264720000001
0.12359003250000002
0.34301143
0.8776590285
0.8115954220000001
0.87494269
0.15166574400000005
0.0754774905
0.07007018370000001
0.12183957050000001
0.17449084050000002
0.24800250600000004
0.8264526865
0.791303419
0.770970865
0.0987080565
0.06255942125000001
0.047599107749999994
0.05216655425000001
0.09707078344999999
0.901259809
0.9172775075
0.9213368450000001
0.9132354460000001
0.9226006315
0.8574995060000002
0.0644683502
0.0440478527
0.04555116000000001
0.0583951054
0.08974550035000002
0.09310005725
0.09725362
0.08987740425
0.0771507825
0.08535520730000001
0.11436462750000001
0.09431018699999999
0.07753180750000001
0.07644493375
0.1132929609
0.7197843414999999
0.7156334365
0.1557213795
0.106859705
0.1313310725
0.0752334005
0.0604091532
0.053634285999999996
0.0541727675
0.05587821095
0.08947429965
0.8142384135
0.811740883
0.8378799055
0.8892228635
0.9326693950000001
0.93193758
0.881171805
0.8536988230000001
0.8835940195
0.08109710825000001
0.0492751827
0.0443517582
0.057991799499999996
0.0773806721
0.10046367125000001
0.11447864249999999
0.12090104500000001
0.21801206999999997
0.6902108674999999
0.7110471675
0.8122949780000001
0.7419166375
0.752534672
0.8549071550000001
0.8675816209999999
0.8303856854999999
0.8656147070000001
0.8512923869999999
0.7737083825000001
0.7573806710000002
0.7846944390000001
0.8684688285000001
0.8897413705000001
0.8628870464999999
0.7113969510000001
0.6002521180000001
0.17831343600000002
0.14496398700000002
0.142934771
0.18082623450000002
0.5872765535000001
0.634615399
0.7399412335000001
0.194631431
0.140071326
0.14163944900000003
0.1931681355
0.2709316165
0.4892109825
0.86939237
0.864145308
0.6908446389999999
0.6414566155000001
0.1264213552
0.08957209000000001
0.0857154975
0.11170127650000002
0.24447819900000003
0.876098678
0.8908886485
0.7760523900000001
0.7006695270000001
0.6702616250000001
0.699747298
0.8305923034999999
0.826721294
0.845526325
0.8942007365000001
0.8968148075
0.8639520490000001
0.878075177
0.817642003
0.753863315
0.23820221949999998
0.1098883446
0.0935703729
0.1053736062
0.1473087505
0.623079315
0.6460226575
0.621852576
0.2333640005
0.224512338
0.606055488
0.590298681
0.13053842850000003
0.09717877150000001
0.0884936713
0.10337355749999999
0.19775290550000002
0.198776199
0.835981492
0.755021288
0.71872254
0.667960186
0.13742797420000002
0.12467206530000001
0.21296346300000002
0.7968162775000001
0.3593251065
0.8239513965000002
0.8762336225
0.847723494
0.828066811
0.82169028
0.7541907325
0.30755028
0.80782639
0.23457901700000003
0.11587682850000003
0.1260649425
0.6466649829999999
0.6596161615
0.16680846700000002
0.1314559075
0.09248378450000001
0.08386725775
0.1038538678
0.15245975
0.73496154
0.21939397500000005
0.206343365
0.5978366375000002
0.5522486435000001
0.506609356
0.21002475050000002
0.1975681675
0.22357668900000002
0.6874417825
0.25266329200000004
0.2460321955
0.38536859100000004
0.6396879735000001
0.7643233365000001
0.178426252
0.11499330250000002
0.087493196
0.093040394
0.1106505267
0.2561266165
0.2629756685
0.1530320235
0.177387043
0.8023141615000002
0.673909376
0.67119187
0.6564095650000001
0.1164794581
0.09034287875
0.10331428225000001
0.11575684750000001
0.11145406199999999
0.1643674655
0.6245257040000001
0.6094107565000002
0.60076158
0.16373517099999998
0.1259639375
0.13042647000000002
0.11454870500000001
0.1297077825
0.204353597
0.812167322
0.802369723
0.169959825
0.11646205450000002
0.1272534175
0.1679317405
0.31832625049999996
0.441983628
0.8231958755000002
0.6580593269999999
0.6099315335
0.55801304
0.17765721450000002
0.16579380900000001
0.42717936650000005
0.170206129
0.23811187650000004
0.783588123
0.6910188600000001
0.6784560075
0.6711383830000001
0.674815431
0.7796728910000001
0.1720999535
0.177286094
0.5998908990000001
0.11137109849999999
0.11480584250000002
0.09716145749999999
0.09502746949999999
0.1057869715
0.130772938
0.654585829
0.13933536200000002
0.13086346499999998
0.6483457310000001
0.09803841900000002
0.0641031296
0.0634099761
0.0909652725
0.263858411
0.88734659
0.8082759130000001
0.10456185700000001
0.07149338915
0.09901402150000002
0.1047423095
0.7021644220000001
0.0968296538
0.07257800245
0.10159348215000001
0.8680054965
0.916045173
0.906927785
0.8564336655
0.0711242503
0.046666319350000006
0.0429394438
0.04711928835000001
0.05484831695
0.07306010410000001
0.20639727600000002
0.8973764475
0.895704949
0.7452109579999999
0.6907950735
0.7433976255000001
0.8023156750000001
0.8368906175
0.847799613
0.883794038
0.203065335
0.11031326220000001
0.0686145888
0.06339001335
0.08006209175000001
0.07450377850000002
0.0741655376
0.09289031100000002
0.1566499705
0.1156318795
0.138602626
0.2638585205
0.2416045835
0.125760637
0.1084472585
0.13944548450000002
0.159886451
0.800807171
0.337902707
0.1687080302
0.1965999735
0.844976359
0.800611194
0.8768924574999999
0.7184996955
0.11232852950000001
0.1001614055
0.13779632549999998
0.6319330195
0.6442944365
0.14310039400000002
0.19013137650000003
0.10485282600000001
0.10133338920000001
0.1358341625
0.15982097250000002
0.17084769149999998
0.1343631995
0.1433198655
0.6323025230000001
0.14900570935000002
0.12562900145
0.2207593348
0.1442745845
0.17880168500000002
0.7999080789999999
0.1411556082
0.08549219165
0.07645036585000001
0.0979927008
0.09016674979999999
0.1532938817
0.0849823275
0.08909979500000001
0.0780629891
0.10680873269999999
0.7687256280000001
0.7781705850000001
0.8753969050000001
0.727766421
0.18793213450000001
0.213323462
0.8850405720000001
0.9163017825
0.8925235650000002
0.083279607
0.0509323714
0.05143386390000001
0.07613635745000001
0.0600369217
0.06607848305
0.0714555205
0.14370503350000002
0.7278739630000001
0.12448793600000001
0.11969908250000003
0.7376430435000001
0.1435165345
0.0711503858
0.0743104195
0.14529171
0.8825465870000001
0.9256106940000001
0.915607205
0.913019056
0.9173195670000001
0.9304506670000002
0.9200148500000002
0.841727345
0.08921275670000002
0.0744348655
0.128394525
0.8043033450000001
0.3078455705
0.7461149300000001
0.30527399850000003
0.83172072
0.258548854
0.7541951715
0.1035514492
0.07078411184999998
0.0909559448
0.06702313255
0.08242622065
0.11644765950000001
0.8142730690000001
0.14280402150000002
0.12269569250000001
0.7345602290000001
0.776338534
0.9209911365000001
0.9301645135000001
0.8708971930000001
0.9053120920000001
0.326267588
0.09165615160000001
0.10416034789999999
0.06924402460000001
0.06591124165
0.06532857620000002
0.0697290394
0.07766940925000002
0.077342913
0.09486480830000002
0.1215184695
0.110078037
0.1276197506
0.12028716299999999
0.14988208349999999
0.350501912
0.809023705
0.7298227159999999
0.7982538265000001
0.6995918400000001
0.693843998
0.683850359
0.6545718220000001
0.23924316250000002
0.18633028699999998
0.124089132
0.10722308700000001
0.11014960575
0.1302180165
0.4996003835000001
0.1972321095
0.23427578449999997
0.4759873050000001
0.8267514940000001
0.541442027
0.35754899050000005
0.16608501750000002
0.09571335000000002
0.08879189650000001
0.06870350145
0.07165080235000001
0.12020217469999998
0.8901202520000002
0.904606577
0.8331111080000001
0.7881906894999999
0.8158639280000001
0.9127142715000001
0.9283640000000001
0.91582026
0.8325202340000001
0.8636110455
0.0873071055
0.057217650550000006
0.06493123795
0.06172166975
0.0676534096
0.08598363985
0.14307037900000003
0.22713978850000002
0.794457803
0.28910643100000005
0.20146314249999997
0.2098648915
0.7319109825
0.19072795300000003
0.14125017024999997
0.149386977
0.550351364
0.15182979
0.1151196102
0.11451571270000001
0.17690487449999998
0.17676069300000002
0.7382758525
0.862655059
0.7666504220000001
0.7641985760000001
0.883772589
0.3167678705
0.16330657050000003
0.06591524395000001
0.05466098660000001
0.07183681625
0.05171627185
0.05116864545
0.065448885
0.3159156385
0.916565684
0.918427902
0.9304970185000001
0.912372001
0.9318737500000001
0.92168369
0.9317970665
0.9158977275000001
0.10228623050000002
0.0493756857
0.042521527850000004
0.048822421350000006
0.0631857296
0.11468083675000001
0.8048890310000001
0.1659187045
0.17368903550000003
0.2866592215
0.8889373170000002
0.9191211905000001
0.9192847390000002
0.8991931409999999
0.8206320130000001
0.8876308265000001
0.8808963900000001
0.7560623420000001
0.7017249305
0.6012081375
0.10398938790000001
0.08540258300000002
0.0949932463
0.18824537800000002
0.8302796010000001
0.4173447965
0.8676972949999999
0.845667901
0.8287804725000001
0.81199929
0.778040603
0.7106321175000001
0.11173927249999999
0.1312119403
0.0848200145
0.08007303025
0.119537926
0.653868036
0.1557119765
0.22284827050000003
0.10680454700000001
0.09195673500000001
0.112729416
0.649260594
0.13611919700000003
0.125516236
0.6452965374999999
0.1311635764
0.1289879263
0.231018202
0.8075625869999999
0.8495267135
0.8745561855
0.8978421100000001
0.918477074
0.8861393750000001
0.8473692030000002
0.8048414615
0.0978017835
0.0641108155
0.056349084400000006
0.0695293575
0.1058218805
0.6837134940000001
0.1075672254
0.07425983800000001
0.08603498400000001
0.11597016600000001
0.17369610550000003
0.8336413075
0.74633748
0.7377630589999999
0.8165879500000001
0.7077383564999999
0.7078324255
0.7220559265000001
0.742750875
0.8386485730000001
0.463492279
0.2199876765
0.1341411975
0.1210869095
0.180921844
0.113512134
0.1076819433
0.1310670602
0.7209725695000001
0.8665539125
0.8899280845000002
0.8530152415000002
0.8572056050000001
0.7556701674999999
0.654079064
0.6258510575
0.6434702944999999
0.6897597085
0.705070396
0.6990518120000001
0.738076433
0.7566226665
0.747306099
0.739146764
0.7327700600000001
0.7129228940000002
0.1569807485
0.12155273750000001
0.1289218887
0.290981818
0.1293583643
0.10752324399999999
0.10588411150000002
0.1078021485
0.1724094545
0.7002135830000001
0.7969171150000001
0.3539324635
0.2103538135
0.193152119
0.46031208
0.1934563615
0.1889120635
0.306862836
0.8490977815
0.8941637315
0.8848825265000001
0.838010122
0.8174303985
0.8289051930000001
0.8725447695000002
0.883650907
0.8694124490000001
0.8193300920000001
0.8374146640000001
0.7844288655000001
0.8107595065000001
0.69688905
0.5918830230000001
0.16653428799999997
0.154593806
0.12282562675
0.12337074040000003
0.2059633855
0.20562628100000002
0.11765937920000001
0.11118635820000003
0.16496794300000003
0.8248169425000001
0.7306643750000001
0.7170671660000001
0.70745115
0.7055611110000001
0.7138713535000001
0.09466402010000001
0.0631203378
0.0679824571
0.07277696635000001
0.13293027
0.1439449405
0.11225608875000001
0.0629194989
0.06391443310000001
0.1048007037
0.8034889695000001
0.7722804434999999
0.7974302950000001
0.9004476615
0.10188667440000002
0.04964982440000001
0.0416111958
0.041381495500000004
0.043978842350000005
0.060448281750000006
0.43972724300000005
0.9260125305000001
0.943245895
0.944360486
0.923848333
0.933797531
0.8763683730000001
0.8562356375
0.07212179199999999
0.0460539113
0.043916992349999996
0.0497338235
0.07193192275000002
0.0686563878
0.1099189185
0.10456643620000002
0.06215840720000001
0.06490074994999999
0.09841968350000001
0.7904022350000001
0.7780975410000001
0.7793633245000001
0.793365121
0.8748605395000002
0.21274470200000004
0.16231354650000002
0.1510455875
0.163545667
0.09467551390000002
0.112532745
0.7445513075000001
0.7305456230000001
0.1653448725
0.08821881399999999
0.07565539315
0.11476912990000002
0.13870218675000004
0.1486183095
0.1321798662
0.2654951222
0.21286595050000004
0.8014638650000001
0.35641245499999996
0.371957423
0.3089229075
0.23397711100000004
0.17613318900000002
0.24076995100000004
0.630765647
0.651826639
0.6732008220000001
0.1489940565
0.10821420350000001
0.08815013640000001
0.0977118565
0.139911007
0.27626540450000003
0.2611509155
0.2909464775
0.32371623099999997
0.6468148
0.19381379
0.15089400950000004
0.22063179700000002
0.5848404565
0.14268865749999998
0.13576791350000003
0.157447932
0.16694883450000003
0.1681955075
0.5696339300000001
0.6346509679999999
0.7360993055
0.8727578750000001
0.878331313
0.3838381245
0.16302306530000002
0.10819303715000002
0.07247596825
0.09803045325000001
0.0742754908
0.0684376281
0.16732879380000001
0.895150636
0.9278483915
0.9462254430000001
0.932109237
0.12386285515
0.061519606250000004
0.08441205345000001
0.065837194725
0.061166771
0.09976089314999999
0.0923294282
0.2187424335
0.905215642
0.9318184850000001
0.921510234
