0.836945916
0.843420442
0.839174251
0.8449748715000001
0.270654586
0.19791458450000002
0.539560978
0.207569673
0.6215767415
0.15362861850000004
0.12320739350000001
0.1062117303
0.09174115115
0.07553692145000002
0.0930028324
0.24991024550000002
0.904926602
0.910482935
0.7611542845000001
0.7065223505000001
0.076035126
0.05268340555
0.0546990353
0.0755758733
0.8466878425000001
0.8814854320000001
0.9369038255000001
0.94149048
0.940305908
0.9273764450000002
0.931801168
0.9068126450000001
0.0889662813
0.077591146
0.0597063943
0.0767059786
0.7385212885000001
0.8674982995000001
0.7581210255
0.802790702
0.9176333885000002
0.9042712375
0.0796714685
0.047691833700000005
0.046389028549999996
0.07580744445
0.07744361935
0.052451686250000004
0.05735140069999999
0.11881966570000002
0.9161477735
0.9420677835
0.9167906050000001
0.16570376850000004
0.07860391959999999
0.09994903590000001
0.7562290680000001
0.0959520215
0.06187939440000001
0.055736753150000005
0.06379587415
0.09719383605000001
0.735460906
0.10240004660000002
0.0649639797
0.0704744568
0.1361327568
0.193251717
0.23790185799999997
0.28278736900000007
0.7080935855
0.1060122762
0.094075271
0.08927660899999999
0.10031081559999999
0.1661832695
0.10025210920000001
0.1511567495
0.08585922325000002
0.06395857
0.06485650355
0.08357996645
0.2591334075
0.8797083350000001
0.10434988700000002
0.05627122354999999
0.048776261300000005
0.0483802907
0.04933504545
0.05880930405000001
0.1412431576
0.3066187610000001
0.8669778470000001
0.16324590230000002
0.170266618
0.881101246
0.9159689610000001
0.9158412954999999
0.9046690840000001
0.1093034097
0.05098264065
0.0453791977
0.047356160950000004
0.048230781349999995
0.05056058095
0.057962289150000006
0.10093638360000001
0.8560123810000001
0.9096425425
0.1865712685
0.07519291
0.06330632195
0.06438082585
0.09047394065000001
0.67197985
0.1434707955
0.18104048400000006
0.16569233975000003
0.18003583499999998
0.770408509
0.265803656
0.21104457550000003
0.6068297945000001
0.6929053629999999
0.8486596270000002
0.8780392124999999
0.844689873
0.6305308895
0.18991395249999998
0.16923787150000003
0.20485263100000003
0.2593381965
0.8017028149999998
0.8171732504999999
0.386622028
0.483934719
0.7559405725
0.22237450600000003
0.21024327000000004
0.2003500515
0.41309060799999997
0.875166342
0.8831138155000001
0.3624076555
0.161608101
0.0855981719
0.0625583355
0.060356714400000004
0.06818342455000001
0.104114013
0.757048658
0.7485921700000001
0.7460385540000001
0.7445207155
0.7433612950000001
0.745235995
0.7314478350000001
0.10848385074999999
0.08228105075
0.09859527350000001
0.1125857062
0.113082969
0.1828821065
0.13683016450000002
0.10349618900000002
0.08235962349999999
0.07015785670000001
0.07415933050000001
0.07638454465000001
0.09879709470000002
0.7515779850000001
0.79004992
0.8972015470000001
0.902595957
0.8064254685000001
0.789122055
0.8873801875000001
0.89528418
0.8512619895000001
0.16799315
0.140674628
0.2109734155
0.636675272
0.8040629850000001
0.8145977135
0.6723418805
0.6391424070000001
0.192659087
0.125416822
0.13056907495
0.1257093356
0.098534998
0.10373539375
0.17575945149999997
0.7083242475
0.28943981649999995
0.10338148695
0.08095706200000001
0.08816325200000001
0.1530550931
0.7331941350000002
0.10534110460000001
0.07449949355
0.06212770130000001
0.0593138502
0.05880887165
0.06316982645
0.08978295124999999
0.075236965
0.14228396670000001
0.16580655499999997
0.1809237725
0.7619782715000001
0.1571932875
0.14931684650000002
0.23025556000000003
0.4108068510000001
0.916211742
0.936376045
0.9102045095000001
0.8799394365000001
0.8322275080000001
0.1086163315
0.102569707
0.1455088485
0.1851735646
0.80138019
0.1129993938
0.0799994601
0.07790257275
0.10582934690000002
0.74077592
0.09802437035
0.0579110183
0.05304058295
0.05793612930000001
0.0778376888
0.8103423215000001
0.8535414200000001
0.931685536
0.940767695
0.9326214700000001
0.8751903625
0.30038049050000004
0.16921936050000003
0.7619259965
0.19515435395000003
0.10949381100000001
0.07311229200000001
0.08548772375
0.19137153149999997
0.858535825
0.3005631185
0.10226405290000001
0.0862939308
0.16175408370000002
0.0949408619
0.098218289
0.21807042550000003
0.6488397029999999
0.6160705115
0.1388976165
0.1220966681
0.17840096849999998
0.8323232170000002
0.735584458
0.11226569245000001
0.08309228240000001
0.08882582495
0.07215921645000001
0.11984602335
0.0683558411
0.07306857
0.0997010661
0.8665778245
0.8911736350000001
0.8812357574999999
0.11256456870000002
0.11009820710000001
0.05837318150000001
0.05808062910000001
0.0659655417
0.09260411250000002
0.08399629840000002
0.09690306400000001
0.7588566350000001
0.7986309450000001
0.9017512515
0.9239110910000002
0.9263158615000001
0.9160551525
0.8693023220000001
0.8547773030000001
0.8747459900000001
0.7628330350000001
0.193750782
0.131740991
0.126899672
0.166068232
0.7771464825000001
0.41796252500000003
0.35542765600000004
0.795403568
0.6244092835
0.149130447
0.13453648050000003
0.13242398349999998
0.189148492
0.7777240020000001
0.9092183165000001
0.9246094285
0.890103058
