0.7722805225000001
0.7526670445000001
0.7086103425000001
0.7126243175
0.7871188485
0.88384193
0.9126277265000001
0.914995517
0.9024906195000001
0.8515333125000001
0.34337980850000005
0.25472189600000006
0.3134932315
0.432595294
0.4901296185
0.46303436300000006
0.7648319100000001
0.244059366
0.20569714249999999
0.142047866
0.1528714155
0.1091451785
0.0955109425
0.1004378687
0.1328224205
0.11479861949999999
0.132415684
0.20635126399999998
0.6672423749999999
0.787347645
0.2865616945
0.207869029
0.12212203299999999
0.10631921830000002
0.1315237388
0.591696757
0.618351293
0.6159606085000001
0.5831373489999999
0.559022831
0.144256395
0.1184521435
0.1597316685
0.18788757250000002
0.7932131530000001
0.6791927124999999
0.6292264735
0.6091945345
0.163930222
0.215313117
0.176671519
0.24762598900000002
0.7777164855000002
0.648764182
0.5982082210000002
0.19721933849999998
0.18172967
0.2735388915
0.239726351
0.74615598
0.6109374949999999
0.621923255
0.651418789
0.23319271750000004
0.17035428250000004
0.10898999950000002
0.0896537905
0.09489367600000001
0.0982591755
0.12259563100000001
0.189084053
0.7610225264999999
0.5983249740000001
0.152096727
0.148655486
0.199000223
0.13827538400000003
0.16506701200000004
0.18209173
0.747916245
0.8779983525
0.8677348635
0.1761712765
0.09742355700000002
0.06980284240000001
0.068659701
0.10337780585000002
0.7334685325000001
0.7521595645000001
0.21622623500000002
0.12037341350000001
0.062277327800000004
0.0514920024
0.048887204
0.047820661650000006
0.06028150215000001
0.23389948779999997
0.9141109900000001
0.9388050859999999
0.946698815
0.9148295130000001
0.09130307210000001
0.05278579810000001
0.056785181600000005
0.07394549030000001
0.054577843449999996
0.059360073400000005
0.08731666805
0.130420331
0.7450445470000001
0.727389724
0.7663497300000001
0.8616526105
0.8188215225
0.8860763750000001
0.8786515564999999
0.7696638365000001
0.808685197
0.12783826550000002
0.10402634200000001
0.12920712280000002
0.14607681450000004
0.337361842
0.829736964
0.7879605455
0.8596725155000001
0.8313765535000001
0.66912398
0.5778713155
0.2936915910000001
0.16283493850000003
0.15730879500000003
0.241269941
0.1373267675
0.12046277780000002
0.13862763250000001
0.136354246
0.11001495
0.1216066885
0.169762375
0.624422425
0.31680951300000004
0.29638355099999997
0.19826789399999997
0.5642685925000002
0.194330104
0.586446645
0.1412529564
0.1568607455
0.23574642000000004
0.23150852050000004
0.7594519210000001
0.25571491150000003
0.14162740049999997
0.0684929195
0.05918769435000001
0.06139543835
0.0773126395
0.056388989800000004
0.06311373240000001
0.1164801965
0.8645930935000002
0.9278861345
0.9403772040000001
0.938709025
0.917444184
0.8998827819999999
0.9021264225
0.16224076750000002
0.06929024589999999
0.07838826039999999
0.1192731355
0.8266597605
0.89430664
0.8596880565000001
0.8589031420000001
0.901408713
0.9001077925000002
0.871509672
0.9060641574999999
0.9114555965000001
0.9029805155000001
0.871125715
0.9009437580000001
0.8861143825000001
0.9005766250000001
0.8759699920000001
0.8823174725000001
0.910925116
0.8916650205000001
0.1069741215
0.068413572
0.0762250812
0.11021697724999999
0.151396725
0.2227908895
0.20043148925000004
0.23596359930000002
0.16184545800000003
0.191126169
0.7286040085000001
0.270665511
0.326279993
0.4534008865
0.788685575
0.7378167545
0.7962969545
0.7168140490000001
0.6577939105
0.187293143
0.139807797
0.1200223105
0.11975557400000002
0.15930201800000002
0.1707977185
0.1638533105
0.253974116
0.18092298650000002
0.5958996815
0.24777756000000004
0.158856163
0.10687873660000001
0.10413289149999999
0.167366811
0.872064111
0.9099808415
0.9038301675000001
0.8008712969999999
0.7648323280000001
0.8415626949999999
0.706372817
0.137855867
0.08810366450000001
0.09467675850000001
0.16979790400000003
0.1931784925
0.2986798405
0.27807400800000004
0.15608865450000003
0.1501628745
0.6158526830000001
0.589969654
0.17223646950000002
0.137849011
0.10705398170000001
0.1611760403
0.14048125530000002
0.778132962
0.8926508470000001
0.898319108
0.805491468
0.8996543195000001
0.894259294
0.7517931470000001
0.09503584805000001
0.092389255
0.08422256
0.17053077870000002
0.177241212
0.09981255599999998
0.09514169350000001
0.1221038478
0.13703161200000002
0.12226494900000001
0.12359210150000001
0.0929606005
0.08732646170000001
0.11404138975
0.651645245
0.14710693149999998
0.19183593300000001
0.1572210015
0.08930971830000001
0.10187082815
0.712947305
0.7265412305000001
0.735954655
0.11256666900000001
0.0756222784
0.10266482599999999
0.1113593665
0.09352339600000001
0.290359018
0.9039286795000001
0.88565819
0.8694353955
0.163139271
0.09359158000000001
0.053083546749999995
0.053631023400000005
0.08453211665000002
0.8672624615
0.892436805
0.9071411510000001
0.8543744360000001
0.07200285645000001
0.047754706599999995
0.046401314400000004
0.06415276465
0.1222850575
0.8876883860000001
0.8984034845
0.9124673660000001
0.1229476289
0.0607232495
0.0620355054
0.06653192835
0.0707398539
0.143044165
0.81531878
0.804455978
0.8036489510000001
0.7953579150000001
0.786488985
0.757997987
0.09544543679999999
0.06836828610000001
0.088267956
0.09713454510000001
0.07645163864999999
0.07506233190000001
0.0818666011
0.10741109700000001
0.1811833955
0.16947970099999998
0.161468786
0.1925591535
0.6173986075000001
0.6087369300000002
0.6204805219999999
0.5899147260000001
0.24715723450000002
0.24449786699999998
0.605511768
0.6291223459999999
0.7233937930000001
0.35664416050000003
0.28472727200000003
0.23573571750000002
0.508930531
0.5739871930000001
0.5255038910000001
0.2153745515
0.16441915185
0.20648974850000001
0.583420362
0.16352942800000003
0.2176503607
0.143847806
0.1025034532
0.12374214635000001
0.1273232166
0.10995391475
0.1770572085
0.690679718
0.14406530430000003
0.17552105315
0.09018208625
0.0570610197
0.0531131729
0.06238455839999999
0.11326632505000002
0.8516118210000001
0.9285367425000001
0.9375268520000001
0.9169196655000001
0.12189035325000001
0.07882811945000001
0.11328596375000002
0.83187078
0.08856094910000001
0.05431858345
0.0523691546
0.055099159700000004
0.059830608400000006
0.06809264955000001
0.10395835880000001
0.7558057010000001
0.0887202447
0.05450072640000002
0.048142510199999995
0.04900094975000001
0.06628640844999999
0.5217721485000001
0.9359259275
0.95093468
0.9207978370000001
0.8881133035
0.07438204625000001
0.045926202500000006
0.046056320474999995
0.05359304150000001
0.0729990626
0.06755678365
0.0639570098
0.06263571230000001
0.05921451825000001
0.05872878260000001
0.060264279999999996
0.066888351
0.09234840300000002
0.803201053
0.78892999
0.851242262
0.9245441565000001
0.922784107
0.8525008545000001
0.868032155
0.143857656
0.129564027
0.35227007250000003
0.909942192
0.9255495905000001
0.8239192185
0.7864561400000001
0.0736036825
0.048473646875
0.04623053555000001
0.05511823725000001
0.10327971725000001
0.09624313400000001
0.1064869077
0.7795462510000001
0.7567160090000001
0.7856608915
0.8803812540000001
0.7487189289999999
0.12044741
0.1076286922
0.1883779794
0.1873505655
0.12798869735
0.21087650900000002
0.1532723785
0.12482288125000002
0.21031541000000004
0.160692159
0.3015868535
0.6607634160000001
0.27075679300000005
0.4376855985
0.6219163090000001
0.8572316020000001
0.85357197
0.7276371180000001
0.7133269409999999
0.8133461625000001
0.7103400029999999
0.6889827350000002
0.16798202050000002
0.1264778659
0.09739916740000001
0.0683496368
0.07156936900000001
0.121662334
0.8255963305000001
0.89268892
0.1005602745
0.0593811795
0.0545686233
0.055506185500000006
0.055607140450000016
0.0816347391
0.833866126
0.847412281
0.873043531
0.8867671220000001
0.845582309
0.07830392480000001
0.0508571523
0.05577925345
0.07242900730000001
0.0717398986
0.13869443399999998
0.8489238299999999
0.21262874350000002
0.0904671481
0.0895290073
0.18011649000000005
0.25063231950000003
0.37948499
0.8412306300000001
0.771433504
0.867367238
0.8583038025
0.7847620345
0.853426363
0.8426413065
0.730780703
0.692176839
0.6724233060000001
0.610299206
0.1596107515
0.17873692449999998
0.188250164
0.282795605
0.2793829015
0.1727612615
0.1795667835
0.15853688
0.1752508155
0.5570967215
0.5590339805
0.2514104205
0.316290234
0.225906755
0.2590136555
0.3358806335
0.26958384550000003
0.232241277
0.589952087
0.5797904869999999
0.151843729
0.12094031250000001
0.11124300520000001
0.1470184707
0.265899541
0.1252347315
0.10486867200000001
0.1099065365
0.14062443100000002
0.23859624000000001
0.1193143998
0.10350064
0.11088111150000002
0.14331863299999997
0.620627724
0.6047278795
0.577516943
0.2089204195
0.2078543275
0.327330058
0.63406168
0.8046361515
0.46100268499999997
0.37115462450000003
0.201438938
0.21629706499999998
0.5607370625000001
0.1307882615
0.09357842
0.0871656285
0.11492077149999999
0.152511638
0.261790984
0.8421605725
0.8290593144999999
0.313196544
0.379980113
0.5451484405
0.47661529300000005
0.19518401150000003
0.2040010935
0.655997857
0.8523149715
0.8654620550000001
0.8134036145000001
0.155124138
0.09774127399999999
0.08286650770000001
0.10532392000000002
0.138858512
0.153343067
0.6409704715000001
0.6476122505
0.6596124455000001
0.7995615315
0.659575421
0.629198593
0.6363873729999999
0.1283562855
0.07769023824999999
0.07201667760000001
0.0714878006
0.0806087318
0.0758265122
0.110259055
0.7808087945
0.7596637214999999
0.7441970845
0.691201811
0.131192742
0.13464844700000003
0.6562859750000001
0.193134243
0.08021461249999999
0.0666331571
0.07943007275
0.120997083
0.7361029710000001
0.8814996700000002
0.9003360385000001
0.8877546115000001
0.8400310590000001
0.19192852400000002
0.137712205
0.14131575025
0.6145450650000001
0.143196437
0.10051350120000001
0.11433429800000001
0.0902243955
0.0795571847
0.0812704048
0.12940019900000002
0.26325505450000003
0.37446916500000005
0.8205573935
0.647566882
0.62277046
0.6460690379999999
0.7863556549999999
0.6710264410000001
0.6422056925
0.6262050695000001
0.6523623984999999
0.784980918
0.6344102195000001
0.104763421
0.07537695250000001
0.084586325
0.15446696450000003
0.1630973125
0.12802957320000002
0.7107991204999999
0.7443639620000001
0.8912687450000001
0.895427296
0.33032833149999996
0.19611324700000002
0.7070115974999999
0.679155213
0.10726709549999999
0.08333545250000002
0.10541371630000002
0.7965694985000001
0.8500095515
0.8686811675
0.8731019750000001
0.8774735410000001
0.882278473
0.8893713555000001
0.8787463155
0.882120746
0.8987158504999999
0.8879119450000001
0.871844263
0.845129745
0.789498205
0.10401662349999999
0.0858325157
0.1104209933
0.7169192400000001
0.7125581300000001
0.18877455250000003
0.2570948105
0.7368726179999999
0.8277809905
0.14501809300000001
0.1462941325
0.1221628665
0.0897292855
0.1053716155
0.20400021550000003
0.8195669990000001
0.7666925705
0.8843588200000001
0.9036899899999999
0.8877863869999999
0.7824638870000001
0.73079152
0.2007018445
0.14673341900000003
0.08821070750000001
0.0884668632
0.10922325390000003
0.0889608518
0.0951205949
0.1026214242
0.13013197150000003
0.1193558675
0.13388474700000003
0.1117018685
0.096104164
0.09732617149999999
0.12266877250000001
0.11784590775
0.16520822549999997
0.8178168175
0.729395697
0.7004352825
0.1493913545
0.13877801580000002
0.6605698465000002
0.1181792955
0.0743628594
0.07592810635000001
0.06968574144999999
0.059507034199999996
0.08325168845
0.820517218
0.8743411329999999
0.919740699
0.9108953150000001
0.9217342760000001
0.888866024
0.8578735879999999
0.8483291915
0.8153410000000001
0.08364015385
0.0726440511
0.11751782700000002
0.12425814700000001
0.07968311020000002
0.10606662305
0.07624530649999998
0.09548906380000001
0.6982009464999999
0.7415599915
0.8768244515000001
0.8832812830000001
0.8236407615000001
0.8965769670000001
0.9063087875
0.87743512
0.7370029499999999
0.6672512570000001
0.621316623
0.14131109349999998
0.1314036128
0.208438638
0.142925749
0.15856618
0.543247508
0.6104188024999999
0.6123140305
0.6545450010000001
0.7808524050000001
0.275695444
0.182904558
0.24722553350000004
0.197568089
0.182745327
0.7864562075
0.853250653
0.8794371395000001
0.892909722
0.83452001
0.7282486285000002
0.1520342535
0.19125285800000003
0.17241118750000003
0.17800632500000002
0.40375062750000007
0.8614886425
0.864847691
0.752098476
0.6708084765000001
0.213968444
0.24668982650000001
0.14558829350000002
0.1252642985
0.12390788200000001
0.15701808450000002
0.598465156
0.659206703
0.7437511910000001
0.288022959
0.24621971000000004
0.5420264895
0.4995823565
0.1835988005
0.165633025
0.18394914700000004
0.28979832650000004
0.230067504
0.6071233444999999
0.614168299
0.6077323330000001
0.16853043650000005
0.12130513500000002
0.10237745080000002
0.11105183550000002
0.13291823149999998
0.6192972600000001
0.17360028500000002
0.14862233900000002
0.1952591745
0.6401914800000001
0.6401790885
0.152314991
0.10405867080000002
0.0914339403
0.112022691
0.642613157
0.13585764449999999
0.128185032
0.1378426905
0.653867683
0.14355279735
0.0985433675
0.1434776738
0.0948148131
0.1361282175
0.863367172
0.7958153125
0.8202852920000001
0.9183728375000001
0.897706258
0.0901005123
0.0644168655
0.07588100125000001
0.1016757025
0.2230836025
0.7939977465000001
0.232874384
0.3122886735
0.633748222
0.7576719975
0.598503295
0.1944752745
0.14051415290000002
0.17753951250000002
0.6317143785
0.25773984450000004
0.2073179585
0.10155835749999999
0.09706426950000001
0.1893269795
0.1871141275
0.8659050545000001
0.770473573
0.7271672855000001
0.09006460140000001
0.07219523875
0.061672608250000004
0.06845001819999999
0.09506554050000002
0.1394774958
0.6829903969999999
0.228929829
0.15998076050000004
0.25639881400000003
0.66283252
0.13096335500000003
0.09872049815000002
0.14668014325
0.10135470550000002
0.08053373400000002
0.09854548785
0.7039242274999999
0.6761931845
0.147017759
0.10022653249999999
0.1491426555
0.8859350290000001
0.8939525175
0.0934187738
0.0578170032
0.0608321688
0.11104777675000001
0.10231672555000003
0.060103052450000014
0.07242381484999999
0.23418798824999998
0.8959648060000001
0.8401564225000001
0.8503291940000001
0.8927953485000002
0.929387685
0.9150686425000001
0.904144145
0.910338895
0.1029944631
0.0500105891
0.04674362
0.0564841065
0.07841113370000001
0.11585389620000001
0.08794640525
0.09511976500000001
0.7563550210000001
0.736303
0.7226606459999999
0.6756923734999999
0.11492350700000001
0.11760952100000001
0.23375951099999998
0.841502136
0.8861535750000001
0.9271730859999999
0.909550135
0.10176111180000001
0.06206996295
0.062274594850000003
0.07487196165
0.07015806100000001
0.07376774299999998
0.09030753125
0.1551373805
0.7931548410000001
0.1806553625
0.18374357900000002
0.7702443800000001
0.7890333480000001
0.7954136
0.7642946239999999
0.215755197
0.2499928915
0.796617333
0.1552787455
0.1180785863
0.1379371545
0.6419281095
0.1360965093
0.102256516
0.11312561555
0.16449911050000002
0.6814440415000002
0.18167917150000001
0.13405665100000003
0.1760713455
0.12863716800000002
0.1067306125
0.1321879977
0.16706496399999995
0.1236393105
0.1256547575
0.15846689399999997
0.129342251
0.12017378549999999
0.137932813
0.6465131835
0.6311762380000002
0.653636697
0.6730504049999999
0.357198122
0.258987572
0.644911527
0.3165981635
0.1414537245
0.1141871415
0.1356030675
0.190801651
0.2108354835
0.7394996615000001
0.2019283685
0.1630195915
0.1976082275
0.23553255600000003
0.611188693
0.232502273
0.1849444185
0.197886055
0.6163200935
0.1498130045
0.1251902335
0.107358691
0.106412539
0.1700354025
0.19075391000000003
0.1918453095
0.63397412
0.6762222280000002
0.8050560520000001
0.7431704335
0.824326595
0.7128410435
0.20661304700000002
0.199339388
0.16198462700000002
0.112021075
0.102763107
0.0985080882
0.151345064
0.6076376485
0.6125347329999999
0.606265702
0.1556802175
0.14240259049999998
0.132418897
0.1831069
0.12140331350000001
0.1509800375
0.8465493385000001
0.8381109705
0.87718732
0.8166970565
0.7555754600000002
0.7348821050000001
0.743033456
0.803425535
0.8941415720000001
0.9061691510000001
0.862608186
0.15446700900000004
0.14330880000000001
0.1473492415
0.14066342650000002
0.2602825065
0.23635990250000002
0.8240382835
0.7026178299999999
0.11338516250000001
0.0767283315
0.072552373
0.0810959855
0.070302211
0.09328104720000001
0.7592554125000001
0.7707172455000001
0.8361327385000001
0.89786868
0.8219605435000001
0.7822938530000001
0.19194226849999999
0.1151864672
0.08866267800000001
0.06807580115
0.10027618949999999
0.871621223
0.915024044
0.8704572545000001
0.0818048172
0.05910374410000001
0.0715469485
0.1364844375
0.243789905
0.8899718455
0.8269852275000003
0.107647668
0.0903802602
0.1155135765
0.08020263460000002
0.08171451950000001
0.07719323980000001
0.0686297663
0.0725622835
0.09112818850000001
0.20480918900000003
0.407338131
0.884234452
0.8979922254999999
0.8946870984999999
0.21599123850000004
0.131873507
0.0802503746
0.071316901
0.10204281850000001
0.715243641
0.6980447950000002
0.691027982
0.145775173
0.125062447
0.17018981650000004
0.2752730035
0.15173120950000002
0.16048033700000003
0.125725335
0.102522165
0.11496893270000001
0.0953807135
0.121547788
0.7792459700000001
0.81792412
0.828995162
0.810006619
0.75659544
0.135079675
0.09832670100000002
0.09600215
0.12190498150000001
0.6355392505
0.6168240115
0.635787809
0.6652815475
0.6980123230000002
0.8030832330000001
0.7112289924999999
0.6811231520000001
0.671383139
0.6406770220000001
0.148305413
0.12318267870000002
0.18002490100000001
0.34143282799999997
0.32895861950000005
0.16004037899999998
0.13438935
0.1499157815
0.1344002633
0.1452889185
0.2132350805
0.6893161500000001
0.8267907125000001
0.834182717
0.7109166055
0.7073287530000001
0.8248751385
0.35531750250000005
0.120813247
0.0842222943
0.07841574775
0.084430899
0.13290713350000002
0.8414653115
0.7881394765
0.7610030285
0.7474059075
0.76390314
0.763229528
0.727202898
0.1113531155
0.0854781295
0.1047111472
0.09882067750000001
0.111934163
0.185321758
0.6176642760000001
0.6007174315000001
0.6018895775
0.5946872255
0.620069781
0.699694871
0.8477934490000001
0.873566822
0.8417920485
0.8918626049999999
0.8985825510000001
0.8702606709999999
0.7043646595
0.15450612625000001
0.1201387156
0.127588063
0.15688792500000004
0.18857063250000003
0.5884266825000001
0.17499722450000002
0.12646630400000003
0.13440324750000002
0.1348866775
0.711630687
0.8300824120000001
0.6790273925
0.6049759279999999
0.5867946169999999
0.6174916815000001
0.65199614
0.697860538
0.8383112349999999
0.7014957964999999
0.129162543
0.0980139804
0.07913512125000001
0.12392848350000002
0.8750556575000001
0.8937366150000001
0.9338611770000002
0.9365833050000001
0.916497792
0.732819573
0.094045755
0.117689477
0.17949439250000002
0.28267632800000003
0.844507702
0.7541078080000001
0.8680624025000001
0.8088579425
0.910074852
0.921492918
0.9032227260000001
0.30128497500000007
0.1137810345
0.086878439
0.13256241725
0.145652926
0.7616922534999999
0.14913806300000002
0.0677623375
0.05548913835000001
0.06152055245
0.09252691885
0.708988492
0.08557673865000001
0.056315478450000005
0.059958026
0.12582159725
0.9236090665000001
0.9483468815
0.9350433575
0.893838529
0.0737347916
0.0446074954
0.04414081400000001
0.04884964600000001
0.0553987409
0.05849137285
0.0649478052
0.094895805
0.14149764799999998
0.7838323449999999
0.10789762800000001
0.07178068245000001
0.077279152
0.1102426365
0.08752671655
0.0824106455
0.1062859089
0.0763369129
0.11667736340000001
0.7718750990000002
0.860318102
0.30721000600000004
0.1174031127
0.092800972
0.11209348830000002
0.154793121
0.8016584185000001
0.7606481939999999
0.8737986875
0.8919647655000001
0.8743170020000002
0.8039057470000001
0.864111477
0.8608597985000002
0.769500694
0.6782973085
0.20642771600000004
0.2363421317
0.128481123
0.103989362
0.09995156370000001
0.118619766
0.20721400650000002
0.7254962690000001
0.8328932175000001
0.708318444
0.69445014
0.7902469650000001
0.6473925870000001
0.21516197350000002
0.3028084605
0.2906051635
0.1881749475
0.6469846085
0.114669037
0.07972420985
0.0770151164
0.0982472305
0.0979547848
0.17571846000000002
0.163135924
0.6476700734999999
0.6543809770000001
0.692447117
0.854739853
0.747890148
0.7452292380000001
0.2267263445
0.12381960980000001
0.11452887329999999
0.67082178
0.088886122
0.06816890164999999
0.06724910685
0.07848609499999999
0.12528191675
0.7596395800000001
0.116257965
0.0695882224
0.0620942382
0.06076102110000001
0.05732560119999999
0.05283425345000001
0.049675430900000005
0.050245771550000005
0.067287261
0.41005910300000004
0.9251375765000001
0.9351890400000001
0.9475447035
0.9326757050000002
0.9109242950000002
0.9236510120000001
0.08738685040000001
0.0429402944
0.03827805795
0.041691280750000004
0.04576972145
0.049483776225000005
0.056223069650000006
0.09618431155000001
0.8501528770000002
0.20382365650000003
0.45868679100000004
0.919212181
0.9144632490000002
0.0954457403
0.06059712915000001
0.05249630119999999
0.07291312150000001
0.05408553085
0.0618210582
0.11598361050000001
0.16184156700000002
0.8544
0.9095269980000001
0.802829422
0.09374803345
0.06464458869999999
0.07067638560000002
0.16249386324999998
0.761312623
0.09896669925000001
0.06904738034999999
0.08884438230000001
0.839322456
0.8865586630000002
0.9091981830000001
0.9000738385000001
0.8743744440000001
0.8445074650000001
0.0703711152
0.04928131165
0.04918249475
0.05722908635000001
0.06431444910000002
0.0714645857
0.10943076825000002
0.729449613
0.10816953320000001
0.07990222929999999
0.07732055139999999
0.11376199050000001
0.08407479920000001
0.11808327000000002
0.1852463035
0.7239844850000001
0.1357800895
0.1353856245
0.1425502515
0.1382878685
0.685875127
0.651716949
0.1289697625
0.09678929650000001
0.118003432
0.758537982
0.792207037
0.8751693835000001
0.7290912985
0.10848450350000002
0.08929049250000001
0.10579861125000001
0.6903426725
0.7919454340000001
0.1613220105
0.138295322
0.18519411300000005
0.875433625
0.9126593270000002
0.867503138
0.8239030760000001
0.8462780185000001
0.13417308099999997
0.09788012010000001
0.13458318200000002
0.6677590685
0.703954055
0.323680535
0.11806759550000001
0.0817029883
0.079611608
0.09619472000000001
0.1298937685
0.15469715
0.22245937600000004
0.1479365825
0.25774217600000005
0.255754832
0.19178356130000002
0.08200464519999999
0.07711641179999999
0.07460924749999999
0.1415594585
0.9130402550000001
0.9400926045
0.9304019060000001
0.789187802
0.07503905275
0.06816045975
0.11128930375
0.1354170215
0.8074828070000001
0.18957099600000002
0.14749612450000002
0.13840392550000002
0.1269261503
0.223256491
0.7957371945000001
0.6667303764999999
0.623392629
0.11624094850000001
0.1102106042
0.09951218800000002
0.14157890599999998
0.26583823
0.7248527220000002
0.09667622849999999
0.0637625636
0.06002170070000001
0.059927225400000006
0.0599478165
0.06571936610000001
0.09413757565
0.74694974
0.11384866675000001
0.0741761169
0.10331571060000001
0.8141809375000002
0.847440412
0.9077535895
0.93941851
0.9204259650000001
0.9266041325000001
0.17705502350000002
0.0662833128
0.0709292332
0.0618639372
0.09181185050000001
0.080948657
0.08006453200000001
0.1222797576
0.09732056950000002
0.0875552274
0.10505001150000001
0.13785269549999998
0.090395098
0.08362171900000001
0.08091793950000001
0.07715546350000001
0.06969854959999999
0.0697581569
0.08946411
0.1515321818
0.894901525
0.9125948145000001
0.8847102765000001
0.8899535620000002
0.8379064020000001
0.7995645865
0.840166525
0.8877739725
0.868123921
0.8511853420000001
0.8468663115
0.8549748945
0.10540683050000002
0.0713717497
0.0685604875
0.07905648050000001
0.138464414
0.6575742149999999
0.6443455915
0.1282134623
0.11301661200000002
0.08162446219999998
0.08272541639999999
0.15666547150000001
0.1612390985
0.1322124535
0.8402901935
0.9045732195
0.9040294990000001
0.917057513
0.8988689585
0.9000028685000001
0.9199396300000001
0.915070854
0.8783928985
0.11748892350000001
0.10627020650000002
0.10751968650000002
0.10897951850000001
0.57243563
0.1641509435
0.24996583600000002
0.2045390125
0.70166504
0.835888525
0.3451868605
0.13315848200000002
0.1056564485
0.10933612800000002
0.10705743549999999
0.7320418705000001
0.7977756330000001
0.8633292880000001
0.8020900070000001
0.77659939
0.8309256715
0.892088128
0.869097549
0.2671239725
0.39474009899999996
0.6967645044999999
0.1254199222
0.09672589449999999
0.1147756265
0.13275675050000002
0.23406996350000003
0.15931909
0.2159614295
0.22923234400000003
0.7359012810000001
0.3266748085
0.6216826489999999
0.5537002555
0.16981478950000004
0.14823491700000002
0.1553550785
0.19290564500000001
0.6407314215
0.6637599675000001
0.6559572195
0.6729506070000001
0.6599963234999999
0.676934179
0.7136197925000001
0.7997013225000001
0.804810044
0.8756439580000001
0.8905767825
0.8685513850000002
0.7428114750000001
0.2779126055
0.16120998150000002
0.137397869
0.143460856
0.199829203
0.542982307
0.3324370910000001
0.729576375
0.619657533
0.5993194355
0.21270436050000002
0.1914693605
0.5761445095
0.2091878695
0.226694728
0.28277707700000004
0.1350332385
0.10546739020000001
0.09207228099999999
0.1159696305
0.15545059900000002
0.30696922950000005
0.788980015
0.34249760900000004
0.4731719630000001
0.8034755445
0.6766287385
0.773504606
0.3990191715
0.49262539
0.15964565800000002
0.1615049345
0.201736521
0.7807457250000001
0.298809253
0.14745712200000002
0.16156416100000004
0.6300515250000001
0.158411195
0.1284882745
0.1365607655
0.6773756200000001
0.12541692980000002
0.08016882730000001
0.0795856698
0.10990110850000001
0.6780196220000001
0.1023740015
0.08222824400000002
0.09861093750000001
0.1760237605
0.7678245945
0.717655485
0.17804138649999998
0.230968207
0.8431740265000001
0.710748712
0.155619237
0.216157283
0.8868261065
0.9275610945000001
0.9191525225
0.7792742770000001
0.14084829675
0.19622572150000003
0.8738940180000001
0.9001540550000001
0.377264299
0.20805298600000002
0.8336549185000001
0.177313084
0.15647039175
0.10834783260000001
0.11597534200000001
0.6660818495
0.0937144588
0.06838128715000001
0.0867175882
0.1856449265
0.72201094
0.15781118900000005
0.206584232
0.21023616850000001
0.182154695
0.1165497695
0.15813067675
0.5809714815
0.1608131085
0.21672902150000004
0.18507102350000001
0.560668056
0.40955572850000005
0.7773839465000001
0.7002826325
0.6746153779999999
0.755611735
0.367848131
0.2489431045
0.26932890350000005
0.698414972
0.21285158000000004
0.18220192500000001
0.251977541
0.18304377250000003
0.1955561495
0.351734635
0.768444239
0.6198012135000001
0.6203264565
0.6772985450000001
0.8466822315000001
0.8687922275000001
0.8212583925000001
0.1888900545
0.14787708249999998
0.2228827755
0.1675296638
0.5579507814999999
0.180482971
0.2289381935
0.1860348325
0.1861759985
0.5775941565000001
0.23893625300000002
0.1666381445
0.6367944380000001
0.660534429
0.7416042580000002
0.8811369775000001
0.8692091530000001
0.278265921
0.36070955150000006
0.8443763795
0.7476086715
0.33659720700000006
0.2658940375
0.14648940800000002
0.0884041325
0.08794551900000001
0.09995167800000002
0.0897360415
0.0848214965
0.10690199550000001
0.1091636435
0.127469133
0.176926526
0.20517698350000002
0.7424092780000001
0.28449864350000004
0.6004345215
0.236988471
0.2008492
0.16825751049999998
0.21339029200000004
0.6394227795
0.7594633515000001
0.24343764900000003
0.2147015025
0.6619448465000001
0.8105725975000001
0.772858165
0.8742539055
0.881643495
0.8109071765
0.8288047199999999
0.7008509690000001
0.6321056255
0.6659839705
0.8000137255
0.7733230895000001
0.840206276
0.7263343725
0.22172703550000003
0.1353037535
0.13791466300000002
0.11382003800000001
0.140928766
0.7750798225000001
0.18185661600000003
0.0923066625
0.08124600165
0.11678614870000001
0.8268341250000001
0.7395851900000001
0.770603934
0.9025729085
0.920393998
0.8936349150000001
0.11159579480000001
0.1083198165
0.08664445530000002
0.09994698105000001
0.725342083
0.0920007642
0.0538294784
0.052194806899999995
0.0541665751
0.11080907215
0.14079402330000002
0.9061193760000001
0.9441175075000001
0.952067405
0.947797089
0.916220261
0.13122348610000004
0.05635835060000001
0.046243949650000005
0.057536285599999994
0.06239179339999999
0.1393626155
0.8088747610000001
0.15762320600000002
0.1539588525
0.10914725975000002
0.11187919040000001
0.801080636
0.8668158095
0.10453466680000001
0.0713843688
0.08010645525000001
0.19794452250000003
0.746046682
0.6950812399999999
0.11412349150000001
0.09334402134999999
0.14872502430000004
0.13542683850000004
0.2364891185
0.6760008040000001
0.6742554399999999
0.6858528235
0.8051589145000001
0.7141111525000001
0.698238777
0.7989789825000001
0.1343309455
0.10260295929999999
0.128472037
0.175608539
0.84165406
0.14450716749999998
0.07047462625
0.05904478785
0.0611944427
0.0817834783
0.0626775783
0.0669872445
0.1065476959
0.8435300120000001
0.8285532135000001
0.8514700205000001
0.8819947995
0.9186078115
0.8916874295
0.8645645950000002
0.846250668
0.1763273385
0.0758169119
0.07966564150000001
0.12445792550000001
0.813463627
0.785377373
0.1021445678
0.0722391704
0.089176301
0.21383027300000002
0.7275186050000001
0.1073048004
0.086606431
0.0845068055
0.11250639300000001
0.6864730745000001
0.6247695839999999
0.1832688845
0.182743999
0.6886739010000001
0.8123748850000001
0.42048264700000004
0.2907701965
0.414589373
0.467360748
0.6509880735000001
0.34849835599999995
0.7647062785000001
0.1786461755
0.11558110150000002
0.09645472295
0.12051076175
0.1546399645
0.6645597550000001
0.6786730149999999
0.70049709
0.7846887
0.8831702020000001
0.889585754
0.837242305
0.8824333830000001
0.8572306900000001
0.346374864
0.20641813600000003
0.13524906050000002
0.13234875850000002
0.10277187600000001
0.0902421628
0.089800768
0.15721709120000002
0.329295334
0.746755021
0.8619918630000001
0.856457784
0.702940342
0.1688883233
0.1647513158
0.6189863965000001
0.22793168520000004
0.11678743285000001
0.1201853085
0.12819319775000002
0.8648570580000001
0.9345579115
0.9426664650000001
0.9162333145
0.09433384000000002
0.05564525135000001
0.052418014750000005
0.0783435637
0.0768327456
0.0921940395
0.14775941900000003
0.16583935800000002
0.6766729
0.2066465185
0.1168102077
0.09924793250000001
0.09056146100000001
0.1022780883
0.1459490945
0.2015280815
0.7700882055
0.8666767755
0.7836574215
0.763666818
0.49646287650000004
0.4116265605
0.125275796
0.0878710705
0.0894901755
0.0851203135
0.1502505985
0.21329738700000003
0.33004157
0.1484025835
0.13800379150000003
0.1495446645
0.647921728
0.39979253949999993
0.834303878
0.545242342
0.1633993855
0.1083056075
0.088575801
0.09697974300000001
0.10545780200000002
0.1428142065
0.230155353
0.434962586
0.481259009
0.6691334720000001
0.3862072605
0.195547579
0.189764399
0.34671751500000003
0.6032101390000001
0.20013828700000003
0.1934630045
0.1690770865
0.28082912800000004
0.221287743
0.30859924550000006
0.232056918
0.6379587400000001
0.747481728
0.2744648355
0.2787018155
0.28276024600000005
0.3223682375
0.2073882915
0.204399494
0.5649448410000001
0.6988354725
0.8273227255000001
0.8297262705
0.88569814
0.8783622435
0.8395507310000001
0.8455240115
0.9051035015
0.9095065354999999
0.8702572455
