0.88530094
0.916542645
0.9155453754999999
0.8911733605000002
0.8621714270000002
0.8518797030000002
0.843844135
0.8297300940000001
0.83436668
0.3026737245
0.22883436350000005
0.3316210700000001
0.6534977675
0.187057437
0.12480361300000002
0.14959536100000004
0.105469786
0.1390221553
0.8193455030000002
0.2998698015000001
0.209129294
0.13859021100000002
0.21043708200000003
0.8586101920000001
0.8258216280000001
0.798753778
0.883927252
0.8382701585000001
0.8233891235
0.8794789410000001
0.177308588
0.07068785650000001
0.06286062205000001
0.08618249430000001
0.751993727
0.3280339705
0.895519575
0.9146216185
0.9235890720000001
0.8548819375000001
0.7646317165
0.1772413405
0.6773354330000001
0.0775713653
0.05723304045000001
0.06707357800000001
0.11322985370000002
0.788903167
0.885010736
0.7843704149999999
0.7438361755
0.10292187700000001
0.07550627685
0.09053701410000002
0.09663866320000002
0.07748092869999999
0.0849182826
0.12704588830000002
0.14928387950000002
0.32261504700000004
0.836020007
0.8234476725000001
0.673509228
0.619686842
0.14468951200000002
0.106326399
0.1011583915
0.1543796052
0.09291597659999999
0.0854312751
0.1099988456
0.14209403000000004
0.8290139400000001
0.6658775094999999
0.16245623750000002
0.21755369400000005
0.245382287
0.38936527249999997
0.914262755
0.9266667350000002
0.8518627585
0.890320493
0.0738028627
0.04435786365
0.04142311540000001
0.04321318505000001
0.043959283599999996
0.050219581900000004
0.11660988615000002
0.21164958849999999
0.444723002
0.9333078220000002
0.9487481450000002
0.9496386735000001
0.918759715
0.10089730620000002
0.05955686745
0.049913381500000006
0.047959225900000006
0.0512905169
0.05542312855
0.05885510990000001
0.0676222764
0.1097796248
0.7843149750000001
0.13836525300000002
0.09978538780000001
0.08338774330000001
0.061983826150000004
0.06473460525
0.10859360350000002
0.0866750624
0.141366102
0.86769915
0.869308095
0.200302412
0.11927943785
0.11991562234999999
0.18069460050000002
0.8423964485000002
0.8753219680000002
0.8418320370000001
0.19224855000000002
0.14237624275
0.15501064350000004
0.5982079830000001
0.6300893165
0.620882173
0.15490707550000002
0.1185030415
0.12970222000000003
0.6291327545000001
0.7578911575000001
0.6529885115
0.6465487740000002
0.191917888
0.1303984396
0.085384347
0.0808392633
0.1144504867
0.20931662450000002
0.8275744695000001
0.845228909
0.856094897
0.9041472150000001
0.8949842925000001
0.8957818270000001
0.816075465
0.12427278300000001
0.0744505005
0.0748306445
0.100643272
0.198119361
0.312912403
0.739945963
0.8236417954999999
0.7428207695
0.663738249
0.680913768
0.6828045060000001
0.6628545765
0.6873464275000001
0.7651148895000001
0.7084108480000001
0.7061964375000002
0.6900055519999999
0.632736087
0.291373494
0.2109558675
0.2128405145
0.5736995640000001
0.7082022749999999
0.604699223
0.246292849
0.16177586850000003
0.1387220185
0.1482461495
0.22133624200000002
0.5868039935
0.20219743300000004
0.18556927900000003
0.5770535075000001
0.14361829750000002
0.10758358750000002
0.10159927650000002
0.11617493400000001
0.16224653849999998
0.686337893
0.7204884025
0.8072267830000001
0.6839231350000001
0.644740481
0.6250632300000001
0.6305785615000001
0.62970868
0.6209992115000001
0.5429953140000001
0.19593839300000002
0.123904547
0.11362501100000001
0.1454185005
0.144137711
0.22318444950000005
0.1443160655
0.160268263
0.6317385985
0.7800749600000001
0.669811134
0.6344128200000001
0.5309799850000001
0.135030855
0.111285157
0.12413698350000002
0.1669590105
0.1706400835
0.613095657
0.6116280855
0.6114578715000001
0.7549501350000001
0.6452916025000001
0.60488348
0.2001718775
0.21186725750000004
0.2093255345
0.1987060535
0.5842982105
0.2078737845
0.21344823699999999
0.18709820200000005
0.22216941499999998
0.7539187820000001
0.23542200600000002
0.13460358300000003
0.10050638200000002
0.09819177400000001
0.14022260450000001
0.7122028100000001
0.718494078
0.711792118
0.716024643
0.8341091220000001
0.824228445
0.86386686
0.8538924905
0.744708468
0.692101837
0.6671766740000001
0.6387062790000001
0.6064867500000001
0.6418639190000001
0.64446097
0.161075776
0.2182449785
0.26216605200000004
0.7413721405
0.11743440200000001
0.06796974450000001
0.06706532985000001
0.07692861240000001
0.08239635980000001
0.07703909425000001
0.06802496250000001
0.06889754090000001
0.0957056995
0.713159349
0.09978561300000001
0.07727497404999999
0.12951544755000002
0.9077482020000002
0.9348493305000001
0.940413216
0.8865960090000001
0.0841645196
0.06916603435000002
0.11010329560000001
0.835313651
0.11123300744999999
0.06380737695000001
0.06783399945000002
0.15107829725000002
0.8268509550000002
0.2091506385
0.12590923025000003
0.0715965609
0.0765827245
0.16144335275000002
0.745925078
0.22597937050000003
0.18502050600000003
0.1665241975
0.7194176099999999
0.742603768
0.7909479375000001
0.859328851
0.8151292830000001
0.809285659
0.8498083365000001
0.7752151700000001
0.710369671
0.7104705720000001
0.715014946
0.6974942580000001
0.1407485285
0.10482031560000002
0.10405036520000001
0.12855581375
0.24627255650000002
0.7203554405000001
0.875883997
0.906356993
0.9098312500000001
0.9013283550000001
0.8715465835
0.766168044
0.6900953350000001
0.631458704
0.231915693
0.20750429650000002
0.23568033150000003
0.6056232600000001
0.6454576659999999
0.7168127535
0.7979436390000001
0.7256517050000002
0.6864583445000001
0.628029019
0.61690175
0.6009543015000001
0.1826700495
0.148937289
0.159406672
0.4843028995
0.5705289935
0.5913142245
0.26417666900000003
0.33256011750000003
0.253348659
0.2117286345
0.1478454495
0.141767438
0.18677356050000002
0.731329134
0.2549721855
0.1546280925
0.1441325703
0.11183175050000001
0.124522952
0.21547704750000002
0.8239955465000001
0.7676561325000001
0.8634239475
0.8428649615000001
0.29642112
0.351230119
0.381431434
0.6643349310000001
0.6828897264999999
0.6857874910000001
0.6832784384999999
0.685697201
0.21051475050000001
0.157719791
0.118086834
0.1206121745
0.6366219714999999
0.0911420194
0.0639505279
0.0674996628
0.08701371100000001
0.1914698695
0.34760070150000005
0.8357248319999999
0.300464986
0.7718122785
0.8201382585
0.9010311805000001
0.8966723970000001
0.783217707
0.705031452
0.2530789785
0.8227052250000001
0.15789132849999998
0.1017691238
0.07359748970000002
0.08385657549999999
0.073555528
0.07602624195
0.1093625671
0.6629997400000001
0.713696755
0.8096143415000001
0.7128281320000001
0.672936006
0.7501757300000002
0.2569946555
0.226848773
0.33702105600000004
0.6227599935000001
0.7079096795
0.8291193165000001
0.795685868
0.8356821950000001
0.737779181
0.6609213570000001
0.6468802425000001
0.27186643850000003
0.12556416895000003
0.1006343683
0.10260066424999999
0.15871804934999997
0.2234027885
0.7221579200000001
0.7418089350000001
0.10530809950000002
0.0642459289
0.06072464915
0.062104078150000006
0.06443123514999999
0.07129459625
0.09023650800000002
0.1355986144
0.0779139553
0.08174915915
0.0804708573
0.07667817275000001
0.1228759015
0.842388999
0.28865410300000005
0.825016908
0.876143162
0.09955126395000001
0.06182296355000001
0.06407665325
0.11168974810000001
0.891295511
0.924627427
0.9168067440000001
0.926518661
0.888635531
0.847638615
0.8430349520000001
0.8756129495
0.0933252748
0.06739375625
0.0687675745
0.11999270050000001
0.8845985455
0.894703591
0.10487715460000001
0.0740031296
0.0995739922
0.73401562
0.20303502820000002
0.139481127
0.08424315934999999
0.10010500625
0.18420672700000001
0.7894098800000001
0.7565085500000001
0.762916613
0.23754803200000002
0.22554322400000004
0.835538965
0.10166767350000001
0.0642931067
0.06968462980000001
0.11576396300000001
0.22209647475
0.19505575000000006
0.0878444565
0.0849920408
0.11151198279999999
0.25185406800000004
0.8709325290000001
0.866076373
0.7102957675000001
0.6624484325
0.6599422829999999
0.640656215
0.6141662435
0.23050301350000002
0.190539907
0.23834225050000002
0.7943208955000002
0.7191700985
0.7126782765
0.36369109199999994
0.16771737850000001
0.15118480899999998
0.23302147350000002
0.19241805
0.33239529749999996
0.6471191669999999
0.643329666
0.613256114
0.25196462000000003
0.5990573115
0.1445478355
0.1195220192
0.1609129067
0.2886699625
0.29788987
0.428167605
0.825530215
0.7179085685
0.6723161190000001
0.657067443
0.1560816635
0.11495139250000001
0.1105449635
0.15028000750000003
0.617010139
0.269034276
0.47078872650000003
0.393828218
0.1787045715
0.1547687647
0.2289113745
0.13640809350000002
0.1359018905
0.18416021350000003
0.7735067085
0.6786426999999999
0.684397274
0.46106997750000006
0.33344383200000005
0.1675041415
0.15703099400000003
0.6416382249999999
0.6964808280000001
0.7624984635000001
0.8454055279999999
0.7565676640000001
0.756496757
0.837362003
0.7234697465000002
0.6295233084999999
0.12940100200000001
0.1405482235
0.1897949845
0.2689943235
0.6804020530000001
0.74767357
0.840140996
0.742718093
0.7177029315000001
0.7802854425
0.1836892255
0.138814966
0.1779577295
0.19550576300000003
0.34363354900000004
0.6095191095
0.20591215450000003
0.19759466
0.315014925
0.6061605640000001
0.594434785
0.361232959
0.562434852
0.18689803200000002
0.21002442400000004
0.7851763970000001
0.31666889
0.1447029745
0.146783663
0.44393405900000005
0.9142736400000001
0.928314862
0.9003998870000001
0.1693930595
0.090660514
0.09368679125000001
0.18541194450000004
0.7969331990000001
0.1714335125
0.15067498650000002
0.6198111605
0.15555710150000002
0.0900872692
0.077776484
0.10465400250000001
0.226931547
0.273325084
0.8475768530000001
0.8556975445
0.8444722975000001
0.316003907
0.17319159199999998
0.10059024349999998
0.08756011050000001
0.11728131575
0.69374047
0.667982148
0.1486979683
0.11412844
0.1124966905
0.1410764075
0.312627354
0.809785073
0.387724911
0.2543514775
0.33151292450000003
0.18157001000000003
0.17031204200000002
0.197940164
0.47876224900000003
0.8544838560000001
0.8984035825000002
