0.8362700945
0.8514856000000001
0.8739149499999999
0.8398829175
0.307730862
0.23059437250000003
0.364677931
0.37231699250000005
0.26096795500000003
0.6221671785
0.262177171
0.192222734
0.119036584
0.109142255
0.14794275450000002
0.1561373955
0.136422655
0.09483362880000001
0.0945593831
0.1399270755
0.781743939
0.1767248195
0.09668434449999999
0.10364081985
0.10049372645
0.23003383900000002
0.7901027600000001
0.8064342575000001
0.8949446849999999
0.7747514495
0.113620906
0.07585115249999999
0.1075179205
0.07841410484999999
0.12627938100000002
0.0814668639
0.08656103025
0.1225303945
0.1722719185
0.106726392
0.09078355769999999
0.11179142950000001
0.625067624
0.15921751550000002
0.1951034055
0.2679442835
0.8608166005000001
0.777751211
0.127709569
0.0760057878
0.0714575595
0.0705328885
0.08482380205000001
0.12126645750000002
0.7701607030000001
0.170395486
0.1766578855
0.11428509575000001
0.0712564615
0.06298144335
0.064061605
0.06550724770000001
0.06529463835
0.06128234875
0.06270843485
0.09346592625
0.7774791950000001
0.276604566
0.8409817085000001
0.3746034905
0.8751756305000001
0.9050148330000001
0.898576923
0.85589223
0.267876028
0.7970392340000001
0.23144996550000002
0.7682043270000001
0.0811088486
0.05517927425
0.05485115165
0.05754896655
0.05920223285000001
0.058185257250000004
0.05611728055000001
0.05763969095
0.06936710975000002
0.100842871
0.23083447950000002
0.8737738885000002
0.8728903305000002
0.8872448985000001
0.1609632615
0.17022684700000001
0.13572306625000002
0.6767747074999999
0.19088175999999998
0.1309965072
0.21783754
0.7089224690000001
0.6779774089999999
0.3017079655
0.27396346700000007
0.1967596025
0.6437062085
0.6143782830000001
0.15610031800000002
0.1358850047
0.16120420500000002
0.6820805704999999
0.792995862
0.7209656280000001
0.7601661305
0.7944246765
0.8252554295000001
0.7843026395
0.8002436340000001
0.810449805
0.824724577
0.805653155
0.7947400640000001
0.7996532375000001
0.8467852610000001
0.866640857
0.8622929150000002
0.8534615824999999
0.844611309
0.786934389
0.7280125900000001
0.7578014110000001
0.20117982550000002
0.16249045450000002
0.189153012
0.1874154765
0.7123984284999999
0.8128449165000001
0.873816069
0.866310235
0.8472509865000001
0.8432681735
0.8563596400000001
0.7773604019999999
0.237772529
0.2596095785
0.1974380675
0.24644560200000004
0.7838454460000001
0.7926065000000001
0.7991305610000001
0.850122738
0.866074775
0.858670703
0.8788614465000001
0.882128056
0.861232803
0.779917318
0.7756776525
0.18403719850000003
0.12389547100000002
0.1157699728
0.136239134
0.1255381103
0.1642221775
0.1688166205
0.1506888315
0.236737688
0.19183975550000001
0.628487776
0.62821058
0.631764787
0.622957418
0.6138941090000001
0.5710185795000001
0.5684171495
0.13931808599999998
0.14713052250000003
0.1489568055
0.17554258250000002
0.12317543200000002
0.08899344975000001
0.09085832480000001
0.213247805
0.8168641475
0.8778763620000001
0.793758449
0.7231545195
0.766949085
0.8583365795
0.764637555
0.695145431
0.7072831150000001
0.7194426630000001
0.1272601978
0.07976832499999999
0.08071881750000001
0.1412953796
0.157129133
0.21473557350000003
0.2225682925
0.1723629815
0.6049648625
0.521424568
0.19303272250000003
0.1489755965
0.16774068
0.652307142
0.6697586019999999
0.184745427
0.125838146
0.08083192450000001
0.08384498850000001
0.1543855975
0.18385180700000003
0.8906882930000001
0.9126132550000001
0.8512232230000001
0.751395261
0.1940348685
0.6549985325000001
0.1221131473
0.08030849455000001
0.09190149040000001
0.201003496
0.318031889
0.816680809
0.668259845
0.15958950000000002
0.143383693
0.23313845
0.5633646535
0.1630231105
0.1334133705
0.15008141500000002
0.627445655
0.628849465
0.625541615
0.6218569730000001
0.1352720185
0.09523614050000001
0.09442945725
0.11507242649999999
0.153900376
0.6673219000000001
0.7931721835
0.791569096
0.6349663055
0.570169663
0.15957082900000003
0.13966859975
0.18699846600000003
0.304641916
0.654650686
0.3040492925
0.13150736200000002
0.10031780750000001
0.11658245350000002
0.605243289
0.12109021650000003
0.0974557123
0.11360020350000001
0.28019604000000004
0.8293754420000001
0.6702523475000001
0.198413253
0.28076312600000003
0.33567781350000003
0.838288785
0.15692050449999997
0.08246517880000001
0.096962056
0.07134438640000001
0.0951397295
0.8177807780000002
0.89630847
0.8409188675
0.808774255
0.786672243
0.11446194
0.081272041
0.12502248300000002
0.176490916
0.743145313
0.09444770825000001
0.06770251110000002
0.08627086129999999
0.826343876
0.9073060290000001
0.903773567
0.9065844995
0.9105757000000001
0.9142474280000001
0.9320618520000001
0.9172654050000001
0.07413207100000001
0.04585771834999999
0.0458901094
0.05329256680000001
0.0611530228
0.06434188995000001
0.07323582949999999
0.056326922550000005
0.053201306350000005
0.06445990110000001
0.138162061
0.9084482185
0.940111199
0.9379279
0.8644430050000002
0.0817286405
0.05484168265000001
0.05688505249999999
0.0958435232
0.8673785515
0.8786638270000001
0.894961872
0.9162372150000001
0.9021679000000002
0.909558252
0.868468802
0.8077074304999999
0.09617085400000001
0.0946020325
0.08528242274999999
0.07106335999999999
0.11947501525000001
0.12316251275000001
0.143017637
0.13679547050000002
0.722102615
0.7039720970000001
0.192844831
0.12218150570000003
0.1160015316
0.1691340237
0.8301199555000002
0.731712868
0.12580397825
0.09331437649999999
0.08881805055000001
0.13811380665000003
0.17225295149999997
0.2383513055
0.22330661650000003
0.21741516900000002
0.7600081350000001
0.8460237549999999
0.7847831745
0.8094314964999999
0.27477845949999996
0.255107533
0.657316828
0.7837234805000001
0.692715836
0.3805606395
0.36286196500000006
0.343484138
0.7910129650000001
0.512175212
0.33014347800000005
0.168993214
0.132868872
0.13885652899999998
0.16728602150000002
0.28456869449999994
0.7529548835
0.7951870565
0.801815715
0.817422262
0.8179437100000001
0.829165445
0.8483361975
0.8603487000000001
0.860448894
0.8601432875000001
0.8551906430000001
0.8442884479999999
0.8232021810000001
0.8014157950000002
0.8271628085
0.836668065
0.8455589880000001
0.855055152
0.8626462774999999
0.8658159180000001
0.8549066169999999
0.820399312
0.78818833
0.7414030725
0.707938662
0.6714344505000001
0.20462693450000002
0.12589504
0.0971178443
0.08353742600000001
0.08496238755
0.1148263725
0.680475421
0.12414033994999998
0.13698434950000002
0.0674409175
0.057493141
0.06180919000000001
0.10056201125
0.8359826549999999
0.9046591705000001
0.8393069474999999
0.7680539200000001
0.09423056349999999
0.07618424875
0.1138891309
0.8008221600000001
0.8816576199999999
0.12615191050000002
0.0627218928
0.0634215041
0.12007933250000002
0.895655326
0.922520482
0.9190209050000001
0.8705554505
0.07107726045
0.04629222695
0.04486925255000001
0.06462868035000001
0.0791253078
0.0677956003
0.1132003536
0.8483932450000001
0.9090231405000001
0.8347521450000001
0.7812733320000002
0.0878589275
0.0574882486
0.05192926255000001
0.06468826650000001
0.08986616475
0.1133539297
0.7018424915
0.7127779695
0.7160715129999999
0.12905425925
0.08095310455000002
0.07394002165
0.08169558130000001
0.1099610683
0.180449433
0.18405222550000003
0.270425712
0.18925312200000002
0.14930895650000003
0.167562373
0.2713515215
0.7895415270000001
0.6782890185
0.7528274470000001
0.21065555800000002
0.16303246650000003
0.17747370950000002
0.6324075590000001
0.7623501225000001
0.28475283050000005
0.3446864095
0.505944341
0.1660866675
0.20805968450000004
0.28120976750000004
0.2476945895
0.806845297
0.6906128480000001
0.6389815430000001
0.6197995510000001
0.6041368030000002
0.126844437
0.11299175030000001
0.10816028650000002
0.14817270500000002
0.745826783
0.20562553900000002
0.13827523249999998
0.14667398280000002
0.241688187
0.20959318350000003
0.7536850595000001
0.18412426699999998
0.14608970599999999
0.193209592
0.8410724600000001
0.8575895429999999
0.244699574
0.15241002200000003
0.1905904095
0.8691283080000003
0.9150997695
0.912705938
0.84883902
0.8159711270000002
0.857958165
0.7141581505000001
0.1183411395
0.131222484
0.22872614500000002
0.6757741700000001
0.6748445315
0.0979303148
0.08017857950000001
0.07610625640000002
0.0871398215
0.1219305925
0.14411439750000002
0.1666110675
0.261739427
0.22132058100000002
0.19877796
0.6370474509999999
0.6299773830000001
0.6385286635
0.6588175835000001
0.6538024325
0.20583521400000002
0.22708180400000003
0.1549932835
0.11041205650000002
0.12296712270000001
0.133931092
0.18974954900000002
0.7217190715
0.595340079
0.49938925599999995
0.23301298950000002
0.2783579545
0.659596006
0.8402369199999999
0.8658574480000001
0.82849115
0.6436744830000001
0.140322046
0.11062782800000001
0.1245204025
0.11702282400000001
0.1424444178
0.26875230200000005
0.358647489
0.6854828435000001
0.805646238
0.4155665740000001
0.27058144600000006
0.2186314995
0.174157056
0.11744087250000002
0.101369765
0.12072337025
0.6140499739999999
0.6485761965
0.6728168404999999
0.8050832515
0.7093406950000001
0.6431768140000002
0.588077958
0.6036965455000001
0.639282065
0.681182043
0.722589962
0.7755028445000001
0.851154605
0.835348146
0.6721509675
0.22127522200000002
0.246694677
0.287164438
0.8338288105
0.866645399
0.756332806
0.7043026889999999
0.776599897
0.5832584385
0.2181108695
0.309310227
0.3546989775
0.797150644
0.6729987660000001
0.22968284150000004
0.27069548200000004
0.18255795900000002
0.6296368115000001
0.20218587050000003
0.0931557695
0.0841292993
0.1405573245
0.132778271
0.7760526685
0.8836269935000001
0.7412128565
0.09307273450000003
0.07312087945000001
0.109106625
0.142718592
0.8305395795
0.14923463
0.13689659050000003
0.724014807
0.09139933600000001
0.05408433075
0.04790942135
0.046909806500000005
0.05296093365
0.10730488225
0.17570531349999996
0.8678325675
0.8831509650000001
0.9253168985000001
0.9508013180000001
0.9504551680000001
0.935440911
0.12013590699999999
0.060705029300000005
0.04947702065
0.04673346755
0.0520432746
0.06292618305
0.1039694756
0.7519117985000001
0.09194294685000001
0.06353507879999999
0.06618865775
0.0693900279
0.067239171
0.09966198750000001
0.796159406
0.7970651240000001
0.7788261505
0.11649099660000001
0.09385569100000002
0.07801894805000001
0.1075751699
0.17063955399999997
0.6886187400000001
0.11853347600000001
0.1084310345
0.10321090950000002
0.1163695665
0.13203143250000002
0.0789410955
0.0735628435
0.10946506970000001
0.8250893700000002
0.9092004650000001
0.93056444
0.9295678885
0.906403792
0.20605129300000002
0.08910559280000001
0.08997262650000001
0.19354807550000003
0.8967626375000001
0.928690502
0.929763505
0.9068410670000001
0.8767362000000001
0.8467267140000001
0.150812376
0.07230697880000002
0.06743829509999999
0.1022496838
0.712760733
0.733623288
0.8409115630000001
0.737114904
0.697107331
0.7234101070000001
0.7602570785000001
0.8550369160000001
0.3336491485000001
0.12035749180000001
0.102012527
0.12464838600000001
0.1347927605
0.6336502690000001
0.6396634685000001
0.6289515310000001
0.170240593
0.1395514485
0.18666861850000002
0.8355973260000001
0.797349
0.8525505290000002
0.6736826190000001
0.1347150595
0.1369505075
0.2283656665
0.7011746030000001
0.730281291
0.7517720760000001
0.8151372800000001
0.164749013
0.108244034
0.14228179800000001
0.258491511
0.256594178
0.157475899
0.187635033
0.19520370050000002
0.18179962949999998
0.13616756300000002
0.1434474775
0.2330977425
0.19702422000000003
0.309225212
0.7485818395
0.6255969150000001
0.6171691600000001
0.586687965
0.582990057
0.368902731
0.259435748
0.583478611
0.6096901570000002
0.604876138
0.1507233785
0.146531274
0.14414113550000002
0.1826957405
0.275305103
0.1122717998
0.0867240775
0.0889819255
0.13063141250000002
0.07517742705
0.07435157569999999
0.10390010400000001
0.076485116
0.0696388339
0.11694945150000001
0.886740122
0.8886771430000001
0.9261580495
0.9250213230000001
0.9029098580000001
0.9119961305000002
0.8619722240000001
0.751172693
0.10173254820000001
0.1179806129
0.7118591955000002
0.17915146900000004
0.09543057480000001
0.07531310570000001
0.08764844599999999
0.15176131950000002
0.18483868450000002
0.14206512200000002
0.154756395
0.8141635049999999
0.11183819980000001
0.06871253565000002
0.07348588710000001
0.0948784042
0.8437795779999999
0.8876950535
0.9072226240000001
0.921835068
0.9115509185
0.8951999460000001
0.874826331
0.8287931965000002
0.08447302785000002
0.07883163735
0.053005532050000005
0.0521514739
0.0637925191
0.1056796377
0.13378737849999997
0.22699356750000002
0.8675080930000001
0.846836119
0.8177501490000001
0.809089335
0.8359421150000002
0.7437773235000001
0.739702669
0.7652189455000001
0.7602722855
0.7430157185
0.20241968250000006
0.125878402
0.1126070055
0.1268833895
0.2011422605
0.446782838
0.8560866890000001
0.8514998985000001
0.7163216225
0.6799687615000001
0.7344077499999999
0.809987231
0.8797631000000001
0.870333555
0.7668553444999999
0.6817256150000001
0.177638373
0.151985419
0.18582779700000002
0.6577833315
0.7180789375000001
0.8277309630000002
0.708044103
0.17716395950000002
0.14423149400000002
0.1609085775
0.2690199795
0.24085500150000003
0.22363716600000003
0.663639091
0.769023665
0.6637705260000001
0.694706193
0.791259903
0.6930297675
0.6431416195000002
0.258680132
0.332794378
0.262945704
0.237820276
0.3330823730000001
0.30144865249999997
0.7590708049999999
0.6496373685000001
0.22993453900000002
0.231210068
0.211604574
0.17235353850000004
0.1825549002
0.5616750365000001
0.6439871185
0.760253354
0.6450164925000001
0.606123873
0.5412730235
0.21948422830000003
0.27039120250000004
0.1831341055
0.19905208000000002
0.6919595734999999
0.8432563315000001
0.8126414655000002
0.8936494600000001
0.8843402540000002
0.7124353735
0.15063519875
0.14115080225
0.17784039550000003
0.20168170150000003
0.7234043450000001
0.2641893505
0.288743879
0.37692293649999997
0.369962597
0.8478657000000002
0.8525197630000001
0.6864007575000001
0.583479797
0.164841353
0.17676084050000002
0.2254191435
0.14936572250000002
0.1564583595
0.19816972150000003
0.2616591365
0.8124461490000001
0.7850772775000001
0.8735689235
0.8393778890000001
0.31869030900000006
0.520843044
0.13659066225
0.11913405975
0.15207431899999999
0.28062510599999996
0.45366681750000004
0.8488227150000001
0.751335773
0.7297197210000002
0.8234879384999999
0.719566558
0.717921176
0.8375864250000001
0.265532392
0.211497454
0.6977021455000001
0.09084154024999999
0.05426224005000001
0.050864809250000004
0.0533227473
0.06142078910000001
0.08461962560000001
0.3110446405000001
0.91864462
0.8763240489999999
0.09456503299999999
0.0499202755
0.04480316095
0.045859633000000004
0.04592618425000001
0.045492451200000006
0.05048179885000001
0.09156808215000002
0.9162901625000001
0.9480100010000001
0.952449975
0.931469541
0.07188355165
0.04347266910000001
0.04074232655
0.0473768544
0.10001274650000001
0.918731151
0.94757703
0.9450426305000001
0.8720432950000001
0.07079949395
0.051334270200000004
0.0808781451
0.0728897538
0.06935469430000002
0.057973423950000005
0.054111817250000006
0.055140900900000005
0.0691488335
0.1329340824
0.7807287080000002
0.321635388
0.4075774205
0.861219178
0.911325323
0.882427457
0.88701466
0.9200653354999999
0.9033595975
0.7774466615
0.15114064900000002
0.1194406115
0.08173113380000001
0.0854399034
0.1109316578
0.5593219115000001
0.236080235
0.697334022
0.8003762700000001
0.632684733
0.209663812
0.21627967450000002
0.28491735
0.8587790580000001
0.8984331720000002
0.8688778480000001
0.8656371350000001
0.9097094180000002
0.8879754540000001
