0.1430047854
0.08224446685
0.1022165491
0.13085598645000004
0.0828188166
0.1066508505
0.8116475830000002
0.8786831760000001
0.1045230218
0.06684615305
0.0760389817
0.1131466164
0.8778412265000001
0.8398908410000001
0.8425022400000001
0.8362709820000002
0.799039963
0.8174767450000001
0.871159824
0.8902412170000001
0.899364872
0.09999377190000001
0.08088392875
0.06774082385
0.1023764778
0.8132251320000001
0.11510731619999999
0.11330874505
0.07984323730000001
0.07132518025
0.16268444975000002
0.8874520509999999
0.9015522735
0.9252119675
0.9414985035
0.9364858775
0.9417465075
0.927202933
0.10291996150000002
0.052410786
0.06285408760000001
0.05180058245000001
0.048925296550000004
0.04773121495
0.04751347035
0.0492826034
0.06130451729999999
0.1073611724
0.9089101050000001
0.910911333
0.925244161
0.859024263
0.8295123200000001
0.8571445025000001
0.86623753
0.8276713925000001
0.228697065
0.4334957685
0.89549787
0.8410312850000001
0.09754429480000001
0.07451735635
0.0966471067
0.7242669625000001
0.7113032065
0.10684370720000001
0.09007837285
0.12378846775
0.17045645750000002
0.1211259815
0.1469375901
0.7962454545000001
0.8932919080000001
0.8921124950000001
0.9052074210000001
0.9283792700000001
0.911566799
