0.7634505300000001
0.727605739
0.5473518209999999
0.3904372000000001
0.7795049615
0.260135063
0.258977531
0.14885422300000004
0.1848636142
0.1060397535
0.10280192710000001
0.18935609215000002
0.16199982410000002
0.2220804966
0.14335003470000002
0.102496329
0.15602960964999998
0.08050430035
0.07859903215000001
0.1247358646
0.08235670870000002
0.11631132159999999
0.0773899702
0.1191081375
0.09789922100000002
0.10425814995
0.1330215674
0.7721654290000001
0.16676109330000002
0.09741097600000001
0.09062127825000002
0.1014492698
0.1737738715
0.8938894199999999
0.8921764620000001
0.24349794800000002
0.2187255955
0.8939870505
0.9317332054999999
0.937716255
0.9249250720000001
0.9242769985000001
0.8518802354999999
0.13017141825
0.17020810720000001
0.8900347470000001
0.9060144735
0.09923710749999999
0.09272755995000001
0.08508752170000002
0.056206466049999994
0.07188620570000001
0.12532687775
0.14203851700000003
0.12934567535
0.07818636425
0.05979322695000001
0.07054729970000001
0.0820569501
0.09294820135
0.11397818855000001
0.843346347
0.70981981
0.73384392
0.8288328125000001
0.918705685
0.930875611
0.931928316
0.9293553130000001
0.9126620115
0.8124960400000001
0.7823067150000002
0.8402882825
0.15688676270000002
0.15053513470000002
0.12375494795
0.19234393635
0.18347295305
0.22177807175
0.20031102160000003
0.217147629
0.6111666929999999
0.675166065
0.7952792210000001
0.6656953210000002
0.433866156
0.847403588
0.8515954900000001
0.1604121225
0.1244347107
0.15838481695
0.6242930820000001
0.14492772900000003
0.10162244425000001
0.1291335909
0.8483181725000001
0.778980224
0.8642159085000001
0.24223923400000003
0.7379205389999999
0.11156123550000001
0.08799477515000001
0.10650209735
0.07720224084999999
0.07270814595
0.18776700065
0.9225092090000001
0.9403012470000001
0.9067464365
0.11847748139999999
0.06381999190000001
0.0866669181
0.08517703545
0.1479659922
0.15805971335
0.14176838120000002
0.8285760855000002
0.11558475855000001
0.08436896500000002
0.13627725049999997
0.8204012695
0.230438647
0.12159099300000001
0.14623007400000002
0.8058732530000001
0.6573728160000001
0.3190855835
0.8727533155
0.901867843
0.8677328310000002
0.1409242125
0.11536914675000001
0.16000516250000005
0.372609656
0.8970311830000001
0.8974075880000001
0.873631905
0.8276672325
0.21640724299999997
0.183377921
0.11059236250000001
0.12027793749999999
0.7362152215000001
0.8234028080000001
0.9139696000000002
0.9229321870000001
0.8856823600000001
0.19825075000000003
0.1813521279
0.1541273165
0.19744424015
0.22280734349999998
0.77049237
0.6304233884999999
0.3071097255
0.510487635
0.874049588
0.913028355
0.915439304
0.8931695250000001
0.807297335
0.7957942615000001
0.8352633985000001
0.7585209975
0.7313580235
0.7795615705000001
0.8729946250000001
0.8838011530000001
0.910773139
0.9165115184999999
0.916673032
0.9127286150000001
0.8977009345000001
0.904993161
0.8882967560000001
0.9065765900000001
0.908645196
0.8979399905000001
0.908784413
0.9111160205
0.9090668415000001
0.89740093
0.909112115
0.912321976
0.9116592880000001
0.901919259
0.9099132900000001
0.909998724
0.9004480290000001
0.9098128765000001
0.9101945745
0.9003855415000002
0.9115627515000002
0.9133362425000001
0.9057668560000001
0.9170582185
0.9142319650000001
0.8785013725
