0.7189556460000001
0.33257177150000006
0.31981181250000007
0.225603092
0.236847023
0.7674968070000001
0.6526499880000001
0.26929615799999995
0.27041920950000004
0.20124849430000002
0.16399022880000003
0.19887742300000003
0.8293892180000001
0.846315545
0.6514228969999999
0.2903980405
0.231368716
0.12665355874999998
0.12643311550000003
0.5760415855000001
0.12985589250000001
0.1357220208
0.1443914986
0.1882420165
0.2029680695
0.16640266050000002
0.33191724699999997
0.8802292680000001
0.9068566050000001
0.8875467300000001
0.729883115
0.660182192
0.272392796
0.17547574030000002
0.14240538835
0.49360111799999995
0.1268750005
0.11729925635000002
0.1725796655
0.8393040895000001
0.8430727155
0.26158707500000006
0.325182268
0.538215095
0.549883243
0.5571938500000001
0.5027611155
0.14764945050000003
0.13782932039999998
0.5395694
0.5539747620000001
0.2723523125
0.335324157
0.870012184
0.8816532700000002
0.7123425175
0.7178760845000001
0.8462916890000001
0.09268292625
0.0632696348
0.08874402800000002
0.08756558335
0.06120900135000001
0.0939534208
0.09732837825000001
0.0692785513
0.12608842039999998
0.894099885
0.9278150195
0.9146671179999999
0.9146768535000002
0.9319195425000001
0.9335272065000002
0.9276555700000001
0.9372007340000001
0.9322782985000001
0.8800108885
0.0634841132
0.044200684500000004
0.0491124376
0.05520117705000001
0.052548967050000006
0.06377233465
0.07253289260000001
0.07598041550000001
0.08944632700000002
0.7840285345
0.772084433
0.768000516
0.7751611530000001
0.39532976200000003
0.416560791
0.7749435035
0.8567150335
0.12067020175000001
0.09018846385
0.117192027
0.1238863555
0.680199127
0.6498517269999999
0.11877458050000002
0.10564736255
0.11721560975000002
0.641861423
0.19436441500000004
0.34170309000000004
0.3161282545000001
0.69640753
0.6897790725
0.2038983256
0.12900437920000002
0.15353995375
0.15263823945
0.14574729640000003
0.2813428210000001
0.228360234
0.812859305
0.6750653075
0.14198934910000002
0.134090595
0.17545278400000003
0.23402962875000002
0.7118446555
0.803595218
0.6811959169999999
0.6453996545
0.196338972
0.141320181
0.147835555
0.22496786000000002
0.49264352200000006
0.82075834
0.7160471540000002
0.6277220394999999
0.17084444000000001
0.14575834765
0.185723085
0.1890017345
0.5940479085
0.634787401
0.6988966175000001
0.839063899
0.8567997220000001
0.790437652
0.8632923830000001
0.8454925864999999
0.2040018965
0.19241750825
0.1177173815
0.12340206320000001
0.1286911705
0.1572998835
0.7921444385
0.8997005239999999
0.8907583640000001
0.9070204910000002
0.8231557775000001
0.7655926150000001
0.7403581229999999
0.1673230175
0.1111832435
0.15544333700000001
0.1348039603
0.139202248
0.13473830250000002
0.598648956
0.1239369833
0.11161172330000001
0.162111066
0.11817267399999999
0.181805916
0.8765018935000001
0.8949404360000001
0.81218961
0.8937579615000001
0.8548364685000001
0.24389753300000003
0.6463853294999999
0.15043044349999998
0.1226973841
0.2245895542
0.8479865325
0.9280120940000001
0.939217324
0.9342781400000001
0.9060051
0.2227031485
0.1428085135
0.286114797
0.6906402460000001
0.306829446
0.8297086985000002
0.6956514515
0.11649827350000001
0.10350110230000001
0.1348619128
0.16984175250000003
0.19586539650000004
0.7535397850000002
0.18408836799999997
0.16584594950000003
0.6283477985
0.616387433
0.1316653113
0.107254818
0.1428073765
0.8053358445
0.1895505685
0.1147563265
0.08674468755
0.1468520723
0.21593529050000004
0.8974865125000001
0.9318495615
0.9038120924999999
0.19854205650000004
0.10587866549999998
0.087628447
0.1429118135
0.204251768
0.6853648125
0.11322678350000003
0.09085205735000002
0.11971375849999999
0.724163892
0.8072223235000001
0.313688221
0.319083807
0.7636887589999999
0.632015635
0.597894834
0.620532302
0.706888023
0.8089856089999999
0.9092016500000001
0.9217724820000002
0.8860002225000001
