0.38365558
0.16025370600000002
0.11690519250000002
0.111859992
0.1401650835
0.21437678500000001
0.331241929
0.8336012165000001
0.7921718350000001
0.7792581120000001
0.8369729884999999
0.7839168625
0.8564930385000001
0.873553715
0.8590820400000001
0.760569664
0.7105552215000001
0.7541137075
0.222374663
0.2018468345
0.176496643
0.2757899535
0.27834857399999996
0.1466145335
0.13057540100000004
0.1511407195
0.12680084800000002
0.1501969205
0.6115597355
0.24719080300000004
0.21532832350000003
0.171714067
0.238191487
0.1375760707
0.14220919950000002
0.10889558500000002
0.1106047225
0.1406986145
0.11891215220000001
0.130029852
0.599696939
0.5839508115
0.1608467265
0.1485900295
0.18431419849999997
0.8089727000000001
0.7232890415000001
0.718083074
0.8119390274999999
0.15474063750000003
0.10057843250000001
0.11158299100000002
0.12043657850000002
0.11296388975
0.15230271550000002
0.6466466600000002
0.1636035465
0.15486829200000002
0.106338434
0.08869609550000002
0.08563450045
0.11811927350000001
0.6687423079999999
0.652440078
0.1139819395
0.0897398097
0.10106048960000001
0.18770527
0.8583039075000002
0.7564287795000001
0.1347006075
0.0893831725
0.10334723450000001
0.07665840575
0.10054076619999998
0.6544146710000001
0.18960625500000003
0.635257239
0.10251007849999999
0.08647251980000001
0.158608614
0.17891572200000005
0.8815884520000001
0.8830743010000001
0.14624368100000001
0.128390334
0.3389922665
0.8324989170000002
0.3335836525
0.8026076295000001
0.823532263
0.7937573980000001
0.817014932
0.7424172605
0.206801115
0.686893954
0.1060036345
0.0821596416
0.09862925500000001
0.7542931270000001
0.8136966640000001
0.9035084985000001
0.8603510765
0.88476695
0.1171031627
0.0830782325
0.07262350020000001
0.089947616
0.6899574629999999
0.282300428
0.856480898
0.7658643125
0.7387493025
0.09682452000000001
0.0723426435
0.07852353529999999
0.08755716699999999
0.21652375950000002
0.7092816024999999
0.09966193549999999
0.0670498757
0.07356584925000001
0.16756473300000002
0.894217263
0.919650183
0.8898890735
0.1233009825
0.10327360275000001
0.13121859240000003
0.1605679585
0.2119777235
0.169926335
0.541435507
0.17608802110000005
0.19281378650000003
0.332117567
0.6573230805
0.6870849050000001
0.7791870195
0.723631654
0.7167506400000001
0.8111828850000001
0.6145085075000002
0.6759280675
0.1406007921
0.1010498101
0.09184655470000001
0.10122045350000002
0.13343606
0.11949247
0.238872726
0.09593641700000002
0.0808377337
0.0856161965
0.07271956730000001
0.06834652135
0.0714435895
0.0663929177
0.07455638450000002
0.138837651
0.8783680625000001
0.7977060025
0.0934155367
0.0637119124
0.05129317865000001
0.05945439685
0.06932340949999999
0.0890355317
0.8664510460000001
0.8903959480000002
0.9191248665
0.9322785225000001
0.926626331
0.9228558560000001
0.92791154
0.881726364
0.09049095299999999
0.10280662135
0.08827802405000001
0.059086530150000004
0.0767928443
0.09080140660000001
0.85802272
0.9174783945
0.915849986
0.7603060965000001
0.0884587408
0.07915297115
0.120035788
0.8735217545
0.862465153
0.837857046
0.80838125
0.08488922070000002
0.05719156945000001
0.05700206380000001
0.054685774
0.0584133342
0.07893907425
0.18168284550000005
0.8106582455000001
0.8811417095
0.750331878
0.209523544
0.2694886484999999
0.1334242005
0.14384777999999998
0.577911722
0.16767732500000002
0.16512926900000002
0.616139999
0.46397289
0.80524004
0.7506427714999999
0.797773176
0.8854140130000001
0.883240118
0.780411649
0.1714021145
0.1465174773
0.22779138
0.1112342265
0.0932968215
0.0958295005
0.1067418248
0.147509412
0.1423186425
0.1795495895
0.37423213200000005
0.7232909330000002
0.7953481325000001
0.26416570300000003
0.19595068200000004
0.17224202449999998
0.18323357300000004
0.2800232435
0.851339622
0.8858323820000001
0.8620256975
0.8709598215000001
0.856764486
0.872130458
0.8767541925000001
0.8655298815
0.8527754770000001
0.8405256980000001
0.7996024755000001
0.7969673620000001
0.793014109
0.7801007530000001
0.7771714275
0.7764713930000001
0.811491678
0.8521235970000001
0.88859243
0.8961586570000001
0.8741503990000001
0.7775729705000001
0.6346962135
0.261092826
0.2789657885
0.627958613
0.688896175
0.801586906
0.705732279
0.18826725000000002
0.1436265435
0.1288537005
0.212711814
0.1349348095
0.12175984919999999
0.1477024569
0.6701011355
0.12367335780000001
0.07919806850000002
0.0699170755
0.07893068345
0.06965652695
0.09191033300000001
0.77291559
0.7740862085
0.8190604715
0.915930343
0.9028658279999999
0.914884807
0.8029697250000001
0.0919860055
0.07910556780000001
0.11815409275000001
0.097867805
0.140349893
0.8203577030000002
0.837107945
0.6506106225000001
0.21649749200000004
0.22631517
0.6845567545000001
0.820137473
0.72007065
0.663245912
0.6217906300000001
0.21902212200000004
0.2345999815
0.7801064255
0.687622062
0.1390691215
0.110405734
0.0731156302
0.0728093789
0.10668176330000001
0.7632051240000001
0.7886361965
0.8810030675
0.162275851
0.09489165980000001
0.1288700305
0.13622959600000004
0.1141292698
0.151696537
0.7769129399999999
0.1009774113
0.0729625924
0.051512149
0.0485853444
0.05373602805
0.0955213256
0.886725202
0.851051181
0.873172689
0.8950312010000001
0.9361728285000002
0.944301115
0.945034708
0.935012927
0.868169834
0.05956513145000001
0.040580018950000005
0.0378477754
0.04256692474999999
0.05293469515000001
0.07951902305000001
0.79835214
0.7893535445
0.8049688625
0.893934398
0.786463796
0.11461213399999999
0.13430058079999999
0.1004674472
0.10047273440000001
0.11044856130000001
0.31397744800000005
0.9114611250000002
0.9160506270000001
0.7841650085
0.0974233695
0.0657131514
0.05904023355000001
0.08265759349999999
0.08956207375
0.07677521600000001
0.0919076415
0.0917755393
0.11458990305000001
0.6946644045000001
0.6742334715000001
0.6685633375
0.6608836420000002
0.671666415
0.714323502
0.7817266555000002
0.887053613
0.8687316125
0.15854487099999998
0.10654131200000001
0.1006359115
0.131439646
0.6138131314999999
0.6069740164999999
0.250062701
0.5883285480000001
0.1636842845
0.13247555800000002
0.1572874515
0.22340786050000003
0.29550831699999996
0.6429292440000001
0.6244834600000001
0.5901944324999999
0.2823323215
0.5170300315
0.24211179200000005
0.302369279
0.8008892870000001
0.8046274655000001
0.8531416965
0.7401410690000001
0.280889394
0.280420628
0.6083564130000001
0.5067355885
0.8467560870000002
0.884046658
0.8528469630000002
0.7370378945000002
0.7335629785000001
0.8123855425
0.734368066
0.6796875585000001
0.1763345855
0.12699500900000002
0.11029508900000001
0.130206925
0.15655273749999998
0.5136542385
0.5182154790000001
0.48393373400000006
0.186415345
0.167721877
0.18487606750000002
0.2670503805
0.8198614460000001
0.8394096135
0.7146635610000001
0.6656875725
0.2505654235
0.3312160975
0.28642224099999997
0.1396266725
0.10737022030000001
0.1064426589
0.13782785649999998
0.632484267
0.2531001875
0.6596003730000001
0.1598380144
0.216170209
0.0951374696
0.07848905825000001
0.0883406808
0.167804422
0.8299075565000001
0.12196266350000003
0.06841213249999999
0.06749826165
0.06577628550000002
0.07074373070000002
0.09777895260000002
0.07023848115
0.05661234835000001
0.053592890000000004
0.06385586505
0.0925104533
0.8630710720000001
0.9132576975
0.890759337
0.91426505
0.929441637
0.9379676325
0.880741674
0.07663646340000001
0.06394914324999999
0.0493891038
0.0563402886
0.091299658
0.695981345
0.11889083354999999
0.0803513968
0.1050626416
0.667070174
0.09108612719999999
0.06767782740000002
0.08320680849999998
0.16674445999999998
0.8449787150000001
0.11388137050000001
0.0781875517
0.0738760488
0.0794470651
0.12202365300000001
0.8701789050000001
0.799800215
0.29715106750000003
0.8520582525000001
0.11624659100000001
0.054060358100000004
0.046262214850000004
0.052428020150000004
0.09485328315
0.8877790350000002
0.880730325
0.8966823225000001
0.9018094299999999
0.9077488670000001
0.9080978150000001
0.9062194090000001
0.07567898730000001
0.04660662905
0.04534070755000001
0.05226172150000001
0.0770556552
0.063207009
0.07044451895
0.1425467516
0.21207759170000004
0.177941215
0.0907386035
0.11677350000000003
0.07307524650000001
0.0695828565
0.06838799875
0.072102013
0.0777768547
0.1104254512
0.7104642099999999
0.10617373550000002
0.0858263948
0.10269868180000002
0.09232615815
0.12521780025
0.13997551900000002
0.6756240630000001
0.10928473225000002
0.08705716665
0.08488369700000002
0.09366807910000001
0.127100586
0.6452412205
0.245345362
0.22802696600000005
0.190487359
0.309756452
0.1752062145
0.145195842
0.1622483865
0.1276398895
0.127181667
0.1479543395
0.12084854199999999
0.13626214000000003
0.541886815
0.25323811500000004
0.6844799250000001
0.7307098150000001
0.8170492910000002
0.7197212550000001
0.713063594
0.752398134
0.8491505500000002
0.8360267120000001
0.6617389250000001
0.2218879755
0.3000655025
0.3021253295
0.2316432335
0.6678755805000001
0.7035330025000001
0.829742315
0.11956142100000001
0.06994716475000001
0.06291582515000001
0.0639290027
0.07119484350000001
0.06677727920000001
0.06120172405
0.05948987335
0.06498404175000001
0.103949203
0.8463095300000002
0.9188464310000001
0.8197891325
0.08352169785
0.0540168854
0.05189381765000001
0.0696253482
0.16017682300000002
0.863219375
0.267120933
0.745977128
0.08292650295000001
0.052712643350000005
0.04869254885
0.05210661625
0.06275198445
0.135715429
0.9214333175000001
0.9308346800000001
0.896190712
0.079631194
0.0483042968
0.043490500599999996
0.0484147396
0.05909478075
0.10514561015000001
0.8818571595
0.8229870700000002
0.311523276
0.8696617725000001
0.15113913750000002
0.0605718483
0.048649571
0.0523977615
0.08418659020000001
0.806128884
0.8490601370000002
0.9171737455000002
0.8575705200000001
0.8079569865000001
0.0829781093
0.0542174447
0.05191898005
0.06745053250000001
0.1241331595
0.8190647440000001
0.8515196079999999
0.8941554225
0.8062121950000001
0.7473959980000001
0.312223282
0.214545045
0.792091755
0.8162933185000001
0.807549285
0.768757394
0.09354193605000001
0.072449655
0.06507509715
0.0617987799
0.061208464899999995
0.07784902410000001
0.1143855123
0.7283633875
0.8041355570000002
0.652849177
0.22203098100000002
0.25036122800000005
0.261032059
0.32405494549999997
0.7075942365
0.8397498550000001
0.8511359650000001
0.8642706325000001
0.8417446215
0.8141497749999999
0.7842842555
0.7640299524999999
0.7822522640000001
0.8275626105000001
0.8188476295
0.7740855115
0.7082920640000001
0.6440001120000001
0.18557016599999998
0.1447460545
0.1413077475
0.17649296250000002
0.679670326
0.7598520820000001
0.8738250680000001
0.852870943
0.3436610185
0.6510001095000002
0.13237196269999998
0.0998733885
0.0867128425
0.1178718435
0.110432184
0.11413406530000002
0.155217659
0.5663063295
0.198145988
0.21555818050000003
0.23175297150000004
0.2681223545
0.687646958
0.8367308220000002
0.8290186980000002
0.646861331
0.583432508
0.13167393400000002
0.09796576400000001
0.11325541270000002
0.12592570600000003
0.5764389665
0.283412828
0.8702102850000001
0.8860911565
0.7142244409999999
0.6687269410000001
0.5965407819999999
0.08273399480000002
0.0581664007
0.06451304000000001
0.09166444420000001
0.7977751015
0.8587313150000001
0.9185243350000001
0.881587779
0.7929084240000001
0.09242787525000001
0.066527009
0.06876658990000001
0.08956061900000002
0.6633626650000001
0.663158188
0.676172475
0.651451365
0.22697655350000004
0.569562733
0.1111772925
0.10225169654999999
0.1003271702
0.12528019150000003
0.653075488
0.7711849840000001
0.6926905699999999
0.6894712495
0.7889067279999998
0.691933904
0.6431424200000001
0.2518656185
0.1669341555
0.1574931705
0.23680527200000004
0.179747823
0.22218927550000003
0.794766433
0.6862209650000001
0.17244501099999998
0.14643618500000002
0.0947965283
0.0874645835
0.1432602695
0.6763731975000001
0.08557676340000002
0.0547593326
0.05417661455
0.06592780125
0.1782221324
0.23841267400000002
0.8987042390000002
0.9361045145
0.8924235255
0.19101172050000004
0.0920225486
0.06962909639999999
0.056709520750000006
0.065293762
0.09710323930000002
0.706833566
0.21162478750000002
0.09565776725
0.09139462849999999
0.16016924449999997
0.1002830875
0.10302012399999999
0.09304686000000001
0.10414479849999998
0.1306598635
0.6750379570000001
0.7337665320000002
0.8492159905000001
0.7849761025
0.7212471549999999
0.6680867245000001
0.6476229800000001
0.6608306105
0.698787113
0.7993375970000001
0.734781886
0.6693614975
0.6572152865
0.698783986
0.7710874970000001
0.6764580705000001
0.6509153955
0.7131562785000001
0.8577383545000001
0.8636958025000001
0.9035119790000001
0.876801036
0.1710388315
0.1098649065
0.09778819425
0.08567948570000002
0.09804518120000001
0.1283628518
0.131734613
0.1093024188
0.16266002585
0.08266880065
0.0731742717
0.09682548740000001
0.758943296
0.8110113120000001
0.924357449
0.92619708
0.8128203685000001
0.10850929000000001
0.0608705713
0.05312771075000001
0.0698365029
0.0679782184
0.0846336862
0.1652280955
0.17318564100000003
0.6074229300000001
0.5542815944999999
0.1543064535
0.1294663195
0.1361075405
0.2026828685
0.7991774050000001
0.700867076
0.6718977635
0.62170802
0.1562276968
0.1792755675
0.10143214330000001
0.095972018
0.15086828200000002
0.8958667205000002
0.9344782850000001
0.935404664
0.9085983085
0.1310534215
0.0674653437
0.0614154087
0.0801410755
0.7316919789999999
0.7640840610000001
0.781180979
0.787167873
0.8534500165000002
0.10609465775
0.07076463350000001
0.09599474699999999
0.18394166100000003
0.6566483145000002
0.6152659859999999
0.5833875110000001
0.17543921
0.20730891450000002
0.7685244265
0.309656101
0.7101673039999999
0.7100122725000002
0.682667209
0.6713868475
0.648519292
0.3065698135
0.747455305
0.19326863450000004
0.18111734499999999
0.6015115870000001
0.6967976275
0.79419027
0.8859042825
0.8739580630000001
0.754265375
0.68878613
0.7002255020000001
0.70392315
0.670330238
0.6539793795
0.616769024
0.1295500875
0.1024523966
0.0993773255
0.143390239
0.17067368050000004
0.635258968
0.654972287
0.7585644005
0.5910860760000001
0.16704887100000002
0.142841362
0.1523347
0.267438096
0.830928822
0.863788983
0.8448434245
0.389998719
0.22986481000000003
0.27088584900000007
0.1367475885
0.10765692
0.10889109599999999
0.14774301250000002
0.5434473975
0.25349017799999995
0.440017215
0.7895269370000001
0.3458194825
0.470526487
0.79376299
0.32670501900000004
0.2701638755
0.265164224
0.855734675
0.8758502405
0.688718166
0.18164237900000002
0.23863511700000004
0.265660728
0.6008710770000001
0.2522796135
0.23297027950000002
0.7582663645000001
0.21432678300000002
0.1168429325
0.1007797835
0.093046965
0.1006853395
0.12006428250000001
0.186764438
0.7806120440000001
0.6454441165
0.603587756
0.167400294
0.1464811745
0.193693472
0.30667595900000005
0.4836123195
0.8772072960000001
0.8702253400000001
0.7156783899999999
0.7036511914999999
0.847802375
0.8507358469999999
0.709731455
0.6400885434999999
0.227373453
0.20788472900000002
0.21942457999999998
0.154379416
0.18835660299999998
0.41826624900000003
0.45158456199999997
0.54868912
0.6045221695
0.6205645105
0.5964764155
0.22879677300000004
0.1506755915
0.134768055
0.14818777300000002
0.1170484407
0.10559971249999998
0.096879317
0.1041787015
0.1205381672
0.572467858
0.6016685795000001
0.6430522049999999
0.7024882880000001
0.8607018580000001
0.8790999990000001
0.8435043425
0.270302682
0.29626667949999996
0.11761289500000001
0.0920728707
0.0768378457
0.091264713
0.0958097515
0.10905224399999999
0.1523389685
0.680733445
0.7124961074999999
0.8337570555000001
0.74196344
0.8541759040000001
0.821794325
0.18457739950000002
0.14316863910000002
0.1908351525
0.63144971
0.8037276835000001
0.680787694
0.66429748
0.7957967705000001
0.3354977500000001
0.1986476845
0.20191537650000002
0.502561115
0.526796887
0.1657620085
0.12181759625000001
0.11866053600000001
0.19344816900000003
0.20699752450000003
0.13626041825000001
0.16269098750000002
0.5595377330000001
0.22198043150000005
0.6156133555
0.311083196
0.819661293
0.208650563
0.09052608000000001
0.07156722920000001
0.0761285628
0.068296279
0.06506025000000001
0.06143217745000001
0.05948301165
0.06897894809999999
0.10250309825000001
0.786091775
0.778374165
0.8055587719999999
0.826913958
0.8989470175000001
0.790651039
0.10213912100000001
0.06606317125000001
0.06333336275
0.09429571425000001
0.695932947
0.106003291
0.06971829365000001
0.06502773265
0.092114765
0.7883129425000001
0.8099068450000001
0.7994119845000001
0.7688499400000001
0.752164332
0.7543597845
0.742539163
0.7555165315000002
0.7661744109999999
0.8066225165
0.863689147
0.9200330910000001
0.9160785950000001
0.8478596925
0.7550828815
0.08246470370000002
0.074095862
0.0933752377
0.1908004505
0.7082504260000001
0.100236674
0.0727916645
0.10442890975000002
0.25476002900000005
0.8778499415
0.85581191
0.84724394
0.848400527
0.8450466225
0.8279447150000001
0.788533873
0.7408986750000001
0.7482394590000001
0.128251568
0.07781800765
0.081733339
0.10968749935
0.08980530745
0.10651184720000002
0.265769414
0.09704614480000001
0.0809967285
0.08583366065000002
0.09836378575
0.192294931
0.7087558315000001
0.30186306100000004
0.14471681849999998
0.175152328
0.16333411199999998
0.123407869
0.14243752325
0.33090265250000006
0.7055359080000001
0.692936437
0.6869410785000002
0.3056659795
0.1280510872
0.09900276040000001
0.0956303555
0.12996862775
0.7117208130000001
0.8465035045
0.8377175359999999
0.905542049
0.9100057660000002
0.8782735425
0.741829767
0.6843304045
0.14814639350000003
0.13483659930000003
0.15681777900000002
0.15439699350000002
0.5886525160000001
0.659063759
0.7436776599999999
0.8504079755
0.7911459025
0.7526213600000001
0.7070923295000001
0.132474626
0.0908129185
0.092221638
0.0855395658
0.10264118050000001
0.10471453350000001
0.11444957880000002
0.18134555900000002
0.35751082799999995
0.6791366065000001
0.6669249900000002
0.638758607
0.49577185600000007
0.55013159
0.15901858049999998
0.12639823440000003
0.13528979600000002
0.16812513300000004
0.341877448
0.7419492805
0.8514870335
0.7728652415000001
0.732726296
0.706906015
0.684699325
0.10065685630000001
0.06603492335000001
0.06088746535
0.056396168
0.061551483500000004
0.09666590300000001
0.832703535
0.9243929670000001
0.9150201800000001
0.123254617
0.12477203750000002
0.09843714815000001
0.06697800915
0.08906252565000002
0.8490709650000001
0.9192585449999999
0.865867758
0.1250189465
0.05666477780000001
0.0615429861
0.0522523653
0.07763311440000001
0.8920971585
0.9437943255
0.953746079
0.9485772294999999
0.8894223425
0.06156711495
0.043622761450000005
0.045508889450000006
0.05786885595
0.10693139700000001
0.744408372
0.08832090290000001
0.056959059449999995
0.0619729601
0.076231436
0.1202503568
0.8596878040000001
0.774117994
0.7445365345
0.7724749240000001
0.8056987605000001
0.891647223
0.798546525
0.08844592720000001
0.0644366224
0.0705463003
0.1205960413
0.1022247715
0.1639515873
0.716759227
0.7080337245
0.10881990890000001
0.0751967689
0.0694288758
0.07507395650000001
0.06921368165
0.062858677
0.0587312326
0.0597416502
0.08596449950000001
0.747635491
0.24508686250000003
0.8532715675
0.9212474300000001
0.935154905
0.9264326860000002
0.8784406915
0.8630154105000001
0.9058714230000001
0.8577866925000001
0.8171643300000001
0.7619393630000002
0.18978842200000004
0.7336590875
0.0824969733
0.055583283000000004
0.052929046400000006
0.0585307289
0.07116359655000001
0.072642223
0.07513950100000001
0.0963923567
0.132553407
0.732755308
0.8380379685000001
0.7890580395000001
0.888852475
0.9002444860000001
0.8688009275000002
0.745289503
0.72658706
0.757739461
0.8417645970000001
0.7721632965
0.251072026
0.1380381775
0.11248903525000001
0.11349555975000002
0.1382221495
0.5552083815
0.507953946
0.8507417780000001
0.8728762550000001
0.810928591
0.8173782680000001
0.2697563
0.21622442100000003
0.29281247950000006
0.24101650599999996
0.394655543
0.8284499585
0.7744266320000001
0.7398440420000001
0.70902386
0.673805387
0.13013642250000002
0.10147704825000001
0.1174375776
0.10983205950000001
0.1424374025
0.616636534
0.16255749150000004
0.131463671
0.113165612
0.10674902600000001
0.11377452200000002
0.146830698
0.688003298
0.7277067315000001
0.8135554800000001
0.6926303405
0.6971055640000001
0.812689456
0.7770519750000001
0.7662693195000001
0.7699719275000001
0.7759030930000002
0.8396099035000001
0.7388273115
0.14995782149999998
0.157138057
0.087030297
0.08129961449999999
0.112535244
0.16701344950000002
0.849366394
0.9162900254999999
0.9070530645000001
0.43477891450000006
0.750712807
0.1355361045
0.0759064079
0.06454685835000001
0.0930658813
0.7951738635
0.8459513475000001
0.1584483015
0.07350189530000002
0.07546832
0.059242049750000005
0.08478380449999999
0.846263375
0.8825392440000001
0.897007253
0.916681262
0.1055615883
0.05592822860000001
0.055661649300000005
0.06886816675
0.16495666650000002
0.8851732600000001
0.8223306870000001
0.09273061095
0.0698403306
0.098285974
0.12142314550000002
0.739747346
0.4037155075
0.8999984000000001
0.91480489
0.827605008
0.7491081900000001
0.7496586700000001
0.165772625
0.08272102000000002
0.0680180798
0.076738442
0.11533738200000002
0.173633743
0.7741531100000001
0.6009655950000001
0.5566006870000001
0.5495470195
0.5988913995
0.693186767
0.8690851670000002
0.881098506
0.7683516435000001
0.7246710769999999
0.10206091145000001
0.0699199831
0.07264527790000001
0.0671565444
0.0693444676
0.09772771555000001
0.072482733
0.07026165070000001
0.08320634999999998
0.0620034339
0.05765343875000001
0.0514356054
0.05235771065
0.07704292875
0.8526313550000001
0.9024349965000001
0.921111394
0.9365518095
0.9434003865000001
0.9221100625000002
0.8566890850000001
0.07161788159999999
0.0515321218
0.055815601000000006
0.09882979425
0.7605019910000002
0.0987933552
0.0783202733
0.09146733175
0.10152705629999999
0.09470482665
0.07703102490000001
0.07329899520000001
0.0783097384
0.0829061605
0.08987919150000001
0.0872724747
0.07724478130000001
0.0852374238
0.08475012699999998
0.08644510749999999
0.11994631600000001
0.799755412
0.8727106625000001
0.8236530550000001
0.7889348250000001
0.7415929930000001
0.7013409300000001
0.12808698250000003
0.09013480570000001
0.079646103
0.102545575
0.15212600950000002
0.7593086725
0.8514226914999999
0.7476825035000001
0.15842339249999998
0.11493847300000001
0.0939798165
0.094325462
0.1314806735
0.12990432300000002
0.15634342600000004
0.613417046
0.151471889
0.162233607
0.6351448925000001
0.1165102445
0.0784587345
0.0755863235
0.090756056
0.23291975850000005
0.31607186400000004
0.8882528750000002
0.879847994
0.8473226140000001
0.788630465
0.7149631399999999
0.6688526950000001
0.127841257
0.13832569800000002
0.17616567100000005
0.7665324145000001
0.157078136
0.14208338150000002
0.226118909
0.6448887340000001
0.22763419150000003
0.24872054950000003
0.7641985735
0.1712503735
0.1202241275
0.1266744483
0.1191146165
0.16753415280000003
0.30935240599999997
0.6320224204999999
0.1438393685
0.10856762980000001
0.1257309275
0.640719358
0.242941142
0.12036899800000002
0.127536217
0.61335116
0.18654240850000003
0.1687662985
0.7632534845000001
0.804889053
0.813748446
0.7657043950000001
0.192464665
0.2499893735
0.6531510065
0.09495028030000001
0.095129717
0.0991625215
0.11723500649999999
0.16509606
0.09421575950000001
0.11319409670000001
0.642342185
0.13451991000000002
0.19056549200000003
0.8265045345
0.1296272523
0.0707803018
0.07263565025
0.19495403550000004
0.900749039
0.9440080630000001
0.948097837
0.9292800170000001
0.1352195985
0.06235962055
0.06791219200000001
0.16868383250000002
0.7176319680000001
0.12220679250000001
0.1273652295
0.6250881035000001
0.09349386835
0.093407137
0.11512315625000001
0.1842773165
0.749556608
0.829435494
0.1399295805
0.0846340045
0.06937013090000001
0.08140312699999999
0.1095847925
0.11944470950000002
0.221377965
0.8582130335
0.7962623925000001
0.7661925210000001
0.75604338
0.8349259345000001
0.0981953559
0.0638834518
0.0686635582
0.09015479775000002
0.327663171
0.879334973
0.26027587199999996
0.07033786705
0.05340642075000001
0.0603412715
0.12257109275
0.8931604430000001
0.913845518
0.9089264735
0.187867941
0.06480068270000001
0.054482050350000005
0.0648447851
0.12073200525
0.7891632430000001
0.1223995525
0.0851049305
0.0857903646
0.0678797578
0.074074252
0.1030811055
0.20208009900000004
0.7853448200000002
0.1978731065
0.07704379725
0.06796188830000001
0.13680589250000003
0.9128403880000001
0.9438749375000001
0.9435228125
0.8769932090000001
0.070852953
0.048407209400000005
0.04626238785
0.060962968750000006
0.07736032445
0.097382625
0.776825847
0.8654201875000002
0.805693635
0.8008663250000001
0.8657068910000001
0.8323827355
0.839035327
0.8912331400000001
0.883234471
0.37070835850000006
0.204545511
0.265968963
0.20921478050000003
0.6909271220000001
0.7538259880000001
0.873442471
0.8721192925
0.721398765
0.22481309200000002
0.2705284565
0.17181743850000003
0.1834572175
0.6746243750000002
0.8100897365
0.2731059675
0.15654176000000003
0.11238088750000001
0.1179469215
0.21703050850000002
0.7525335135000001
0.21297174950000003
0.16645974950000003
0.28390412449999997
0.1731320155
0.1744679885
0.24389477700000003
0.1610260055
0.20322893250000001
0.35874293250000006
0.8772127440000002
0.9107628515
0.903641848
0.8432555490000002
0.1991679275
0.14205645400000003
0.143554799
0.1826701315
0.6789166515
0.8465382815
0.8521271250000001
0.674974292
0.22974024250000005
0.19648177980000003
0.2395896073
0.5384154615
0.6268312575
0.708491653
0.847724687
0.8523430950000002
0.8958387775000001
0.897715973
0.8623133780000001
0.8984800825000001
0.9071764560000001
0.9092701705000001
0.9054499520000001
0.8855374875
0.8220574035000001
0.8216646380000001
0.8767366015000001
0.8365560894999999
0.8820911789999999
0.38232787800000007
0.139146016
0.093089415
0.07574506410000001
0.07383756199999998
0.073444854
0.08046100229999999
0.0756155688
0.08070969525
0.0761011255
0.0723442505
0.065268112
0.0629482898
0.08272018245000001
0.7372027520000001
0.23572919800000003
0.858169408
0.928902988
0.9431558930000001
0.9372540030000001
0.8912194375
0.8068470480000001
0.1893175765
0.74311544
0.08498269
0.06737567230000001
0.1060283663
0.1165724605
0.7038484295
0.09180923075000001
0.0628251339
0.0659148531
0.06529879000000001
0.0779544492
0.0907324152
0.16153773275000002
0.624560843
0.585910545
0.58055279
0.5939369495000001
0.5795006400000001
0.5912083145000001
0.633414098
0.6770177495
0.80133751
0.2691060785
0.1525140335
0.14488069599999998
0.620752485
0.10247791175000001
0.06592042125
0.06207826400000001
0.06782884045
0.12055424225
0.8138921520000001
0.8509170540000001
0.883189553
0.9158283315000002
0.2528250205
0.076706164
0.056214406950000004
0.0603071816
0.08489312705
0.6100088665
0.1334176227
0.12967848750000002
0.261355573
0.694878419
0.831761151
0.8353965190000001
0.15773544425000002
0.10881543410000001
0.1108152736
0.1016491237
0.22187223499999997
0.699536425
0.09376449270000002
0.07176582020000001
0.06533463125
0.10677426415
0.08585291825000001
0.086800556
0.12192045575
0.8344441444999999
0.2531799735
0.775958775
0.8845701195000001
0.1278009695
0.0786700099
0.10134498620000001
0.7200118820000001
0.08562529390000001
0.057861332200000004
0.05381345855
0.053106321600000006
0.051778463000000004
0.05363200745
0.05769429695000001
0.12046411200000003
0.1145705821
0.8968709490000001
0.9116355315
0.9169315220000002
0.9189300840000001
0.11365672025
0.0894603805
0.14991388000000003
0.8739339050000001
0.2112979955
0.06336513675000001
0.053325816350000006
0.054550090350000004
0.05607393520000001
0.05591680865000001
0.05860020295000001
0.0683808201
0.1434432766
0.830179943
0.7760441345
0.0904162631
0.05823283190000001
0.0670001377
0.10726384650000001
0.0883908903
0.08817702575
0.14629108400000002
0.15625559600000002
0.757275778
0.7261981399999999
0.157574334
0.110349233
0.1307030455
0.0860823573
0.107876245
0.6891382520000001
0.7035490375
0.8256259450000001
0.264573837
0.16715613550000002
0.220932554
0.8784918730000001
0.9152572205
0.8978083935000001
0.9158550285000001
0.8893509019999999
0.7046448805
0.13843999
0.1742765355
0.29194840650000004
0.7808067420000001
0.866994436
0.916984728
0.924506208
0.923625197
0.9168533950000002
0.8893025860000001
0.740827935
0.276852851
0.41063307250000003
0.8471273345
0.8563738955
0.8966145980000001
0.8734047749999999
0.9057357385
0.8918081370000001
0.6516077349999999
0.48386270600000003
0.8871580099999999
0.9143330750000002
0.8885098709999999
0.74508498
0.1519338025
0.14712761249999998
0.2236259495
0.16850341800000002
0.2242088125
0.79392515
0.6891311800000001
0.28149201500000004
0.2135327725
0.1322214327
0.11937455450000002
0.13403549450000002
0.6210972159999999
0.6133933865000001
0.6619904825
0.6738232875
0.12151150100000001
0.08332029219999999
0.0689475515
0.07578128294999999
0.1193156544
0.7617585335000001
0.25796718050000006
0.09543360290000001
0.0578622849
0.05646401795000001
0.08103948520000001
0.0652538825
0.11902718250000002
0.9112071985
0.9139358085000001
0.9022986439999999
0.8745101449999999
0.0753794019
0.05084491025
0.05378963170000001
0.06188118435000001
0.06264241265
0.06699448300000001
0.06946394249999999
0.07603174950000002
0.11732989650000002
0.6853778564999999
0.11765528175000002
0.08252592190000002
0.11607909875
0.7211597400000002
0.735601469
0.7833378485
0.8800471769999999
0.481157212
0.28391172000000003
0.1268929515
0.08993745250000001
0.08861055570000001
0.132564405
0.31760739050000003
0.68487306
0.6341959850000001
0.226370798
0.2107538465
0.5843768005
0.6142688485000001
0.6350536820000001
0.6912846920000001
0.797210925
0.702679822
0.703453854
0.7526687200000001
0.322623457
0.3123544495000001
0.7185564915000001
0.8154071310000001
0.8601178925
0.911780087
0.9227569450000002
0.8925661365
