0.799190746
0.7834329215000001
0.7552720465
0.7349143355
0.756790336
0.8046623694999999
0.8528439890000001
0.83398823
0.791003713
0.7738418265
0.8189809100000001
0.8780689355000001
0.8744687470000001
0.7567583804999999
0.34346102500000003
0.17197608550000001
0.165268851
0.129468759
0.129850457
0.17558357800000002
0.593871932
0.5640448415
0.2252327755
0.19319401200000003
0.28582084650000006
0.298065796
0.2401530605
0.6662082225
0.700420708
0.8413324135000002
0.8353236425
0.6108258815000001
0.17192626799999997
0.157511654
0.19859663300000005
0.8381141200000001
0.8639271420000001
0.7293655765000001
0.80779458
0.15321274399999998
0.11560249120000002
0.1701518825
0.10792237855
0.10874896100000002
0.154610424
0.8069352135
0.21338336500000002
0.108903716
0.09213184
0.11114352305
0.678314105
0.20413462350000003
0.0911794879
0.08205663330000001
0.1087055338
0.7772652939999999
0.8792359520000002
0.7461139299999999
0.24252269350000003
0.7279338735
0.6974255580000001
0.09280692970000001
0.0661500397
0.07154501860000001
0.12373437999999999
0.8886389615000001
0.9257096149999999
0.9085170330000001
0.9190666955
0.8455087875
0.6998779835
0.11949721199999999
0.14032888100000004
0.748794527
0.144359748
0.14634301650000003
0.664998438
0.6519508130000001
0.30885276950000007
0.7971164395000001
0.6877742865000002
0.6651123150000001
0.63746446
0.6528272220000001
0.6904557925
0.12229704095
0.0709464902
0.06436406809999999
0.07872302754999999
0.1164398121
0.886239535
0.8825313170000001
0.8879838880000002
0.92027595
0.9253522270000002
0.9212990840000002
0.900987058
0.895306239
0.9115617225
0.9005242900000001
0.90239658
0.9137412220000001
0.89571819
0.13750842500000002
0.1369682315
0.0818318938
0.09793704574999999
0.22053720699999999
0.7416075775000001
0.729549675
0.721276826
0.7016292009999999
0.14511454490000003
0.10940508355
0.12329419050000001
0.29198429150000005
0.88709869
0.907768553
0.8762027015
0.1559884235
0.11725098195000001
0.15599575025
0.37542997300000003
0.872813756
0.865782293
0.40327639449999997
0.8152811045000001
0.14234323000000002
0.09855924225000001
0.12223443670000003
0.10570310270000002
0.122328751
0.666435988
0.6532123089999998
0.6431115685000002
0.1519734247
0.12481896765
0.1615851432
0.713086453
0.8161842245
0.18877102950000002
0.1880965699
0.1611531135
0.1296972005
0.19278793100000002
0.1009629865
0.08422327165000001
0.0841903877
0.09338787850000002
0.10733050720000001
0.1776668925
0.63644597
0.3752138845000001
0.27316014250000004
0.26060286850000003
0.3004713285
0.139637948
0.125099178
0.0955842825
0.0987259925
0.08685023255
0.06937197400000002
0.070134924
0.09312113205000001
0.24805884900000005
0.855330554
0.1426590412
0.12305022450000001
0.118753004
0.7116206275
0.1073261361
0.1085513215
0.08531333750000002
0.09397388800000002
0.0669451797
0.09532470305
0.8466727635000001
0.8761584800000002
0.854149021
0.11000594200000001
0.09256950900000001
0.17205202149999999
0.852036663
0.272680274
0.12474692325000002
0.12472147100000001
0.7841751679999999
0.8058100095
0.8144913100000001
0.0902326855
0.060970198400000016
0.056424689800000004
0.06064092250000001
0.059667448
0.061493198400000004
0.07941375399999999
0.18733413
0.7705220590000001
0.7550374519999999
0.7318239515000001
0.10011100555
0.06411966235
0.05766509840000001
0.066627803
0.109172354
0.825714867
0.8870068180000001
0.1098807465
0.06427565625000001
0.050775776349999996
0.055700830850000015
0.10199293329999999
0.891923278
0.9386827100000001
0.9328899915000001
0.9300635575
0.18227987249999997
0.059433898400000004
0.059361481
0.085828647
0.12684338430000003
0.8544769225
0.7069984075
0.1243101687
0.1302246488
0.5632538410000001
0.12400968775
0.11621922695
0.17366715500000002
0.863482401
0.9112167025000002
0.9165180610000001
0.89122857
0.772532707
0.7124057100000001
0.6876987050000001
0.7328858389999999
0.7828217749999999
0.8295465465
0.87663346
0.8683593650000001
0.793833541
0.7753329130000001
0.8675129365
0.8587998800000001
0.2294602565
0.1668673373
0.10857027200000002
0.08714779624999999
0.08564889799999999
0.11312516975000002
0.6690418485000001
0.10730649275000001
0.07462266150000002
0.07423178180000001
0.11453685470000001
0.7897317980000002
0.7911717005000001
0.7671386625
0.11296652500000001
0.0769298656
0.07746555160000002
0.1452536505
0.7937355265000001
0.1351609975
0.0934684557
0.12681624200000002
0.6847627595
0.1296287157
0.0819480612
0.06924253565
0.06983341805000001
0.07914606064999999
0.114835088
0.7054275030000001
0.09938311200000001
0.0704565937
0.07457230975
0.09144732875000001
0.13190089730000001
0.07566739805
0.09589941815
0.061534942100000004
0.06595738949999999
0.08666311545000001
0.854353818
0.8889755175000001
0.928552055
0.917927895
0.906763555
0.901794685
0.854902798
0.3133307525
0.8758156410000002
0.16094310560000002
0.0590487402
0.0529467119
0.05510111820000001
0.06051625095000001
0.06354579430000001
0.06519701705
0.07386634915
0.13207678
0.7317816575
0.11523371340000002
0.08478612430000002
0.12608476899999999
0.7070541515
0.11672960299999999
0.09205566500000001
0.13665299449999999
0.08578325000000002
0.071240144
0.0650373824
0.0723299966
0.1027787896
0.0791851495
0.1455313815
0.15271154539999998
0.1305912251
0.7898870775000001
0.7672397430000001
0.08538544990000001
0.05278309465
0.04896670585000001
0.05468403780000001
0.07612843850000002
0.0667998456
0.08508866455000001
0.8624291420000001
0.90741919
0.9305285325000001
0.9353133780000001
0.924734403
0.100646497
0.09555974695000001
0.0654448537
0.061606030199999995
0.1131844612
0.8210841800000002
0.1385058519
0.129239306
0.7497352185
0.74082848
0.10130054180000002
0.08483535440000001
0.09953239015000001
0.166386222
0.855185755
0.14872432000000002
0.06786131605
0.0634753998
0.07342352875
0.08373334835
0.08282732235
0.127701633
0.14885602200000003
0.848324362
0.7741708145
0.8994509980000002
0.8974528190000002
0.24643808
0.08786929080000001
0.07798366345
0.164960919
0.2025445635
0.908983839
0.925660878
0.823026507
0.08153270615
0.0678709081
0.0641715234
0.06881084820000001
0.1203561607
0.7608541849999999
0.7371016325
0.23565604650000002
0.1507685087
0.18192189749999998
0.15102404
0.2061166805
0.344176501
0.41625518350000007
0.5347959435
