0.713013858
0.262367452
0.20591253650000002
0.27175160750000005
0.1894477805
0.20650697350000002
0.6434736985
0.686992268
0.8043924205
0.4973349405000001
0.322944398
0.4035977495
0.396300731
0.7030832275000001
0.7903252709999999
0.653341531
0.5882500920000001
0.5733796365
0.6518682450000001
0.8336303759999999
0.8897573620000001
0.892027543
0.8532998449999999
0.876729532
0.843706728
0.6578300960000001
0.21341054050000002
0.219091511
0.2085853805
0.5555997370000001
0.7080151210000001
0.283450914
0.37043731900000004
0.3049677705
0.2759696365
0.7301079625
0.2150101705
0.17147070949999998
0.1959603925
0.7242679670000002
0.5601384620000001
0.19186010599999997
0.20484421250000004
0.7898148115
0.6720650350000001
0.194988426
0.157912694
0.6483974750000001
0.08644536350000001
0.06079038365
0.0667455605
0.11242134510000001
0.124859948
0.0862716578
0.07862445485000001
0.0764270948
0.09069911220000001
0.8663308869999999
0.90508256
0.934722868
0.9271290895
0.9287729945000002
0.8646749850000001
0.8217233580000001
0.08598523000000001
0.10606099
0.1145948245
0.11330888
0.08854347270000001
0.0838565716
0.0750369502
0.05932822310000001
0.06353952735
0.09550556060000001
0.25793159800000004
0.8580893549999999
0.8582396345000001
0.7310820165
0.708312615
0.6891057165
0.1499238195
0.15059365275000003
0.0822414982
0.0794410911
0.133783655
0.1452137595
0.1350989805
0.1760491185
0.18973420900000004
0.796378775
0.7845135670000001
0.7426661305
0.11915874100000001
0.10954961165
0.07557421974999999
0.09329300895
0.8301567095000001
0.8981018150000002
0.913757802
0.8945396290000001
0.8920417854999999
0.910782292
0.91013643
0.8826547345
0.8613425915
0.862817175
0.0910871836
0.0650039829
0.0766585475
0.1071846832
0.7195629454999999
0.236748077
0.1257700048
0.08691850875000001
0.09876622
0.10477727335
0.094619329
0.1266707915
0.14707263550000002
0.155540489
0.672749295
0.717435897
0.842555982
0.8590439955000001
0.825004174
0.63019548
0.24461370450000003
0.198694209
0.22974089300000003
0.7609497790000002
0.7478530185
0.8799524009999999
0.9010678725
0.882647717
0.7243557220000001
0.15985504250000004
0.112570084
0.157257343
0.10096145100000001
0.11448495460000001
0.7787600635
0.878605965
0.7911909140000001
0.20733203849999998
0.107405859
0.11881894800000001
0.7464707799999999
0.774786255
0.366427167
0.7771198060000001
0.15700923975
0.0809190665
0.0606630723
0.07416460495
0.34788840750000005
0.9177423250000001
0.9320849755
0.9314239420000001
0.8818478555
0.09260967070000001
0.052921680750000005
0.05264791445000001
0.07897935974999999
0.10696327200000001
0.777515467
0.40690231200000004
0.9135508825
0.934740581
0.9186905140000001
0.8117338600000001
0.07669349325
0.057301425200000006
0.0559069764
0.058999043800000005
0.06651189499999999
0.088311728
0.1248954805
0.34996420050000004
0.888825409
0.8904709185000002
0.8048201400000001
0.771739165
0.7736634975
0.8396589584999999
0.7463634135
0.680180904
0.1473568485
0.14839839250000003
0.23852480250000005
0.149325114
0.14046698100000002
0.5758292935
0.15053805650000002
0.177521215
0.2512323795
0.8229270725000002
0.8054919050000001
0.2146473195
0.17992303700000004
0.2217676965
0.22933874050000003
0.7565522335000001
0.6137692055
0.230072177
0.322036722
0.205694235
0.30550659100000005
0.2462596405
0.22617001350000002
0.3611218145
0.7935022665
0.6437106800000001
0.17501950100000002
0.13846599050000002
0.16353122650000002
0.151049062
0.175878577
0.666488956
0.7883640934999999
0.7224454945
0.7057452790000001
0.704793956
0.80386964
0.6752191205
0.12270382100000003
0.09325646425
0.09590116689999999
0.140845202
0.253656557
0.8871000445000001
0.9077719230000001
0.867311904
0.830730975
0.832794075
0.8926254790000001
0.8417979995
0.3526701195
0.2180878495
0.09313988750000002
0.0753714171
0.09093041299999999
0.07663645050000001
0.0752985627
0.09128510000000001
0.1726993385
0.13296580350000003
0.7512618615
0.7496494340000001
0.776031745
0.8409387700000002
0.265048184
0.296738597
0.6607225
0.35477944499999997
0.7657093095
0.31861490600000003
0.3657182495000001
0.8618342210000001
0.9089134460000001
0.9097863175000002
0.881532645
0.900813467
0.8942491400000001
0.9074822595000002
0.9096530625000001
0.9040140615
0.8828216065000001
0.9019868015000001
0.8990818975
0.9095806850000001
0.91080466
0.9041098780000001
0.877497814
0.864365585
0.8660339120000001
0.899269635
0.909727245
0.9098851230000001
0.896239085
0.9079301500000001
0.9066473675000001
0.8922738920000001
0.900048655
0.885724453
0.889633458
0.9124279645000002
0.9122751179999999
0.8787275765
