0.8500069465
0.880497555
0.9064724000000001
0.8986460335000002
0.8090087215000001
0.37557846699999997
0.34557683499999997
0.5749605
0.3861561185
0.28481296450000004
0.4142095115
0.83199299
0.8177572545
0.8341885504999998
0.8967434460000001
0.9106327735
0.9041676030000001
0.8674456160000001
0.901454229
0.9127777080000001
0.9177448935000001
0.9171720855000001
0.9007305750000001
0.7989016335000001
0.3396934205
0.13322982260000002
0.11885533295000002
0.17049017385000004
0.11056444395000001
0.11185863705000001
0.16779910350000002
0.7459571795000002
0.897268209
0.907945582
0.875972771
0.1045481675
0.0696081353
0.07654416065000001
0.0917524962
0.630672071
0.1002449192
0.08260736039999998
0.12169038549999998
0.8096229150000002
0.1952624145
0.282839109
0.7095421810000001
0.220851029
0.6776968430000001
0.1242222093
0.1241484635
0.68033874
0.1136082645
0.13089841540000002
0.12073936635000002
0.10992863945
0.72251889
0.11349647900000001
0.1195424084
0.1214804783
0.8696704920000001
0.9132913745000002
0.917805118
0.916569668
0.88484562
0.07289062415000001
0.0490682584
0.045261820275
0.048592561075000006
0.053581650625000005
0.053988721350000005
0.052384970600000004
0.0564927184
0.09141483469999999
0.8410934320000001
0.2757989645
0.8580225385000002
0.9253766130000001
0.916134055
0.11856675200000001
0.06144903345
0.059406513050000005
0.08735833095000001
0.14209771920000003
0.68205495
0.1358544389
0.15214421715000004
0.10347296215000001
0.12454215095000001
0.7314893530000001
0.8464261829999999
0.8636664235
0.7344378975000001
0.10672889740000001
0.08065090899999999
0.08064684815
0.10322400925
0.0964294552
0.09754298234999999
0.12688171880000002
0.160182648
0.1366333865
0.1534799315
0.5457279805
0.22046329650000002
0.2864472455
0.219496108
0.300322746
0.273402658
0.30804714200000005
0.6887012985000001
0.844865918
0.8574469795
0.75700501
0.8316615500000002
0.800822037
0.17988194249999997
0.13208248700000003
0.15085862400000002
0.592641921
0.24928564849999998
0.28309662500000005
0.16183935800000002
0.1979809915
0.09963911950000001
0.092920308
0.159193569
0.10154137940000002
0.10996393130000001
0.22406224600000002
0.7164596325000001
0.7412728075
0.8777468875000001
0.8807007729999999
0.7320834310000001
0.693133711
0.7012116335
0.20107415950000002
0.112468817
0.08131047049999998
0.12033107829999999
0.10229599349999999
0.06042835010000001
0.05968942669999999
0.09356605000000001
0.8429193150000001
0.9293565220000001
0.9453883820000001
0.9423967245
0.9165401700000001
0.106386654
0.05700300515000001
0.05737940935
0.08269583465000001
0.841163395
0.9037344684999999
0.8712104359999999
0.8435007280000001
0.8571810264999999
0.9150356405000002
0.918421302
0.8927351480000001
0.9145460870000002
0.8657970765
0.791506945
0.08247664480000001
0.06451489125
0.09003960150000001
0.23106697120000003
0.89905926
0.921664598
0.883908663
0.8879895390000001
0.9301825295
0.931088802
0.91377966
0.338195257
0.0859787196
0.0781857328
0.1042654135
0.1198131112
0.12668812250000003
0.20696299070000002
0.214147143
0.62190551
0.587230939
0.6041065389999999
0.6177713730000001
0.68509843
0.8330787415
0.8269909510000001
0.293724055
0.277283186
0.7318180580000001
0.8516772375
0.774888043
0.7156424255
0.6857985475
0.652626366
0.11038217180000001
0.0729852092
0.06948072549999999
0.0815632703
0.16174913800000001
0.8962568880000001
0.912638063
0.283135762
0.07496667650000001
0.05613843489999999
0.0633194294
0.1005131461
0.7289011055
0.08493645945
0.05463148575
0.05048701665
0.051859023750000004
0.05807763005
0.0966794933
0.4720009245000001
0.9291664015000001
0.9235686095
0.899726884
0.12233078070000002
0.1045200303
0.05430267025
0.05795103
0.051248858
0.05953454660000001
0.1062040587
0.87506043
0.9016594165
0.11755433599999998
0.05631856005
0.050437901650000005
0.06141197615
0.14490804775
0.9161675055
0.9433956159999999
0.9451656925
0.9194870259999999
0.08359604805
0.052628855450000005
0.04909714045
0.06268356505
0.0694938778
0.0755149942
0.0870680178
0.08271203950000001
0.08912782310000002
0.1622939455
0.2291606105
0.288984992
0.4340853875
0.6746978680000001
0.196739268
0.16326367470000003
0.177673411
0.6684159805000001
0.7590576485000001
0.868577767
0.8811898180000001
0.8348421445
0.848274575
0.8930571865000001
0.9028455675
0.889711573
0.849715188
0.8868619400000001
0.872253572
0.7891924525000001
0.7608987180000001
0.8120658815000001
0.8969227160000002
0.8977726380000001
0.6505584155
0.39390622099999995
0.2512008645
0.18349699399999997
0.2031271415
0.1792541185
0.586624706
0.591795488
0.5977131575
0.213311484
0.183600217
0.22994329800000002
0.751676142
0.6052426165
0.2302721885
0.233697756
0.4007227275000001
0.8200081850000001
0.6252095725000001
0.5077766930000001
