0.6984472570000001
0.2879842505
0.23467048900000004
0.3148437065
0.7251253445000001
0.221527472
0.1961340775
0.16643525849999996
0.24563789649999995
0.251873186
0.6783527220000001
0.8265509380000002
0.7141834250000001
0.6804593990000001
0.1408101345
0.1271868212
0.1086780525
0.16828675250000003
0.1025338465
0.11362220350000002
0.1302886218
0.17715939200000003
0.7186525785000001
0.19254049150000002
0.15717834000000003
0.18136037000000002
0.1808233735
0.159420096
0.22719671150000004
0.14510418270000003
0.15830788899999998
0.6131585670000002
0.5959796225
0.220775264
0.26271365500000005
0.169836156
0.18816135300000003
0.730617017
0.8720895665
0.8956605400000001
0.874311972
0.7184258900000001
0.6180210920000001
0.5868504555
0.5173674755000001
0.5593329675000001
0.5511493055000001
0.5185851770000001
0.5511849440000001
0.562156859
0.5501717370000001
0.2302188665
0.14956793450000003
0.13466017549999998
0.16137941649999998
0.5221692005
0.233986991
0.55825528
0.24528642350000002
0.565143572
0.5477735705000001
0.18448055500000002
0.17516082000000002
0.26891685150000005
0.31127815600000003
0.284000291
0.7993767165
0.723757745
0.8117562010000001
0.6589151905000001
0.1140182435
0.0817382298
0.0894066507
0.15402556
0.7296213065000001
0.7460408000000002
0.763761294
0.172225256
0.127164495
0.06973474015
0.0624188129
0.05498192425
0.057951393450000006
0.08280231125000001
0.6853073270000001
0.09652732215000001
0.08389715815000001
0.277757064
0.897724238
0.9397711
0.9449082580000001
0.9285909185000001
0.904662422
0.865089675
0.08011114565
0.045900749399999996
0.0425199103
0.0463291809
0.0538631773
0.0726597774
0.10270266515
0.07523201835
0.0928687315
0.10907681389999999
0.7019977385
0.7004711
0.6824925449999999
0.7064936405
0.7250738900000001
0.303482587
0.12112055225000001
0.09191347750000001
0.0894759285
0.105864175
0.1978621605
0.165095361
0.145857075
0.640267709
0.0988712494
0.06741486135000001
0.0704828048
0.13089147725
0.751603656
0.336089174
0.89111167
0.9146945235000001
0.8521783400000001
0.7759863260000002
0.189515315
0.6853111025
0.0853571915
0.0575864262
0.057097742300000004
0.0669335655
0.09111431210000001
0.16469823050000001
0.13251527149999998
0.10185906750000001
0.1104159475
0.11739858859999999
0.168078869
0.7793341100000001
0.6963311615
0.7995745515000001
0.713502721
0.690580791
0.6820842045000001
0.6679344325000001
0.666286719
0.647365217
0.6499066559999999
0.135582231
0.110862141
0.099674919
0.09642646825000001
0.1021599174
0.127446735
0.1151429045
0.19576505100000002
0.09405661330000001
0.088499216
0.1588718595
0.12895485150000002
0.1286659745
0.15592475550000004
0.8396391495000001
0.13441266489999998
0.0701326035
0.06731285649999999
0.06829750865
0.06618390825
0.10312455200000001
0.851417496
0.9174483655
0.926961528
0.9030020845000001
0.9105318150000001
0.8357966835000001
0.683653098
0.1788568565
0.5962158664999999
0.14381090800000002
0.181468318
0.8496589845
0.8530562975000001
0.8566975119999999
0.8678541404999999
0.8586772990000002
0.1716260985
0.1824393965
0.7755653545000001
0.368803969
0.8831107885000001
0.9184378820000001
0.9224122450000001
0.909143586
0.9159945500000001
0.8790057055
0.8129777575000001
0.09626886825000001
0.0879517715
0.1462638025
0.157480745
0.11357264200000002
0.20062776249999997
0.6692970025
0.6276887240000001
0.121962123
0.139265994
0.21386661150000003
0.195846439
0.21687117900000003
0.7976422600000002
0.700646079
0.758876026
0.8790502620000001
0.8764163360000001
0.7734018800000001
0.735017287
0.7176967150000001
0.685111232
0.6791888770000001
0.1610197655
0.17569012
0.1487281535
0.22875220750000003
0.1087060005
0.096026544
0.10449189849999999
0.17047807800000003
0.21686958950000002
0.2456033285
0.2368533145
0.6777674800000002
0.367576136
0.76237648
0.201897014
0.14540472100000001
0.1415361145
0.16994266700000002
0.4350466275
0.8010420500000001
0.6913779050000001
0.6692928324999999
0.19984297150000002
0.17165885150000004
0.21304913900000003
0.2092018955
0.6428817165
0.6528067755000001
0.18977438
0.15457749
0.17160433049999999
0.1382752525
0.15188587650000002
0.274998159
0.20697640050000002
0.1439666463
0.137952191
0.1556689285
0.21562965099999998
0.759853997
0.6778966089999999
0.671167471
0.711403219
0.80647972
0.8652254075000001
0.8800411565
0.8675479335
0.853590442
0.8133164025
0.7943711689999998
0.8113455180000001
0.8394601725
0.8690497885
0.8771822715000002
0.8533093415
0.800252593
0.6902653065
0.2615283705
0.2561655995
0.244078494
0.6102576550000001
0.722315014
0.8059807405000001
0.8573963125
0.83010006
0.8287519725
0.7283386345000001
0.649265042
0.270280623
0.354281927
0.3452232925
0.752289792
0.655506718
0.5808794855
0.566610839
0.53596039
0.5006046835000001
0.22376762749999998
0.219840217
0.3264216305
0.601531242
0.5940871280000001
0.2422711965
0.27539605300000003
0.810899228
0.750430485
0.7386372790000001
0.7297322995
0.09576120060000001
0.06897760829999999
0.081587567
0.0838963732
0.07471361645000002
0.058682088650000006
0.056950368800000005
0.0790988165
0.0651164515
0.11996167565000002
0.9064004925000001
0.9323298825
0.9385688585
0.9354125260000001
0.9256748955
0.900862079
0.8824374710000001
0.873963104
0.8640894245
0.851547379
0.8332558755000001
0.07085192535
0.047809865150000005
0.04985905830000001
0.0535332816
0.06617319345
0.1270716515
0.17326698499999998
0.1552337235
0.09160199125
0.09980616470000002
0.0997009135
0.13574298
0.740479055
0.8077242485000001
0.38109173550000003
0.25483340849999997
0.30388594799999996
0.791952337
0.7981160715000001
0.867084268
0.8810736280000001
0.864800985
0.8180948575
0.859351685
0.867780955
0.8336046690000001
0.703676692
0.6489294175
0.665670434
0.7607614845000001
0.41823277
0.2874516185
0.2186218775
0.142420826
0.12235804680000001
0.15028236250000002
0.151441139
0.1918662225
0.7312275675000001
0.6033107935
0.6030467885
0.17211796099999999
0.16886534350000001
0.12764896180000002
0.1426323975
0.10527009850000002
0.09594358650000001
0.10763525650000001
0.138158184
0.1418630325
0.1126581965
0.1395916485
0.6804825170000001
0.14111846100000003
0.14910430350000003
0.07340474300000001
0.061383733600000004
0.0629183985
0.07771939845
0.16696080250000003
0.17924378300000002
0.7945445475000001
0.7700181235000001
0.781949695
0.882390998
0.8025657395000001
0.21458631700000003
0.17073123200000004
0.7529427325000001
0.8016595430000001
0.8330976740000001
0.895257095
0.8927920095
0.9008262200000001
0.8675029560000002
0.836999732
0.7641496460000001
0.17328142600000002
0.2649948675
0.8277356380000002
0.91853929
0.9321727770000001
0.9210774479999999
0.8304487700000001
0.0865960567
0.06669074725
0.0530286315
0.05541314340000001
0.0693847035
0.103767209
0.13839019975
0.17009689050000001
0.7867055415
0.15408645720000003
0.132615948
0.17503498099999998
0.12502712800000002
0.140787496
0.5253377885
0.17737883399999999
0.15271326650000003
0.174752492
0.6425273565
0.725546373
0.868658471
0.892898768
0.8788473125
0.748649285
0.16010568
0.1231105635
0.13088884050000002
0.10413467800000001
0.09920234150000001
0.1113151378
0.15641788050000002
0.209834451
0.112253288
0.0979415295
0.11620731999999999
0.6733552935
0.699150006
0.7009610650000001
0.6936177130000001
0.662893347
0.66650044
0.6494252500000001
0.1052121626
0.078638146
0.09126116415
0.1590977345
0.342560491
0.861836677
0.8439037819999999
0.16793238950000003
0.129474494
0.14145469
0.15736208750000003
0.263261214
0.252222331
0.13123143950000002
0.1012016835
0.10297655680000001
0.167356884
0.845447506
0.8602413135
0.6958170574999999
0.6425553899999998
0.6161887560000001
0.207198134
0.133088919
0.15888741700000003
0.8067668524999999
0.71535227
0.6622296609999999
0.13085148500000002
0.158776957
0.721069716
0.12269176670000001
0.08599883650000001
0.07200521800000001
0.060497843499999995
0.06762030370000001
0.056456884400000004
0.0701341335
0.1027310277
0.894888471
0.9219324580000001
0.9192379550000002
0.8798482680000002
0.087033759
0.06621774005
0.09030946140000001
0.7261377949999999
0.11133969080000002
0.078059443
0.1253647629
0.17149091800000002
0.22945656
0.800546803
0.1618976045
0.0751875173
0.0654237863
0.08198054149999999
0.1856604765
0.8235662950000001
0.7274679009999999
0.6812959500000001
0.67253483
0.6924213050000001
0.748456668
0.843661438
0.7714345749999999
0.73218033
0.1187241225
0.1229500302
0.0792996878
0.0592516416
0.06474781915
0.10564755170000001
0.145535084
0.889482925
0.8580921250000001
0.12944166350000003
0.09429405675
0.05384639225000001
0.05068096500000001
0.06549561350000001
0.10734103800000001
0.8989226939999999
0.921964978
0.9000796485
0.08902816350000001
0.06215816700000001
0.047716321549999996
0.05071566265000001
0.059925567000000006
0.08388140025
0.6905247945
0.12063671040000001
0.1317537075
0.828326329
0.872851879
0.8853344885000001
0.867044005
0.792267994
0.1291281665
0.1280973675
0.6138976400000001
0.18321690150000003
0.34150197849999997
0.83791944
0.12254510250000002
0.08081994985
0.09909294199999999
0.8191671345
0.896235856
0.9246089630000001
0.8920500070000001
0.7993744090000001
0.0888255128
0.07349054595
0.10896545319999999
0.7954559465000001
0.20552945600000003
0.1517960705
0.75028175
0.7945239125
0.9167161415000001
0.9299593195000001
0.90709059
0.1073321247
0.07944022850000002
0.056738506400000006
0.053185522400000004
0.06596209400000001
0.10646126125
0.1353845095
0.760300985
0.86337197
0.8750625260000001
0.2103819185
0.11376714495
0.1415929071
0.07744858299999999
0.09604971649999999
0.058784767550000006
0.05989248155
0.100577793
0.858179343
0.8761029130000001
0.8879677795
0.8987855950000001
0.9305808170000001
0.927121811
0.9339924925
0.9231027425
0.232924618
0.059535081000000004
0.050900780300000004
0.0613263833
0.06408600880000001
0.08869815014999999
0.08365530860000002
0.12203495700000001
0.687356833
0.1333259245
0.104694666
0.10190726425000002
0.11283894170000001
0.1697554635
0.18973528250000002
0.16560103
0.1683322125
0.19451068700000002
0.18453018
0.20703183800000002
0.74493675
0.237005259
0.1864748645
0.19323961100000003
0.6540353729999999
0.7351858175
0.842456627
0.824766442
0.8523434275
0.814843532
0.8317327500000001
0.789127868
0.8451035370000001
0.8276005380000001
0.32412141350000007
0.292377884
0.33022136300000005
0.26013132950000006
0.4494507505
0.7911509114999999
0.88438576
0.8906287535
0.8580536255000001
0.8308593980000002
0.83078369
0.848607585
0.8685689600000001
0.83476218
0.7753108635
0.7354354454999998
0.41333377500000007
0.20935312849999999
0.20522946290000002
0.33188130050000003
0.666619838
0.7849276100000001
0.660852768
0.14542040855000002
0.11656851100000001
0.1381482095
0.2773306835
0.7905651380000001
0.6050479365
0.20089131679999997
0.2723385375000001
0.8048672495000001
0.279207542
0.1955308295
0.6968685600000001
0.715193958
0.11228059115000001
0.10723734300000001
0.06418108565
0.06353277785
0.08104385835
0.1100452905
0.07716757835
0.06242391495000001
0.0649326205
0.09184571680000002
0.1754213805
0.8477084955
0.164003048
0.156954391
0.856781276
0.9093794880000001
0.881632411
0.8315411850000001
0.8382407325000001
0.763044495
0.16001123
0.181501537
0.8698190695
0.917109025
0.9205310900000001
0.895469112
0.8955189280000001
0.9214729825000001
0.9218223200000001
0.8925587955
0.276913155
0.15686718850000003
0.06174759455
0.05040761590000001
0.056645068900000005
0.07666876400000001
0.11448713749999999
0.07223651310000001
0.07960283325
0.191128844
0.831052161
0.2964185755
0.7404665175
0.706782617
0.23666616299999998
0.39865515300000004
0.7041567575000001
0.12246602015000002
0.09344614925000001
0.10663124535
0.08236154345000002
0.0957134141
0.1310972317
0.76223613
0.8507621280000001
0.7568476000000001
0.20266059100000003
0.11137987860000001
0.09440364700000001
0.1275199641
0.14682535
0.13296004109999998
0.21249732360000004
0.37000318915
0.111872674
0.0852552776
0.086732723
0.0818576523
0.07369500465
0.08919585800000002
0.11405602020000001
0.19387158450000003
0.8467428980000001
0.8344775515
0.17233292
0.135276049
0.23034427200000002
0.12070529265000002
0.13373890300000002
0.730253303
0.7430382170000001
0.7516801675
0.725303664
0.1266782074
0.09579296579999999
0.114124551
0.1297831962
0.276347107
0.850700729
0.8118808775000002
0.8645638045
0.76329047
0.7050389910000001
0.167516126
0.1420600062
0.2119494235
0.168485666
0.26088372
0.22009617749999996
0.726644895
0.856793259
0.8424669100000001
0.22645661199999997
0.19691982749999998
0.1243820205
0.104769138
0.11582951
0.22912953800000002
0.19327937350000002
0.36574532300000007
0.696819593
0.7494695550000001
0.8337199495000001
0.7455229815
0.725206967
0.6985347590000001
0.1397559735
0.10102189375
0.09506438125000001
0.12070670250000001
0.7327315775
0.7281406695
0.7114924935000001
0.6795088595000001
0.11596516230000001
0.0834875065
0.09700205500000002
0.13497385150000002
0.7400004455
0.893593711
0.9200214625
0.9229535430000001
0.9159581680000001
0.8887974005000001
0.7554881395
0.681169584
0.1398894415
0.08858130650000001
0.08544454450000001
0.13258435699999999
0.10243666400000002
0.1572649675
0.8573487570000001
0.8986314129999999
0.8533012525
0.783223149
0.807989147
0.8524554575000001
0.8927421375000001
0.866429844
0.8330484325
0.8215161430000001
0.8552367510000001
0.891608264
0.8006119955000001
0.1043938983
0.0819985049
0.10190394020000001
0.104120879
0.132559469
0.3583765205000001
0.8929355830000001
0.9203813335000001
0.919872168
0.8950492865
0.7990022675000001
0.7751492000000001
0.8285789499999999
0.8951525065
0.8898443300000001
0.6984213185000001
0.33677728300000004
0.41835355350000003
0.8400800910000001
0.862754482
0.8608021124999999
0.904335454
0.8738690179999999
