0.8071249540000001
0.8088929515000001
0.81987353
0.8439351650000001
0.870475752
0.8931181810000001
0.8910374160000001
0.8455477960000002
0.7266690895
0.25836187
0.2414075405
0.39933107450000005
0.6525550675
0.6511446825000001
0.6175951535000002
0.6069885475000001
0.25710586300000005
0.1987558945
0.2243507605
0.7156537319999999
0.8593141765
0.8829805520000001
0.8663975530000001
0.7649404075
0.6718483035000001
0.2508801685
0.23030994150000003
0.307324609
0.241497635
0.337481034
0.7402615675000002
0.6230851390000001
0.149042698
0.1123787995
0.121873382
0.1645302313
0.3588619900000001
0.8007804350000001
0.344903632
0.41752737
0.314585028
0.778030346
0.6358249495
0.544046641
0.16806750200000004
0.17908018200000003
0.19002548500000002
0.717263938
0.6124217705
0.601153322
0.585298721
0.569377786
0.19646048550000003
0.190038165
0.31689051949999997
0.3637449755
0.34213413400000003
0.15426004850000002
0.115406611
0.1004199025
0.1027833942
0.137061563
0.29272919399999997
0.631714707
0.2188699775
0.2715586735
0.18537986000000004
0.12047474450000002
0.11122186299999999
0.13992157400000002
0.6154651790000001
0.6021365485
0.583998012
0.614846786
0.613425518
0.721852456
0.1895808125
0.1511347395
0.17745605350000002
0.6926545665
0.8258220330000002
0.7084307049999999
0.683514136
0.1258041225
0.0829123843
0.081162195
0.1013255915
0.119992238
0.1722108555
0.185286176
0.66303404
0.6811567900000001
0.7703462889999999
0.6306609815
0.171077992
0.1426001138
0.1713057125
0.19845006800000003
0.24634983700000002
0.16895776
0.191425214
0.6969048570000002
0.26286657
0.1880191105
0.20218777300000002
0.7150260820000001
0.2611746805
0.195225538
0.27811359850000006
0.18468094450000003
0.269449411
0.1327411578
0.10799117999999999
0.0951587045
0.0959386905
0.10870742650000001
0.1402416988
0.246901004
0.7882931925000001
0.6719935150000002
0.62663098
0.5759999625
0.2182499645
0.24896250150000002
0.5707368805
0.28193896100000004
0.1732792535
0.17096138900000002
0.5775036629999999
0.611546581
0.62715557
0.6109880245
0.163449662
0.1169170607
0.07748137675
0.06853618260000001
0.08966822265
0.7846519965000001
0.8632589430000001
0.8280650895
0.910446589
0.9271750595000001
0.9317519950000002
0.9306358845
0.9189447925
0.881803503
0.097299175
0.076536908
0.10331925400000001
0.21248807500000003
0.3493950965
0.814015852
0.6949016630000001
0.6746259650000002
0.769794377
0.14370884250000004
0.10055341100000001
0.10770065780000002
0.099200044
0.1525598155
0.12857667725000002
0.747151352
0.8642000980000002
0.830370992
0.816149428
0.8182139755
0.815367507
0.820814915
0.8207284724999999
0.8089268035000001
0.7982212390000001
0.802038185
0.8336317875
0.14282752050000003
0.11991413470000001
0.09909342149999999
0.1304566835
0.1037888975
0.125074146
0.5695596145
0.664737298
0.7079282520000001
0.8126931780000001
0.50390387
0.28676718850000005
0.66500925
0.279151829
0.1562088025
0.10902710969999999
0.13648865820000003
0.1175524175
0.674398046
0.136029388
0.06302772799999999
0.05496084415000001
0.06960795025
0.18161632200000002
0.908176277
0.91265004
0.8977405820000001
0.8735938795000001
0.15750656300000002
0.0662277669
0.055023000100000004
0.06353647315
0.11895664374999998
0.677284549
0.10545200175000001
0.094102027
0.07898440900000002
0.08529587599999999
0.147684303
0.621443991
0.21582198300000002
0.3198196815
0.7869752700000001
0.70852982
0.680258488
0.156481276
0.10403250650000001
0.08416870500000001
0.08470130199999999
0.114924252
0.665118848
0.2625883035
0.12010397830000001
0.12774209949999998
0.6676775425
0.14696280400000003
0.092061876
0.10269924150000001
0.10574297850000001
0.114688416
0.7596122910000002
0.7326974019999999
0.7612567800000001
0.7668309990000001
0.74531146
0.7181992815000001
0.125691523
0.15403827900000003
0.1384319215
0.087421443
0.1051485915
0.6102794189999999
0.1116041492
0.0899724185
0.11024890350000001
0.7548424735000001
0.7982890960000001
0.9012036105000001
0.88107112
0.133743246
0.1048555578
0.170074755
0.845187413
0.85624609
0.10496110350000003
0.063915659
0.058624377
0.086233535
0.182020236
0.354551255
0.8821665240000001
0.8165112615
0.7572458445000001
0.7470801450000001
0.7396803380000002
0.7444378075
0.857143467
0.14095532149999998
0.0839374826
0.0983133182
0.6798073760000001
0.08483407429999999
0.05673369575
0.0558754587
0.0644324604
0.0934153199
0.858840959
0.8910864785000001
0.9327998430000001
0.9158551960000001
0.867554941
0.169847764
0.26684340500000003
0.79969112
0.10186706575
0.07753753025000001
0.11150030125000002
0.7475792539999999
0.102772259
0.08116672500000001
0.1211416985
0.10782273100000002
0.100390219
0.0774129843
0.07102831350000001
0.07620766620000001
0.11241832250000001
0.6990663485
0.12092076675
0.0973835015
0.161159301
0.754854241
0.7491476125000001
0.7481793300000001
0.11441878450000001
0.07421283925
0.0706827487
0.09929024010000001
0.176613119
0.8608615390000001
0.86044792
0.11673588170000002
0.0690625022
0.05943073095
0.07750245040000002
0.07726511075
0.06390823775
0.0971674753
0.876508494
0.921423108
0.9411828710000002
0.92131915
0.0924308968
0.071935488
0.10998805390000001
0.10921183450000001
0.08013703350000001
0.10856291450000001
0.171563735
0.7572281020000001
0.7922666640000001
0.179021238
0.15565945150000002
0.23177019250000003
0.6537558725000001
0.426219457
0.3761395345
0.6292055169999999
0.6075462735000001
0.626221779
0.6637908155
0.3780844815
0.16028109029999998
0.123610222
0.1200651645
0.134953025
0.12443888099999999
0.1421026065
0.2375103805
0.6614840220000001
0.643772909
0.6192115770000001
0.6015767385
0.263609364
0.3104954365
0.36613793000000006
0.5615423424999999
0.7977499165000002
0.636839375
0.18133792650000002
0.15777323799999998
0.18954640250000002
0.6661913190000001
0.8114064260000001
0.8016463410000001
0.2600555505
0.27733119100000003
0.294526528
0.39500476800000006
0.319947341
0.14129137900000002
0.1116916375
0.0923127527
0.10166088500000002
0.1363971825
0.329895822
0.8053228365000001
0.8642274215
0.805480087
0.7068884985
0.6536991370000002
0.6535436475
0.630844885
0.6123067205
0.630278643
0.6928799830000001
0.8052856875
0.7739002725000002
0.7671786060000001
0.8315217985000001
0.792524985
0.7375525365000001
0.670183273
0.6532383585000001
0.671026022
0.669500442
0.6837800325
0.7162252985
0.25615948200000005
0.13168659900000002
0.1032756975
0.1109930035
0.1271319545
0.294751132
0.1345268185
0.10012337200000002
0.1046151088
0.10172631500000001
0.1476311935
0.14643435680000003
0.194170314
0.18548988099999997
0.6511419215
0.6230609024999999
0.30293907800000003
0.251511908
0.592207281
0.17738881300000003
0.1789433295
0.14884712049999999
0.169268582
0.29679797999999996
0.7590081230000001
0.35371705350000004
0.26539030700000005
0.18426481949999998
0.18509109
0.5521813944999999
0.633098536
0.6816977209999999
0.7373187450000002
0.8466609700000001
0.8375363870000001
0.31324354100000007
0.16221106650000003
0.1267093155
0.11951786500000001
0.1486484775
0.55914399
0.5890244475
0.35978176400000006
0.28499707150000003
0.25000450900000004
0.1964301435
0.19817125150000003
0.564452124
0.5578939035
0.576072561
0.5958053885
0.18797231950000004
0.14245492100000004
0.12124765100000001
0.11338177400000002
0.11442952600000002
0.11855748099999999
0.16169655630000002
0.23967727150000004
0.7290805815000001
0.1829485995
0.13915099050000002
0.1647047375
0.195144641
0.3038476415
0.717480318
0.8396850005000001
0.7531987370000001
0.754271334
0.866197678
0.853889
0.221545573
0.1280867185
0.15471068000000002
0.0954415545
0.10575575550000002
0.240292802
0.16897775
0.200079892
0.251536742
0.138820766
0.13565834550000003
0.17551990050000002
0.251374735
0.20241915000000002
0.6326448495000001
0.630764474
0.7862772265000002
0.361764264
0.15522824000000002
0.1221665045
0.1274961435
0.18143614400000002
0.7132377010000001
0.205907287
0.1962879595
0.16781042980000002
0.24996152100000002
0.1767180485
0.20189182800000002
0.7183710790000001
0.18031067
0.1624252535
0.20356238000000001
0.12904459850000002
0.12686584750000002
0.18740406099999998
0.7044530955
0.8664962975
0.8898664350000001
0.8564339595
0.6773204675000001
0.759743215
0.484759549
0.25823744550000005
0.17180691500000003
0.18301666649999998
0.39837506300000003
0.8504345525
0.8265929480000002
0.3433907035
0.5671786180000001
0.546949458
0.602461787
0.7632051075000001
0.6367185304999999
0.6014961674999999
0.585734268
0.24825885900000003
0.5828522235000001
0.6064318655
0.202701396
0.15124539050000002
0.15596114249999998
0.149468504
0.1179190585
0.09279051849999999
0.0931162585
0.1140651015
0.135543189
0.21298787049999998
0.7502370395000001
0.26887351
0.31224148650000005
0.677871277
0.825817855
0.8084112600000001
0.16391245100000001
0.10593732655
0.09918361170000001
0.1269473975
0.584418286
0.5923183135
0.5849428185
0.27369390400000004
0.32437565599999996
0.5817497705000001
0.1981114725
0.14437001500000002
0.18751460099999998
0.1558975755
0.14197603125000002
0.549397627
0.618173626
0.6480123770000001
0.6886274485
0.8327492375000001
0.8321776380000001
0.19860383950000002
0.11489737795
0.11690016350000001
0.1059766458
0.18268238
0.228032543
0.6482842975
0.6767904570000001
0.6886141720000001
0.14943205099999998
0.2051485855
0.15418507650000002
0.07770725385
0.07456203850000001
0.0668363765
0.06571933635
0.07412959890000001
0.08524763825
0.16151482250000002
0.705748803
0.10123622540000002
0.083817589
0.1448343455
0.1966357215
0.7897661885
0.26309553849999995
0.17717983100000004
0.843968126
0.9080973155000001
0.858973515
0.9001344375000001
0.095138867
0.051914441000000006
0.04512605155
0.05389275600000001
0.08821212520000002
0.8513531250000002
0.8729770000000001
0.887106955
0.8592051140000001
0.0880132257
0.07732449870000001
0.06223640540000001
0.07123331555000001
0.0975359112
0.08303176799999999
0.1233709073
0.7758856240000002
0.12386323000000002
0.08106547055
0.0703484427
0.09838061149999999
0.6838572835000001
0.1300272114
0.10433074125
0.1927908865
0.786498812
0.8223228005000001
0.9058736519999999
0.9115728570000001
0.8833217995
0.914673506
0.911174136
0.8630946975
0.8615341335000001
0.12696411250000003
0.098798937
0.20517756250000005
0.635121019
0.11937742050000001
0.12316876200000001
0.138830283
0.15536487899999998
0.726269276
0.7402575595
0.8393811185000001
0.2826909175
0.20078801200000002
0.14413472375
0.22038211400000002
0.18615439700000003
0.378891423
0.7932062795000001
0.225555075
0.2988848685
0.22471932300000003
0.19298349949999996
0.38435296500000005
0.7845977490000001
0.3970178075
0.392677237
0.8411044605
0.837249238
0.6750616865
0.19792840300000003
0.1396775435
0.1371073308
0.20003542300000005
0.6997595835000001
0.852359
0.8653824689999999
0.6436118040000001
0.5049395165
0.850276358
0.827661776
0.16496329600000004
0.10775603500000001
0.10007160135
0.12603978870000002
0.1661094395
0.32794732050000003
0.8593862084999999
0.882224118
0.8415581759999999
0.32065845500000006
0.263316101
0.526777738
0.5565945280000001
0.5890026110000001
0.602599012
0.5983045260000001
0.5416253195000001
0.2635272795
0.295118414
0.7333189950000001
0.6428090740000001
0.635902755
0.631966898
0.622447655
0.1700627055
0.24241199500000002
0.1018419942
0.07144710425
0.06933057879999999
0.08471576825
0.139976737
0.8121367300000001
0.14714768100000003
0.12005749660000001
0.62685785
0.1051084095
0.09352439900000001
0.16549201100000002
0.844743397
0.35001996850000006
0.17212868800000003
0.08988081155000001
0.13241686800000002
0.8915157295000001
0.9006725205
0.08939327400000001
0.05289648435
0.05329961135
0.08469667355
0.8955847200000001
0.943402823
0.9528648350000001
0.9472222375
0.8907861790000001
0.0675962675
0.0485812962
0.054561546849999996
0.09493135415000001
0.7520370470000001
0.08970018390000001
0.064712743
0.0671642592
0.0729117319
0.0672342409
0.06607638525000001
0.07427765845
0.08494471615
0.15252949
0.8497531420000001
0.124106979
0.08129332720000002
0.0685856995
0.06436963055
0.06771141100000001
0.104177105
0.21351585550000002
0.859837483
0.396569541
0.11802594020000001
0.09029973200000001
0.11023191950000001
0.094935169
0.093279452
0.09203100619999999
0.1080394295
0.15340397249999999
0.169911963
0.25026216100000004
0.1859093975
0.5890220645
0.1884639757
0.251608454
0.18339452650000002
0.1401631585
0.16397235200000002
0.7509212350000001
0.8263344220000001
0.8849818765000003
0.7856322270000001
0.6915014715000001
0.163541367
0.15458740319999997
0.24765782800000002
0.254501299
0.28793903499999995
0.76042964
0.663178687
0.6408749970000001
0.6798518470000001
0.793362015
0.800645175
0.881765025
0.894959888
0.8641766885000001
0.3935127165
0.3962798460000001
0.303388457
0.161543656
0.195564325
0.09613549819999999
0.07968186665000002
0.09483488575000001
0.153603709
0.22682838500000002
0.846234047
0.690189005
0.11398886550000001
0.0834459255
0.1056761855
0.7341112750000001
0.837197678
0.11307950900000001
0.0767103197
0.089901042
0.12744285290000001
0.8270956685
0.8960800015000001
0.86007637
0.8215938315000001
0.847336708
0.8718520450000002
0.8994359670000001
0.8837810575
0.8826928925000002
0.9085601765
0.9153798400000001
0.911008832
0.884756665
0.869718026
0.8556619285000001
0.8523974950000001
0.8836480830000001
0.39894331050000004
0.2360774345
0.1332610915
0.172101314
0.851843336
0.7631875945
0.10157312950000001
0.07255061180000001
0.06740054229999999
0.09452212890000002
0.18471201800000003
0.09952454840000001
0.0973425646
0.10692280609999999
0.17741855899999998
0.61540086
0.17797206600000004
0.21128071800000003
0.21562831600000001
0.20667571
0.6255538875000001
0.6529683005000001
0.6782441750000001
0.7778796400000001
0.501458061
0.309972093
0.43343233150000005
0.6395034675000002
0.7190854870000001
0.8600274575000001
0.8671641239999999
0.437910897
0.153152436
0.12146060000000002
0.1329189315
0.532823966
0.23271644500000002
0.7047637514999999
0.7939270100000002
0.325859047
0.758741133
0.89913912
0.9258573665000002
0.9249560965000001
0.9004724020000001
0.7552756245000001
0.417186847
0.8527382004999999
0.841338567
0.266275519
0.5671109065000001
0.13063624100000001
0.10634106630000001
0.117006226
0.179123902
0.7103270629999999
0.8686221035000001
0.8954878925
0.8712578155
0.7106449699999999
0.31920936099999997
0.22725263450000005
0.287637639
0.59691079
0.6474629380000001
0.7843566530000001
0.16365674150000004
0.11175905515000001
0.09128238335000001
0.09760820535
0.1566428024
0.1174275191
0.094002431
0.132528629
0.8526771095000002
0.799417174
0.920675616
0.938351444
0.9346227450000002
0.91473158
0.172002099
0.0633271029
0.0630695071
0.10060208025
0.7107138664999999
0.08710565550000002
0.0639172
0.060635027849999995
0.05919711810000001
0.07205368650000002
0.14562304910000004
0.849300749
0.11303274115
0.0722535955
0.0887985346
0.8109565550000001
0.8559401545
0.8869867250000001
0.913475707
0.9361278194999999
0.9094916550000001
0.837713977
0.0891696805
0.07487524145000002
0.11420468825000002
0.8691745285000001
0.808093955
0.07878716570000001
0.05495701110000001
0.069541983
0.1307721565
0.162283063
0.1262836488
0.7116299935000001
0.09726167565
0.0669224971
0.081958874
0.174167981
0.8780227995
0.8353188785000001
0.8046944030000001
0.798628123
0.8615868980000001
0.10228075575000001
0.0711926662
0.06712397290000001
0.0792391807
0.0717854945
0.08972494525
0.13236373975
0.209026006
0.8857635720000001
0.9173976300000001
0.9226763615
0.9150882725000001
0.8885585080000002
0.8242601210000001
0.8686206235
0.8535183875
0.869353101
0.8200165670000001
0.7980360005000001
0.8462236645
0.7843737775
0.7001442000000001
0.18286338500000002
0.18977369549999998
0.5120488515
0.1690305375
0.160646027
0.21537952200000002
0.5897778505000002
0.6121841575
0.6232014575
0.6743948705
0.7921426430000001
0.690304058
0.1901988075
0.16311541450000003
0.11972489800000001
0.10386746799999999
0.145429993
0.20531963550000001
0.291845685
0.17563589300000004
0.17950800050000001
0.1254871345
0.11555346
0.1336646282
0.596524629
0.6343359390000001
0.6381726190000001
0.6408285755
0.6381671675
0.15837001399999998
0.1078180285
0.0974208978
0.08919959550000002
0.09946491199999999
0.15433086950000002
0.717496535
0.8322835885000001
0.744806542
0.7232868910000001
0.340677334
0.8202076275000001
0.11207990309999999
0.068120562
0.06366242080000001
0.07411510225
0.07696979725000001
0.06737681200000001
0.0661827995
0.05972738575
0.06250695535
0.10031396
0.844231488
0.842236143
0.8499558290000002
0.11040374855
0.07213482355
0.05853879210000001
0.08286664525000001
0.0659126085
0.1038169825
0.877124857
0.8822566180000001
0.8517490070000001
0.08200734715
0.053586493150000004
0.052792744200000005
0.0704794065
0.16582938950000004
0.41321694000000003
0.8870082600000001
0.1068238661
0.06050937260000001
0.05875452540000001
0.0768131348
0.07813147409999999
0.1131941705
0.7065189349999998
0.0994820337
0.07017789120000001
0.07672683300000001
0.07900902400000001
0.11807305450000001
0.756556115
0.77872798
0.856218872
0.7123027345
0.154863902
0.14353757550000001
0.18296759850000002
0.7854847565
0.34637903700000006
0.1563347875
0.12642088825
0.13627185400000003
0.5893049779999999
0.157098407
0.131956186
0.145237554
0.2037229755
0.30310188299999996
0.18355286299999998
0.184535628
0.13707349530000001
0.12877234350000002
0.1640957785
0.16942814650000004
0.5948445380000001
0.6191937395
0.6495852105000001
0.758263943
0.198185675
0.1429225985
0.1385620205
0.618672485
0.136806322
0.17441232550000002
0.0872390125
0.07614307930000001
0.09035360025000001
0.09969314750000001
0.1108523922
0.785359877
0.789485018
0.805876457
0.8912424240000002
0.77537062
0.130757048
0.15297315150000002
0.1414115465
0.10602547750000002
0.14709746800000004
0.6658759280000001
0.792273533
0.2233158045
0.168002896
0.4946042825
0.12383211100000001
0.12135268600000002
0.1889572105
0.781743117
0.7712457290000001
0.285203456
0.254945252
0.3309559355
0.7231747830000002
0.599384841
0.538137273
0.269387598
0.3757221525
0.39646266300000005
0.7379298305
0.38590041900000005
0.6229628595
0.628698912
0.628860551
0.187018169
0.1512518273
0.16206895400000002
0.134112808
0.17009337270000002
0.1746743355
0.15727462350000002
0.17404970720000001
0.2691409
0.6543102535000002
0.6555762485000001
0.4437757895
0.39447409699999997
0.8240452385
0.834309855
0.6916585995
0.6743889249999999
0.6669432814999999
0.1497545055
0.10965902150000001
0.107502319
0.123963855
0.104492521
0.104794977
0.116314756
0.1676441735
0.2643751335
0.689960882
0.170520054
0.11196647450000001
0.1235317553
0.6997286240000001
0.7157670265000001
0.806229826
0.1557590895
0.14329795274999996
0.6602403020000001
0.3036975485
0.8589927945000001
0.28414310800000003
0.12670909470000002
0.0635429725
0.052412481450000006
0.05264779025000001
0.06338925545
0.12583199450000002
0.9059267059999999
0.8976667155000001
0.8473681415000002
0.08296896420000001
0.054321791800000005
0.051724397400000004
0.05763081515
0.06323967855000001
0.07148963679999999
0.08395375649999999
0.10270338125
0.6469000380000001
0.1292741015
0.13511270800000003
0.757290525
0.8874543240000001
0.880983515
0.09963755070000001
0.05617639515
0.051292766850000004
0.0535425457
0.051234352000000004
0.054739624300000005
0.06992360650000001
0.123351989
0.9086060665000001
0.9346729835000002
0.9312026450000002
0.8364986615
0.2516588705
0.7006620400000001
0.08228252280000001
0.06571901000000001
0.06943059845
0.16485708470000002
0.8280637695
0.8023436930000001
0.811542545
0.843520062
0.8541452425000001
0.8422444760000001
0.8296742300000001
0.8247940454999999
0.10281574099999999
0.0632255214
0.060353221500000005
0.08825925629999999
0.7827974535000001
0.5536899385
0.8989392900000001
0.8128240120000001
0.0819628285
0.05766597845000001
0.053940433350000004
0.0616086566
0.06303321735
0.0617288085
0.07475348400000001
0.1132038179
0.738415805
0.70671712
0.6789019010000001
0.10005037400000001
0.06605368750000001
0.06922097749999999
0.176087226
0.8694511420000001
0.896571548
0.9042496895000001
0.912149773
0.14020501000000002
0.06196135115
0.048062280250000006
0.05012499680000001
0.058440350200000005
0.07378123950000001
0.139830951
0.1433013935
0.18352652700000002
0.13246279860000001
0.10547876490000002
0.123283491
0.2593432835
0.7506716035
0.866725187
0.8856038600000001
0.8671848449999999
0.7597840920000002
0.6852448675
0.18647441199999998
0.1379440048
0.12345338100000001
0.1328661835
0.19198677150000001
0.290759299
0.21930823249999998
0.326569543
0.586318869
0.17303137020000003
0.1529916455
0.1992437575
0.2880462185
0.6045854175
0.5896430485
0.6048556294999999
0.16257021250000003
0.1592827893
0.142643286
0.10433360300000001
0.1129165582
0.09296292910000001
0.11065565385000001
0.10883294615
0.168142186
0.725778683
0.8672184270000001
0.8830137100000001
0.8539084225
0.22315567050000001
0.1369929265
0.1652994535
0.11640522490000002
0.14865603679999997
0.16368630050000002
0.7817850285000001
0.2923521735
0.17531210670000003
0.12616811590000002
0.1372139993
0.2891426865
0.8008467785000001
0.14199398395
0.0861948155
0.07902353155
0.10735253730000001
0.1156556697
0.1012056992
0.1285018065
0.643591271
0.23764119050000002
0.678635418
0.6515256700000001
0.31731438950000007
0.7094991655
0.8250430525000002
0.669748212
0.123447054
0.09326935809999999
0.111020207
0.663633253
0.6429185510000001
0.2300741925
0.6615351599999999
0.6374978479999999
0.159294439
0.1486368495
0.699121591
0.708128461
0.09101095440000001
0.0669997595
0.06387079165
0.06464166905000002
0.06757790125
0.07102706725
0.10570408165
0.7214546500000001
0.1555158655
0.1948752415
0.8209767085000002
0.788677638
0.7282306715000001
0.09951351650000001
0.0764691787
0.1023908955
0.811582777
0.847447579
0.8772476180000001
0.9124088120000001
0.8802239195
0.852920645
0.85537611
0.8808091410000001
0.1058728995
0.0836358782
0.1275490112
0.838860006
0.10589321030000003
0.0677625343
0.0661559007
0.0724587245
0.07214582450000001
0.06673603920000001
0.0604145775
0.06826974525000001
0.12699571250000002
0.863261345
0.7698727650000001
0.252872835
0.5236961575000001
0.892353313
0.8809117395
0.32414005349999997
0.7617134395
0.7267388040000001
0.10221872150000001
0.06935975855000001
0.07232505360000001
0.12104835050000001
0.744512683
0.7089480324999999
0.23971865850000001
0.6689319244999999
0.12194494725
0.0962936106
0.1280873655
0.6754622370000001
0.298950155
0.1939624463
0.133271381
0.1599284215
0.7478609159999999
0.8641120535000001
0.86321084
0.22816712300000003
0.12186381950000001
0.0961485
0.103554534
0.18022357500000002
0.659680787
0.1805353865
0.12017359200000001
0.107148087
0.13527138
0.184327923
0.431017164
0.8716586700000001
0.870596029
0.7542747830000001
0.8349973325
0.318662859
0.1403036715
0.117124357
0.126152357
0.637340532
0.31357354099999996
0.20635477950000003
0.36124143
0.30914035100000004
0.17928180300000002
0.21908312600000002
0.2658137065
0.15864169050000002
0.1795310965
0.600797637
0.24859359900000003
0.204020527
0.257419152
0.31934929249999994
0.2674196365
0.6309657415
0.6274565015
0.6587455340000001
0.6734974335000001
0.713568282
0.7525537905000002
0.818933012
0.8084811600000001
0.8452322984999999
0.8278839620000001
0.805340167
0.7699141225000001
0.6899796335
0.2251612225
0.18554488850000003
0.2023577115
0.5294213285
0.6382125915000001
0.7457645629999999
0.682779755
0.7143864550000001
0.8224363420000002
0.8151266345000001
0.4118211745000001
0.4309640255
0.37000111700000005
0.378538994
0.758463284
0.6754459374999999
0.632720501
0.6241896819999999
0.5261193025
0.17009053600000001
0.15977312550000003
0.5011000090000001
0.170182683
0.23276686100000002
0.19647923700000003
0.23584662900000003
0.20594294450000006
0.6585161949999999
0.686963602
0.8279356850000001
0.11210505930000002
0.0879745198
0.08220676824999999
0.0844376585
0.17424749400000003
0.29066258599999995
0.8631823190000001
0.1084563998
0.06638264210000001
0.058864067000000006
0.060168325800000005
0.09898290500000001
0.8652848790000001
0.8075760245
0.8178645600000001
0.8676439370000002
0.8852466250000002
0.8818915210000001
0.860166982
0.8084175025
0.0728689976
0.0514407512
0.0670469837
0.09020867490000001
0.07883201680000002
0.0715315893
0.07514414025
0.08680246450000001
0.12361775830000002
0.08251248025
0.0653894735
0.0621318481
0.057496834749999996
0.057505471899999994
0.06226008664999999
0.12171991
0.917365035
0.9245363464999999
0.8840820045000001
0.08665715090000001
0.061672246900000005
0.08384366945
0.12861293299999998
0.8841755950000001
0.8346211400000001
0.07618586449999999
0.0512171892
0.06009760645
0.06515562255
0.1012367612
0.0834434445
0.11542295370000002
0.9135725225
0.9419253855000002
0.9448354170000001
0.9272815225
0.13294708945
0.07897637900000001
0.06309617970000002
0.10101392040000001
0.0999509623
0.06286748469999999
0.0657221637
0.09379975839999999
0.17276887800000001
0.15327311600000001
0.1651196267
0.7885946900000002
0.24364457450000002
0.27619048450000006
0.848318292
0.884527612
0.8591924700000001
0.733331402
0.7952655505000001
0.233784874
0.288665
0.203273143
0.1737116085
0.22235839899999998
0.134911996
0.09145663270000001
0.085545076
0.1449873937
0.129472776
0.719951878
0.70340782
0.120882672
0.06867102615000001
0.05588791915
0.061242567
0.08980854525
0.8193737340000001
0.8570825075
0.8985747590000001
0.317231679
0.1181565295
0.14154600650000002
0.840074775
0.8072577170000002
0.7961273299999999
0.8538857735000001
0.88808379
0.9385550920000001
0.937945063
0.9154714370000001
0.08746843525
0.0537825396
0.05224511065
0.056192737500000006
0.058377616300000004
0.06592122485
0.07262133074999999
0.12215861200000001
0.705180075
0.11776745100000001
0.09789594450000001
0.08810778560000002
0.10248067500000002
0.2462670855
0.32929826800000006
0.8473100950000001
0.7503666649999999
0.686434788
0.6592590349999999
0.636959715
0.1674966445
0.12976315400000002
0.141615718
0.556045875
0.24983321800000002
0.431691579
0.8438577180000001
0.8335648605
0.2760066425
0.1790595205
0.181766933
0.3101467655
0.314667613
0.199600176
0.263820867
0.1537532905
0.157514067
0.5299979415
0.2240335005
0.3534518240000001
0.3176230275
0.3229862845
0.801204554
0.44744615500000007
0.18049204550000003
0.13594827550000002
0.10270871899999999
0.1046105615
0.107238964
0.1373243625
0.62712128
0.6157948475
0.6223683860000001
0.5933408775000001
0.17667992550000003
0.14155316750000002
0.1465616175
0.2409970415
0.803678065
0.7994642000000001
0.8446292505
0.765303913
0.6851231040000001
0.662510668
0.632721766
0.627310028
0.6082670895000001
0.4173968785
0.26830749
0.6030701649999999
0.237528539
0.14935295050000003
0.12079054200000001
0.12764929230000002
0.22564210350000005
0.117588119
0.0965974617
0.09260800925000001
0.11515211740000002
0.7000883869999999
0.730013354
0.853187997
0.7119496185000002
0.1257906172
0.1020684605
0.1599399885
0.1551345905
0.21227389800000002
0.6822415345000001
0.132223591
0.1521662795
0.1270300265
0.1508674275
0.874127202
0.8748673670000001
0.138157646
0.153634809
0.125527083
0.15268199650000003
0.8814655260000002
0.90767861
0.86576404
0.8235071720000001
0.7879672295000001
0.7611022165
0.823159222
0.9008568675
0.8962003425
0.9112632635000001
0.8858507820000001
0.133177487
0.14082285049999999
0.128424156
0.15491901889999998
0.8873548385000001
0.9184901160000001
0.894154425
0.131894671
0.1421108375
0.1207699688
0.12725817900000003
0.653472092
0.24394047800000004
0.278528899
0.24458182750000002
0.5750925105
0.1804965152
0.19811118000000003
0.758348545
0.8890979240000001
0.9050899735000001
0.8796528124999999
0.6989379335
0.1236717653
0.09874817725000001
0.1104946386
0.13402296980000003
0.2188710705
0.6556563910000002
0.6468134520000001
0.664107728
0.682293211
0.771678227
0.8637385350000001
0.869522745
0.789621287
0.6964881645000001
0.6351390000000001
0.545727783
0.21301235500000001
0.148641932
0.14517529399999998
0.183671663
0.19008251300000004
0.5610291924999999
0.23112085500000004
0.29678309
0.221787085
0.5555773625
0.274110393
0.4526316865000001
0.8302000340000002
0.776879555
0.888068017
0.9033786065
0.8730931930000001
0.7152640865
0.6216559389999999
0.20443428900000002
0.20152327820000004
0.6818790255
0.8290641805000001
0.767025937
0.7454129305000001
0.8007188975000001
0.325306788
0.3357845365
0.7782970250000001
0.722271908
0.681432186
0.7213856270000001
0.8610629250000001
0.8960270280000001
0.8855987170000001
0.8132694120000001
0.7407668065
0.722330075
0.803160502
0.4666511235
0.228065322
0.30685605349999995
0.2513267555
0.23409406750000003
0.7706062530000002
0.1503730975
0.09851171095
0.09012925534999999
0.1233756827
0.18162035180000002
0.12054058875000001
0.15418266600000002
0.5675686120000001
0.184045739
0.168680582
0.30141618400000003
0.8327885190000001
0.7318405259999999
0.8468470094999999
0.704752957
0.14837887770000002
0.084280069
0.077558177
0.13225250500000002
0.11356482620000001
0.6383575064999999
0.1589350045
0.23642437300000002
0.7254638135
0.734608512
0.75831136
0.1252311265
0.057488022800000003
0.049217628250000006
0.049082547950000006
0.0500626839
0.0626508998
0.16804124075
0.8810651545
0.930410285
0.9180045480000002
0.231454349
0.09124796069999999
0.10571585124999999
0.8487617190000001
0.926138593
0.9403398195000001
0.9403430075000001
0.9256728815000002
0.9248209445
0.8520181354999999
0.08666668340000001
0.08093197699999999
0.174589162
0.8978300350000001
0.880942625
0.095856445
0.05071824480000001
0.0447758185
0.04878450545
0.050015985449999995
0.06212905860000001
0.1298030373
0.8854480060000002
0.8286954120000001
0.782389851
0.8082939535000001
0.9026886625
0.9062647190000002
0.8548494930000001
0.8899034420000002
0.8254347225
0.8705301275000001
0.34873425799999996
0.2415081305
0.8136591120000001
0.12833898985
0.1111504717
0.0869106494
0.0939175408
0.221687644
0.7693444315
0.9059181150000001
0.9172376555
0.890738667
0.296671455
0.16346344725
0.2156958865
0.7966538675000001
0.2972127845
0.165592654
0.19921699640000004
0.6531430165
0.6532431300000001
0.11632429850000002
0.0846789705
0.0805266082
0.088454486
0.08824420485000001
0.10833176420000001
0.150646324
0.156584131
0.275567439
0.759806878
0.29354569500000005
0.33806958149999994
0.17835506450000002
0.16760072800000003
0.1385866255
0.152345064
0.2278589425
0.4892092115
0.8524131165
0.8519865950000001
0.6910385050000001
0.185086409
0.138350416
0.18514658900000003
0.09358733000000002
0.083371421
0.11432801850000002
0.686590635
0.16541575200000003
0.164469799
0.09175771600000002
0.0684129341
0.06656112025
0.07496539375000001
0.08798181790000001
0.13798369
0.8355735999999999
0.16500500650000002
0.17501376500000002
0.755786858
0.105937547
0.057871042
0.04983435455
0.049457447150000014
0.058240481250000004
0.1089751205
0.9021860315
0.920088435
0.91980422
0.8804637535000001
0.257504315
0.7947658375
0.09097381534999999
0.0546835689
0.051077712350000005
0.066813457
0.164061925
0.8391385539999999
0.8122932384999999
0.09389733625000002
0.058508204300000005
0.055224888150000005
0.0592654957
0.05942373325
0.057559148250000004
0.0649276289
0.08501244225000001
0.152462029
0.31386405
0.8527998265000001
0.8439118720000001
0.726014242
0.8064407335000001
0.32458287450000006
0.1431443055
0.1220905295
0.16371012425
0.6526097000000001
0.1488708755
0.08499170909999999
0.0738927377
0.09005891455
0.10555060125000001
0.7287534010000001
0.329468682
0.247369051
0.8587044215
0.7788621825
0.7684268670000001
0.09996179864999999
0.0600647004
0.05954080525
0.0695838185
0.16495536930000002
0.32745955750000005
0.8933974380000002
0.8056773150000001
0.0929436165
0.06607030055
0.08434388685000001
0.8324610250000001
0.8876010030000001
0.9326649600000001
0.926455475
0.9425327765
0.9448084565000001
0.9365656965000001
0.8774966835
0.05748187825000001
0.039446752599999996
0.03912438505000001
0.045584180530000004
0.052675690750000004
0.055021808500000005
0.08179295825000002
0.0829970622
0.2584231795
0.914832267
0.907704364
0.10915153510000002
0.07532176600000003
0.07312053715
0.10775757200000001
0.06630429025000001
0.0728947995
0.151054404
0.8532964439999999
0.7725024285000001
0.743088406
0.30891771500000004
0.1272320665
0.1130378942
0.17492517
0.6561301365000001
0.7062589300000001
0.8333989470000001
0.7646158300000001
0.848099478
0.7262984514999999
0.1330191055
0.09304642030000002
0.0876733755
0.11217416295000002
0.1194642645
0.254549893
0.6672775900000001
0.723907842
0.8684722185000001
0.866155953
0.7239496875000001
0.3092752255
0.3611327710000001
0.10878288200000001
0.078191897
0.083744305
0.097558248
0.14823399550000002
0.256534018
0.8698243565
0.8890551150000001
0.8666075355
0.1553886695
0.1316280097
0.1025844513
0.07269337799999999
0.0791836247
0.0795989567
0.1301784295
0.8905493015000001
0.901611755
0.8380550155000001
0.8123715265
0.8215893025000001
0.85512711
0.89943943
0.8531399110000001
0.8096324970000001
0.749371063
0.09167734849999999
0.092144846
0.155822704
0.0929150485
0.085306557
0.08681013720000001
0.11127527905000001
0.6866385844999999
0.6837949175
0.7193927280000001
0.8276637210000001
0.39854776900000005
0.24966407350000003
0.5843126560000002
0.1994845695
0.20861794050000002
0.193770819
0.5915534395
0.24254773550000003
0.290825812
0.17655551049999998
0.173694495
0.36702358350000003
0.7131746154999999
0.787518642
0.8916146020000001
0.9031305815
0.8803574000000002
0.8039879875
0.8702319300000001
0.8313348120000001
0.16213929950000003
0.1096041055
0.1493150945
0.243092863
0.1344982345
0.161960933
0.17948261899999998
0.254140113
0.13176822000000002
0.1205542765
0.2105981525
0.133028962
0.139441272
0.1188003225
0.1803291225
0.22405575700000002
0.8668818465
0.8663216050000001
0.13304641350000002
0.09053856150000002
0.10078187415
0.1159311785
0.6926300505000001
0.27289783199999995
0.7486989570000001
0.10890371060000001
0.108764398
0.061650724100000005
0.059107385925
0.07502360950000002
0.055310044999999995
0.051483487300000005
0.054192830500000004
0.0773785958
0.4118344225
0.9282349740000001
0.9134625775
0.8939549550000001
0.0976032606
0.054609773900000005
0.0506219201
0.0637284686
0.10993378020000001
0.776855324
0.1018592894
0.06100170590000001
0.05690837990000001
0.06645333630000001
0.1031977725
0.28286591600000005
0.8652542300000001
0.1462906525
0.1260666345
0.0849188395
0.097065316
0.6595460970000001
0.603075624
0.19383659599999997
0.23641126350000002
0.220534104
0.790679601
0.915230352
0.926851202
0.886998041
