0.1357539811
0.07429542759999999
0.05712236610000001
0.0551179512
0.0596932269
0.09230931855
0.22155622590000001
0.8776296765000001
0.898936014
0.10049369720000001
0.06325210434999999
0.07086344115
0.10721799480000001
0.8814316070000001
0.8559170090000001
0.8625809125000001
0.8620173875000001
0.8343099350000001
0.8448596785000001
0.8787362700000001
0.9015767035000001
0.09728446
0.07396585870000001
0.06123670305
0.0865842292
0.706933897
0.08032812495
0.056008661349999996
0.05092407165
0.05929570210000001
0.15428648900000003
0.886141121
0.890577555
0.8852758624999999
0.8990292515000001
0.9077438489999999
0.9298914995000002
0.8847808845
0.08851978799999999
0.04925097095
0.04743535745
0.06644488759999999
0.08684396175000002
0.766382173
0.7649014925
0.7514381314999999
0.763089224
0.7532320579999999
0.0826046133
0.05323165170000001
0.0448074304
0.04831304980000001
0.07425799865
0.8751242300000001
0.9073712335000002
0.9265248750000001
0.930380783
0.9480696725000001
0.944031188
0.894311523
0.06179684875000001
0.042762613750000004
0.04398614820000001
0.07738492884999999
0.07756510025000002
0.08895033395000002
0.11029208970000001
0.059029177800000006
0.0551385739
0.06518046705000001
0.13034670015000002
0.12501216
0.7734719315
0.8158035745000001
0.890804605
0.9243204625
0.9092215
