0.8450916785000001
0.8700809535
0.8840963875000001
0.850029417
0.8138121345
0.749037238
0.6014290655
0.5675806365
0.8554008780000001
0.8715680950000001
0.6097556865
0.35136841350000003
0.21644807449999998
0.156093144
0.16985952025000003
0.37986844950000004
0.850565689
0.849268696
0.624509865
0.183842455
0.15701069835
0.14721606585
0.16097097049999998
0.09714807415
0.10068216850000002
0.16733867965
0.729109389
0.739155798
0.843143325
0.1200864
0.07259478180000001
0.07113606230000001
0.10313890315
0.7692838890000001
0.865489433
0.10492979980000001
0.06620282329999999
0.05647270035000001
0.05443121965
0.06524642345000001
0.12693088600000002
0.9050451340000001
0.9129370930000001
0.0882157699
0.048807220799999995
0.042475466350000005
0.043791708675000006
0.05031487600000001
0.1075800098
0.14208730385
0.8940271535000001
0.9184547190000001
0.9328542400000001
0.9383755730000001
0.9427729670000001
0.920365955
0.1360253021
0.0529157411
0.039954243449999996
0.040766944900000004
0.04621480610000001
0.05505599010000001
0.09145482325000001
0.8473759999999999
0.8956837825
0.10412682065000001
0.0638365944
0.0797548222
0.1556932875
0.15837920100000002
0.1357683966
0.7218876885000001
0.09137047035
0.06426706835
0.06074602475
0.05792184449999999
0.05399946292500001
0.050554995000000005
0.04988492665
0.06105233015
0.175297565
0.8996398000000001
0.9179343865
0.927353194
0.9122750505
0.88627129
0.07718199435
0.04710192265000001
0.04360280595000001
0.04821679595000001
0.05740689164999999
0.09831180295
0.7930949125000001
0.1642234236
0.08866716435000002
0.12366138000000002
0.847265724
0.760541693
0.783044629
0.885490534
0.7787292650000001
0.737275348
0.09388673700000001
0.06657495315
0.0650150639
0.09244313280000001
0.749722489
0.743307427
0.7309257115
0.10945235700000001
0.07171548350000001
0.0666813716
0.0993840581
0.12432056
0.262913722
0.4839184645000001
0.8786373439999999
0.8684848900000001
0.7006196979999999
0.649745179
0.190303733
0.140084044
0.143073705
0.2557610365
0.2805881465
0.37407122600000003
0.7615503750000001
0.2995160365000001
0.2750273805
0.4092065415000001
0.608163946
0.5875005169999999
0.5740119519999999
0.5959668840000001
0.6842886545
0.7928597145000001
0.72162002
0.6388039510000001
0.305652458
0.24967561300000002
0.30390177700000004
0.792989326
0.8096184650000001
0.6148086190000001
0.24349209300000002
0.3005470045
0.21476799650000003
0.244839308
0.7341162050000001
0.8861646860000001
0.9108776105
0.90477395
0.8712926679999999
0.7010068255
0.15058501100000002
0.1359691945
0.1826066235
0.20063010750000002
0.7354897815000001
0.302401993
0.187980549
0.1602789635
0.16918726850000004
0.137550525
0.16239487800000002
0.1426381995
0.1777935435
0.172561745
0.292628025
0.2042779935
0.606882922
0.212194344
0.1274794455
0.111332795
0.132757104
0.587497124
0.2075458245
0.19464674550000002
0.1707260495
0.13095252300000002
0.1611685285
0.1655945915
0.15671903200000004
0.630185562
0.6119776084999999
0.2185237765
0.28191531300000006
0.26689195600000004
0.31749812599999994
0.672357761
0.6694406640000001
0.1083740792
0.07357248034999998
0.07798551634999999
0.06703110085000001
0.0860820358
0.1903939755
0.8975630600000002
0.917607678
0.8558277320000001
0.8443504105000001
0.8999918950000001
0.7854360260000001
0.07397811879999999
0.049271682350000005
0.05045014465
0.055357711600000005
0.06380715375
0.0794031865
0.1408550437
0.23234672850000002
0.15099688150000004
0.1060570945
0.093520185
0.0846097725
0.09205852325000001
0.131311336
0.1408481405
0.713419886
0.7287818475000002
0.8333208595000001
0.210190535
0.238840761
0.11198156649999999
0.0848913052
0.0774431057
0.08996097474999999
0.105446924
0.1929753425
0.1615899
0.159268994
0.14762147320000002
0.1187741095
0.18337391400000003
0.14250720230000002
0.1326274594
0.1100857274
0.15382590580000002
0.09644247905000002
0.1026906627
0.180576665
0.21192239100000002
0.616749338
0.6588199315000001
0.7352937325000001
0.8754619050000001
0.8785314240000001
0.7576984374999999
0.8399479635000002
0.68861076
0.11621034770000001
0.07978913270000002
0.074737192
0.09559246414999999
0.6625856390000001
0.6212828605
0.1822238135
0.24604798849999998
0.622495213
0.2098677535
0.3498797785
0.847743714
0.416823817
0.6880494645
0.113282415
0.1109156365
0.11146948850000002
0.6640602430000001
0.09270044150000001
0.0633921053
0.06365789620000001
0.0893013848
0.796470086
0.818369173
0.859966616
0.8829396450000001
0.8865393570000001
0.8830482025
0.899523784
0.1672694355
0.0634558742
0.056876938700000004
0.07653640480000001
0.8208537900000001
0.8803367670000001
0.939944836
0.941442861
0.89043106
0.8098406960000001
0.07217629100000002
0.055447587699999995
0.0635443495
0.11257460075
0.834561682
0.7968693885000001
0.091590344
0.05691490380000001
0.05596624355
0.05688668295
0.062281088
0.07286144575
0.10216508725000001
0.7237272215
0.26393787850000006
0.7706866560000001
0.2528867345
0.1976765275
0.7926392430000001
0.7936853845
0.158611814
0.0747433545
0.0595810078
0.056665633650000005
0.06045764495
0.0733003385
0.1191827584
0.17268571020000004
0.19213075100000002
0.8160144025
0.16098905649999998
0.14609482869999998
0.10628300935000001
0.11370236935000001
0.20432135850000005
0.1941454645
0.19766255900000004
0.49546336300000005
0.8565133085000001
0.846431546
0.7111698940000001
0.7172019650000001
0.810267215
0.747387648
0.7982950520000001
0.26318328500000004
0.291479429
0.2002764565
0.1498808055
0.15566600449999998
0.24598798150000004
0.1985679465
0.286746992
0.8577126365000001
0.887739984
0.8381928100000001
0.8245465049999999
0.2640351945
0.22619097300000002
0.30593326350000005
0.6215495200000001
0.62212064
0.622325412
0.5978777535000002
0.6092206975000001
0.6653652870000002
0.7604681230000001
0.8664431700000002
0.8663524469999999
0.7259977295
0.20343197250000003
0.11976500270000001
0.09827034059999999
0.1008151082
0.147526417
0.7450755225
0.8663541775
0.73160505
0.1274840747
0.10134269350000001
0.1241901545
0.1438136865
0.31573719050000004
0.828771703
0.8181324430000001
0.186745614
0.16225982570000003
0.13491706199999998
0.0998531255
0.10041777285
0.14894900249999998
0.78975324
0.15570665649999998
0.11482888695000001
0.17491480769999998
0.1114164267
0.132291307
0.31509474899999995
0.881784377
0.8699584420000002
0.1379931896
0.09758074400000002
0.11838086225000002
0.747125569
0.8602369455000001
0.6715371725
0.1146795236
0.1101390332
0.14880791200000001
0.8547008450000002
0.895549445
0.872899762
0.701590052
0.6608933880000001
0.61978582
0.645344177
0.6520128894999999
0.1424316755
0.13777585920000002
0.13309541000000003
0.12482164330000002
0.269253035
0.8378751775000001
0.11737272620000001
0.0706410256
0.07260859210000001
0.093856618
0.680955702
0.154243994
0.226617762
0.859099716
0.3000027645
0.18397125250000002
0.12338628010000002
0.071402235
0.0810599485
0.23846934700000003
0.840294798
0.163811872
0.160481634
0.85649758
0.8217204975
0.8244238899999999
0.838177315
0.869394102
0.8870866145
0.872410992
0.8457296630000001
0.80246618
0.06968399775000002
0.0470660957
0.04802146965
0.05101511125
0.0563157342
0.0704356355
0.10825003675
0.229892421
0.8886379390000001
0.321214241
0.07519960835
0.06184566595
0.08874753715
0.07671156425
0.1269169893
0.834623593
0.15348939450000001
0.1024303075
0.1532024614
0.1570304425
0.1300543478
0.7225354435000001
0.7194018924999999
0.7810903720000001
0.9118974150000001
0.926327524
0.9080777985
0.1874578805
0.08625416115
0.0698672762
0.08345129345
0.07434729715
0.06966666685
0.06012852707000001
0.06052342585
0.06822773105
0.11095521700000001
0.8022030835000001
0.835292492
0.9285282215
0.927258126
0.8204907850000001
0.14463444535
0.07845041885000001
0.060714003550000006
0.05973128045
0.0633358962
0.10673281245
0.18726475609999998
0.36332706000000003
0.34851733400000007
0.1485529458
0.13352050734999998
0.21980154859999998
0.1404573743
0.155887095
0.31100235800000003
0.37336568000000003
0.44147954850000004
0.672675608
0.7515213475
0.21360195650000002
0.196242111
0.23456254199999998
0.326948543
0.555248409
0.19980883500000002
0.20070432080000003
0.20756391750000003
0.30588053150000005
0.291796987
0.7459189245000001
0.6101715105
0.191465178
0.1779255895
0.2553128735
0.2769001325
0.23257218700000004
0.2168204385
0.7692834375000002
0.164342375
0.13401507275
0.204166175
0.816795919
0.1686915185
0.09130033374999999
0.10155767455
0.6258147285
0.12233545340000002
0.1341473985
0.7287148605000001
0.1707861632
0.081912538
0.08802163915000003
0.07194232880000001
0.11087773425000003
0.8096078750000001
0.192408323
0.33999591849999994
0.8524634835000001
0.8618570640000001
0.91842117
0.9002617075
0.8873249650000001
0.87326572
0.8576060000000001
0.20404319999999998
0.18048229699999999
0.8324423595
0.09367164470000001
0.06061591350000001
0.0612980335
0.0641195648
0.07339759
0.0804230326
0.14936821150000001
0.7356303260000001
0.10290215335
0.06783811255
0.0733955786
0.1207916719
0.09591795650000001
0.14875056949999999
0.8138407310000001
0.692459837
0.17467749100000002
0.2114631205
0.17023179600000005
0.1581867985
0.13130803
0.1494942339
0.6179791775000001
0.7512581150000001
0.27880028850000005
0.34670988100000005
0.160465935
0.1329118205
0.1441909835
0.25441229
0.12812002050000001
0.10434040550000001
0.10488679350000002
0.1335895595
0.22932362400000003
0.1651826965
0.1261309018
0.135054732
0.6245668600000002
0.19352109099999998
0.13429131860000001
0.13955623250000002
0.6295268705000001
0.6150744860000001
0.14699629750000004
0.09195000560000001
0.08138083264999998
0.11376019875000001
0.12102343600000001
0.2063621625
0.8156366320000001
0.20515302800000002
0.118574464
0.14315636175
0.5795762725000001
0.117268534
0.14005035140000002
0.1169428455
0.7551620560000001
0.8925118150000001
0.8599882140000001
0.926905207
0.9185154400000002
0.163764059
0.068420032
0.05318854675
0.0711599323
0.0648559444
0.07019236320000001
0.16498854200000002
0.9010656055000001
0.8974319835000002
0.34351529650000007
0.8426543995000002
0.8252925050000001
0.094929341
0.0564368612
0.05685506955
0.0902553573
0.879098431
0.9263214255000001
0.8756505335000001
0.07891700130000001
0.05491004615000001
0.0610925394
0.143041693
0.861163198
0.846624047
0.33127316349999997
0.8727315575000001
0.1612512654
0.06478649820000001
0.0715034262
0.06011592310000001
0.06524529530000002
0.12771626800000002
0.2150297585
0.9144764790000001
0.9133561619999999
0.09513279250000001
0.05967733740000001
0.050503358600000006
0.05404022595000001
0.06937303105
0.13725789270000002
0.1582865602
0.10100215709999999
0.14393002849999997
0.08255620100000001
0.08321305949999999
0.14464443500000002
0.0886436553
0.0750031278
0.08593328930000001
0.610516983
0.144585649
0.18321517400000004
0.9026189619999999
0.9361676295000001
0.93151024
0.8028519960000001
0.068954756
0.049184740000000005
0.049681497150000004
0.0502752745
0.0561639992
0.060289035000000005
0.0831380368
0.06191989020000001
0.08745319985000001
0.8627903200000001
0.9064889195000001
0.8618912160000001
0.807444448
0.8146112615000001
0.849932613
0.9004976955000001
0.8708285815000001
0.851001815
0.8628632800000001
0.8959350750000001
0.7964610070000002
0.083597949
0.06854907375
0.07186864200000001
0.10301659950000001
0.691977228
0.1099652735
0.0895900007
0.1185064395
0.0890341356
0.17308645
0.885135343
0.8951970850000001
0.7344432949999999
0.1764673425
0.193280102
0.7758726440000001
0.1647712865
0.1276013821
0.17250268000000005
0.745016882
0.20146763599999998
0.1985843905
0.36590598550000003
0.6846025535
0.7995588730000001
0.3177951245
0.2226741145
0.30927691100000004
0.246253268
0.2069756835
0.609376185
0.5953506860000001
0.6143896584999999
0.6261905329999999
0.625062702
0.28128857500000004
0.6566953660000001
0.15538740849999996
0.108792211
0.14088459650000001
0.119439533
0.0988915625
0.09103732950000001
0.11980048775000002
0.13091064500000002
0.1155689215
0.19931370800000003
0.13581908450000002
0.20794516300000002
0.8569172270000002
0.8509055135000001
0.287787675
0.3844392725
0.30642107275
0.885958614
0.9145518985000001
0.8819718760000002
0.90561985
0.866184374
0.172991042
0.18014555900000004
0.172713981
0.695189242
0.8109666310000001
0.15121356470000002
0.12325667750000001
0.13960779550000002
0.143489287
0.1217524043
0.1170819917
0.21810034650000004
0.156639913
0.18767003500000004
0.39981054999999993
0.8029963095
0.664092414
0.6402877515
0.5818098985
0.1340840795
0.1167348514
0.15952547649999999
0.1982103785
0.8044734235000001
0.6798107405
0.6562359645
0.6887401335
0.728707261
0.7750226450000001
0.8409846890000001
0.1282676935
0.09319667350000001
0.08396581150000001
0.11430390650000001
0.6811699835000001
0.1857939615
0.15471125150000004
0.11598159225000002
0.06791392449999999
0.05808244970000001
0.05647377730000001
0.057629487800000004
0.0697129896
0.12254784760000001
0.8469396415
0.10784205840000001
0.0709386284
0.0937167385
0.8782023525
0.928809972
0.9369182520000001
0.9330597950000001
0.07484214260000001
0.044730460300000004
0.0421090981
0.04826086815
0.06425854325
0.06348712675000001
0.08778639540000001
0.6870681145
0.1013757025
0.09139099369999999
0.14627895000000002
0.219108398
0.350568263
0.872284339
0.7645361435000001
0.8838620485
0.214329615
0.06300871760000001
0.04499857705000001
0.043130250800000006
0.051338934800000006
0.0938631462
0.1276423249
0.9002887425
0.938349778
0.948884025
0.9505105549999999
0.9472840000000001
0.933526048
0.1996346043
0.0737778237
0.056716980400000006
0.046517725100000004
0.0474235717
0.057783294150000004
0.06661027065
0.07917884825
0.08628773450000002
0.142276969
0.7668943715000001
0.7738628960000001
0.8218825200000001
0.8897285455000001
0.857961162
0.831129772
0.8286903920000002
0.8666939705000001
0.2697551405
0.11443572899999999
0.0980690535
0.13646921850000002
0.27993015450000003
0.888611218
0.925562071
0.9058718805000001
