0.8371675365000001
0.8649017650000002
0.8796568955
0.8518769880000002
0.8430693320000002
0.903868274
0.9159579735000001
0.8967488830000001
0.753058993
0.1833120455
0.21931855100000003
0.11565776035000001
0.09386972240000002
0.09890078695
0.08735952699999999
0.10537255315
0.6777789364999999
0.6984927815
0.6974569195
0.6839528
0.6948100300000001
0.7011266720000002
0.6805190280000001
0.1318175973
0.10585702725000001
0.1568869535
0.7548776555000001
0.14129946015000003
0.1157557665
0.14938993770000003
0.16458844725000002
0.681219836
0.7215307475
0.8165703280000001
0.704550955
0.14330760970000003
0.09933150085
0.0837048082
0.0844850193
0.09748118935
0.144630013
0.158890157
0.6949067500000001
0.1902642265
0.29348053749999997
0.0958602967
0.0719189791
0.06874547760000001
0.06649762335
0.06693636260000002
0.07422091939999999
0.12188094460000001
0.06947270694999999
0.07288645889999999
0.1184353732
0.2068473085
0.8839391080000001
0.8402086335000001
0.8866717390000001
0.77211742
0.8121583845
0.9190745690000001
0.9298944020000002
0.9155522930000001
0.13509474075
0.0523775631
0.045551466
0.0587817928
0.0598823889
0.16255078365000003
0.87456906
0.931614895
0.9360979150000001
0.9186037220000002
0.9295759510000001
0.9155709975000001
0.8998710740000001
0.8764665495000001
0.8420150265
0.07992233200000001
0.048884436100000005
0.04643374600000001
0.045416317250000005
0.0519128187
0.08949791315000001
0.8390287190000001
0.909096662
0.8779517435
0.8559332205
0.8380061860000001
0.8103494475000002
0.784506797
0.1197583385
0.13658081940000003
0.0967538342
0.0766670278
0.0984430313
0.11324218760000003
0.7631926305000001
0.857873477
0.726640424
0.1258207077
0.09626342615000001
0.09800398860000001
0.14007668650000002
0.7214552150000001
0.8017930895000001
0.21085716650000003
0.21388844025000003
0.18722168050000004
0.587928767
0.21236784320000004
0.31969101349999995
0.2782169465
0.7897562085000002
0.6762708185
0.15109827299999998
0.11149096865000001
0.09785753
0.1100588846
0.1927381323
0.194931834
0.299616437
0.31081931799999996
0.392618619
0.7362344675000001
0.8296119265000002
0.7662316040000001
0.8042687410000001
0.24184650550000003
0.1285261942
0.10394192620000002
0.10929105025000001
0.16610598765
0.861363375
0.8923369295000001
0.8028728955000001
0.8739612725
0.348346841
0.12365803815000001
0.0657260171
0.051962877100000006
0.054014000549999996
0.06849421045
0.1444029485
0.18872215700000003
0.7612145954999999
0.8525145470000001
0.11623467200000001
0.08277145910000001
0.11485252875000002
0.7837013010000001
0.8832848555
0.35120918500000003
0.26935929950000004
0.6759987780000001
0.09525617580000001
0.07844873379999999
0.116254912
0.74145662
0.196096793
0.467202061
0.8963383425000001
0.894499426
0.871854614
0.8894812525
0.885074422
0.866905193
0.8261678060000001
0.08843431680000001
0.0635119063
0.0657679763
0.06049408400000001
0.08904863025
0.7128805675000001
0.18981183699999998
0.2750952005
0.877242794
0.786011171
0.107283501
0.08568614030000002
0.1306555993
0.8422545100000001
0.1731645535
0.0983068869
0.06488166985000002
0.06658814925
0.0851377493
0.09532283450000001
0.09105075500000001
0.141968764
0.690854224
0.6592805185
0.13314704375
0.11897312265
0.15816043085
0.16306151145000003
0.29657489
0.658762843
0.646273905
0.6387829355
0.6099753875000001
0.264602304
0.21021672550000003
0.2787767975
0.2687567555
0.3464723925
0.647820507
0.33727128200000006
0.3209094295
0.8418042965
0.8564437535
0.7010236390000001
0.636411802
0.13996313
0.14539262925000002
0.558163352
0.21282178250000003
0.24387602000000003
0.20619853900000001
0.1835651465
0.28143469050000003
0.6444953769999999
0.329616833
0.33208969250000003
0.1593688325
0.125232245
0.11646814800000001
0.1294203428
0.494719624
0.22646648900000002
0.6988822290000002
0.8416914005
0.8517051030000001
0.480661729
0.29063255800000004
0.533995711
0.6082191235000002
0.7002030545
0.8669482930000001
0.8876438055000001
0.8431894550000001
0.2040749175
0.16515484600000002
0.123380625
0.125763186
0.18976476850000004
0.7525427465
0.2288068525
0.28927902350000007
0.260619578
0.15311454449999998
0.21896790349999998
0.14285385300000003
0.0949935888
0.09308813025000001
0.11937219885000001
0.12448235760000001
0.0996381176
0.1095750708
0.08664775579999999
0.08255384410000001
0.09787857409999999
0.18889329190000004
0.1231807485
0.19998661630000006
0.13476871575000002
0.1078532095
0.07468703639999999
0.0734658685
0.10172518200000001
0.7580239155000001
0.8698573525000001
0.7923660195
0.7700680125
0.8374999670000001
0.185554709
0.1912446935
0.19377851
0.7552771445000002
0.6343766130000001
0.6173469
0.6221844120000001
0.616829504
0.6677503345000001
0.8169670050000002
0.37684747700000004
0.260866307
0.8040068810000001
0.10635033370000001
0.05985699365000001
0.05331466975
0.05448016865
0.05924172355
0.09576897570000001
0.06883804545000001
0.0891062811
0.13117700540000002
0.9035687600000001
0.929015872
0.9293106115000002
0.8912730655000002
0.927758855
0.9319190615
0.9224071760000001
0.848583648
0.780355015
0.07480582790000001
0.07264748330000001
0.05117927555000001
0.04452711745
0.048543142925000005
0.07743477214999998
0.8832667320000002
0.9177921975
0.9355783895
0.9314723109999999
0.9234862550000001
0.07116330215000001
0.0438330945
0.043583534300000004
0.0614566154
0.06572765900000001
0.087523828
0.6778150765000001
0.10854649935
0.1021768054
0.664981847
0.13376460975
0.174216857
0.9013335245
0.9393155630000001
0.947298798
0.942957711
0.9187074845000001
0.1386555625
0.145028137
0.7738841375000002
0.07731417775
0.053201333
0.0619952475
0.10811680205000002
0.10061852114999999
0.0928965276
0.0712447333
0.0635911869
0.0628907965
0.06580638915
0.09213377245000001
0.7017276960000001
0.191335325
0.447756284
0.8664798950000001
0.43249081850000004
0.30312401749999995
0.15316983100000006
0.09857285260000001
0.098577963
0.08181903930000001
0.08761357750000001
0.1228420895
0.741798091
0.767537691
0.8548077095000001
0.7656084765000001
0.7241191484999999
0.71544122
0.6995549575000001
0.687382223
0.11715007799999999
0.0839768846
0.1071768708
0.1924203278
0.1488880478
0.1350979
0.21830911250000004
0.17242602899999998
0.14611207119999997
0.243314582
0.7186743729999999
0.810893454
0.35082310350000007
0.236386373
0.658446505
0.28603388900000004
0.15858107649999997
0.1840597835
0.17721705250000003
0.6060937150000001
0.13189027600000003
0.1115628602
0.12655041375
0.1518488725
0.236520125
0.5249207250000001
0.8255275365000001
0.736915673
0.68896356
0.744068512
0.8684901805
0.9067040430000001
0.9117537945
0.9028127970000002
0.8620771944999999
0.7499530339999999
0.6855649825000001
0.6404743725
0.6202308285000001
0.6475294384999999
0.7095033825000001
0.779373363
0.8328623765000001
0.8940232020000001
0.871076815
0.19078994850000003
0.11311478650000001
0.10436955115
0.1102358318
0.08745993880000001
0.09193352715000001
0.11257728985
0.680601207
0.6640810484999999
0.669821166
0.648708275
0.1429558715
0.13181499800000002
0.6254499585
0.15572684500000003
0.193332852
0.14296569250000002
0.10886353050000001
0.11761259950000001
0.566948098
0.17191271750000003
0.2538548325
0.17615812250000001
0.1314368753
0.136778698
0.24806503750000003
0.635290301
0.6018269480000001
0.180002024
0.19499333750000003
0.22211001850000003
0.675399823
0.8213662505
0.6889270455000001
0.14830664575
0.11141743145
0.12329907960000001
0.6699301080000001
0.690018825
0.09652228750000001
0.06225953965000001
0.056485167950000005
0.05720826065000001
0.06867807270000001
0.128564268
0.874880385
0.8152500965000001
0.8143225460000001
0.879194232
0.7549416480000001
0.709713062
0.7271928575
0.751400484
0.86546729
0.08759364049999999
0.05353752465
0.05184567985
0.05626013519999999
0.0627198437
0.0866104882
0.07465207280000001
0.06677189215
0.06292591405
0.08818280780000001
0.73843817
0.20136874400000002
0.7121439745
0.227373855
0.80673174
0.851021057
0.8842336875000001
0.8975032125000001
0.890595368
0.846094451
0.2350868435
0.786570652
0.07743140565000001
0.05592856530000001
0.058111702400000007
0.07629511849999998
0.07075565970000001
0.07118233709999999
0.07033456535
0.06790270975000001
0.0676750294
0.06702922565000001
0.0812432696
0.123278297
0.12612171125
0.08275592850000002
0.09324863180000001
0.1431300815
0.8650558880000001
0.8542555935000001
0.8270330200000001
0.1035869489
0.09247467835
0.07009274385
0.09433992199999999
0.1737657485
0.88994912
0.8932005005000001
0.8986556875
0.9155988910000001
0.884453033
0.8585064700000001
0.8421216935
0.8255440915
0.1206896977
0.0701896177
0.05537992195
0.0546956002
0.07030986859999999
0.11781541200000001
0.802815124
0.1409019365
0.10928743970000002
0.1427282701
0.7517776610000001
0.8512300440000001
0.5037254320000001
0.3676043285000001
0.12605098850000002
0.12085517230000002
0.0952244292
0.10464998310000001
0.193169327
0.18494591975000002
0.22568078300000002
0.845279828
0.832783563
0.18693708050000002
0.15569489784999999
0.22632497675000002
0.8938013475000001
0.9288864095
0.913344335
0.7404300580000001
0.09903135889999999
0.08723681760000002
0.098959135975
0.2445776965
0.272585674
0.2135537715
0.1738005535
0.25280754099999997
0.8501762845
0.8621563925000001
0.8910186990000001
0.8614775800000001
0.8682513750000002
0.8971866775
0.8697469210000001
