0.7616832300000002
0.6760613080000001
0.348502869
0.379578501
0.7911601520000001
0.8145976515
0.4285225840000001
0.49667502399999996
0.509530963
0.7963710020000002
0.684318471
0.267754078
0.19164961050000004
0.11570474
0.09712196800000002
0.10719432120000001
0.16490306700000001
0.6251781000000001
0.6599720564999999
0.7250387589999999
0.8519281350000001
0.81906498
0.1710699965
0.132925713
0.17423039900000004
0.2018537705
0.8438805925
0.8620230265000002
0.6812443085
0.6784705510000001
0.6896520799999999
0.159692578
0.19793563449999999
0.11562365399999999
0.08906944700000001
0.0832402325
0.08427113174999999
0.08605986525
0.07776436530000001
0.080014998
0.09520329250000001
0.1573229555
0.8209708350000001
0.11527067849999999
0.07233187535
0.07766647354999999
0.13833823949999996
0.8410414740000001
0.10173358635
0.0584940417
0.0552558385
0.07093396475
0.0577235953
0.07471651070000002
0.10553713
0.24473617450000004
0.9025742140000002
0.9213733450000001
0.92842356
0.9191256400000001
0.8906469300000001
0.13860331
0.1284348405
0.0896246103
0.05899657765
0.0651863671
0.096617172
0.6982725489999999
0.13090090890000003
0.1324387591
0.7078947525000001
0.11040746380000001
0.0892257885
0.09656512475000001
0.1186649517
0.69039973
0.09559858180000001
0.067190821
0.06783258965000001
0.09233370750000001
0.21028855999999999
0.6721343835
0.20476208900000004
0.26413852300000007
0.8297544045000002
0.827356825
0.856824555
0.7848967865
0.7873367530000001
0.848698868
0.8421969015
0.7578273640000001
0.73117475
0.7449125365
0.805718055
0.8771316250000001
0.8994859405
0.9001017400000001
0.8857692210000001
0.8410156430000001
0.806208625
0.801281263
0.862834175
0.877679945
0.8395387155000001
0.8751114160000001
0.8454140945
0.186874438
0.1283215365
0.142338713
0.11568150450000002
0.143924722
0.632589923
0.115801837
0.0782934535
0.073520171
0.0888516235
0.14761592899999998
0.150293058
0.7462926300000001
0.180670154
0.07985380980000001
0.07164882215
0.10136874335000001
0.687776243
0.0868182749
0.05203216865
0.047763597825000004
0.05134741470000001
0.09168928945
0.8707156260000001
0.946650101
0.9557382710000001
0.9504685435
0.8894458350000002
0.058936274100000005
0.04092333680000001
0.041885735150000006
0.0490076528
0.05648218110000001
0.06012173335
0.06976779949999999
0.071064567
0.08010374390000001
0.0796558895
0.12537615325
0.16696301600000002
0.7893741830000002
0.682952584
0.699720264
0.7834879945000001
0.6605929039999999
0.5782507979999999
0.5118627625
0.480919421
0.19038788300000004
0.1853843935
0.162456734
0.185688672
0.746767185
0.6161684060000001
0.19703594900000004
0.15478175349999998
0.1112713538
0.10977502400000001
0.6125896675
0.672181861
0.7455752055
0.8964607025
0.9235871135000001
0.9173805605
0.8700224004999999
0.165438361
0.1501376645
0.27044775000000004
0.4047786525
0.8552579430000001
0.859326763
0.36739936450000005
0.173608619
0.1968425785
0.5961695090000001
0.1109752085
0.07459867749999999
0.06838055375
0.09134425980000001
0.7476574225
0.807358868
0.8905459
0.8445463950000001
0.8148489725
0.8251856550000001
0.878733297
0.7598445105
0.09874053900000002
0.07509540275000001
0.08516260505
0.1227685175
0.6654496805000001
0.1156419585
0.0861062546
0.09773714550000001
0.08733317600000001
0.08838694920000001
0.1256135128
0.08247617039999999
0.09922672405
0.7693717800000001
0.7815720745000001
0.8136168430000001
0.872817929
0.1302794962
0.09993902600000001
0.08801532070000001
0.06706348320000001
0.0699093615
0.10829451630000002
0.178784622
0.35722158
0.8688028570000002
0.8211273365000001
0.816177451
0.8529565555000002
0.7269874635
0.33180374500000004
0.3350287405
0.335171853
0.8455346305000001
0.888044547
0.8699613560000001
0.7885005505000001
0.8601087605
0.8495059635000001
0.7315374259999999
0.7061375169999999
0.788844549
0.18238101150000002
0.145767801
0.213169662
0.131355684
0.1132166955
0.1283534215
0.1281481035
0.19442502500000003
0.72978382
0.87363656
0.8810858240000001
0.27101115700000006
0.10188920700000002
0.08818876725
0.1232121021
0.8368497370000001
0.44336001049999996
0.2386953045
0.8454146210000001
0.09175732705
0.05238066895000001
0.04710734615000001
0.04892433375
0.055920988500000005
0.08007758325
0.44177892950000003
0.923370255
0.934952666
0.90592364
0.1585325975
0.150626718
0.810482755
0.855836844
0.8662288895000001
0.8201527260000001
0.12828068650000002
0.13063667240000001
0.7253465320000001
0.1426726075
0.13256151550000003
0.682131485
0.08827015839999999
0.05747035225
0.0596097285
0.0707716125
0.129368253
0.8815864030000001
0.8906193750000001
0.716403855
0.14109102650000002
0.17175579300000002
0.6647847455
0.11653624300000001
0.0993567734
0.0803601612
0.0975425508
0.08997875545000002
0.10811388820000002
0.203794943
0.21062589350000002
0.8171395200000002
0.7977121755
0.200824666
0.1632801779
0.1874194995
0.22090658700000002
0.6561394285000001
0.7065077570000001
0.8280394890000001
0.3335937315
0.27781791100000003
0.09909317105
0.07192699305000001
0.07465527155000001
0.11213862950000002
0.20660125800000004
0.712913601
0.6973776370000001
0.6860992779999999
0.08872758285000001
0.06587249
0.08451062600000002
0.14227383950000003
0.7484773284999999
0.10154630419999999
0.06821027219999999
0.0662094557
0.06691946800000001
0.0680292112
0.07146331900000001
0.08941388180000001
0.0683818578
0.06419070155
0.05742630960000001
0.053372498000000004
0.05268868285
0.05638383220000001
0.10696307025
0.9215788805
0.9393171150000001
0.951062875
0.9324213834999999
0.07595384129999999
0.04775808745
0.052777864800000004
0.052791286650000005
0.08688865330000001
0.8216431395000001
0.8598775015000002
0.206844432
0.14674020350000003
0.7424112760000001
0.09533292420000002
0.06100681385000001
0.06486546680000001
0.116422442
0.8415627585
0.88024449
0.1245698461
0.08929839615000001
0.13053908035
0.8687263435
0.8584577255000001
0.8921072560000001
0.34167050950000005
0.1853529841
0.1196906236
0.15378805670000004
0.8681518840000001
0.8967297175000001
0.78863697
0.20144428100000003
0.17958616484999998
0.11557554415
0.08253801800000002
0.08644450545000001
0.13365796925
0.22496149675000002
0.2579203705
0.236412678
0.14106286829999998
0.14486013625000002
0.4908036465
0.212760675
0.16500481350000004
0.16891205050000002
0.20604674550000004
0.4866086380000001
0.22107330900000002
0.2023766035
0.171763901
0.220069703
0.27073708500000004
0.4458246955000001
0.776873473
0.275008224
0.329255108
0.18612191
0.11186364600000001
0.08575108799999999
0.09113645415000002
0.12539693030000001
0.1391585628
0.1406851425
0.21745946100000002
0.72277624
0.8267449935000001
0.674899198
0.18481771300000002
0.19058392950000003
0.10861596600000001
0.10419123100000001
0.152567809
0.214941236
0.7599401645
0.221538641
0.22770715900000002
0.5989294265
0.611348841
0.6639899345000001
0.8332542350000002
0.829909433
0.3617650125
0.67030265
0.18485712480000002
0.08030530135
0.07015802055
0.08331679680000002
0.092223157
0.09628427049999999
0.1775781875
0.8804476800000002
0.8853247390000001
0.7325948360000001
0.760026353
0.880945059
0.784996687
0.736983976
0.0732624155
0.0511516281
0.0498906058
0.055618196249999995
0.08169538100000001
0.08415149360000002
0.3107892735
0.9048732845000002
0.8884016435000001
0.1523352392
0.1375237675
0.8385282880000001
0.9199978750000001
0.9325465695000001
0.9151608075000001
0.9300394840000001
0.9039254200000001
0.1438434245
0.1586768917
0.873139362
0.8342957845000001
0.0799762541
0.049437766675
0.048504112150000014
0.0471495067
0.04908913610000001
0.05201571855
0.07965520450000001
0.778377893
0.8211245375
0.9259886275
0.92367262
0.21347908200000001
0.0633081602
0.04551879
0.04421236365000001
0.04808920205
0.05709162425000001
0.11071400335
0.8861944985000001
0.889763238
0.8776134845000001
0.873595996
0.157354959
0.08414188
0.09883043695000002
0.6904428250000001
0.09202341420000001
0.0631898622
0.0674595958
0.12058816015
0.8516074435000001
0.8917811250000001
0.1121977257
0.07065451180000001
0.10047388385000001
0.0660165742
0.05842893560000001
0.07375298050000001
0.11481015625
0.78568954
0.5833592904999999
0.9088908505
0.920483637
0.8837751679999999
0.1837461255
0.16798088849999998
0.692145235
0.3376544905
0.27564170050000003
0.11696899600000002
0.0983811708
0.127355635
0.140312207
0.6557716180000001
0.6371255499999999
0.6312701485000002
0.1690039295
0.15874395675
0.2519541275
0.239952088
0.16709759950000003
0.224471461
0.631890182
0.225086627
0.31009331250000005
0.22262617850000002
0.19547548799999998
0.6128115735
0.18930566100000004
0.13586779375
0.1213938975
0.13235025130000003
0.312050433
0.35064982499999997
0.631941378
0.31665004849999995
0.22572590700000003
0.1981842005
0.24466953050000004
0.8117620440000001
0.8095718075
0.646810238
0.619945238
0.20949220200000002
0.22704857300000003
0.1121142745
0.114022481
0.1834316265
0.8304399915
0.88623039
0.9243628915000001
0.891629752
0.11320002500000001
0.07101960605
0.11320327540000001
0.18921652649999998
0.48862702599999996
0.839844871
0.16412216999999998
0.088044397
0.08199429120000001
0.1108243935
0.14524980099999998
0.24207500550000002
0.12925224200000002
0.104804343
0.113038512
0.149122282
0.16593217100000002
0.16128129750000003
0.7026762289999999
0.7326283330000001
0.842967349
0.7402372225
0.697890295
0.18388139300000003
0.12332939550000002
0.13130652
0.129044295
0.731061502
0.7151860074999999
0.6986823400000001
0.653055131
0.154616824
0.20495521749999998
0.16327555550000003
0.32804627500000005
0.7999392370000001
0.8472514880000002
0.8948550249999999
0.873512273
0.7269614399999998
0.22526427700000004
0.34439833400000003
0.311211422
0.1965519195
0.275452648
0.13728321400000001
0.1270106922
0.16632468700000003
0.180177349
0.3288685195
0.6450776115
0.596955447
0.20320467600000003
0.212142149
0.19157145050000002
0.6351311369999999
0.7526551450000001
0.18522538300000002
0.15262408000000002
0.163401904
0.16770507799999998
0.17220414600000003
0.20365244200000004
0.13307102150000003
0.1912353465
0.8058957920000002
0.846774463
0.8817073875000001
0.3175940455
0.16293893399999998
0.20803538150000003
0.31653590349999994
0.41858586500000006
0.632051495
