0.83312086
0.8468856940000001
0.8548768740000001
0.780621623
0.6425591999999999
0.2426435
0.314420886
0.22846066300000004
0.26269022599999997
0.7593321765000002
0.673159557
0.28264707950000006
0.20500034299999997
0.1153394385
0.0929977485
0.10133471100000001
0.12686339380000003
0.1265407915
0.1837182215
0.7016687730000001
0.8446524995000001
0.8235159145000002
0.8684444230000001
0.8065077525000001
0.798792204
0.866211551
0.8598028015
0.764681115
0.7294599
0.8041297820000001
0.729004559
0.6797027455000001
0.6374712965
0.6333947595
0.2135567745
0.1295065495
0.1069304854
0.12459870675000001
0.6337643285000001
0.12071044500000001
0.10466726800000001
0.17314002520000002
0.11232899495
0.07803828575
0.0762313506
0.1023481927
0.792619343
0.8886326105000001
0.818810425
0.899773488
0.22262530800000002
0.0812507165
0.05262275505
0.0499578756
0.054692722150000005
0.0667738529
0.078494917
0.08993307385000002
0.1177957479
0.10537320775
0.6964888135000001
0.10012543145
0.0827321431
0.17593195250000002
0.8986677475000001
0.9031578975000001
0.9113154430000001
0.112984021
0.05251964375000001
0.04913955885
0.07200232070000001
0.1442157895
0.9038389275000002
0.93049708
0.9127439850000001
0.8760445000000001
0.08257858080000001
0.06749895349999999
0.0506441723
0.05529157715
0.0682735328
0.06150405105000001
0.06007023710000001
0.058639284900000005
0.0591491527
0.0673225633
0.1149367147
0.14451733675000003
0.14759929730000002
0.1545387122
0.8939536635
0.888104714
0.11365415280000002
0.0915086217
0.14223413599999998
0.17508881599999998
0.7909481275
0.8113197310000001
0.8316636865000001
0.8454272850000001
0.8697278620000001
0.896961063
0.8639946700000002
0.8274333650000001
0.8418029120000001
0.8375302740000001
0.814343931
0.78292355
0.10144048110000001
0.07300348815
0.08583252575
0.18843940450000002
0.13218460675000002
0.08887185049999999
0.0817047977
0.08360901750000001
0.09733675630000001
0.134022684
0.2980358195
0.7682975980000001
0.8290077065000001
0.888747709
0.8967024850000002
0.87041831
0.6170956974999999
0.322339135
0.32173058200000004
0.6009556349999999
0.8395187150000001
0.8165952365
0.8062678350000001
0.8595603485000001
0.8527667100000001
0.774666806
0.7638640360000001
0.795040308
0.8789718445000001
0.9073015300000002
0.9063156800000001
0.8735615060000002
0.7091154635
0.245320654
0.246505986
0.258286042
0.7306222765000001
0.19740992400000001
0.164149786
0.22807307950000003
0.164173644
0.20693453300000003
0.7918600465000001
0.692749115
0.6637577865
0.661850685
0.687465768
0.7235539825
0.8190367080000001
0.703942103
0.1825791578
0.20264934620000002
0.1145906763
0.11014825949999998
0.17638972325
0.14994607550000003
0.6181754490000001
0.31234840499999994
0.6083552440000001
0.16650457200000005
0.16247377274999997
0.1531099819
0.6992220055
0.860244258
0.8649685380000001
0.734478246
0.8249400800000001
0.7004163004999999
0.6995791875
0.829255557
0.7367911335
0.7252214685
0.8318253530000002
0.09956784800000001
0.0586351619
0.0545351446
0.0567732258
0.06276809875000001
0.06721636700000001
0.06526123065
0.06010259825
0.06528333265000001
0.1025250024
0.8130272165000001
0.8791366635
0.160998399
0.15309675800000003
0.794990025
0.7834847085000001
0.08169755810000001
0.05334552855000001
0.051949389049999996
0.05335558540000001
0.05776938895
0.06013360425
0.0620135292
0.12596371465
0.12333176800000002
0.884190588
0.8756429015
0.870188622
0.0892174895
0.0619462619
0.06412264059999999
0.12561103975000001
0.22630802849999998
0.8264220240000001
0.1162849733
0.1032520883
0.08301556165000001
0.10762683475000001
0.8287657405000002
0.8095927245
0.1308853308
0.12712473510000002
0.72522514
0.09157317065
0.06628892765
0.08969917595000002
0.19018321200000002
0.1586550423
0.0675834313
0.05905355855
0.059380657200000006
0.0772102103
0.11513328800000003
0.8446934655000001
0.7291839480000001
0.7468439450000002
0.8583987115
0.7664851645000001
0.7961631600000001
0.8893496075
0.8331167595
0.800128005
0.8554368565
0.11614509579999999
0.07858037735
0.079706918
0.16421579800000002
0.7040721205
0.1337247301
0.14413252799999998
0.09345663530000001
0.0998397176
0.1302505683
0.09904316480000001
0.09583925580000001
0.1094680832
0.1391000265
0.118415837
0.14516783175
0.5925259380000001
0.1721584215
0.17875503049999997
0.23622184850000003
0.7951476025
0.7998102340000001
0.3439884455000001
0.3890424715000001
0.24995161600000004
0.256607763
0.7229551179999999
0.2230727785
0.220540567
0.261945814
0.1943824855
0.23796282400000002
0.8576774575
0.877347885
0.7106186355
0.10634432300000002
0.08027140610000001
0.09921580345
0.6476027940000001
0.18137201850000004
0.174006798
0.247968834
0.6931310720000001
0.10704449745
0.07836767225
0.10652963900000002
0.684938285
0.10052812455000001
0.07201808095
0.06674990340000002
0.09557297450000002
0.8090395580000002
0.8562401390000001
0.8983902305
0.09811974575000001
0.05800046385
0.056127900550000005
0.07935506560000001
0.7688105975
0.2661033125
0.8943785870000001
0.9389101590000001
0.9471149950000001
0.9258241550000001
0.07386593279999999
0.04487171140000001
0.0430188731
0.05151786400000001
0.0979481287
0.87748407
0.892173889
0.904376205
0.10149054510000001
0.06985809755
0.09971516590000001
0.1112504333
0.6988276105000001
0.1024461028
0.0778734329
0.1029554575
0.6813817409999999
0.1899289414
0.1627345765
0.32724331400000006
0.809822092
0.14931949020000002
0.1104423912
0.1409950235
0.680552813
0.7834304375000001
0.16349899975
0.13519755649999998
0.1732867463
0.234309467
0.19034300450000002
0.5966881490000001
0.47536686600000005
0.172452106
0.160958736
0.17228211299999996
0.22576333700000004
0.7658510060000001
0.5075611445
0.302949054
0.406462657
0.6100027880000001
0.173034544
0.14300954770000002
0.166017466
0.1615480045
0.547112535
0.21645424850000003
0.23922043200000004
0.7786395880000001
0.684519696
0.658695885
0.6618267885000001
0.7623110225
0.16405605350000002
0.1206954259
0.13531081800000003
0.6502092449999999
0.27357389000000004
0.12671842349999998
0.1353035917
0.666560382
0.10234269300000001
0.07502215480000002
0.08031686390000001
0.08649785959999999
0.14521773999999998
0.8265553375000001
0.11578765580000001
0.07640018650000001
0.090311963
0.07384425900000001
0.103713707
0.787969226
0.7223907425000001
0.1460003123
0.15189671700000001
0.8358301290000002
0.8734656960000001
0.9055253825
0.1324683545
0.072761927
0.0751723562
0.061202757
0.08682049975000002
0.845635715
0.8685034150000001
0.9066617535000001
0.9048100475
0.26710636300000007
0.760426581
0.08590655465
0.072323407
0.08445502
0.26201823300000004
0.902332533
0.901728622
0.896167259
0.139207137
0.12381308240000001
0.70775447
0.09415278455000001
0.077850702
0.08097910820000001
0.07906883914999999
0.1287003875
0.817236575
0.13119581840000002
0.0993688617
0.207128272
0.68606798
0.15229302525000005
0.1775329725
0.8036140965
0.15387827650000002
0.157771055
0.224168219
0.7110809414999999
0.11473044100000002
0.08329917769999999
0.08646102050000001
0.10108292500000002
0.181956006
0.11127487600000001
0.136662963
0.08009852049999999
0.0789645702
0.12663592399999998
0.7494637315
0.09912678350000001
0.06378795495
0.06240130600000001
0.10131577825000002
0.8763710145000001
0.920482208
0.8925455595000001
0.836196081
0.23495604050000002
0.7544139700000001
0.09854434410000001
0.08326853660000001
0.13388005435
0.8291332600000001
0.09972142249999999
0.060601572250000006
0.0601725639
0.07440909075
0.07973230680000001
0.10860981625000002
0.1310073225
0.7286985159999999
0.8211671669999999
0.7437481175000001
0.723904178
0.7270876775
0.807642965
0.6948150650000001
0.6972418235
0.8080278295000001
0.13385743600000002
0.09270979255000002
0.09116746545000001
0.13500441000000002
0.8173641000000001
0.33585258749999997
0.1815869725
0.6084092120000001
0.12892695150000003
0.1302778989
0.7898432245
0.8703300745000001
0.45115835100000007
0.906036402
0.9046031915000001
0.09695656600000001
0.0708410938
0.04608181580000001
0.045496168600000005
0.0550335794
0.1196937622
0.9031197545000003
0.9288942880000001
0.93012105
0.911870315
0.134741493
0.053122690900000005
0.043990407950000004
0.0470984229
0.05824849245
0.08908468600000001
0.8431422585
0.8699001240000002
0.430122722
0.894408681
0.8837746365
0.1500513095
0.14360198200000004
0.6624805025
0.178602709
0.2713536335
0.817185787
0.125917366
0.0798637775
0.08320003599999999
0.11718480775000001
0.7264295210000001
0.8281660715000001
0.7491237420000001
0.762776102
0.8412439515
0.7781951679999999
0.7973250500000001
0.256735957
0.229066236
0.6032391159999999
0.6074006780000001
0.23068977300000001
0.270797366
0.170339131
0.17074620675
0.55145535
0.26291083350000005
0.23667392050000002
0.3135148205
0.7248004900000001
0.19765006050000003
0.14814783050000002
0.1721755545
0.22973479700000002
0.7689398480000001
0.44539553600000004
0.19273336749999997
0.15057675750000002
0.14836153350000003
0.11473173150000002
0.1103502295
0.14034179200000002
0.1311901995
0.17648739700000002
0.7970408245000001
0.6975763195
0.703704835
0.7405465180000002
0.8346890685000001
0.677450477
0.1808406575
0.17675154550000002
0.29929111
0.7362985340000001
0.8663444705000001
0.8588516695000001
0.3908183675
0.17411901
0.1598525355
0.20831126600000005
0.8304431500000001
0.8420225950000001
0.1373682511
0.08865530719999999
0.09479108975000002
0.1360278835
0.884959927
0.921825412
0.909877893
0.8032603340000002
0.90273324
0.8849289214999999
0.07714725374999999
0.04612451145
0.0418593203
0.0459435455
0.05885125815000001
0.1055595648
0.8984258470000002
0.9011182700000001
0.9071707200000002
0.9228879425000001
0.9027233645
0.8979410790000001
0.913053776
0.89650454
0.8962614020000002
0.9179711425000001
0.9013236975000001
0.08600629825
0.059044408400000005
0.0566066972
0.05686039685000001
0.0667534083
0.092299837
0.663309197
0.10546513520000002
0.08328103649999999
0.106339744
0.1649251335
0.8187673424999999
0.7412738
0.7241978280000001
0.7885402439999999
0.19433319150000003
0.16129175499999998
0.1660346295
0.23305202600000002
0.721466958
0.25783483700000004
0.23145279600000002
0.5787456980000001
0.695376335
0.2252684855
0.21670196800000002
0.3012956975
0.543078539
0.8735072260000001
0.868081999
0.126871893
0.0702675463
0.05738886905
0.06722740949999999
0.07411805915
0.14820135050000002
0.1980833085
0.7658290255
0.112572273
0.0612954994
0.060478825550000004
0.10843475630000002
0.871107263
0.9057001335
0.921311431
0.9329258670000001
0.9428543665
0.9348417625000001
0.895268918
0.1049394577
0.0505834246
0.0503899128
0.08105385955
0.0868840845
0.1008902003
0.10494990775
0.25003113050000003
0.855554837
0.7973185265000001
0.8758099975
0.855839152
0.679440134
0.6093272035
0.554276473
0.5529942715
0.5957753005000002
0.6544126119999999
0.7262237095000001
0.7764408700000001
0.80927733
0.858274652
0.8552139320000001
0.83867921
0.815236965
0.786390752
0.7371658800000002
0.1175300895
0.07705447490000002
0.0696948585
0.0811084015
0.14683770000000002
0.22728180150000005
0.883949646
0.8777900825
0.8671834119999999
0.9070365715
0.9127465700000001
0.9030428600000001
0.906134067
0.895363167
0.8900308455000001
0.8946198785000001
0.90083457
0.8695630480000001
0.8189102930000001
0.2619625785
0.143962015
0.10028652125000001
0.1007449298
0.1496636495
0.19624675400000002
0.8027388590000001
0.7634883130000001
0.7487295985000001
0.7813196715
0.8085461410000001
0.832348095
0.7164418635
0.64112336
0.1605262705
0.143079634
0.1749422655
0.631851013
0.7580099965
0.2559309765
0.1688520505
0.1564648205
0.18911986550000004
0.7153988955
0.22597532300000003
0.201123157
0.520752587
0.16194244250000003
0.14391881799999998
0.161037125
0.5439821245
0.1581354375
0.130579649
0.14291785425
0.647572897
0.7275556015000001
0.8116403785000001
0.8795380680000001
0.843824827
0.8094149180000001
0.78308422
0.8083530329999999
0.17017367
0.12396602150000001
0.144461044
0.4876430755
0.158728536
0.142495451
0.16693153500000002
0.67797253
0.824485907
0.8539631020000001
0.7826928400000001
0.821121348
0.23539190450000003
0.1299899505
0.11144093960000001
0.13378106390000002
0.154740006
0.32935697100000005
0.8386980700000002
0.3399100045
0.11667383420000002
0.1073880724
0.5214690785
0.10909983880000002
0.1098253455
0.27267090599999994
0.866250344
0.8061886260000001
0.7825714940000001
0.7826782495
0.7874123445
0.7651735850000001
0.0953388944
0.08840949270000001
0.05869854840000001
0.0484348095
0.053466074550000006
0.10134566
0.8788146975
0.9319995715
0.9427166250000001
0.939691221
0.9124997650000001
0.8826439595000001
0.9044710350000001
0.1292952543
0.05328044040000001
0.051268814700000005
0.0734363945
0.08919291900000001
0.13231485499999998
0.8540720135
0.8772209710000002
0.906472091
0.882298871
0.879742445
0.9001969830000002
0.8404933330000001
0.16168655499999998
0.0957392085
0.1070795038
0.5947019615000001
0.10535853125000001
0.0969547519
0.16632209500000003
0.663467401
0.201385864
0.14687626575
0.2277162235
0.1540894835
0.220799467
0.341762664
0.7122865690000001
0.710599018
0.7372981090000001
0.769831065
0.8001890745000001
0.8555357830000001
0.7711021539999999
0.146557994
0.11729984250000003
0.16918550250000003
0.10455962749999999
0.11142112400000001
0.16508798349999998
0.20974527450000005
0.1026536655
0.087244914
0.09621228679999999
0.170639659
0.775439329
0.7778004930000001
0.7920909375
0.31734429399999997
0.12312876950000001
0.09115719029999998
0.0947256834
0.1580513805
0.6763249979999999
0.780233955
0.657564841
0.6291659865000001
0.25986344600000005
0.1403791035
0.123383301
0.16246355275000002
0.6552449480000001
0.7400718199999999
0.849709705
0.8313353200000001
0.8893036805
0.8831263895000001
0.8121779899999999
0.7938176555
0.7936834930000001
0.7946933525
0.8429028105000002
0.329018596
0.1257170045
0.11238130050000003
0.17803314550000002
0.660785814
0.25044934049999995
0.1271239065
0.07489959675
0.06281393115
0.07199836609999999
0.0719540061
0.121325462
0.9019188875
0.9252825750000001
0.9027104820000001
0.8759832990000002
0.8358005650000001
0.7930831970000001
0.7525426425
0.0808912069
0.0642644067
0.09622935220000002
0.07522374275
0.0941114097
0.21715373400000004
0.2989648465
0.8350312550000001
0.7174694595
0.6459181540000001
0.1575530635
0.1208017334
0.1333981485
0.7081734274999999
0.8431005899999999
0.7764840025
0.7863253330000002
0.889208736
0.879967158
0.7562236935
0.708423235
0.6820511335
0.1060757565
0.0782529995
0.0698568505
0.112052961
0.12233007950000001
0.1469179905
0.1510334455
0.15571297850000002
0.13110273100000003
0.16415609099999998
0.20692627849999998
0.5612646835
0.5582969725
0.25231520900000004
0.23311977250000002
0.2079661995
0.273537403
0.22137298850000003
0.6855382050000001
0.8067509350000001
0.7351760225000001
0.7222396175
0.823568127
0.6496239300000001
0.11996690350000001
0.09985074050000002
0.11671753325
0.629734034
0.23433808700000003
0.7132397865
0.2524464805
0.11426131950000001
0.08519979899999999
0.11135522090000001
0.0836298465
0.077504808
0.09314009649999999
0.06848230300000001
0.06410801175000001
0.05678944585
0.051705790950000004
0.05030354202500001
0.060045494000000005
0.2050799793
0.908015881
0.9454510035000001
0.9530061360000001
0.948330886
0.908481041
0.0914205518
0.0522010689
0.05212489645
0.08024255150000001
0.705199552
0.0969192038
0.0862517987
0.07889736885000001
0.1420196305
0.8827063525
0.8515981270000001
0.8451985060000001
0.8927291955
0.8081710035
0.793515733
0.8645089175
0.13830418150000004
0.175103631
0.11345805125000001
0.08800928370000001
0.15374822425
0.12477056945
0.11988775830000002
0.6661914170000001
0.12521504885
0.10496430965000002
0.193840465
0.8605106695
0.8524201770000001
0.18649887975
0.18933049940000002
0.1587290225
0.301313259
0.3382324705
0.31995423400000006
0.213344032
0.28317296000000003
0.15237188150000003
0.1696134135
0.5962474929999999
0.2738060035
0.48816513650000004
0.487849533
0.6214902295000001
0.558572834
0.18114242800000002
0.172511619
0.224294958
0.337455948
0.869466122
0.8847753654999999
