0.8568278390000001
0.8903263815
0.9130696175
0.8900534595
0.34054267599999993
0.19297228300000002
0.184108707
0.20845314250000002
0.8194034364999999
0.8962904355000001
0.8940222870000001
0.805175011
0.7802234799999999
0.8668460775000001
0.418884215
0.35934838700000005
0.37660301650000005
0.39964202299999996
0.7226697520000002
0.7220515310000002
0.09574523630000002
0.06842964215
0.10360660575
0.05818327094999999
0.058368575650000004
0.05947096375000001
0.10415010010000002
0.91268114
0.9462746380000001
0.93471316
0.08028248035000002
0.045657123749999994
0.04259032985
0.046643838949999995
0.05220885825
0.06789004370000001
0.1216411471
0.8864572150000001
0.8781134150000001
0.1546405165
0.12662676975
0.6217428895000001
0.08799536875000001
0.060702301900000005
0.071316564
0.12970489750000003
0.9070433735000001
0.933287091
0.9094036455000001
0.868195126
0.8190732815000001
0.7529825415
0.06570698295
0.0482625689
0.048012406400000006
0.0512285332
0.072307225
0.12675458199999998
0.8818333745
0.897209002
0.7817398335000001
0.7436690675000001
0.09175839079999999
0.05951969215
0.061804296700000004
0.0707193005
0.11987679749999999
0.150236505
0.14362041150000004
0.12086928625
0.7760715070000002
0.7760978105000002
0.10212398
0.06389412409999999
0.06555056895
0.1129147187
0.8370980295000001
0.11360376810000002
0.07797813110000001
0.1098500741
0.8639450104999999
0.8830719100000001
0.8459182080000002
0.0802596555
0.04902761885000001
0.0441645384
0.04734788480000001
0.0518152656
0.074144328
0.2059200646
0.8965016285
0.8811456425000002
0.165949526
0.174428986
0.23696823900000002
0.81731542
0.20052433200000003
0.13099800150000002
0.0920346835
0.09164329710000002
0.13100344365
0.7634126800000001
0.6439835249999999
0.608863648
0.178571084
0.146796774
0.201393441
0.7405863690000001
0.18458336650000004
0.1544772525
0.24448254800000002
0.594489367
0.659456105
0.741499242
0.8973700729999999
0.9243481315000002
0.9194807030000001
0.891879647
0.188640552
0.08852980299999999
0.06622288800000001
0.0618078537
0.0781855051
0.08954652830000001
0.172906469
0.17146903930000001
0.25852602550000003
0.143582546
0.1190973585
0.132794516
0.666375397
0.7851800250000001
0.6299002530000001
0.2431489235
0.297172911
0.21722397300000001
0.5189229745
0.50705771
0.3224510675
0.310408347
0.374668118
0.821407802
0.7229680525
0.70353654
0.22886824850000004
0.1999293455
0.08254292599999999
0.0634848647
0.06866146370000001
0.0626075137
0.0719855875
0.1294437755
0.8889213575000001
0.8971368120000001
0.711894243
0.1298865375
0.1324302065
0.8011741175000001
0.922208175
0.93458328
0.9057502860000001
0.0812492188
0.05428005200000001
0.05958591105
0.08083977145
0.818303495
0.8659818210000002
0.9120758230000001
0.870229083
0.83479209
0.8457468215000001
0.8526604495000001
0.873375526
0.916573068
0.9196835285
0.8792470025000001
0.835562104
0.7771916549999999
0.10822137694999999
0.11794001660000002
0.07787197164999998
0.09978844505000001
0.7971843890000001
0.8724342150000001
0.1483816075
0.135715612
0.6961711525000001
0.09438114925000002
0.06830664535
0.07725712745
0.16425387924999998
0.14123258175
0.12523335575
0.18936734900000002
0.30719341250000004
0.7023531620000001
0.6702962940000001
0.6419078855
0.445324432
0.428358626
0.4007799205
0.6331359790000001
0.6442724280000001
0.6348621600000002
0.6477272000000001
0.618230697
0.20077941900000001
0.19593054550000003
0.1694892785
0.204858511
0.36031040949999993
0.6450770475
0.8883662290000002
0.913500647
0.9055681290000002
0.8618844920000001
0.405319234
0.239412153
0.191762553
0.398462314
0.18407403200000003
0.185597477
0.2426939655
0.7726602165
0.7713904835000001
0.868244185
0.8713821100000001
0.8021162865
0.7424216770000002
0.68755005
0.6302543270000001
0.6156990375
0.6435630429999999
0.7137051955
0.8188011880000001
0.800894819
0.269956287
0.225580691
0.213119353
0.5077690375
0.37359743199999995
0.32585450000000005
0.3637059965
0.24091315100000005
0.1547801875
0.13583472550000003
0.15835133450000002
0.1594877025
0.4906114195000001
0.32616908349999996
0.678249163
0.8442240595000001
0.86304796
0.7655969585000001
0.8114227030000001
0.43901783400000005
0.2413397465
0.149340825
0.13989768400000002
0.4768338515000001
0.16650040400000002
0.173008151
0.2587502595
0.7634738605
0.295235089
0.201099926
0.25600654200000006
0.14127166450000003
0.14168244700000002
0.1122730863
0.12134652050000001
0.16471628600000002
0.19963215650000002
0.7641728030000001
0.3621912545
0.385355537
0.3426471160000001
0.5306436710000001
0.1855471865
0.19383291599999997
0.192302962
0.6554279235
0.7258240354999999
0.8521966735000001
0.835946107
0.6017897950000001
0.147787911
0.1208773165
0.1559940095
0.29755115600000004
0.800257584
0.6912251925
0.6953353250000001
0.8495363415
0.8528652635000001
0.27394845500000004
0.122140125
0.1453445665
0.09891371900000001
0.0899462482
0.145710399
0.15667332350000002
0.1544795115
0.8058437140000001
0.11027085715
0.0731219248
0.07462040305
0.129779377
0.8799576395000002
0.882941449
0.11121868075
0.08958515525
0.17827660950000004
0.26330677950000003
0.9057373850000001
0.9104157950000001
0.8853300655000002
0.186102045
0.0860451685
0.07143114295000001
0.11451320395
0.8895584525000002
0.922449695
0.900645315
0.12080868830000001
0.10889332445
0.26629639199999994
0.8232038300000002
0.23695162450000004
0.7007122964999999
0.16334197949999998
0.13178358850000002
0.11700856065000001
0.09618018470000002
0.1562528725
0.1266091842
0.1009231585
0.120504553
0.136649331
0.180324432
0.203709323
0.222238777
0.243477373
0.632351368
0.6087977535
0.5840009424999999
0.608856508
0.6102955
0.619021608
0.6244774145
0.673175539
0.7269855390000001
0.841816945
0.53427806
0.3721085150000001
0.27607932150000003
0.1352078415
0.0861459748
0.07459194150000001
0.08229171985
0.1209012695
0.20442433150000003
0.179229433
0.09445144729999999
0.06784715799999999
0.06980426305
0.10486693660000002
0.7251486020000001
0.08888873290000002
0.061067294700000004
0.06634092970000001
0.09621090305000002
0.06224679245
0.0542408928
0.0923351376
0.07696014470000001
0.11910644010000002
0.9188799430000001
0.94530671
0.953580577
0.9541232390000001
0.945465072
0.870982073
0.05466894765000001
0.04004772465
0.04370140325
0.0511070079
0.07550010955
0.06611089185
0.06209506185
0.06239933105
0.06380106875
0.06267211795000001
0.06549294335
0.07995241355
0.12102348730000001
0.1114128115
0.12057110050000001
0.15237771420000001
0.1375106397
0.1495229865
0.797560166
0.707823891
0.739262085
0.8316098015000001
0.7305054955000001
0.6825374030000001
0.6614683150000001
0.6722048865
0.1218138238
0.089309677
0.06952393379999999
0.0710534275
0.06499999220000001
0.06154421360000001
0.0565348507
0.06171465140000001
0.1086359355
0.860146665
0.8724998995000001
0.8809962165000002
0.8772228305
0.16227469800000002
0.05930823465
0.05210292375
0.070401501
0.06122726195
0.05568740760000001
0.05812594645000001
0.08325178375
0.21488694900000002
0.8984392370000001
0.9020096405000001
0.748976549
0.1920126695
0.6779740145
0.08020711999999999
0.06338167915000001
0.06313304675
0.066964048
0.06943965960000001
0.0848601325
0.063578555
0.05847361995
0.0652052193
0.12429700950000001
0.8947970215000001
0.8981067985
0.206018026
0.26120797650000005
0.83660547
0.11029759680000002
0.07687517095
0.09846872715
0.812514331
0.850584921
0.8538777359999999
0.788958153
0.0958489945
0.0802695555
0.14694475899999998
0.888481915
0.9103894810000001
0.33114294000000005
0.181057976
0.7640866305
0.7379179885
0.08187444249999999
0.057825594200000004
0.05833141365
0.0727798823
0.08449292700000001
0.08888321829999998
0.125781167
0.0946851215
0.077365113
0.1033871075
0.6344747030000002
0.19450565050000002
0.6921993675000001
0.6916405629999999
0.13129097709999998
0.1383214028
0.07842046115000001
0.0886399619
0.1370565415
0.155033505
0.15671206610000002
0.1094105346
0.150778851
0.864525427
0.1017999185
0.05764093095
0.051271365049999996
0.049837653925
0.047961878750000006
0.04666037965
0.04941361695
0.07672125975
0.8768511425000002
0.8915880985
0.9491467645
0.9507001435000001
0.9187987760000002
0.8822565645000001
0.07080690445000001
0.043040956600000006
0.039786096
0.04507545095
0.0523233972
0.06351946295000001
0.1423825535
0.7720926940000001
0.213669479
0.680870583
0.1090821835
0.09314875505
0.1715543025
0.8436093520000001
0.204644473
0.14323475800000002
0.13545621280000003
0.0833197795
0.09685024525000002
0.11810749400000001
0.7883425615000001
0.9027150825000001
0.9181184765000001
0.8915751519999999
0.7310698255000001
0.6649728189999999
0.674760447
0.6767716635000002
0.662157295
0.179502783
0.1455072975
0.1088372895
0.09935169850000002
0.115675447
0.095576396
0.092147055
0.11239392450000002
0.624451917
0.635839383
0.6767603179999999
0.7537168649999999
0.8081829820000002
0.8435966250000001
0.8697934770000001
0.830021205
0.8009122335000002
0.8208192500000001
0.8856899349999999
0.9002602550000001
0.855381092
0.16134110200000001
0.1300604955
0.14920739800000002
0.26322387150000004
0.6623270385000001
0.7928426285000001
0.690611729
0.6847990015000001
0.4406154715
0.2803395395
0.8273518630000001
0.112023202
0.06695361375
0.062291787050000005
0.055707772600000004
0.05342786580000001
0.05265180985
0.05229159755
0.0618438402
0.106542229
0.8502129490000001
0.26234865
0.808444577
0.8863116995
0.9368285169999999
0.920903679
0.9126404840000001
0.9148831945000001
0.07777829039999999
0.051481194300000005
0.0663654343
0.055202986350000004
0.055734633400000004
0.06274751560000001
0.0658691678
0.0690496775
0.06631941350000001
0.09662994949999999
0.61416667
0.1672942625
0.26149752400000004
0.8336316100000001
0.7244691879999999
0.6868291639999999
0.667606128
0.1228316462
0.07373410650000001
0.05819430700000001
0.06050348380000001
0.09720546020000001
0.7941662725
0.8908830440000001
0.7786624970000001
0.7534562
0.0979423813
0.069366963
0.05696099335
0.0589341922
0.070260826
0.1068343723
0.737846808
0.2258074085
0.7376904080000001
0.0928363797
0.058932427550000006
0.051928489900000006
0.0575533689
0.09592168330000002
0.8856984320000001
0.9077837980000001
0.9154346705
0.861297052
0.07579814385
0.050962407800000005
0.04976660890000001
0.05845657935
0.09038441625
0.7530653330000001
0.2918509975
0.860219935
0.1108643275
0.0832952597
0.062377747
0.08009650850000001
0.16841591050000002
0.3615451545
0.896338496
0.7835037415
0.09218769350000001
0.06489123600000002
0.06417150365
0.1056898587
0.28280431650000004
0.8471452450000001
0.129311377
0.0742443045
0.062364910050000014
0.06969806325000001
0.10175246565000001
0.708258841
0.13988186200000002
0.0974596168
0.1333066035
0.8768175625000001
0.8848720370000001
0.8823435510000001
0.8721412529999999
0.855280114
0.8237699575000001
0.763577704
0.09966782049999999
0.09547661000000002
0.213429233
0.7312435845
0.124214745
0.09798491030000002
0.151953648
0.769065097
0.1985459305
0.23627388100000005
0.855853502
0.8582152550000001
0.6805904365
0.161996903
0.230525074
0.1792595195
0.586603692
0.27266054300000003
0.3157932455
0.47978901400000007
0.7351661720000001
0.8399144284999999
0.731724077
0.2349190905
0.359169955
0.12971710400000003
0.10280284250000002
0.093989974
0.10850813030000002
0.15652066050000002
0.221053205
0.46615891200000004
0.821464485
0.47950479
0.26946957450000003
0.33307356250000003
0.613177691
0.5874586820000001
0.2046850955
0.179596477
0.2978943405
0.270026288
0.607077935
0.6348799440000001
0.708333687
0.857401434
0.852137265
0.69254434
0.26904622850000004
0.6147007190000001
0.1168365235
0.1210505005
0.12284544549999998
0.15747398900000004
0.2752999705
0.22068561
0.2214509575
0.3581345375
0.8161408015000001
0.7420820715
0.822804856
0.7007839235000001
0.622806296
0.18148036999999997
0.1774168185
0.15168257249999997
0.20444442300000001
0.248790512
0.559930502
0.8089287194999999
