0.8384523950000001
0.834484959
0.8429442805
0.738013313
0.277690001
0.24405342600000002
0.53951013
0.34172326950000004
0.34843868850000004
0.6213326205
0.352072873
0.25317418
0.1819075805
0.2125092435
0.214549626
0.6922663725000001
0.8003392110000002
0.672277564
0.618412298
0.553480856
0.5349408720000001
0.15909172600000002
0.204173881
0.1846688685
0.1694936025
0.742473308
0.7577634635000001
0.7479438800000001
0.272874541
0.246054306
0.21365280749999999
0.200852368
0.693095457
0.8069503650000001
0.7045797595
0.644167096
0.7162502155000001
0.8480668550000001
0.8655609215
0.7951920769999999
0.782800894
0.8271204585
0.702629758
0.16609986300000001
0.14814896970000002
0.1967127765
0.315020033
0.861800223
0.871140584
0.894488701
0.8333893300000002
0.75449333
0.35738964599999995
0.277194569
0.21223217849999998
0.252489159
0.788423662
0.7499337550000001
0.8093436865000001
0.70272805
0.62900144
0.1961324775
0.181358358
0.1401894747
0.17661998575
0.1833269102
0.6741552749999999
0.688778842
0.692110768
0.6608031150000001
0.15314558150000002
0.177517944
0.10609013070000001
0.10087169250000001
0.1357631095
0.6518304285000001
0.203178208
0.30429354150000004
0.12302771100000001
0.0907098215
0.07768688920000001
0.0708103787
0.0726660817
0.09706038865000002
0.11409519515000002
0.145090064
0.8505272275000002
0.736266134
0.10781512525
0.10040265950000002
0.11926739620000001
0.1094697158
0.6703309970000001
0.12015047349999998
0.11983717320000001
0.7962935630000001
0.85367612
0.8820752
0.9084420950000001
0.9320518720000001
0.931345552
0.8991713010000001
0.8240861205000001
0.0711225017
0.050260279899999996
0.051879922050000006
0.0791804653
0.12380264490000001
0.11545798800000001
0.7030842070000001
0.6809290045
0.660299865
0.6939256415
0.706982891
0.7055721954999999
0.13713705750000002
0.17612787925000004
0.08235960149999999
0.06845894195
0.07157184999999999
0.0787433997
0.0838908175
0.10014206250000002
0.1546584518
0.2124494235
0.634882829
0.2229372255
0.1550629065
0.1668637275
0.1449659805
0.228722426
0.19334304000000002
0.1704043185
0.565425865
0.1908830795
0.232143334
0.6198678885000001
0.6023887280000001
0.6306510550000001
0.647752105
0.6604773580000001
0.674816085
0.10030326800000003
0.0683559276
0.0636888773
0.06716647605
0.08633974950000001
0.1194863365
0.737795929
0.6811600305000002
0.09447731415000002
0.07203781
0.08753172529999999
0.13369489899999998
0.8445520240000001
0.8534901340000001
0.8824356959999999
0.9186461605
0.9280090150000001
0.9274991015000001
0.920159726
0.8859515000000001
0.8764881655
0.9006198040000001
0.8541805210000001
0.7955943515000001
0.10442607500000001
0.118713522
0.0884681725
0.1584382835
0.8571484455
0.233786128
0.07427232300000002
0.055993787200000006
0.057206767750000005
0.0670890135
0.07814870500000001
0.11405621130000002
0.172101491
0.8780445825000001
0.867608687
0.372938368
0.8420198295000001
0.1374696418
0.07132151284999999
0.06861404944999999
0.122772121
0.8490674925000001
0.321739969
0.1529905125
0.0677303945
0.06587441660000001
0.0918927288
0.8693605265000002
0.9037938630000001
0.907331452
0.866164696
0.0732384699
0.051976903350000006
0.05276178670000001
0.07231929925
0.14280608199999997
0.7941993905000001
0.0977092685
0.064260572
0.066552466
0.10916713450000001
0.1392362285
0.8386982250000001
0.6749831255
0.18847379
0.35075089400000004
0.8085108250000002
0.177317408
0.15782402450000002
0.7271562125000002
0.782959552
0.8394422810000002
0.22497450450000006
0.22327740400000004
0.8613265275
0.9061686200000001
0.8973299535
0.850672372
0.903106215
0.899688467
0.819379925
0.2724635735
0.11343883199999999
0.11745875000000001
0.182814961
0.15959369750000002
0.151719604
0.24254249100000003
0.19590037500000002
0.36804321500000003
0.7311343069999999
0.8011437049999999
0.877229277
0.8800484605000001
0.830916416
0.26510538400000005
0.2592549295
0.1656027
0.176369004
0.244925836
0.6129217285
0.439761098
0.39081813200000004
0.271803545
0.29765446700000003
0.7313799230000001
0.6492278855
0.5978968335
0.568178465
0.195911039
0.166675714
0.1796312045
0.2572262395
0.644668204
0.7873651035
0.449333652
0.19663890200000003
0.16446175249999997
0.1116473925
0.1012573707
0.13775642020000003
0.1661668605
0.31469283000000003
0.387596371
0.7765062745
0.16184988850000004
0.10589737700000001
0.11282187875
0.167137972
0.8790093
0.9098963980000001
0.8915646915000001
0.17733396750000002
0.07295288080000001
0.05765743395
0.06071973875
0.08122212455000001
0.0853725505
0.14489877784999997
0.08770784925
0.09290225130000002
0.08722416300000001
0.0744344819
0.07662448815
0.06982384575
0.0590305435
0.06076227785
0.10539840075000001
0.1071932394
0.8497682865
0.8750823400000001
0.368814862
0.8697864570000001
0.9225893690000001
0.916346752
0.9325405649999999
0.9294494080000001
0.9039207170000001
0.365093882
0.8829426290000001
0.831133961
0.0675508381
0.0500986186
0.04521066405
0.05529505800000001
0.10892676775000001
0.26820327799999993
0.914737306
0.9325076400000001
0.9118810465
0.7232957150000001
0.18949484249999998
0.71461602
0.2181386285
0.15483773150000002
0.08315798405
0.07784337845000001
0.06671737225000002
0.06597782855
0.07468245855000001
0.10915477555000003
0.14543253000000003
0.3266653795
0.8353050655
0.8235583015000001
0.67092642
0.203812812
0.16704425250000002
0.13437824780000002
0.1901988115
0.176926547
0.10491793850000002
0.11039750735000002
0.662107349
0.6354032905000001
0.1162377727
0.0977554877
0.149399989
0.8850616800000001
0.9035602479999999
0.2964332030000001
0.170070061
0.08842708800000001
0.10274539
0.8164226230000001
0.8950181835000002
0.843624016
0.8904777380000001
0.215251501
0.0939917707
0.10321077170000002
0.776705955
0.816505218
0.865472665
0.8866848405000002
0.9368403095000001
0.9325892800000001
0.9002276490000001
0.09939922090000002
0.07262546489999999
0.1123275514
0.8330566600000001
0.9289061580000001
0.9423793300000001
0.9320243100000001
0.8268380839999999
0.08173651019999999
0.07224479785
0.09686187600000001
0.1594163735
0.7262232930000001
0.1006565953
0.07496103685000001
0.1060494539
0.07899366949999999
0.08436455375
0.13009989945
0.1362448565
0.101584535
0.1306630535
0.251811985
0.6396403380000001
0.6147518765000001
0.13406102200000003
0.1043066964
0.13771514270000002
0.18743575299999998
0.7759313495000001
0.41426994750000007
0.2992701265
0.190393932
0.259204683
0.2903560505
0.36968278300000007
0.8985305540000001
0.9248972560000001
0.925317585
0.8990473525
0.9130730645
0.8802433995000001
0.1168300242
0.106496692
0.1038866796
0.08882602650000002
0.12844427700000002
0.1398322625
0.10704956550000001
0.10886222029999999
0.07837104575
0.06314220960000001
0.0599534996
0.0870778085
0.1975109595
0.9051856330000001
0.924900823
0.911958652
0.922109661
0.906943329
0.8624015590000002
0.832792411
0.831942405
0.8317887700000001
0.835204429
0.886011634
0.3252933635
0.09068486000000002
0.0691634505
0.060835967600000006
0.0680028502
0.08313063999999999
0.1171987505
0.672884543
0.6451013505000001
0.25827972950000005
0.21657953400000002
0.1386468205
0.1350028035
0.161172658
0.6222669259999999
0.3196652015
0.387297997
0.2800715025
0.4360909540000001
0.822417902
0.7972679525
0.21460010450000003
0.168406756
0.175975407
0.2752806055
0.724421101
0.7987368660000002
0.8333137315000001
0.855022444
0.874322411
0.8732883245
