0.8202778100000001
0.849616915
0.8691833350000001
0.8558416700000001
0.8604094600000001
0.8314663825000002
0.8219180535000002
0.8270749685000002
0.8568815970000002
0.8507053375000001
0.8697756735000001
0.856896746
0.843036792
0.8637727030000001
0.8944218655
0.896216844
0.8522238160000001
0.2019846955
0.14095026400000002
0.15301420250000003
0.488780869
0.5829414470000001
0.6434792475
0.7242463960000001
0.852263973
0.725388144
0.1255800115
0.0890807347
0.1047625885
0.6410473220000001
0.1378075665
0.1177266642
0.229128964
0.7450218700000001
0.09166679975
0.05790337575000001
0.0588764477
0.09537267555
0.12257908430000002
0.08664556485
0.0989108479
0.8850489285000002
0.9163860580000001
0.9279949889999999
0.915615152
0.9180077400000001
0.07245069394999999
0.04796096465000001
0.04780233290000001
0.05254972150000001
0.05450573400000001
0.059217587300000006
0.08869752495000001
0.715278514
0.15538129699999997
0.13258018
0.27271017000000003
0.847592279
0.735210631
0.705714244
0.7033592499999999
0.7125124075
0.7236183565000001
0.8553165890000001
0.21396978800000005
0.0821040375
0.061165976
0.0618866796
0.0846643825
0.7599141380000001
0.78800811
0.7904298080000002
0.7797923425000001
0.7653090765
0.7957702710000001
0.8378013725000001
0.8827516150000001
0.09872810869999998
0.0636632293
0.064822637
0.08352517130000002
0.093567577
0.079367093
0.07939841435
0.10920137025
0.691768898
0.7187011870000001
0.831728216
0.7991667695000001
0.8523421970000001
0.765189603
0.7006920305
0.2591050445
0.17263048050000002
0.175082992
0.581975205
0.3592380460000001
0.31140866600000006
0.15071543050000002
0.108831536
0.11264071
0.095211832
0.12603452075000002
0.07522588850000002
0.07395918200000001
0.130500103
0.892538044
0.921753045
0.901461537
0.8673007500000001
0.7879108950000001
0.10439392450000001
0.0845475034
0.10020494249999999
0.16485149100000002
0.7000776650000001
0.7266460175
0.7346638704999999
0.779045986
0.830610782
0.854786415
0.823201861
0.753953889
0.7083704749999999
0.682894544
0.746132011
0.8418698875
0.871869573
0.8671232649999999
0.8721846150000002
0.865021675
0.8321753010000001
0.799097284
0.7743839285000002
0.8045470395000001
0.8288331080000001
0.8359877560000001
0.8232664310000001
0.7861531755
0.7392399685
0.7016293755
0.6621656995
0.660782121
0.6317614094999999
0.237210098
0.153576698
0.14409012650000003
0.16316142599999997
0.2937115395
0.867140233
0.912429566
0.9197062275000001
0.9131756880000002
0.8889276970000002
0.773994298
0.6760470845
0.08684525300000001
0.070601827
0.0620676581
0.06797898734999999
0.0633606327
0.07181291105
0.13067465625
0.8132275370000002
0.7701168145000001
0.12076468050000001
0.0989046975
0.17359958550000001
0.7920393300000002
0.8177051635000001
0.8330839510000001
0.8844163525000001
0.9140785275000001
0.8588909525000001
0.792234366
0.0798568585
0.056606222000000005
0.0610477174
0.0870149365
0.07485113469999999
0.08698308340000002
0.128914113
0.09756042900000002
0.08797816800000001
0.08049946350000001
0.085144989
0.07871111945
0.0725895283
0.06846421424999999
0.07733743200000001
0.134107487
0.833342113
0.9024509485
0.8015809665000001
0.08303378360000002
0.06019639815
0.05415238349999999
0.07235193885
0.14449872125
0.8422343530000002
0.09769622765000002
0.061182241450000015
0.0682053286
0.4188717035
0.930244681
0.9498659804999999
0.9350877320000001
0.9310789150000002
0.094997809
0.04598820455
0.042336417550000005
0.048353377450000005
0.06323909685
0.0606447107
0.0643116224
0.0902866113
0.12395887950000001
0.79059953
0.2335514445
0.1038267815
0.0726874108
0.06822996989999999
0.06833318599999999
0.09956400850000001
0.6863602525
0.665808471
0.6454047900000001
0.127306965
0.08481677124999999
0.08205888800000001
0.16597695050000003
0.862157389
0.8663537250000001
0.418723949
0.8425117510000001
0.91094308
0.9129098950000001
0.8542151795000001
0.5608398950000001
0.854274327
0.7086003255
0.08872815199999999
0.0768607435
0.07460487005000001
0.1021170452
0.6245055144999999
0.666873154
0.6820135155
0.7081397050000001
0.802631563
0.7275631240000001
0.755823027
0.8606194530000002
0.8698984970000001
0.8030041705000001
0.7372128490000002
0.7165073519999999
0.709706031
0.7665051165000001
0.8471896099999999
0.8044267520000001
0.863564953
0.7560840565
0.11214127650000001
0.0759802765
0.07926520055000001
0.1413166962
0.0816239543
0.0713954458
0.09165945625
0.790913012
0.817730714
0.8319312180000001
0.8325238760000001
0.8246683705000001
0.8280019550000001
0.8383211815000001
0.10406208
0.0745245
0.090527431
0.1720710095
0.8918387650000001
0.9188728855
0.8834744164999999
0.13131888900000002
0.088492013
0.09823426560000001
0.6875513194999999
0.685789058
0.699974011
0.6830442680000002
0.12924833900000002
0.1002772675
0.158311646
0.8045121080000001
0.11251414550000001
0.06833619490000001
0.0590600411
0.05332994665
0.05404208885
0.056122562800000005
0.0819201447
0.8672114655000002
0.9213983979999999
0.9173201630000001
0.94311301
0.942045134
0.9285614640000001
0.842858328
0.0794552479
0.06408802355
0.08928663170000002
0.6602095580000001
0.266008593
0.8217602950000001
0.1282573035
0.09938299120000002
0.14425403399999998
0.8215906500000002
0.690665013
0.097375509
0.06756899400000001
0.0711822143
0.10133125325000002
0.756275879
0.7521100450000001
0.745123025
0.701567585
0.0919271512
0.06385884275
0.07852280580000001
0.127489885
0.7408094120000002
0.8689412540000001
0.763478885
0.1459502225
0.0995567987
0.076823794
0.10060991800000002
0.1092190125
0.7136284480000001
0.09737203100000001
0.07954495645
0.0532231031
0.0535001767
0.08134748045000001
0.8710777400000002
0.9121888229999999
0.9273169330000001
0.935444068
0.9332629475
0.8630582935000001
0.0628873783
0.0450541697
0.046370983500000004
0.0675267627
0.130032695
0.8143440970000001
0.7717370330000002
0.1305675365
0.1206394835
0.11260641950000001
0.174698831
0.2597475005
0.7820792985000001
0.8813974475
0.886655469
0.8480208785
0.8641357799999999
0.847618361
0.8444745960000002
0.8518537070000001
0.8186695165
0.8119800130000001
0.8111267400000001
0.8062283520000001
0.7943584975
0.22231757400000002
0.171314784
0.197950221
0.6586874935
0.8197806850000001
0.8264641340000001
0.18469017650000003
0.15243135025000001
0.10687414550000002
0.10762546184999999
0.1611459162
0.29417931199999997
0.8968959645000001
0.9142245345000002
0.8149826725
0.335448579
0.2040085445
0.10530612150000002
0.10072333600000001
0.1594983425
0.15576531520000003
0.648277888
0.7928333310000001
0.801284204
0.189490237
0.1616802105
0.11805825450000001
0.12583953850000001
0.5961551820000001
0.1715666935
0.18697543749999998
0.8072751470000001
0.15616161550000002
0.0859713896
0.08778328635000002
0.1137375865
0.7425425515
0.7669163265
0.10278000300000001
0.059377199650000004
0.0538415205
0.05451025065
0.05173708070000001
0.053189488199999996
0.06705980539999999
0.1075070625
0.8930369730000001
0.8676893645
0.8972369455
0.926400588
0.917682428
0.925634495
0.9115838199999999
0.9049640115
0.9125022844999999
0.917833203
0.8652662570000001
0.1025943295
0.1059080047
0.07287723520000002
0.105268833
0.7610045200000001
0.0936523579
0.06385278814999999
0.07011403555
0.1212467931
0.07232997705000001
0.06901246885
0.07992759
0.1389050068
0.0905808535
0.1147959976
0.698084234
0.13805369350000002
0.12814166950000003
0.272818048
0.24767868950000002
0.8482035435000002
0.807696586
0.8981203440000002
0.8876574975
0.7381998989999999
0.2808314025
0.12249559600000001
0.1074108165
0.11221385930000001
0.201562836
0.797737766
0.704883834
0.650014717
0.248190874
0.292379521
0.18281857499999998
0.18815398900000002
0.251659448
0.4353852615
0.8467764714999999
0.858631091
0.7847974
0.8054418625
0.8298612550000001
0.8421438215
0.767833033
0.686884203
0.661231267
0.689118989
0.7497916515
0.8034839170000001
0.843228991
0.9026885530000001
0.916548084
0.8838201575000001
