0.8269297200000001
0.8326363480000001
0.837404144
0.7378310235000001
0.6568597720000002
0.232252636
0.26836151
0.145724292
0.1240772645
0.13500729150000002
0.24605353150000003
0.191491441
0.312051171
0.315880952
0.21189199000000003
0.5831675340000001
0.5737020195
0.19116224800000003
0.174476902
0.5474257330000001
0.15591891300000002
0.138512978
0.1543604482
0.2516122545
0.23260846000000004
0.736543982
0.8475050230000001
0.8330342150000001
0.6631855575
0.630700566
0.270539267
0.24729691
0.2698105255
0.1830168725
0.1245332415
0.1107687325
0.1199926235
0.1763557175
0.62708375
0.247827448
0.1600220825
0.2184354655
0.1920097245
0.1899891585
0.7717023319999999
0.26140096500000004
0.194281956
0.6864064540000001
0.8294341460000002
0.6935319825
0.2198882895
0.353869982
0.8102315849999999
0.17409242949999998
0.19717006350000002
0.134372023
0.10270838200000001
0.11160804730000001
0.105296154
0.09109108300000002
0.09574759349999999
0.15764635850000003
0.7752673800000001
0.13163958550000002
0.089309514
0.0715075583
0.0839389397
0.2001740915
0.889109718
0.9064008275
0.8397517030000001
0.8624666624999999
0.9025057775
0.8484726000000001
0.16540464350000003
0.09073816030000001
0.09567198599999999
0.15350060575000002
0.16592125149999998
0.782642336
0.6673906685000001
0.721758711
0.8373089815000001
0.7839603110000001
0.846052985
0.7861707405000001
0.83328493
0.698297991
0.161508217
0.1356784975
0.15568318350000002
0.6944883009999999
0.7478468085
0.7537180950000001
0.7263808430000002
0.7056253975
0.6875933175000001
0.6731381395000001
0.6641438030000001
0.103318401
0.09466139250000001
0.09607967950000001
0.1354892335
0.0790805193
0.07197481865
0.1003282525
0.8226063925
0.9147928955
0.9188771355
0.7860065835000001
0.102374589
0.085023137
0.1019114218
0.2166306825
0.817351802
0.7287324425000001
0.6646271885000001
0.6510004165
0.641829603
0.7109824639999999
0.838952438
0.8487722719999999
0.8663166150000001
0.807335625
0.7142755385000001
0.163244967
0.13013326349999998
0.1377412095
0.1895935485
0.7187726625
0.6360475545000001
0.5423723125
0.2943826945
0.5404826515000001
0.42291473599999996
0.433418271
0.41789840500000003
0.34915564
0.301410818
0.40973968800000005
0.7704728224999999
0.6832968630000001
0.6310671605000001
0.59905527
0.1667936465
0.13418750750000003
0.1452660953
0.216436816
0.685489608
0.851366528
0.8574917095000001
0.7094526250000002
0.6602825080000001
0.633012042
0.573260681
0.15369249150000003
0.12977975600000002
0.1757747795
0.81393516
0.7289863480000001
0.679085832
0.6085890275000001
0.1362933215
0.1290033635
0.170945583
0.7333296925000001
0.6255280829999998
0.638363936
0.7664240985
0.6951343125000001
0.7471828060000001
0.860659963
0.845209999
0.889269917
0.8755145950000001
0.44105000600000005
0.13056231399999998
0.0925145775
0.0811600746
0.09255467130000002
0.17289731750000004
0.11191486500000002
0.13500845800000003
0.13607780370000003
0.6741313135
0.2800956915000001
0.225550142
0.11625070350000002
0.10392577975
0.14350968899999997
0.593635295
0.6457354015000001
0.6499898565
0.6859588395
0.7133092945000001
0.154211944
0.07875183175
0.0693577993
0.1068075987
0.06483194555
0.0669949546
0.11016739330000001
0.08933863495
0.20723757099999998
0.821368567
0.8105480350000001
0.8962837815
0.297996038
0.15038745150000002
0.6715429530000001
0.07825262295
0.054796172950000006
0.057212786050000006
0.0915736045
0.41389508950000004
0.9144477000000001
0.9348447225000001
0.93249186
0.9060412555
0.9295996710000001
0.9254517640000002
0.89272553
0.9001962150000001
0.148145679
0.1218550448
0.07933460660000002
0.0675789341
0.10889797959999999
0.8135683090000001
0.166817313
0.21431726100000004
0.852419408
0.132604769
0.07102969490000001
0.0746866625
0.089793314
0.1321944351
0.852884779
0.730891772
0.11322173710000001
0.07627224584999999
0.0882042427
0.18173588599999999
0.7669421700000001
0.8110131880000001
0.9087731170000001
0.92044148
0.897649424
0.481689436
0.284038821
0.17682082300000002
0.673800213
0.243611348
0.1701735925
0.7922470050000001
0.860205305
0.9096311515000001
0.850883667
0.8698804755
0.15267974650000002
0.158456832
0.697364367
0.10292932540000002
0.10104704110000001
0.11662224
0.146985792
0.07980995315
0.0815386235
0.1381794885
0.21834174900000003
0.7494350430000001
0.7368289350000001
0.1982665368
0.35594551659999996
0.10859626200000001
0.1119117947
0.0825557075
0.08162529165000001
0.10465486700000001
0.0905238057
0.10721438600000002
0.08968183945000001
0.0966847055
0.14764737250000004
0.2398672715
0.2484368075
0.174172021
0.7154842345000001
0.7199893500000001
0.7144365360000001
0.6842699780000001
0.16884697699999998
0.18764457650000005
0.19991149600000005
0.234949551
0.19025931200000004
0.264300031
0.6693049520000001
0.681264477
0.6949890224999999
0.6812440185
0.67963081
0.709359477
0.8087906975
0.8241470550000001
0.8409159150000001
0.8621617175000001
0.848800291
0.8177011725000001
0.7918946320000001
0.7391581414999999
0.1538890915
0.178152483
0.1190961655
0.09470491950000001
0.11877648900000003
0.111954595
0.7200163915000001
0.19478590199999998
0.17221223600000002
0.8205695880000001
0.8633309600000001
0.119799305
0.08215810650000001
0.10948208200000001
0.8523693845
0.9005733120000001
0.9218457230000001
0.8465145709999999
0.09565617300000001
0.07851113199999998
0.1242556975
0.8468586465
0.8322377180000002
0.7651903714999999
0.193160086
0.3555199929999999
0.8298867330000002
0.12271318165000002
0.09986315425000002
0.09140225715
0.138951712
0.14817784450000002
0.18835092830000003
0.8594953550000002
0.8862835960000002
0.8422063190000001
0.896234584
0.8855552445000001
0.36697534350000005
0.12927745499999999
0.09674258
0.08543695169999999
0.09092820099999999
0.11461762850000001
0.09081269750000001
0.07616645420000001
0.07329646265000002
0.10537558500000002
0.18311383450000002
0.8478315000000001
0.684175575
0.129693753
0.1261444501
0.15743617950000002
0.8286159285
0.9003047694999999
0.8520912225
0.8033409490000001
0.25242378400000004
0.21427505950000003
0.1583409535
0.6832537115000001
0.713806698
0.18186762400000003
0.0829114133
0.0710967291
0.066474442
0.07675783570000001
0.11484701000000001
0.18005996900000001
0.8283289269999999
0.815286029
0.4258348695000001
0.5520821509999999
0.66803289
0.7791947379999999
0.6313914055000002
0.18726889900000002
0.1452855317
0.14097184499999998
0.16573415850000003
0.6745642820000001
0.8586884045000002
0.8799359870000002
0.796052861
0.8236322600000001
0.6657904355
0.6048657340000001
0.1357608103
0.09969906750000002
0.0982511385
0.1042361153
0.12938743330000002
0.26127023450000003
0.152329718
0.16134117399999998
0.5994317780000001
0.21954062550000003
0.17041828750000002
0.22573873
0.13973719250000002
0.1504614385
0.2039198875
0.8394353170000001
0.83752532
0.637736111
0.5481212904999999
0.125459794
0.0984639013
0.11677059579999999
0.21583307650000003
0.885283249
0.9227760540000001
0.927974905
0.9220511745000001
0.8975273600000001
0.7671174585
0.828740314
0.111277485
0.07022112380000001
0.0679609976
0.0822978055
0.1270348365
0.1785765685
0.26822231550000003
0.13943542650000001
0.1188880672
0.14256828200000002
0.59524566
0.2238857835
0.333038445
0.6008033429999999
0.17767756250000002
0.153073333
0.17553185300000002
0.732827055
0.16459042200000001
0.11276742470000001
0.12389260669999999
0.1703945355
0.646955105
0.6856787849999999
0.8337658710000001
0.828176722
0.6708733929999999
0.7592272200000001
0.22952000500000003
0.29293992850000006
0.27973819600000005
0.19092364800000003
0.6157195679999999
0.18974525350000002
0.12675457675000001
0.137008697
0.6572802849999999
0.117412035
0.08337122760000001
0.09937227530000001
0.0805816962
0.09612461350000001
0.09495483660000001
0.08053567815000001
0.10141419350000001
0.260876639
0.9030988685
0.9282237075
0.933040137
0.9258591890000001
0.9077864125
0.7656692325000001
0.06929605305
0.047987718799999995
0.04941145275
0.059106807250000004
0.0685776156
0.10373189619999999
0.734468759
0.09455191275000001
0.0644063066
0.06054026640000001
0.058552994000000004
0.058975752500000006
0.065831407
0.0782206759
0.0937863589
0.1336092935
0.8769745935000001
0.9225616170000002
0.9278846270000001
0.902518105
0.926919493
0.9205325845000001
0.8707906740000002
0.84880627
0.8573710455000001
0.2468529415
0.1967589315
0.13870139880000001
0.0691367735
0.06617121915
0.10370555120000001
0.7176936970000001
0.10953819749999999
0.0812666003
0.1188613285
0.7196434199999999
0.09555906820000001
0.060530015699999995
0.059503850600000005
0.05873798520000001
0.06068510045
0.07936551939999999
0.8290463775000001
0.9165252650000001
0.9388435125
0.9366567175
0.9155113160000001
0.15829860499999998
0.08116805139999998
0.09127276614999999
0.19321872800000003
0.7562280000000001
0.235713732
0.13314048650000002
0.08592478045
0.0802036024
0.107896648
0.68675175
0.2433093695
0.189098363
0.329164322
0.651258371
0.610707953
0.192419884
0.23450067900000005
0.2687797105
0.38438411150000007
0.8104310100000001
0.721538328
0.6817593715
0.6651199649999999
0.6745076799999999
0.6859602570000001
0.33412335349999994
0.18590934150000005
0.10984047220000001
0.08291602775
0.08906696775
0.104383615
0.1947882135
0.80046695
0.282966505
0.144871115
0.11155416620000003
0.1051792994
0.107714324
0.1302383065
0.11447533070000002
0.123533058
0.177332605
0.186407811
0.29732832300000006
0.742572549
0.294723696
0.574057351
0.2212148535
0.258875115
0.426300638
0.794917138
0.8621768625000001
0.9018503600000001
0.9054737440000001
0.8895474255
0.8267869685000001
0.7472592385
0.21724053750000002
0.142934621
0.1623611345
0.5665569225
0.316250595
0.7732968219999999
0.427118914
0.25400637800000003
0.3067165705
0.23616736800000002
0.24436166849999996
0.38692789399999994
0.668263894
0.7184013699999999
0.8049001600000001
0.7472400954999999
0.7943418625
0.67113719
0.2702858805
0.202645733
0.22071798800000003
0.6620493205
0.8245455095
0.8455106649999998
0.72888105
0.46442144500000004
0.3343585465000001
0.1783031075
0.19169842900000003
0.6163060520000001
0.09955294745000001
0.0788874824
0.06071477990000001
0.06438341475
0.11992895565000002
0.10729521565000001
0.12068362750000002
0.871660858
0.9229091180000001
0.8791911455000001
0.8259085680000001
0.774830752
0.09315498775
0.0964729557
0.07738001705000001
0.06796261925000001
0.09662757720000001
0.1418142075
0.1197883525
0.63490868
0.20438288300000002
0.145122256
0.19622786800000003
0.24481769750000001
0.6523394415000001
0.7382893054999999
0.2508677675
0.2039718785
0.20264369999999998
0.306686331
0.608267048
0.23802841600000005
0.15837495600000004
0.1632297875
0.269813373
0.2185290145
0.18252821000000002
0.2587347895
0.13151990000000002
0.12345595070000003
0.14127291400000003
0.252514391
0.1782861595
0.1164259772
0.10801089250000001
0.111250995
0.1294470288
0.18475692600000004
0.5759057555000001
0.22564097749999998
0.3627308005
0.7443583775
0.22669801
0.20401171550000002
0.30266894400000005
0.809201492
0.7535523785000001
0.7424378789999999
0.8013284475000001
0.6534119370000001
0.5830395360000001
0.6327303595000001
0.7609562485
0.6622605695
0.6385781675000001
0.623446523
0.623644498
0.6098030845
0.610210091
0.5807345325
0.5986229225
0.5746506549999999
0.2657513065
0.27435633600000003
0.1381541645
0.10302035849999999
0.103578489
0.1499017795
0.179135917
0.1955360435
0.7823167735
0.6513020395
0.655242179
0.1687565545
0.09850960960000002
0.09143985934999999
0.13419077425
0.11646637700000001
0.7429613420000001
0.870371901
0.8224615610000001
0.9098219155
0.8954186945000001
0.08565529845000001
0.051292558700000004
0.045788400650000005
0.0510328289
0.05236182535000001
0.0635107698
0.12591521900000002
0.8683640600000002
0.8629691279999998
0.8479836715000001
0.8532483875
0.15751852049999998
0.06903409785
0.06580563600000001
0.0993334353
0.10249830050000003
0.6065912575
0.12546128980000001
0.12831438625
0.6745495400000001
0.7042863414999999
0.8189679225000002
0.146301597
0.12139557300000002
0.093934866
0.11184302300000001
0.22557314
0.6945300955
0.8163941360000001
0.4000652395
0.1884383255
0.253900359
0.15453591050000004
0.11234225185000002
0.1766802805
0.0872136034
0.08596743000000001
0.14959641700000004
0.11543476230000001
0.1008045964
0.08529523724999999
0.11267542750000001
0.6939081324999999
0.10404714244999999
0.09017582
0.09238600100000001
0.0967081805
0.20973593650000003
0.824792492
0.7937230690000001
0.7606686450000001
0.093460728
0.06172403725000001
0.061224558000000005
0.09253691625
0.77188042
0.2733994
0.205276016
0.84942245
0.9034295845000001
0.8843508670000001
0.8727437550000001
0.900090876
0.8677509485
0.8588553595
0.8275158880000001
0.15896188549999998
0.197864128
0.770742201
0.093967928
0.06320865210000001
0.0661056887
0.1041980755
0.7383037780000001
0.122606028
0.08883638825000001
0.13610944400000002
0.171613929
0.1819794835
0.7957659120000001
0.7163556209999999
0.1020859268
0.0820697565
0.1340486245
0.187195685
0.270840005
0.8879078840000002
0.8554097040000002
0.8864340675000002
0.7775202900000001
0.09268123650000001
0.0745865089
0.08760528439999998
0.0890593505
0.161185824
0.13811703449999999
0.12316167174999999
0.199308642
0.6597464755
0.195355084
0.28326814300000003
0.22090901750000003
0.12262471225
0.10832409500000001
0.12687075600000003
0.19687614150000002
0.3341917155
0.7359799450000002
0.23993531350000002
0.2511354535
0.263883441
0.28663828900000005
0.8172919620000001
0.8314539975
0.1857458855
0.130554191
0.13214728339999998
0.09266312455
0.0866162726
0.1081208755
0.09112384655
0.09617289350000001
0.1436915925
0.6653460769999999
0.224825369
0.120180768
0.11417883125000002
0.165054857
0.830016717
0.764964944
0.8695595390000002
0.8500429895000001
0.567732691
0.1425292408
0.17745012055
0.11412022605000002
0.12897015639999998
0.6318204544999999
0.6397852460000001
0.19149057050000004
0.254895154
0.26951321400000006
0.6593406079999999
0.100945637
0.0710737524
0.08289803714999999
0.11127884300000002
0.693956434
0.2739377755
0.854387697
0.1370217515
0.0752112582
0.08710674800000001
0.06494229200000001
0.06385436455000001
0.06428159250000001
0.0652455442
0.07187112665
0.11492068100000001
0.7902128530000001
0.2057954265
0.08830484325
0.0698283833
0.09712540465
0.7339887440000001
0.11255162900000001
0.11180590470000001
0.07597200190000002
0.11890849654999999
0.8955141185
0.917837789
0.9293071150000001
0.9252329100000001
0.909681735
0.863626851
0.07450811389999999
0.054710033500000005
0.06121820345
0.1031048658
0.7582316865000001
0.09282885970000002
0.062056639149999995
0.0606132771
0.06383823225
0.0697765136
0.108473147
0.7189395319999999
0.1267818148
0.1270971308
0.677847333
0.09082502950000002
0.06484898245000001
0.07782868310000002
0.1148753044
0.2447288905
0.8721816225
0.9091695525
0.8305192570000001
0.3190896845
0.7631278225000001
0.08115303170000002
0.054582056000000004
0.05040899410000001
0.05583406800000001
0.07814209679999999
0.10144288275
0.11920574505
0.8395434140000001
0.8960254320000001
0.833840705
0.7620183760000001
0.11560589175000001
0.09779014270000001
0.1215176035
0.15031507
0.789566795
0.6725112550000001
0.6839110525000001
0.6824609690000001
0.672039112
0.6537818865
0.24999911500000002
0.30224573250000003
0.8691640439999999
0.9136584165000001
0.903236151
0.773865785
0.20817193400000003
0.23331351400000003
0.8105617740000002
0.6880624335000001
0.1412072675
0.1218091995
0.133514711
0.6283071365
0.6029762209999999
0.29933167000000005
0.6461677540000001
0.303609405
0.1737506445
0.189865544
0.4014710475
0.7895215600000001
0.185324267
0.1447888115
0.23163857675
0.1623390938
0.20995161450000002
0.757644675
0.266177642
0.41221849200000005
0.33400789350000004
0.20971091800000002
0.2982152565
0.18229910050000003
0.207045942
0.73277373
0.343771243
0.330600311
0.629781231
0.4264209585
0.361353341
0.802540278
0.6972651590000001
0.1602039955
0.11116947
0.08814204800000001
0.120742678
0.14496228100000003
0.11302938450000001
0.1134298273
0.10503893049999999
0.1519758225
0.16929708200000002
0.25189798500000005
0.844270304
0.864167781
0.761729659
0.671569662
0.613791138
0.28858512000000003
0.23172382000000002
0.2429397305
0.42103044700000003
0.653601393
0.6379918285000001
0.6324254914999999
0.6559477275000001
0.7214105905000001
0.7978394700000001
0.861993617
0.871365246
0.8435818880000001
0.8495690485000001
0.8177732150000001
0.7941618220000001
0.7972825629999999
0.8107193835000001
0.855934931
0.853902326
0.8156320100000001
0.8255789385000001
0.8827413450000001
0.907982735
0.9122844665000001
0.8952319550000001
0.807952973
0.668237656
0.14763197595
0.12174890375000001
0.1128125332
0.132142073
0.5563761595000001
0.60114006
0.5730053534999999
0.13550458799999998
0.129981145
0.16830660950000004
0.868363142
0.8834999180000002
0.15487904100000002
0.08678316625
0.09594483849999999
0.6422355755
0.0900650785
0.0722172536
0.09838306535000002
0.20460109250000003
0.8732569655
0.1378668975
0.0646722594
0.0628357379
0.082026443
0.0646949015
0.055883518650000005
0.051824604999999996
0.050945438450000005
0.0590086217
0.1207999755
0.9156190614999999
0.945601957
0.9392276285
0.24540639949999998
0.05741595565
0.04864671575
0.05286011295
0.0877154269
0.8359923174999999
0.8733133535
0.1733694765
0.07393831995000001
0.05686921805
0.0748307184
0.20662659000000003
0.8693530400000001
0.313416623
0.17214866450000002
0.10082916014999999
0.16493055199999998
0.8361495750000001
0.17424689800000004
0.10637399525
0.1684689385
0.706324588
0.658404047
0.10933672625000003
0.0895930119
0.197568229
0.8697240360000001
0.8679367880000001
0.12335688650000001
0.07984096735
0.08110064885000001
0.180227044
0.8726658725
0.90551174
0.8847510045
0.1687130755
0.09228184500000002
0.0876706077
0.11820122
0.194992609
0.823628863
0.33631312350000003
0.8247291809999999
0.8890287715
0.842878445
0.780628765
0.7613151390000001
0.7291980485000001
0.1445974355
0.20924578550000003
0.1928521
0.11373040100000001
0.122296349
0.24211896100000002
0.648555851
0.15267116649999998
0.12572938600000003
0.185206436
0.8777818425
0.912246563
0.8890765
0.920453853
0.919093951
0.885241347
0.728386534
0.1430072135
0.14978925450000002
0.2147872395
0.8517001
0.8964653335
0.8629927755
0.2387839165
0.14518767380000003
0.128969546
0.1549027585
0.6433584185000001
0.7647571305
0.3270979955
0.6348174919999999
0.153651238
0.1526741065
0.17642797699999999
0.16738024370000001
0.31522910200000004
0.159832782
0.137215669
0.145334817
0.11829782970000001
0.0908249729
0.09687603450000001
0.15581227730000002
0.2708762125
0.7155607175
0.7264940175
0.8047803915
0.190361463
0.11071907850000001
0.1117425035
0.11897123600000002
0.15122375550000003
0.18374869520000003
0.276613592
0.21304405800000004
0.295391402
0.24953095650000004
0.251421331
0.2682460105
0.540501576
0.34314855
0.7532219635
0.695758361
0.6832705075000001
0.6947221819999999
0.8066156145000001
0.23382407700000002
0.1228413177
0.09661019400000001
0.08734427130000001
0.11049837500000001
0.659875002
0.684510664
0.7674393575000001
0.883754761
0.8577682980000002
0.8274344430000001
0.7888257225
0.7156725235000001
0.12466486230000001
0.10358234279999999
0.1031727514
0.15836596
0.349052086
0.8275014129999999
0.7826351365
0.8616363870000001
0.8417866200000002
0.7361198720000001
0.7291099880000002
0.7959461180000001
0.880630461
0.8867346425
0.8477216810000002
0.8529160600000001
0.68914263
0.5977754479999999
0.25394656280000005
0.31936123000000005
0.265287778
0.6190826724999999
0.48125392650000004
0.4511241980000001
0.877307997
0.9083407775000001
0.8803627334999999
0.7175950839999999
0.13791778550000003
0.12450799750000001
0.10371160525000002
0.1335208535
0.150822752
0.5570902485
0.181190514
0.1338296832
0.11663520250000002
0.1283048065
0.1048345395
0.0966343335
0.1118087525
0.17905847000000003
0.35142653249999994
0.8399530700000001
0.37174611300000004
0.1671516175
0.22466533700000002
0.199566679
0.1447488385
0.6818859970000001
0.09501602730000001
0.06744206685000001
0.0687158255
0.07165336475
0.07033287540000001
0.07119050355
0.0725145331
0.10011878825
0.7215997840000001
0.163233136
0.1919198915
0.18028816
0.1634306015
0.7242416675
0.2451800095
0.842842653
0.8985202730000001
0.9281143730000001
0.899747094
0.8538299170000001
0.79127576
0.09824210850000001
0.11020031059999999
0.116168301
0.19094657250000005
0.8578462375
0.4304610220000001
0.7437599000000001
0.0939541472
0.0714514069
0.1126362135
0.177241442
0.863229664
0.23930297100000006
0.0720706366
0.05940335090000001
0.05716123790000001
0.06405232415
0.07375821400000002
0.0886806995
0.8169524225000001
0.8963530060000001
0.8764809445
0.9298007165000001
0.9305940469999999
0.8949771670000001
0.1702052005
0.19905967150000003
0.200036339
0.544698445
0.5975461495000002
0.6256015699999999
0.693904365
0.8585840370000001
0.8450234329999999
0.17855945
0.15470153250000002
0.27605046350000007
0.887820687
0.9235045080000001
0.914735782
0.9204112905000001
0.8814677170000002
0.8314810025
0.3251129635
0.17361126
0.21465184700000003
0.8161727765000001
0.774667922
0.7874404865
0.8637485765
0.7734550540000001
0.182562289
0.1924280085
0.172650001
0.14047096050000002
0.193774066
0.5569795790000001
0.2558530585
0.28829830999999995
0.231857591
0.3378874645
0.7214100300000001
0.8066256175000001
0.7446336490000001
0.7071142324999999
0.775882489
0.64897866
0.18632945299999998
0.1617550275
0.167364381
0.23814882600000004
0.8059747199999999
0.79600361
0.83302608
0.6861357850000002
0.29048627250000003
0.331969937
0.48290166649999994
0.8456243760000001
0.85081837
0.730437329
0.7183361500000001
0.811364445
0.566260647
0.42867482800000006
0.36727392799999997
0.796241936
0.714471279
0.6591024315
0.141999866
0.1173497705
0.1131707785
0.13185749300000002
0.22388171150000002
0.1634444815
0.23330215549999997
0.15435696850000002
0.1063437367
0.0973113963
0.12269349045
0.1326888334
0.697407055
0.749292916
0.882032265
0.8779726955000001
0.568442754
0.6747477740000001
0.6505548959999999
0.14770454700000002
0.19051163000000002
0.16824955099999997
0.13440532949999998
0.0818197913
0.0932725843
0.7070332924999999
0.729816703
0.7712290580000001
0.806765113
0.8942991375000001
0.1372534605
0.074969649
0.0578121145
0.07038805795
0.057374908249999995
0.05786850295
0.061023058850000006
0.09212457860000002
0.819421734
0.8056030995000001
0.845114392
0.12939775650000002
0.057009551500000005
0.04586845525
0.049443003
0.0714158518
0.8394191900000001
0.8738729800000001
0.917905252
0.9454244440000001
0.939687377
0.940586471
0.880860615
0.06463634819999999
0.0445226489
0.045125310725000006
0.057861032150000005
0.10883710225
0.7676583710000001
0.08988853785000002
0.0574457629
0.057136947400000006
0.06639851035
0.11111776900000002
0.7405755845000002
0.17159464300000002
0.2606009905
0.40212191350000004
0.8828384520000001
0.782821663
0.1296597975
0.12193453489999999
0.6543929155
0.137064033
0.125523577
0.1308098682
0.13869645770000003
0.788310921
0.87497621
0.21128115775000003
0.12789688325000004
0.19511644025000002
0.077064112
0.06639492285000001
0.0779513867
0.10806609000000002
0.10435137000000001
0.1925571425
0.7075618315000001
0.7093288099999999
0.7136944475000001
0.2155994345
0.3345605445
0.115157968
0.0810674575
0.07618822375000002
0.09081681185
0.07024784190000001
0.06722066775
0.08967568349999999
0.23560364749999999
0.91184095
0.9271887950000001
0.8786639825
0.8169531110000001
0.8011131665
0.2027849425
0.08470352950000001
0.07199561555
0.09397495920000001
0.09807870650000002
0.13161637050000002
0.6677321504999999
0.1524273625
0.1041275405
0.115679788
0.14096643269999998
0.266441425
0.2320943365
0.22417083849999997
0.40705403
0.6982748435
0.697565595
0.6874856555000001
0.6519384475
0.6427095855
0.636591188
0.20047528950000001
0.17356550650000002
0.1288478585
0.12414751
0.133360062
0.1909320025
0.26823127750000003
0.778618232
0.7137820635000001
0.688517067
0.5428918905
0.40847998
0.23775698700000003
0.2250350975
0.5567259710000001
0.6220422150000001
0.701773882
0.8443941875
0.8522406045
0.6994457965
0.17938520575000003
0.13880498100000002
0.1314831943
0.17897622550000003
0.5025010000000001
0.560797601
0.625723253
0.681957593
0.806739909
0.6766199310000001
0.23589731700000002
0.34009814400000005
0.36014978799999997
0.35353832550000003
0.22879295300000002
0.8197724510000001
0.10204879530000001
0.058199467299999995
0.0537449523
0.055917298950000006
0.06610287845
0.06972798375
0.06502739874999999
0.0597198849
0.0843054436
0.8231887915000001
0.841952118
0.9335530740000001
0.9216072040000001
0.0856336841
0.05387483815
0.05562983805
0.0920849785
0.7440139465000001
0.0863371308
0.056548950400000006
0.06275069415000001
0.12100180125
0.9111398690000001
0.9386708939999999
0.944742041
0.9280864715
0.939559604
0.8934276665000002
0.8300472150000001
0.06663440610000002
0.0518553132
0.05907715175
0.1137150576
0.7818040095000001
0.09227968060000001
0.057191498550000004
0.053947706
0.05459157817500001
0.05789004715
0.07307336845
0.14280862995
0.1631160158
0.14212589525
0.08853795125000002
0.12357867450000001
0.8784893940000001
0.8317309650000001
0.79976039
0.16198042170000002
0.17307773799999998
0.8284323020000001
0.11423170555
0.09570422665
0.1002213319
0.09821659165
0.08653592325000001
0.13106487415
0.07686353945
0.07160900260000001
0.11773460915
0.7516200675000001
0.765621846
0.877453897
0.8492139940000001
0.18044656099999998
0.1566021
0.2158219965
0.31920940449999996
0.8030250579999999
0.2145190825
0.22660814800000004
0.191649686
0.12901724950000001
0.1404499319
0.102103491
0.08742872195000001
0.0963046445
0.142479928
0.15809131800000004
0.7210604930000001
0.8337491690000001
0.7859064315000001
0.857634196
0.6941834390000001
0.10916269020000001
0.08191010815000001
0.077577286
0.08323579145000001
0.1380663998
0.8717084215000002
0.8676555665
0.8629801039999999
0.858372887
0.8664401535
0.8938459970000001
0.771829815
0.091512349
0.0646887246
0.06293301855000001
0.0877684282
0.15046871800000003
0.874558034
0.9168011510000003
0.9266837660000001
0.920238469
0.8898951294999999
0.09630660799999999
0.05646226055000001
0.04847186465
0.05098187840000001
0.07094478545
0.11293159165000001
0.10727148239999999
0.16723188000000003
0.9027642760000001
0.9442070989999999
0.9394678525000002
0.852109381
0.0646647768
0.043650176400000004
0.0420764493
0.05843822315000001
0.054251198849999994
0.08455955175000002
0.8731477980000001
0.8976592255
0.8992090055
0.8428619000000002
0.12242043700000001
0.1253211433
0.7473589065000001
0.09561312689999998
0.062500744
0.063548878
0.10777067900000001
0.711706548
0.1220695095
0.143012096
0.12264029920000002
0.15503961179999998
0.089110142
0.10951453560000002
0.658454307
0.11813127600000001
0.088856372
0.090941386
0.1117393295
0.77334754
0.8990053670000001
0.9234861580000001
0.907589082
0.786361396
0.7752966710000002
0.844220875
0.6751923825
0.19414571649999998
0.185903029
0.68217943
0.83592556
0.8187662659999999
0.855523528
0.9183393070000001
0.9264575540000001
0.896525913
