0.7811426085000002
0.7198988920000001
0.284913356
0.2467417015
0.3418074885000001
0.7414663615000001
0.349353401
0.416150666
0.39806076799999995
0.839167875
0.8496688450000001
0.6702476600000001
0.6231155915000001
0.6240657155
0.6085910434999999
0.6339643315000001
0.675584023
0.7095340315
0.778251147
0.87360186
0.8924810090000002
0.8692830035000002
0.8970266760000002
0.8903154030000001
0.8104716530000001
0.7170104955
0.13843165049999998
0.0987641711
0.092153031
0.1220279105
0.1639580232
0.1125305497
0.12657974900000002
0.7298577500000002
0.7355761635000002
0.735391851
0.7539357225
0.8688589345000001
0.7968628375000001
0.7682745945000001
0.7622390569999998
0.7413794575
0.10087512000000003
0.07479874465000001
0.07997307695
0.0676179873
0.07147380454999999
0.0977780451
0.16782764100000003
0.8276046725
0.8286908940000001
0.47283591
0.261129732
0.25486100999999994
0.6136131930000001
0.48760200400000003
0.5167972755000001
0.67663914
0.36920494600000003
0.1330046015
0.0949730445
0.089320773
0.0852677465
0.0990321432
0.10901664900000002
0.11160968250000002
0.158896655
0.110576833
0.09527462920000002
0.14830690400000002
0.820889395
0.1183023054
0.0823309991
0.06848540560000001
0.0883080422
0.3201321495
0.8894011380000001
0.8583970305000002
0.8562938695
0.913119196
0.8665797675000001
0.8102143780000001
0.08967098800000001
0.05938599815000001
0.061963594000000004
0.09274513200000001
0.137087605
0.8835623595000001
0.9154410015000001
0.8995188120000001
0.7461780490000001
0.8390052090000001
0.09800992950000001
0.0680268091
0.08948132085
0.6207947500000001
0.07836596625
0.055217186950000004
0.05949028230000001
0.12494585824999999
0.1935265165
0.9137674265000001
0.9447426955000001
0.9327383900000001
0.9116867705000001
0.15083967350000002
0.06249445255
0.04511841850000001
0.04511330660000001
0.05130895155
0.050447547599999996
0.0556336376
0.0777834705
0.7852613405
0.9028669075
0.925286658
0.9277716490000001
0.923922474
0.9094906210000001
0.84422657
0.8700432730000002
0.7634161930000001
0.701547688
0.599444449
0.160487152
0.1984359845
0.23827274550000002
0.22187108350000004
0.21749152800000002
0.37524104300000005
0.77414197
0.39891636150000004
0.2340040305
0.17208278200000002
0.18146528700000003
0.35592042250000006
0.791274229
0.6954637325
0.6553530250000001
0.29201982399999993
0.1950012785
0.172459126
0.18900997350000004
0.08856025765
0.07497484625
0.0892935612
0.17478497300000004
0.83587029
0.17257506050000002
0.10358092700000002
0.153370935
0.1608098579
0.14421826249999997
0.8107092260000001
0.1875296755
0.13779160869999998
0.699864917
0.7416103249999999
0.784184431
0.8191679770000001
0.9145947685000001
0.8640758350000001
0.122202392
0.053323038499999996
0.046827038550000005
0.04873637520000001
0.050821733200000004
0.04988308240000001
0.048585700600000004
0.0525209986
0.085243848
0.879227666
0.9249070380000001
0.911998182
0.8818677165000001
0.896937205
0.8990198470000001
0.8895115339999999
0.904283684
0.08240294045
0.05958167735000001
0.05493461734999999
0.05425909355
0.0637887998
0.09824178770000001
0.713727027
0.08949972275
0.06251815645
0.06675119215
0.0856096294
0.24540255000000002
0.8691039829999999
0.12205407780000001
0.08502941080000001
0.08123203385000001
0.07715506614999999
0.13541550575
0.13255983850000003
0.08167407975000002
0.10562134249999999
0.667378046
0.1360588214
0.159083285
0.2182499395
0.235184788
0.2197545615
0.6454671540000001
0.17262453400000002
0.11904870274999999
0.12146751700000001
0.18332661300000003
0.16147057400000003
0.1752903855
0.19023910500000002
0.27790386499999997
0.7265697105
0.30053855200000007
0.37828274549999996
0.287650356
0.6262672195000001
0.6466380610000001
0.7417232245000001
0.22677065350000003
0.199892115
0.14565388610000002
0.156095167
0.6295513365000001
0.1576854075
0.11755589820000001
0.13501042760000004
0.1028971905
0.09600617725
0.110053608
0.09131932300000001
0.0910031417
0.11729947630000001
0.12344013120000001
0.11432456380000003
0.1819905325
0.1441409015
0.679005727
0.7215234284999998
0.8347864819999999
0.739849685
0.7077456340000001
0.686189125
0.6756321120000001
0.805262064
0.6499107664999999
0.11099665780000001
0.08573672555
0.10317184549999998
0.6949734650000001
0.7179885155
0.7620074775000001
0.887719283
0.7802351475
0.092451846
0.061858083650000006
0.06304695210000001
0.0633320269
0.0806844938
0.16323768500000002
0.18396056300000002
0.1393238035
0.0710600745
0.0620010123
0.0837323345
0.7907827159999999
0.8370496555
0.857711405
0.85878964
0.8443667825
0.8347842850000001
0.867684012
0.9126734260000001
0.914363063
0.8837360015
0.8803411800000001
0.9177914535000001
0.9290173260000001
0.9353326730000001
0.9381788550000001
0.932808549
0.9100543080000001
0.08394919700000002
0.049205937600000006
0.04939373935
0.06636529595
0.08662924335
0.0924258155
0.081469192
0.11075276270000001
0.7552120680000001
0.7554478005
0.8503828099999999
0.128503553
0.07984312095000001
0.07437301
0.09484969225
0.7888294660000001
0.804011286
0.843684983
0.921150785
0.904851195
0.0985291223
0.06370108525000001
0.0696434123
0.1271793388
0.815107227
0.18997247200000003
0.111340021
0.07010240835
0.07841531215000001
0.08309939635000001
0.1000328614
0.8817197565000001
0.9204022975
0.935937786
0.8819903179999999
0.11270185320000001
0.14646368925000003
0.1325825263
0.0911272211
0.17567752100000003
0.2904712595
0.8525406135
0.1383602445
0.1285092043
0.12652616190000002
0.1073590806
0.2270898542
0.0904825789
0.07630420510000001
0.08039297910000001
0.09214474420000002
0.13464727460000003
0.732308935
0.7135281830000001
0.1471042665
0.0994830836
0.0820363323
0.0879135298
0.09060794295000002
0.10564696779999999
0.13368480619999998
0.6033751030000002
0.5946355860000001
0.24303702050000003
0.2566042295
0.653153505
0.6979361380000001
0.8015996915000001
0.713167439
0.6356771980000001
0.21418698600000002
0.198062489
0.5076466470000001
0.59626768
0.6144357080000001
0.606216445
0.593985468
0.14693369550000002
0.134525633
0.251779843
0.6544454919999999
0.12569780015
0.1280620871
0.072889714
0.07505879285
0.1661830345
0.8979881150000001
0.9067084839999999
0.8935305570000002
0.8634546870000002
0.8216725845000001
0.144071078
0.08737149699999999
0.0643219985
0.0694631572
0.0686402004
0.0908258252
0.09972092810000002
0.0855874258
0.10124340470000001
0.176924703
0.26840151
0.8042118440000001
0.4135207450000001
0.23195624850000002
0.22260864400000002
0.597005015
0.5945306579999999
0.23043896800000002
0.2982217015
0.15849973800000003
0.1251722882
0.12016857950000001
0.1428590805
0.24385375700000003
0.14830643300000002
0.1549257105
0.20582744100000003
0.7411501265
0.207349124
0.17482694950000002
0.252334106
0.12807279430000001
0.1267423675
0.215702948
0.10704622200000001
0.09631922700000001
0.1181904885
0.110019717
0.15789600750000005
0.8227714220000001
0.738514187
0.7500121800000001
0.73642983
0.10491738900000001
0.0680484065
0.06588408144999999
0.07507058035000001
0.10918268
0.08624955125
0.07268754765
0.07117262229999999
0.0813964156
0.08831638625
0.0921952149
0.10396867900000001
0.061254142299999995
0.062032007300000004
0.10102071250000001
0.876238085
0.906552569
0.9118726699999999
0.8499103495
0.09076050310000001
0.06805628795
0.0911514384
0.705629045
0.10620270745
0.07685542040000003
0.1181348675
0.11806174590000001
0.07699751364999999
0.1003403903
0.6933502639999999
0.700131132
0.264177507
0.15364661650000003
0.1027171459
0.13025772140000003
0.6708834115
0.1266014625
0.0954033825
0.08560501100000001
0.09869864255
0.0847710137
0.09147821450000002
0.0739467048
0.0794260165
0.14364210749999998
0.1270722189
0.82008914
0.8765987590000001
0.791374202
0.78723871
0.896162075
0.899476089
0.8289866060000001
0.8973016040000001
0.8614870365
0.90118567
0.768697543
0.0749997839
0.0493420498
0.0457747241
0.05421888785
0.1044354677
0.8958999370000001
0.9196012465000001
0.8951650125
0.9211960075000001
0.9008966425
0.9181444845000001
0.896337213
0.8924386120000001
0.9185744985
0.8824668830000001
0.8350543760000001
0.07353675175
0.0503970709
0.04748401485
0.05374524505
0.0718424047
0.09104685485
0.206222336
0.85390843
0.13415227449999997
0.096327625
0.1522445765
0.09159290349999999
0.0898836883
0.1178250688
0.722025667
0.8200397690000001
0.742725273
0.7139295170000001
0.6891931850000002
0.7043486515000001
0.7066230760000001
0.7068449800000001
0.7807871330000001
0.188177331
0.1676302785
0.27453877050000003
0.5994625870000001
0.18092366200000004
0.21857674500000002
0.26965912950000004
0.6762079999999999
0.13840200850000003
0.12146613525000001
0.0820302695
0.0727523301
0.07749095600000001
0.11039183820000001
0.711055124
0.09768000375000001
0.0687210593
0.08207550784999999
0.06935314295000002
0.10437289350000002
0.8173758865
0.8020858285
0.1136160075
0.10374010210000001
0.06877703845
0.0918843965
0.8780736405
0.9197280400000001
0.9325275280000002
0.9423739225000001
0.883023811
0.0647887597
0.044762914699999996
0.04384929415
0.048464710949999996
0.0577814496
0.0921968858
0.7306616420000001
0.1335836173
0.09273650904999999
0.13300876900000003
0.8129858510000001
0.3390473355
0.842076038
0.1555727215
0.08299118150000001
0.08380420405
0.14191892375
0.16960019825
0.836590845
0.7823232585000001
0.7664192935
0.7577282545
0.7398711465
0.7481606030000001
0.7501654595
0.7925060920000001
0.18480835099999998
0.14302131599999998
0.1688327265
0.16367633
0.22493324650000002
0.7820027549999999
0.7539007925
0.766633195
0.8037516100000001
0.45895467500000003
0.500043213
0.46175405500000005
0.41465265500000004
0.7469034
0.6777562619999999
0.686955492
0.7568868245000001
0.8287560500000001
0.7310951295000001
0.2118319595
0.2100804755
0.2000635735
0.18076704999999998
0.4449447355
0.538978707
0.591641611
0.6556332970000001
0.703226251
0.7946029790000001
0.28269239150000003
0.158982328
0.12547780174999998
0.125212386
0.17519022500000003
0.8125521940000001
0.7323925785000001
0.720459073
0.6886446095000001
0.09515701060000001
0.0619807775
0.057442347000000005
0.06899633075
0.11607640520000001
0.883267755
0.8804755975
0.894940123
0.9293638965000001
0.9173016795000002
0.7838205149999999
0.6958547100000001
0.07557334950000003
0.0576365971
0.06658228470000001
0.0905106405
0.2012937465
0.879649005
0.9018760110000001
0.87029016
0.7088330105
0.6930333399999999
0.739307154
0.8631956990000001
0.8492668585
0.15750058150000001
0.1087768317
0.11531621925
0.16184394850000003
0.31904840300000004
0.7611317220000001
0.268841141
0.238494995
0.32447172550000003
0.250785094
0.6118326030000001
0.7315035575000001
0.20296098100000004
0.15638683500000003
0.16771347050000002
0.16485103250000002
0.285665886
0.24623710100000004
0.7133363650000001
0.8331570810000001
0.730366434
0.7053136
0.793296705
0.6516354659999999
0.17589408
0.158669937
0.231589288
0.2180342785
0.28340363150000003
0.5373327775000001
0.195341907
0.23958543300000001
0.817562513
0.821526013
0.18426047674999999
0.14973658569999998
0.18218017849999998
0.8725395990000001
0.9193838635
0.9189684020000001
0.8910916730000003
0.683905628
0.1048918685
0.08487498675000002
0.09660714750000002
0.14113006360000002
0.8618018245000001
0.8725089850000001
0.658118164
0.558486335
0.598968618
0.6931116150000001
0.8976925835000001
0.9197711550000001
0.893302218
0.08602545570000002
0.05419149435
0.04397885085000001
0.046928126249999993
0.06166485520000001
0.1443776993
0.9184301660000002
0.938777569
0.9184407250000001
0.133311658
0.12187355070000001
0.7227174040000001
0.073720436
0.0499176806
0.046914895399999997
0.04638691650000001
0.04637621385
0.0523572902
0.10294693795
0.9185916720000001
0.9351896835
0.9389746470000001
0.9209502875000001
0.8862205940000001
0.06572346500000001
0.043210596675000004
0.04158427715
0.04459468537500001
0.049955457300000006
0.05745724420000001
0.1007038006
0.84834148
0.246459032
0.148164881
0.775588044
0.8338508330000001
0.9105920875000001
0.8731670830000001
0.855127952
0.8750292550000001
0.9229579
0.9178399905000001
0.2404171255
0.06507064000000001
0.05435342605000001
0.0661165264
0.13795575819999997
0.17759948120000002
0.760414962
0.709233569
0.681833423
0.11546160450000001
0.08617535900000002
0.1076301057
0.1802629825
0.8488487645
0.8429226230000001
0.18127478349999998
0.14296127215
0.19108017670000002
0.5675898800000001
0.535339436
0.19600216950000002
0.267629814
0.765956317
0.37513177150000004
0.3563828925
0.25122798150000003
0.186367696
0.2042783595
0.602558354
0.6052870645
0.5824112605
0.6012140085000001
0.6621015640000001
0.7901972820000002
0.738183984
0.7078172499999998
0.7799474550000001
0.214849505
0.13891404150000003
0.11004825730000001
0.0989141265
0.1018046818
0.1243002785
0.176242029
0.20530351400000002
0.5844291335
0.148516249
0.12877048500000002
0.173408818
0.343837688
0.811863408
0.6903396520000001
0.6638613284999999
0.691486592
0.8371750390000002
0.849728777
0.7578505289999999
0.816830397
0.714409995
0.6638425085
0.21691207900000004
0.145394561
0.152411819
0.14089857675
0.2482466835
0.218574995
0.7768601049999999
0.6378216270000001
0.175241097
0.1639916955
0.626015417
0.197005627
0.1525448555
0.0961283527
0.0862144213
0.10764733850000001
0.22209317250000002
0.6925542119999999
0.22518688400000003
0.10203508530000001
0.08860294505
0.11061424150000002
0.2773270275
0.8587596720000001
0.3210980015
0.16574335299999998
0.08059932740000002
0.07443945165
0.12241617430000001
0.7035542800000001
0.11853430370000001
0.133877026
0.1022239703
0.06479610445
0.0656473173
0.09890853900000002
0.805113114
0.7817263720000002
0.776238596
0.7557917270000001
0.09312465025000001
0.065273562
0.06918528519999999
0.11555535289999999
0.8097792000000001
0.1364787275
0.11339365
0.12683832750000001
0.830427003
0.865677316
0.868858512
0.8468129249999999
0.8537817984999999
0.8121257735000001
0.1833307875
0.2814086505
0.7853475999999999
0.30365260199999994
0.8309199680000001
0.100369783
0.0653847757
0.07057336815
0.13120464430000003
0.8715605075
0.827994135
0.0931613808
0.06475792699999999
0.07363014849999999
0.09328563765
0.10735519519999999
0.12282947740000001
0.7736719670000001
0.19090491550000002
0.10300571660000002
0.07529792095
0.0990244394
0.156772595
0.8223931550000001
0.8083401430000001
0.8056361065000001
0.8075623615000002
0.1237729425
0.06407902580000001
0.0554334207
0.06902204865
0.14253023925
0.8230556235
0.917944604
0.9231884380000001
0.8449603205000001
0.2533459695
0.07148727825
0.0558608814
0.059222139050000004
0.05456896235
0.05335568740000001
0.05213953475
0.05289176345
0.06341978279999999
0.136938425
0.9062310495
0.922018035
0.8761473000000001
0.08255776090000001
0.05001275105
0.046628242550000004
0.057829285200000004
0.13054512575
0.9038265430000001
0.9262914135000001
0.9045853625
0.3520002055
0.851278571
0.1611569433
0.0755428442
0.0799393253
0.154774925
0.8873406420000001
0.9004885370000001
0.783459561
0.7575976520000001
0.1238150085
0.07245432215
0.07429351235000001
0.11496566800000001
0.189103872
0.187515831
0.127166405
0.1499113345
0.6852016350000001
0.6793980470000001
0.6793934215
0.6443994270000001
0.19415669249999998
0.2001498155
0.173032518
0.242775704
0.2129133145
0.35487514100000006
0.6495861035
0.6380250109999999
0.614615665
0.3478658435
0.534382157
0.21145629050000003
0.261951143
0.20743793050000003
0.16421889599999998
0.174994655
0.6224350700000001
0.632311737
0.6107332605000001
0.23337705550000004
0.2948677355
0.295835868
0.2426199895
0.45639078349999995
0.845247928
0.8286349170000001
0.427805616
0.7848448580000001
0.38692267950000003
0.21068403900000005
0.5072832565000001
0.158770005
0.14966236950000003
0.23849937300000001
0.8032141060000002
0.7105542170000001
0.8057901410000001
0.3515492115
0.46656792300000005
0.8004541430000001
0.6443300380000001
0.15207654150000002
0.15002075269999998
0.16959314450000001
0.6142125230000001
0.10942263870000002
0.0874468156
0.10839591375000002
0.6916810145000001
0.6893491205
0.0911986897
0.0622870757
0.061518934299999994
0.097062944
0.8151233965
0.9000190345
0.8144881785
0.8952606775
0.1633648195
0.07866805725
0.10749505820000001
0.1214884175
0.120721712
0.10630126905000001
0.8425562630000001
0.8681791220000001
0.9373950925000001
0.9227421900000001
0.0862863655
0.0607546165
0.04404888035
0.0477519069
0.07738488315000001
0.889611577
0.9257352600000001
0.944269535
0.8880553700000001
0.06682517705
0.04427605215000001
0.0440944563
0.058356802400000005
0.10852410670000001
0.8609836025000002
0.8437391800000001
0.806690723
0.7967704595000001
0.0877008548
0.06915203035
0.0731484515
0.0761341905
0.06942732865000001
0.11426257050000001
0.8184678175000002
0.8028396095000001
0.794181163
0.09118777735
0.0621634241
0.06400381735
0.0606850061
0.059160266
0.05948006220000001
0.07332155550000001
0.149790607
0.16493333080000003
0.0866379481
0.10781916810000002
0.1269148825
0.7472690790000001
0.28411977000000005
0.12617031
0.1415691018
0.690238
0.14440843790000002
0.1392264666
0.09296033690000001
0.11985037670000001
0.10237556895000001
0.1367445257
0.13863319215000003
0.10158937530000002
0.133446659
0.1327104
0.21482018800000002
0.17947628
0.169477241
0.6777912490000001
0.6183775420000001
0.8794696985000001
0.9028446070000001
0.887166298
0.8130411900000001
0.84771578
0.7565710395000002
0.6818888890000001
0.651045237
0.646256152
0.1756340845
0.11436220450000001
0.12433278850000001
0.18582420400000002
0.6488857819999999
0.3438762995
0.2747657975000001
0.1402327115
0.12672865430000002
0.1968764375
0.6434960750000002
0.2086152115
0.154465888
0.185655488
0.29603186049999997
0.267429283
0.10391713075
0.09344561650000001
0.06485388700000001
0.05448680295000001
0.05178971805
0.0589062738
0.10410632475
0.8867241080000001
0.937564869
0.9195824700000002
0.8637650185000001
0.07605543299999999
0.051671205300000016
0.05044577175
0.0638589267
0.0884018225
0.7354444175
0.7687249850000001
0.8902808350000001
0.8844328619999999
0.3674330255
0.205270803
0.25338554
0.37210103000000005
0.8213609430000001
0.7835591755000001
0.7137443375
0.708260782
0.686920396
0.6340208505000001
0.6055028819999999
0.6055940415000001
0.6545822525
0.7460153690000001
0.890981525
0.920819245
0.9062855535000001
0.19145666100000003
0.0778932605
0.06592811795
0.09343814425000001
0.055522633900000014
0.050662999300000004
0.05033753915
0.056552856900000004
0.0796539919
0.8677161970000001
0.8827886615000001
0.936219397
0.9398671600000001
0.936558432
0.9222825855
0.9272332930000001
0.898535418
0.1620460125
0.2140935005
0.723873775
0.0794805884
0.061020337400000006
0.0776545935
0.1517374415
0.817886223
0.2553436005
0.21261747800000003
0.450745662
0.8948742430000001
0.911473615
0.870114085
0.6904228480000001
0.14456104050000002
0.14560635
0.1535991295
0.22164975100000003
0.1407034225
0.1595986785
0.1340632275
0.16874284950000001
0.18032533150000002
0.221808218
0.7244268955
0.566083727
0.21955552
0.23953583700000003
0.251398677
0.325934709
0.843832525
0.8752513415000001
0.8144938895000001
0.875033425
0.84479298
0.292612554
0.30034643200000005
0.218772232
0.2523593085
0.7691282420000001
0.7072995774999999
0.7037322859999999
0.804932504
0.154864404
0.098993856
0.0842376421
0.09654508269999999
0.0905583517
0.07050109835
0.08500759740000002
0.0927732885
0.17737633700000002
0.911472193
0.9258252780000001
0.8195001430000001
0.7739166675
0.0798659843
0.06892890874999999
0.05186558630000001
0.05058175330000001
0.05102494830000001
0.052059453500000005
0.056322141400000005
0.0929093575
0.8122336150000001
0.7701258550000001
0.774202705
0.8176183105000001
0.8659441170000001
0.92595575
0.9258946050000001
0.8818680640000002
0.8712438080000001
0.891414172
0.9346384329999999
0.933628597
0.9085711255
0.08483335195
0.05392109155000001
0.0581087508
0.1043179827
0.8173831745000001
0.1010158613
0.0710727348
0.0921206502
0.1467034336
0.8981483155
0.9308062490000001
0.931673388
0.906605946
0.375928004
0.1785025485
0.29224129449999997
0.6347010940000001
0.18813020950000003
0.24826799400000002
0.24036872150000002
0.188188985
0.1548599847
0.1828971445
0.7513835645
0.6275378675000001
0.22938401775000003
0.11574709295
0.1047783258
0.12064587750000001
0.22999035950000002
0.8954691825000002
0.921851433
0.894546206
0.1424712285
0.118560798
0.6570607260000001
0.07417698730000001
0.050969117450000004
0.049299275200000006
0.0553148786
0.07649889484999998
0.17280505480000002
0.7894791675
0.14899970500000004
0.186498555
0.8812159170000001
0.9050958050000001
0.9025503900000001
0.873973745
0.1230331594
0.058213283000000005
0.061463270300000004
0.081215609
0.05653368140000001
0.059172989100000004
0.08314119399999999
0.12336861245000001
0.8374233620000001
0.6874659725
0.17697766199999998
0.1893954405
0.7452739679999999
0.8708124120000001
0.869864227
0.1280974725
0.0782721048
0.0701732954
0.0786421618
0.10444310775000001
0.0980201275
0.10501372049999999
0.1440615845
0.151974042
0.6809957535
0.7129686635
0.8225492050000001
0.728525615
0.6832184785
0.1412976125
0.10119340400000001
0.10478955599999999
0.19916087
0.6486448185
0.1607704675
0.116863433
0.1029270441
0.12667316499999998
0.128590749
0.10326808370000001
0.12375913420000001
0.1139944375
0.20271452050000002
0.645408911
0.6914989579999999
0.707881783
0.723040553
0.8218608335
0.6863073845
0.16333323520000004
0.1883065965
0.1132414156
0.1177620245
0.21804170750000004
0.6627686850000001
0.6273234595
0.2970810555
0.21848334900000002
0.672532404
0.6684824735
0.64744859
0.6238285250000001
0.5573988375
0.1918190395
0.28490980200000005
0.8235296125
0.727824601
0.15048469700000003
0.0870152825
0.0799485395
0.11306307249999999
0.1348155375
0.651820771
0.12722083
0.09766207
0.119685726
0.129044912
0.6840620494999998
0.27869189650000004
0.17829659250000002
0.648507937
0.1287199875
0.11218682900000002
0.20378449499999998
0.735946553
0.1145848265
0.0879048
0.08452593650000001
0.085512805
0.1593420575
0.7287935435
0.143164012
0.16600462300000005
0.8675299420000002
0.8834148615000001
0.891588248
0.9068892780000001
0.820263289
0.09220663225
0.08775991799999999
0.0714174139
0.11070526460000002
0.87834839
0.8874326575
0.8814492770000001
0.8846841030000001
0.8987044999999999
0.09492423700000002
0.065690333
0.0705501357
0.10153527910000001
0.7229814235
0.13399489739999998
0.1357332795
0.725415607
0.11831759350000003
0.09168309300000001
0.16144386900000002
0.16056816680000002
0.082613119
0.0767125885
0.0721770909
0.0705562395
0.0736489559
0.0825332267
0.08991625810000001
0.15102296
0.09364336880000002
0.111511916
0.7100438900000001
0.15931901450000002
0.11651707300000001
0.20402103799999996
0.14070099075
0.25371722
0.21186505400000002
0.0987667249
0.0927006672
0.1190425053
0.6568504435
0.6601895805000001
0.7093960720000001
0.814235296
0.1622162615
0.1392910025
0.10258663355
0.16213275624999998
0.13052293150000002
0.12665462875000003
0.8402825115000002
0.8928053110000002
0.915967953
0.938362041
0.926679667
0.826905203
0.07421802900000002
0.05762486585
0.0680541781
0.0718985471
0.1329551771
0.11691533880000002
0.6438072914999999
0.66518216
0.7486788825
0.8907645005000001
0.905944693
0.879089199
0.7331629785000001
0.108321874
0.1018423882
0.100031843
0.126494602
0.09969027650000001
0.10786489
0.101013552
0.14298510150000002
0.1893648835
0.18626285450000002
0.1288567485
0.119260648
0.1045222412
0.12029978200000002
0.1305925353
0.20515467950000002
0.5973375555000001
0.2878319255
0.296400079
0.5610143540000001
0.20656262300000003
0.18778110200000003
0.2274766145
0.5169003615000001
0.255230049
0.2171705315
0.24041049
0.7024924250000001
0.243328931
0.2245043505
0.3191031665
0.2698480395000001
0.585223881
0.15217619650000003
0.113121417
0.12230020080000001
0.160801321
0.7179805925000001
0.8666612220000001
0.8563975500000001
0.6589214905
0.6063589774999999
0.6072777225
0.603316457
0.634894895
0.6597333984999999
0.6559900535000001
0.6522791505
0.6462179710000001
0.1527339945
0.1072688639
0.09651011400000001
0.1256237129
0.126809175
0.24103146350000004
0.630690145
0.1412897997
0.11553917999999999
0.1527260332
0.61295047
0.696445875
0.8194236750000001
0.710171158
0.8270686480000001
0.25865939
0.10845917575000001
0.10889774664999999
0.10816227924999999
0.119633851
0.16150261635
0.10145257120000001
0.1400773368
0.836243567
0.18940104500000002
0.07089522615
0.0596043193
0.07474380870000001
0.1180559186
0.8307056485000001
0.32166342800000003
0.8494617185000002
0.18951833349999997
0.1427719725
0.20251439400000001
0.7179358075
0.08573765519999998
0.05739981770000001
0.0613633044
0.14907577400000002
0.9004705225000001
0.9200187555000001
0.9249213440000001
0.934263416
0.9397292725
0.9191730520000002
0.905927594
0.075857747
0.049371567
0.052845526175000004
0.0804327462
0.8379997419999999
0.8587799275000002
0.8803340600000001
0.17287663875
0.19091198685
0.12282013395
0.055402495200000006
0.05221867150000001
0.07032846489999998
0.05341852375
0.058143666850000005
0.10170872305
0.8640178950000001
0.9151668350000001
0.8411847625
0.1193073285
0.07844839710000001
0.10117767165000001
0.18009005100000003
0.2181767955
0.20082105990000004
0.08336307920000001
0.09695308690000001
0.07396161839999998
0.07053318700000001
0.07881869315000001
0.11940025390000002
0.1156732932
0.18701393510000003
0.10822642305000002
0.10783853480000002
0.13960506450000001
0.646973945
0.7499828150000001
0.8584586895
0.8622055950000002
0.8036070020000001
0.8808365220000001
0.8969413150000001
0.8812513745
0.7802165215000001
0.73041908
0.151072481
0.17489116260000004
0.08445114495
0.07847816570000002
0.1443301428
0.1505196118
0.09940854510000002
0.18852292059999998
0.7136447625
0.100770744
0.07336683309999999
0.10407048400000002
0.7043606490000001
0.08577016485
0.05737453110000001
0.06124545470000001
0.06589747630000001
0.08574983025
0.7641460680000001
0.21982689100000002
0.8298991735000001
0.8838183820000001
0.9356315740000001
0.9290014665000002
0.9139839500000001
0.8958707795
0.9036325500000002
0.07825172675000001
0.0564230415
0.08763163154999999
0.0936263917
0.05875836825
0.05650187
0.057680229400000005
0.06052590360000001
0.0654994638
0.0711050907
0.07647453015
0.14303687750000002
0.839108803
0.8349300700000001
0.13452151450000002
0.0702456878
0.06384551085
0.0830066376
0.093204788
0.07427275974999999
0.06737934285
0.0730133366
0.11293253550000001
0.734913625
0.731309198
0.4040466415
0.20226934400000002
0.12238040074999999
0.09526512000000001
0.09932952090000002
0.14057030950000002
0.30860732800000007
0.6789852085
0.186499042
0.2541727395
0.1071945538
0.10017223865
0.06903213145
0.07367097480000002
0.062031726550000006
0.07561086430000001
0.23162760650000003
0.9103683700000001
0.9106362880000001
0.9373786610000001
0.925644423
0.8085138510000001
0.777768225
0.08814045860000001
0.0564695781
0.06201344525000001
0.05874155745
0.06886884735
0.11504783705
0.0894513225
0.12357639040000001
0.1538024065
0.148549963
0.227187097
0.17138200650000002
0.15158436800000002
0.7243398600000001
0.84792192
0.730653145
0.18444698500000004
0.218001887
0.1490981187
0.14858878350000002
0.17348596100000002
0.09702741100000002
0.10047614500000002
0.1803169615
0.18024155150000004
0.1334343685
0.6808378660000001
0.0912360837
0.0643830348
0.0725541502
0.1056959737
0.0994428645
0.25107550200000006
0.8392464749999999
0.1747680325
0.18157813600000003
0.8346223
0.9013786980000001
0.893955904
0.8808147965000002
0.8725204065000001
0.8507007020000001
0.8240773430000001
0.2154436835
0.1521476695
0.76561588
0.1126493423
0.077075407
0.08975221500000001
0.1232791675
0.1028182382
0.11223673
0.7087116625000001
0.23004402999999998
0.7826824050000001
0.8592995075000001
0.20259963650000004
0.1292830945
0.0915796585
0.102989639
0.21021336150000003
0.884902013
0.9120732095
0.8798971480000001
0.138124927
0.1047697117
0.12961346799999998
0.15817279
0.8634374095000001
0.84899602
0.812192838
0.7622302219999999
0.141013835
0.1415277923
0.0816791523
0.08397752125
0.114199769
0.352647686
0.9028525380000001
0.9245998245000001
0.903627525
0.7881156745
0.747345125
0.838090494
0.227988217
0.1152602117
0.0999800525
0.11862865750000001
0.0974977665
0.0924583365
0.0878395945
0.0896688515
0.0793412201
0.07942735099999998
0.09527245480000002
0.1364450825
0.7935079159999999
0.906601415
0.9103182865000002
0.789728108
0.723828794
0.1072678105
0.07755948580000001
0.08292464050000001
0.11466435999999999
0.21671427150000003
0.17970854149999999
0.6710081995000001
0.1587589245
0.2334853425
0.21154503199999997
0.15173862224999998
0.0730114843
0.084302796
0.05520039655
0.060853093050000015
0.17985587050000001
0.9074241129999999
0.9312078510000001
0.9493331675
0.9485702875000002
0.9248396504999999
0.88624119
0.08388680825000001
0.044943794200000005
0.0407191695
0.0499824596
0.06384316870000001
0.07912782410000001
0.097199933
0.1201321251
0.183573618
0.8120055260000001
0.2366551
0.28086459
0.7708621160000001
0.8673569135000001
0.8851105920000001
0.9062178299999999
0.9153387795000001
0.919675161
0.9225839320000001
0.924728481
0.9212341605
0.887640695
