0.36316942900000004
0.1579294155
0.129363887
0.15658619099999999
0.636215556
0.24516632200000002
0.18884174900000003
0.2791276195000001
0.25127305000000005
0.1712681787
0.11628123700000001
0.08722894350000002
0.08022527900000001
0.09616752530000001
0.07307840755000002
0.0736891494
0.09321321760000001
0.684790104
0.102844093
0.0952593197
0.1308894637
0.8851113180000001
0.8997067835
0.9098032560000001
0.917664447
0.9270921070000001
0.8657805510000001
0.8373424300000001
0.7904317115000001
0.0722566655
0.0653983462
0.053513277350000006
0.05929426085000001
0.08999507849999999
0.0826984125
0.08956910350000001
0.0909589724
0.0874534075
0.102526214
0.147012912
0.1259224155
0.0904100495
0.09476398899999999
0.16290778000000003
0.18506851400000002
0.8773764815
0.8918120830000001
0.8062068930000001
0.8144793100000001
0.8922854565000001
0.8099010855000002
0.8656770075000001
0.082835834
0.05055116824999999
0.04847548300000001
0.0528841457
0.05811539645
0.07171066995000001
0.05795373960000001
0.050108736450000003
0.047824725575000004
0.05312921745
0.10773594680000001
0.927014762
0.947771555
0.95334605
0.9138044390000001
0.0673427402
0.044334041000000005
0.04604594605
0.05306591780000001
0.08305449104999998
0.0702559567
0.06515506874999999
0.0759934
0.06334748085000001
0.0634742103
0.0871222328
0.7009913375
0.672939622
0.6522446120000001
0.652763099
0.163705571
0.10339137850000002
0.10861495510000001
0.7411809575000001
0.8064652005
0.8453144170000001
0.865881133
0.8895340640000001
0.7871968050000001
0.1321663845
0.135773337
0.31345303249999995
0.857129257
0.7450544715
0.13431943500000001
0.12353185700000002
0.09929775310000001
0.112523807
0.22880305850000002
0.7457427160000001
0.870435979
0.89193452
0.867312087
0.749182007
0.761738927
0.194115372
0.1553953395
0.18266603750000002
0.1860399805
0.34351092000000005
0.7166557929999999
0.8380169645000001
0.78926474
0.7869239925000001
0.8535572490000001
0.750424547
0.10364327705000001
0.0935010817
0.0812323127
0.06918433560000001
0.09262096325
0.06783672575000001
0.05331594320000001
0.05876411515000001
0.12935630915000002
0.889307541
0.92454502
0.9264737715000001
0.9038449095000001
0.890764599
0.9014854555
0.9221743309999999
0.9309546240000001
0.9331847129999999
0.9271620100000002
0.8973629555
0.17226204915
0.0575570564
0.04677600450000001
0.049381734700000006
0.058446462500000004
0.0674007758
0.10951383515
0.09075068670000001
0.13340386320000003
0.8263272930000001
0.75128342
0.7424484735
0.7358244880000001
0.7957954600000001
0.16543126399999997
0.1228930731
0.1396426524
0.6764796935
0.686869396
0.6781779415
0.6487739355000001
0.139293874
0.11384215950000001
0.15444933700000005
0.7753937830000001
0.6687220509999999
0.6497479075
0.1084780165
0.09140975550000001
0.09571003850000001
0.08329705400000001
0.10519576375
0.702954118
0.6709720235000001
0.09758301205
0.0719268805
0.0841241672
0.12478564075000001
0.8483053300000001
0.887800881
0.91402505
0.9225251584999999
0.8569083050000001
0.1084166275
0.1132420918
0.08281057925
0.10419518000000001
0.7654317700000001
0.8377191450000002
0.1249786835
0.09733004400000003
0.14473088800000003
0.12083936449999999
0.17363468100000004
0.8174123925
0.7600927319999999
0.7269769960000001
0.748481218
0.7467278185
0.71586539
0.7176824155
0.7483532
0.750454446
0.7235789420000001
0.658814083
0.1843208695
0.16071638450000003
0.22712279050000003
0.862745068
0.9141621150000001
0.9151331275000001
0.8866868205000001
0.755797995
0.6956075285000001
0.6471015405
0.589989313
0.136731075
0.137838281
0.17882501
0.774628407
0.6833193515
0.655798244
0.11749475550000002
0.09134752885000001
0.10709734475
0.13867861625000003
0.1160378397
0.6540606815000001
0.18186081650000002
0.4086664535000001
0.894438981
0.899708787
0.9273899360000001
0.9088527230000001
0.24216668600000002
0.1495874865
0.6895667630000001
0.1102748474
0.12195740880000001
0.155090636
0.08853184500000001
0.0888727975
0.11978165099999999
0.12269776
0.20275289450000003
0.1812250405
0.290266295
0.7285088455
0.784348967
0.657985143
0.5499995280000001
0.162905336
0.13371946669999998
0.1364803205
0.1713215965
0.6705367280000002
0.8009151625
0.23329994150000002
0.12292188629999999
0.08944916105000002
0.08361024024999998
0.10661593100000001
0.1726642615
0.881074855
0.9109714155
0.8947042160000002
0.7796999150000001
0.731374601
0.717865467
0.7212975020000001
0.7926602159999999
0.21564946025000004
0.24062422100000003
0.202630406
0.24498241475000004
0.19312210075
0.7328333900000001
0.8574857339999999
0.7509397985000001
0.105082364
0.078017288
0.1067580028
0.7158530160000001
0.10618544700000002
0.102117701
0.06522811435
0.06116828055
0.0611188292
0.059986196250000005
0.058130232399999995
0.058024045
0.06575589700000001
0.11454479875000002
0.8530440170000001
0.2267226625
0.4727577005000001
0.8876168400000002
0.11441637699999999
0.09189048730000002
0.056163700000000004
0.04988276520000001
0.047729657800000005
0.05285874250000001
0.10942966375
0.1231217485
0.9151137370000001
0.9385760770000001
0.9354382140000002
0.0875889545
0.047727193599999995
0.04282285150000001
0.04534174685
0.0491921957
0.0525900627
0.06130402195
0.11095652950000001
0.8526488615000001
0.18779603600000003
0.14664748300000002
0.8469490625
0.9117619475000002
0.8247265355000001
0.0966617418
0.07781009900000001
0.13319506849999999
0.8174897545000002
0.10410902730000002
0.07346011829999999
0.0920554273
0.792260972
0.8277271260000001
0.92733038
0.917300379
0.09009966125
0.05187076265
0.05120416430000001
0.047126400400000004
0.04956704050000001
0.0634196616
0.15339028500000002
0.9060626370000001
0.9207606475
0.883465053
0.9222740345000001
0.905701104
0.7545278860000001
0.13118733600000002
0.15253369100000003
0.19683130200000004
0.16777129600000001
0.156439429
0.732009309
0.8490988070000001
0.766355093
0.7327408240000001
0.697797412
0.11636119750000001
0.08409030599999999
0.0900815231
0.10965290640000001
0.2103131315
0.43762119900000007
0.7930138110000001
0.18091181850000004
0.13340747625000005
0.11801185790000002
0.15134929099999997
0.5551718175000001
0.6264872775000001
0.6629968049999999
0.7542940380000001
0.3591624515
0.283850486
0.24896484150000003
0.3300409315
0.523846592
0.21678251800000004
0.15140984500000002
0.13550088500000002
0.146555696
0.161539777
0.504693859
0.5815199935
0.6171084090000001
0.654964075
0.6910226605
0.800460081
0.4396178715
0.19896692300000002
0.1780062425
0.1337103195
0.135349566
0.5445101520000001
0.125596982
0.13139372000000002
0.213593784
0.19871179049999999
0.27767607
0.2925387825
0.6306126905
0.614353975
0.6337194094999999
0.6710076495
0.8149368615
0.25014874350000005
0.19676968
0.2033673215
0.140830902
0.10228710860000001
0.11887375450000001
0.5446860740000001
0.615742703
0.6322204969999999
0.12282854660000002
0.0916464056
0.09020030250000001
0.0970725225
0.13254550065
0.16818847199999998
0.6215250200000001
0.613151224
0.5956485
0.24452057800000004
0.196430983
0.6320200719999999
0.6627973574999999
0.7930925249999999
0.143008309
0.10889803070000001
0.13688450600000002
0.20761963700000002
0.276965933
0.4529570285000001
0.8960964950000001
0.9037451675000002
0.835513915
0.8569189610000001
0.728736373
0.7589372885
0.8964928080000001
0.9227684175
0.925882588
0.9101205200000001
0.8001402870000001
0.6885559200000001
0.094206714
0.07804976549999999
0.10711987310000001
0.720134032
0.7295036825
0.31446872800000003
0.731013035
0.0898280814
0.06308979950000002
0.0578414391
0.051732093650000005
0.0546613985
0.08039090155
0.8469923135
0.8796662400000002
0.9094634215000001
0.9103971215000001
0.9087324425000002
0.881023846
0.8426321560000001
0.7867509595000001
0.0680007124
0.04991898805
0.057468972900000005
0.09307819249999999
0.1191974495
0.11209176700000001
0.7583619275000001
0.343060981
0.8637245335000001
0.29800757899999997
0.11720334130000003
0.14557753425
0.8202588890000001
0.18260359450000002
0.14214908199999998
0.1388122605
0.1591172075
0.1058757147
0.14083335900000002
0.8243365535
0.7264279705000001
0.7132346475000001
0.8078082070000002
0.314754084
0.46843810900000005
0.7139911505000002
0.7159000489999999
0.737008295
0.8252849980000001
0.2187601625
0.2866267833
0.14120954900000002
0.08204084080000001
0.075124366
0.082579664
0.11166768550000002
0.1153223475
0.23056800800000002
0.23650981050000003
0.8818804520000001
0.901991071
0.8224596985000001
0.7550347455
0.686935686
0.6483756515
0.1393817204
0.1575429252
0.154134184
0.2921937135
0.6581442780000001
0.16888743550000002
0.1502479055
0.219934169
0.135332042
0.14443954
0.11153075800000002
0.10608292100000001
0.1271236372
0.17307321750000002
0.3523991485
0.755568961
0.3128870975
0.35520264100000004
0.19536267400000001
0.183362563
0.163271592
0.183421805
0.26097442
0.7304470900000001
0.5712014460000001
0.162587384
0.1269461941
0.1452250555
0.186000237
0.772143141
0.68034477
0.775857283
0.6321249184999999
0.14672156200000003
0.1078757768
0.100005066
0.1415020367
0.15982690800000002
0.1655929115
0.16192882349999999
0.6116566569999998
0.6557499569999999
0.7033287200000001
0.807366278
0.6581308670000001
0.5956415700000002
0.6082466719999999
0.660297804
0.81844943
0.8187203049999999
0.18506747970000004
0.144134645
0.20260423000000002
0.13090424150000002
0.088504389
0.08233130825000001
0.093983599
0.08800413430000001
0.112806761
0.20830086400000003
0.8693783680000001
0.8713917370000002
0.710919889
0.673086869
0.10328925665000001
0.0712034257
0.0717434683
0.10849506615
0.15463454000000001
0.8747108000000001
0.8792402075
0.1441786045
0.15327395500000002
0.07747541695
0.0533338766
0.05336508905
0.06269268830000001
0.12248223730000002
0.1307909643
0.8477890975
0.366965106
0.8926858785
0.8234963740000001
0.7732115525000002
0.07627780575
0.04950514535
0.04521927645
0.0454343333
0.04969930155000001
0.07426572905000002
0.8572294935000001
0.8868344635000002
0.935296776
0.937806072
0.9256804195000001
0.9228918695000001
0.9340933220000001
0.916246335
0.8834315749999999
0.839232611
0.06388005405000001
0.0462837326
0.0495151627
0.07922490830000001
0.0811041633
0.10780406940000002
0.7383318000000001
0.09167323385
0.0627331129
0.0640551986
0.071784471
0.1272010825
0.836633494
0.14701467900000004
0.15739134735000002
0.11909510950000002
0.11550140770000002
0.715202793
0.7112411500000001
0.12370877100000002
0.07556415695
0.0667088018
0.0785552808
0.14150301859999997
0.71410935
0.7589826080000001
0.8597071460000001
0.8012067580000002
0.8568636600000001
0.3731842155
0.15864787049999998
0.15593417410000002
0.2709766925
0.643916905
0.1588370425
0.14808361700000003
0.2124964343
0.17007910219999997
0.13737136675000003
0.1615747633
0.6156353785
0.16198474049999997
0.121093767
0.10854731500000002
0.1040530985
0.09856546175
0.09880819075000001
0.09871924310000002
0.12726006280000002
0.12901983
0.179550714
0.82623099
0.726916639
0.7258098970000001
0.831422911
0.7665617250000001
0.8243672615
0.7484664610000001
0.7711637580000001
0.8574388295
0.8150708
0.8017634550000001
0.8599626629999999
0.1715332995
0.09551634280000001
0.06337001225000001
0.0610564735
0.08064360970000001
0.2203957545
0.8518954820000001
0.1577325235
0.08491407824999998
0.09672521329999999
0.6499581809999999
0.1343525935
0.15926968349999998
0.7796802550000002
0.494834809
0.8754144065
0.9046225200000001
0.916463958
0.8552044000000002
0.3256979970000001
0.7827719775
0.33977743450000003
0.364834888
0.893635455
0.8916114935000001
0.1159301465
0.08728816880000001
0.16503036399999998
0.7449799359999999
0.1040640603
0.06350619105000001
0.05926711145000001
0.07120038335
0.13332797525
0.156146155
0.8402258220000001
0.7420861960000001
0.7012846655
0.669435151
0.7131416500000001
0.8394022770000001
0.810729082
0.8920913250000001
0.872452413
0.913819585
0.8946350750000001
0.0980623263
0.059668422799999996
0.05611418155
0.05141997585
0.061355852399999994
0.10277849295
0.7880142230000001
0.1711294245
0.0879182823
0.0734523419
0.08809744545
0.8575344305000002
0.9003245335000001
0.9146543330000001
0.922242888
0.11728235605000001
0.138166471
0.131871651
0.0852465912
0.09327800950000001
0.05725575150000001
0.05536673955000001
0.0550028464
0.05805467140000001
0.0924900539
0.7792272575000001
0.7763039905000001
0.778255451
0.7535034425000001
0.0968287515
0.06794774975000001
0.0755980775
0.08939547499999999
0.14802404900000005
0.658066958
0.12311047524999999
0.09739592700000001
0.1199914123
0.1764002968
0.225634029
0.7980592370000001
0.74163099
0.7502013435000001
0.8149369900000001
0.680856625
0.18479679549999997
0.1301978675
0.109363898
0.127461995
0.1573553245
0.5937776735
0.627705983
0.7597779735000001
0.18742867500000002
0.1206988265
0.11215995050000002
0.148654361
0.19067201300000003
0.4002803075
0.8827197945
0.902394412
0.8712187775000001
0.680888355
0.191629356
0.12055567550000001
0.1199537566
0.5069085595
0.13632673074999999
0.13294670025
0.18783575000000002
0.692534043
0.8086142470000002
0.18535999800000003
0.16009788560000002
0.12502552125
0.15104395125
0.8053950435
0.7076753915000001
0.709393452
0.841692295
0.70453974
0.665433189
0.617139104
0.09800224925
0.07411218480000001
0.103488008
0.159664301
0.7584976515000001
0.16611255000000003
0.1196726722
0.1546339295
0.812840036
0.6865708775
0.0930753055
0.07698254475
0.09072677780000002
0.14827700549999998
0.16293853000000003
0.12912949150000003
0.15024639650000002
0.8913278929999999
0.9043377400000002
0.751838447
0.695865477
0.645481533
0.0725816519
0.05637349975000001
0.09136691999999999
0.08689648405
0.13919233375
0.1321297796
0.86553533
0.9078597700000001
0.9425593475
0.9327596469999999
0.22865206500000002
0.09121259525
0.1015523935
0.060926096250000006
0.05383035325
0.06809482575
0.8047346450000001
0.899554717
0.8816376885
0.9268804645000002
0.929413921
0.9150262100000002
0.840273849
0.810888437
0.83549433
0.89248432
0.7928204675
0.08508799735000001
0.06901285380000001
0.089620363
0.133340705
0.20657476700000002
0.0801810698
0.07289968449999999
0.0723267305
0.08748632299999999
0.1351645685
0.797453285
0.6734241025000001
0.621088335
0.14769904550000001
0.14621243800000003
0.24373179700000003
0.8497553185000002
0.743021785
0.0991765025
0.06508288400000001
0.06358221130000001
0.06586901615
0.1052481319
0.08294829014999999
0.0962427674
0.8463391675
0.8705809330000001
0.892548058
0.895972444
0.8565335305
0.10590413435000001
0.1312854075
0.0854001895
0.0696923224
0.09596941315
0.075164346
0.1187046467
0.8180247260000001
0.878095595
0.331115742
0.1510394405
0.17934890300000003
0.803433704
0.6550938700000001
0.1225734613
0.099071819
0.147523773
0.6140481480000002
0.2228533915
0.3121699655
0.46240235150000003
0.7047018850000001
0.6935310655
0.6666877445
0.6608156884999999
0.25795936500000005
0.196282063
0.24386820199999998
0.15056908800000002
0.145286945
0.20148093250000002
0.8043593550000001
0.7240041955
0.709697391
0.1862888855
0.1314503082
0.11873400800000002
0.12243480250000001
0.19851586300000001
0.6384243010000001
0.7110444039999999
0.858634998
0.8614960475000001
0.7470085129999999
0.7224209149999999
0.7619828925
0.8685211894999999
0.8575357170000001
0.349692833
0.4218589530000001
0.369981554
0.300800259
0.183983151
0.19728021
0.17952371050000002
0.5977626495
0.5726395945
0.14555072975
0.11351802450000002
0.15253401450000004
0.23212121049999998
0.8763342700000001
0.9162005950000001
0.8998221265
0.49517104400000006
0.14903299600000003
0.1101735935
0.1014346665
0.10517545
0.16361810024999998
0.198718045
0.6577448175000001
0.7666212989999999
0.6415892960000001
0.5959213379999999
0.212093973
0.1834266685
0.21417991
0.268933989
0.735454332
0.4190013375
0.432404085
0.8351681240000001
0.8537457230000001
0.7053053085
0.30520593300000004
0.17774610450000003
0.14230356070000003
0.116537068
0.16856235500000002
0.1692019335
0.7416005205
0.861886268
0.776745745
0.8571685580000001
0.266060083
0.21956874500000004
0.8467474490000001
0.7242282065
0.09800008235
0.1277643198
0.10172847
0.05487076195
0.05262126325000001
0.07772677780000001
0.8474539965000001
0.8894398965000001
0.9000105905
0.9151110575000001
0.9416199744999999
0.945702386
0.9380776885000001
0.8691863630000001
0.06239195285
0.0429733221
0.042054227500000006
0.054253334800000004
0.07183118560000001
0.11826623320000001
0.8516249550000001
0.6677486
0.1280976732
0.1501839325
0.79840719
0.905348785
0.9008443975
0.7171077180000001
0.1368124725
0.1641463398
0.200850735
0.30145214400000003
0.355658466
0.410635521
0.7972152885000001
0.886242614
0.862000463
0.5078101365
0.6761869030000001
0.8584650365000002
0.8487987350000001
0.8810536190000001
0.8482438615
0.865386225
0.9131491905000001
0.9157118385
0.8773286015000001
