0.845778685
0.6839088000000001
0.215106401
0.16242797450000002
0.15714056950000002
0.191316501
0.7503374165000001
0.43640228650000007
0.29593011100000005
0.4041601715
0.5260565315000001
0.8206158095
0.7501102570000001
0.7302067375
0.800182935
0.69940028
0.6595310530000001
0.6520944435000001
0.7689025070000001
0.680296054
0.38405209749999997
0.2200196815
0.13998494500000003
0.12047017550000001
0.1408784825
0.13777538520000002
0.2340139625
0.171972944
0.237575476
0.606729597
0.18436303650000002
0.16174420350000002
0.21286161100000003
0.6025524659999999
0.1261584215
0.08955805900000001
0.08903775925
0.12066505780000002
0.5895964380000001
0.5941778784999999
0.6286087475
0.6562907050000001
0.7126711250000001
0.746221845
0.8588191595000001
0.7054567915000001
0.093901178
0.07531202140000001
0.0679629518
0.07381529690000001
0.11636195749999999
0.154516284
0.6556056255
0.32998716200000006
0.7715972625000002
0.386199694
0.6735632265
0.8134953455
0.7104565049999999
0.6537235850000002
0.6461060750000002
0.633646666
0.6149306715
0.6042982204999999
0.65219333
0.7746882314999999
0.6418994000000001
0.2318519715
0.509363182
0.15450898050000003
0.13669788600000005
0.1716183705
0.7049614384999999
0.22573397550000002
0.2119504385
0.180477672
0.253088115
0.15260402250000002
0.14997045300000003
0.522037611
0.1709387655
0.18012503850000003
0.6447581605
0.7724515649999999
0.2152909515
0.16307450450000002
0.16649526550000002
0.5689844814999999
0.6365901215000002
0.6779063455000001
0.721241854
0.7713296199999999
0.837944047
0.7639221615
0.706922209
0.7034153425
0.7769226055
0.6999948195000001
0.7671840885000001
0.4034552940000001
0.31950276499999997
0.3149501785
0.7684416110000002
0.701925362
0.6553295794999999
0.625582147
0.5328606300000001
0.22851737100000002
0.32853216650000006
0.416390949
0.8017131540000001
0.6858115945000002
0.14364146549999998
0.11496665880000001
0.1808792963
0.18369982220000003
0.115683374
0.1906023037
0.1463925365
0.709895054
0.10452899745000001
0.07790838400000001
0.06481141050000001
0.06576772695
0.0602301284
0.060677659249999995
0.0718190665
0.13221288490000002
0.812059093
0.7678739265
0.0901725759
0.05806491875000001
0.060468061000000004
0.0731824406
0.114206732
0.8285281580000001
0.23081033350000002
0.6963067759999999
0.12543701350000003
0.16308284010000001
0.16101661650000001
0.903663243
0.9346871185
0.9454048275000001
0.9154255020000001
0.8410077555000001
0.07933746875
0.06655488650000001
0.09501592865
0.746196045
0.08594142134999999
0.06116784925000001
0.06379246765
0.08876087355
0.08072001969999999
0.072313388
0.08877901950000001
0.06910493055
0.06644240770000001
0.0736881202
0.09774913290000001
0.07383033779999999
0.10275777600000001
0.10541867575000001
0.7728269050000001
0.848177465
0.681983284
0.12216292700000002
0.11161259800000001
0.2061413265
0.8860926705000001
0.9031173100000001
0.9036644705000001
0.9062469815
0.905872875
0.9093366940000001
0.8247451925000001
0.07417200604999999
0.049632917000000006
0.0476316144
0.05965778950000001
0.09149031275000001
0.1255852095
0.14176893399999999
0.131031679
0.0893409838
0.08103383725
0.0888739155
0.10803207725000001
0.1666051155
0.7746719500000001
0.6699664695
0.6200916195
0.16690994299999998
0.14514965999999999
0.2069767635
0.18429210080000002
0.187321809
0.7839679420000001
0.8957466685000001
0.902219207
0.811373584
0.30135318650000004
0.25394488800000004
0.193235341
0.1576414335
0.19192489800000004
0.7562748080000001
0.655280657
0.229942797
0.2654877965
0.1739122175
0.2042366945
0.803146968
0.714229564
0.6576082935
0.1589078875
0.1442232625
0.18425896949999998
0.1863169415
0.6447389205
0.661124548
0.6424905170000001
0.6267027605000001
0.607798624
0.6262613140000001
0.61892946
0.5944345095
0.28231240950000003
0.2909094745
0.17915901450000002
0.1632109965
0.19541394360000003
0.7671539249999999
0.6563377305
0.6321430025
0.6549230910000001
0.7677999615000001
0.1332550826
0.09895275149999999
0.1145762125
0.18553125650000002
0.39704739600000005
0.8411805790000001
0.8374102025
0.667471118
0.13912256499999998
0.11378970650000002
0.133285263
0.134285173
0.2301092265
0.8342561270000001
0.7223540494999999
0.09939350520000001
0.07180948075000002
0.08364537420000001
0.09387340575
0.10207761400000001
0.13702756200000002
0.8863026290000002
0.896984827
0.919567998
0.9132293690000001
0.8807238880000002
0.8668056199999999
0.869622223
0.8437117780000002
0.8562805370000002
0.9009848475000002
0.898489249
0.9241921360000002
0.928923491
0.9227911099999999
0.8938579360000001
0.13610672850000002
0.13275144649999998
0.091134811
0.12854169950000002
0.09291797549999999
0.11801203950000003
0.694568903
0.2974473825
0.16492955299999998
0.23872655150000002
0.11486691250000002
0.09778742770000001
0.0944438888
0.10493274150000001
0.1417606775
0.3351123045
0.7443006449999999
0.73824919
0.7115087699999999
0.2860044665
0.18959815500000002
0.2069588465
0.21830471050000003
0.7477121995000001
0.8508004825000001
0.8672370620000002
0.88798222
0.895864965
0.896426924
0.890168174
0.8722788200000001
0.8567025880000001
0.796342374
0.7341553235000001
0.69066805
0.7173760439999999
0.780835149
0.8471746120000001
0.8403841955000001
0.8090958295
0.7458746335
0.154654697
0.10638126600000002
0.09890305799999999
0.1128119005
0.1592029395
0.16801132800000002
0.25482171100000006
0.1767660195
0.1585868605
0.18776894200000002
0.18408207199999999
0.3068046015
0.3633164185
0.39909826700000006
0.7435645655
0.853148456
0.8556689100000001
0.7842058115
0.739824998
0.725396143
0.7797309665000001
0.2924233805
0.25783847
0.7396356095000001
0.176737601
0.14071100749999998
0.207935185
0.2096930015
0.146749676
0.18684095950000001
0.6985652630000001
0.8281647390000002
0.7198939520000002
0.66266071
0.634564667
0.670790556
0.7375856720000001
0.8527788945
0.8049292805
0.8446821510000002
0.2375542945
0.2928118755
0.844284849
0.1513955885
0.08808120929999999
0.07084994010000001
0.057649669550000004
0.059980002299999995
0.07836989325
0.07297766080000001
0.12427626700000001
0.13846428
0.7603024575
0.1331916012
0.1268238952
0.8009818720000002
0.7659202110000001
0.274398857
0.849229533
0.9182961765
0.9154625600000001
0.9128356855000002
0.9021403970000001
0.329365524
0.855078902
0.8400803850000002
0.0755240635
0.053591310899999994
0.06965254210000002
0.062388095750000004
0.05848724225
0.0601810176
0.058680157399999995
0.063891026
0.1128425913
0.159098505
0.1698036814
0.8728237235000001
0.255233369
0.10117495450000001
0.134965452
0.0796651029
0.09925468250000001
0.10346713275000001
0.08243932699999999
0.09996443975
0.610749143
0.162521996
0.20473373800000003
0.8342612100000001
0.8309280425
0.2352817335
0.28451605450000006
0.186499297
0.33796440800000005
0.80863956
0.85036857
0.857524123
0.8617700285000001
0.878251361
0.8024008670000001
0.267814776
0.226276551
0.20580872050000004
0.186514399
0.709060379
0.8263085470000001
0.795665897
0.777329012
0.7772121840000001
0.8208892029999999
0.8871925
0.8934700710000001
0.8568471850000001
0.1804950495
0.17049257100000004
0.160079865
0.1268773405
0.191897934
0.133173507
0.1887580875
0.126784108
0.15467418149999998
0.6503247965000001
0.302442632
0.17478031250000003
0.1867460337
0.16488068050000002
0.23478732200000002
0.20903886950000003
0.197576138
0.30177506900000006
0.362690665
0.729752235
0.8266329980000001
0.814632354
0.3382275755
0.40512989000000005
0.37431413050000006
0.3343640335
0.2890554785
0.19555908349999998
0.1528850415
0.6029624600000001
0.5976291090000001
0.121216348
0.0854137455
0.0915619298
0.10498477625000001
0.725267715
0.7307320355000001
0.775493371
0.8925375100000001
0.8419598500000001
0.9182661695000001
0.8988878350000001
0.08432405755000001
0.0502219567
0.04589742495000001
0.04945174595
0.056756366800000006
0.09020677330000001
0.7533115960000001
0.2497182875
0.8140941020000002
0.17745961450000003
0.078493711
0.06268719185
0.08222223199999999
0.8518596115000001
0.9055580879999999
0.9306186180000001
0.9375758915000001
0.84793905
0.0705017983
0.05762655099999999
0.08955478475
0.130861216
0.838682756
0.5520926199999999
0.883064088
0.092025992
0.05154182575
0.044365397949999996
0.0478172981
0.059771668949999995
0.117068065
0.900606565
0.9200499630000001
0.8400899010000001
0.771860383
0.0947714835
0.067556263
0.06357648815000001
0.1037881554
0.6359695205000001
0.11208258120000002
0.102238008
0.1377150862
0.1809766185
0.637670832
0.21409617200000003
0.198657346
0.17417350925000002
0.6067866665
0.2097724015
0.19245554450000002
0.1499253915
0.155431411
0.11732783225
0.1039756215
0.10202939910000001
0.1122182917
0.16661717090000003
0.21876991550000002
0.8147055250000003
0.755946835
0.841303404
0.770887703
0.848105267
0.8378410375
0.14797519575
0.101855433
0.10428732040000002
0.0836968985
0.10406615325
0.1021667644
0.14159861
0.8530812720000001
0.8476313270000001
0.19307746750000002
0.20313321900000003
0.32410489899999995
0.8430447160000001
0.7063377675
0.6052582445
0.09615225700000002
0.08351670875000002
0.13447092250000003
0.8191705100000002
0.2155170395
0.17774915549999998
0.24068612849999999
0.8855560355000001
0.8325664145
0.814716703
0.09700806495
0.05155905725
0.044616233500000005
0.048067105750000005
0.060821506899999996
0.16207738900000002
0.9133203185000002
0.9243782100000001
0.9198759275
0.888523886
0.8102438170000001
0.10655902330000001
0.10945814100000001
0.6753557009999999
0.08223060615000001
0.06463433505
0.07154399745
0.151228793
0.89722079
0.8794536560000001
0.8589740615000001
0.16939424900000002
0.1164185362
0.07089122199999999
0.08269192750000001
0.06247693085
0.08243829750000001
0.7782819680000002
0.8145234825
0.8994351225000001
0.8041806344999999
0.7296678585
0.7057616135000001
0.2204027405
0.2846056435
0.22005693750000002
0.840100395
0.705931884
0.11977830010000001
0.147479557
0.17933579575
0.11823092150000002
0.17631810725
0.11048065060000001
0.12888463204999998
0.7062690150000001
0.74218499
0.7731410665
0.8424186385000002
0.2464483015
0.26116688550000006
0.1308535345
0.1111738955
0.12960844200000002
0.196768394
0.632217684
0.6930573065
0.7041636434999999
0.7468782345
0.784379079
0.8467148529999999
0.838850903
0.85425136
0.829195015
0.8099360055
0.8462982485000001
0.8430584415
0.8444997660000001
0.8766674050000001
0.87302964
0.805798934
0.727266275
0.6655256945000001
0.661355018
0.5790103970000001
0.1271584685
0.09896269535000002
0.10221658339999999
0.131836916
0.725089992
0.852977392
0.734306349
0.1288544795
0.12362975000000001
0.11670966100000002
0.11618735830000002
0.6792181155
0.1454450985
0.092685455
0.10341043450000002
0.7565323630000002
0.8111416350000001
0.8373549655000001
0.833558624
0.7941005575000001
0.714443425
0.683630385
0.6491197750000001
0.6717784515
0.6884583730000001
0.739009625
0.76908122
0.203380211
0.1493324483
0.664164946
0.0970810428
0.07834255274999999
0.12908202135000002
0.9059384355000001
0.9403374930000001
0.927064387
0.8748285499999999
0.09021524785000003
0.0681765527
0.09676791200000001
0.7399078195
0.102305427
0.0896224033
0.06029173015
0.06562214250000001
0.09175836944999999
0.08550517749999999
0.16938279150000002
0.23226698899999998
0.20698866349999998
0.8792259179999999
0.7861605615
0.11533818300000001
0.07427398300000002
0.07045228834999999
0.07136846955000001
0.08061726000000001
0.081707581
0.09092222800000001
0.1159411025
0.170555276
0.5971480795
0.5985839550000001
0.6318103555
0.6871169395
0.797883329
0.266235597
0.17505255700000003
0.19716348649999998
0.41009097
0.885274723
0.8890727185
0.361044554
0.13845135100000003
0.1395686438
0.770248905
0.850891649
0.9202877220000001
0.9315715350000001
0.9321825815000001
0.9311977065000001
0.9270685059999999
0.9059212594999999
0.796811418
0.714354548
0.6700113150000001
0.12621044990000002
0.1298496735
0.2504635595
0.834891445
0.2165275365
0.1144976565
0.1312769063
0.219359665
0.09786078250000001
0.0841949532
0.07588250350000002
0.07430618420000001
0.0706283758
0.0800018775
0.10207317550000002
0.7104438490000001
0.1442537965
0.133752005
0.820626737
0.873907925
0.910676032
0.930149187
0.8429011350000002
0.11113773300000002
0.1132171477
0.6496376119999999
0.07806030735
0.06308767865
0.067873391
0.08947593725000001
0.1704394495
0.784788355
0.173572233
0.1740081805
0.6250004390000001
0.636528205
0.6223637215000002
0.24076603800000002
0.2511048195
0.7750254985000001
0.8878323400000001
0.871522781
0.891678355
0.768383102
0.2541875985
0.30027986500000003
