0.7084317195000001
0.2245630465
0.152086687
0.15712169425000003
0.580908353
0.2386324885
0.18651157200000001
0.30102820650000006
0.7363224740000001
0.895418793
0.9217509785
0.9233069640000001
0.907388978
0.8270176029999999
0.848221534
0.26739408800000003
0.1647657705
0.243276471
0.570416019
0.128967947
0.1060224915
0.1294688005
0.5056652070000001
0.19623852549999998
0.251638568
0.15827680800000002
0.15957397050000002
0.2488894755
0.2372392905
0.26630364900000003
0.345201286
0.2909013575
0.7819768650000001
0.648511168
0.316844585
0.1884583835
0.20346348000000003
0.791775857
0.7135152750000001
0.8194623275000001
0.1612468165
0.1281380393
0.21568122750000002
0.6557366749999999
0.10572055050000001
0.08847892650000003
0.08226957135
0.161306662
0.29894714
0.895066919
0.934049615
0.9314994750000001
0.8755262070000001
0.8184130390000001
0.12105282950000001
0.08950054100000002
0.0764529873
0.10874648049999999
0.1102186517
0.6607375185000001
0.15479029060000002
0.1122073845
0.15683996675000003
0.761498824
0.1431382265
0.11420591600000002
0.12704120400000002
0.1153031035
0.12656848250000002
0.16118904500000003
0.7096647820000002
0.8183747095
0.7601423320000001
0.8286832245000001
0.748468487
0.706001564
0.6758643335
0.647803042
0.17549391500000003
0.1341084595
0.14650745200000004
0.5712219300000001
0.1584213595
0.1290126705
0.1504885558
0.1192110115
0.13156803
0.22145061200000002
0.18906759950000002
0.166318411
0.182182173
0.29676805600000006
0.75093235
0.8633644305
0.8803211140000001
0.8584260130000001
0.35688915200000004
0.191703819
0.166614377
0.182949659
0.627340173
0.6486083650000001
0.6701751619999999
0.7718079985000001
0.1600862905
0.11779288850000001
0.11810491220000002
0.1825096365
0.1413874395
0.164463419
0.6990668725
0.6896416465
0.6730654629999999
0.635017096
0.14192522250000003
0.1187075893
0.17842338500000002
0.19813884950000005
0.8725408030000001
0.9034632530000001
0.8712639719999999
0.8693098545000002
0.9001131305000001
0.9052686674999999
0.892856808
0.8932403725000001
0.865531567
0.8271687910000001
0.8107847250000001
0.861113942
0.8488763475000001
0.8333429230000001
0.82995879
0.8470611585000002
0.8686713660000001
0.7911369070000001
0.16767245550000004
0.18347906500000002
0.1951079
0.197147355
0.6813301289999999
0.7050124070000001
0.7057701534999999
0.703657324
0.6800421505
0.13956558200000002
0.1075585745
0.11702072830000003
0.10272577170000001
0.114832447
0.17754146400000004
0.622762334
0.6310730314999999
0.6262639525000001
0.156758747
0.118074995
0.11355034400000001
0.145033893
0.16013725150000002
0.201672043
0.202511465
0.6466600525
0.658681344
0.6428758300000001
0.217487088
0.1619023565
0.10082845970000001
0.0830780397
0.08931350804999999
0.07182148075000001
0.07990366380000002
0.14390947850000002
0.7854449240000001
0.8112113305
0.8453878480000001
0.893678409
0.8128669310000001
0.7362304015000001
0.089758478
0.0660131664
0.07354018475
0.14893660700000003
0.8107655525
0.24561650050000006
0.6837085344999999
0.1560064685
0.206894713
0.8093977639999999
0.1141182037
0.08250949079999999
0.130040652
0.895889575
0.9393164730000001
0.9478155655000001
0.942671732
0.9142492720000001
0.08867377750000001
0.06482720285
0.08997427920000002
0.7375515225
0.1688587146
0.09322413250000001
0.13526761030000004
0.8222488800000002
0.10313592210000001
0.06257163875
0.066414611
0.10206938430000001
0.7448904980000001
0.7513734600000002
0.7286645075
0.10714387680000002
0.07215654120000001
0.0775072145
0.1323853216
0.10253991400000001
0.13112363500000002
0.661931908
0.3629546655
0.4047803745
0.6532131834999999
0.6672075719999999
0.6697915750000001
0.6438537670000001
0.23852457100000002
0.29962942950000004
0.210649173
0.23958545200000003
0.13757629450000003
0.11602890910000001
0.11795336075
0.1418396358
0.6963760290000001
0.81422544
0.7335726515
0.710712636
0.7011800269999999
0.7831104870000001
0.19913492649999998
0.1696692567
0.5794299495
0.15137242800000003
0.136950162
0.15857889199999997
0.15481418
0.27162623550000004
0.1588795117
0.08951435455
0.07291777149999999
0.0661534259
0.0651101837
0.0780896467
0.0807639061
0.07761249400000002
0.07534022740000001
0.131172847
0.833445969
0.9084636035000001
0.19113674300000003
0.0690433228
0.04851697640000001
0.05126382055
0.0672068526
0.14962939200000003
0.757805492
0.08583091305000001
0.056508557
0.06182045170000001
0.11980531700000001
0.9189819540000002
0.9468404840000001
0.9524583655
0.9340196565
0.926182756
0.0795578613
0.06862599045
0.04984167585000001
0.0489129889
0.060488001750000006
0.08813750965000001
0.059995517250000005
0.061696095549999996
0.08719849660000001
0.11945193250000001
0.743495578
0.0955065952
0.07059326785
0.1183503915
0.17423758650000004
0.2830486625
0.879451768
0.8032078600000001
0.8344851155
0.913049201
0.89940438
0.0951073095
0.059491626000000006
0.0673983826
0.078588901
0.13953882900000003
0.12761774850000002
0.125512161
0.101472917
0.12166816595000002
0.703710438
0.680681296
0.648115875
0.1767585
0.1689452895
0.6520391790000001
0.6530124890000001
0.1087963255
0.077133043
0.07627162814999999
0.10958465425000002
0.6812627900000001
0.1223394059
0.1223774773
0.07037538630000001
0.0774441104
0.255179207
0.898929253
0.9185178940000002
0.8893435585000001
0.1344260175
0.0670420457
0.055941155400000005
0.0671075672
0.09778065890000001
0.667819757
0.100780704
0.07806313515
0.0975266137
0.21984519600000002
0.8404620615
0.7901230180000001
0.744363329
0.6978156225000001
0.6833345894999999
0.701486364
0.732396873
0.817176729
0.798648483
0.789043916
0.8491617285
0.8533616175000001
0.7968808425
0.750942505
0.7372338815
0.7275843925
0.7898330760000001
0.25824794300000004
0.15359144530000002
0.1499905325
0.224985011
0.22546833300000005
0.2478032695
0.2622781845
0.29430263500000003
0.192755559
0.19037982650000002
0.1329475948
0.13839382375
0.167405847
0.290543612
0.787566346
0.7076448304999999
0.65316964
0.19358153950000004
0.228387642
0.1443920545
0.14888945225000003
0.6318013675
0.6214102600000001
0.644255935
0.6662488815000001
0.6229492265000001
0.19192297600000002
0.624789442
0.11154809710000001
0.1076987413
0.1256390305
0.09557822450000002
0.148760501
0.16921553700000003
0.81212404
0.791314964
0.8233434565000001
0.8415612265000001
0.8731751170000001
0.9148661060000001
0.917534823
0.8711141370000001
0.16621027250000003
0.092358918
0.0717399913
0.09157733850000001
0.1413095875
0.130747098
0.6749027185
0.10202534650000002
0.07558516400000001
0.0840090102
0.12222218050000001
0.1459769105
0.634312869
0.1402611225
0.112380568
0.133605463
0.663557048
0.6549213245000001
0.6859738619999999
0.3111945545
0.1821199485
0.6416731990000001
0.09974518640000002
0.06701976100000001
0.0724046881
0.11763835480000001
0.7794961455
0.7772729500000001
0.777004456
0.0925048105
0.06622621420000001
0.0634897019
0.0567926029
0.05513821005
0.056218866900000004
0.067472425
0.10185350275000002
0.8773255365
0.8888062550000001
0.89833989
0.8502036505000001
0.09267130600000001
0.0759184365
0.0622362393
0.09505371575
0.7040434345000001
0.11364348600000002
0.1239446385
0.12684314125
0.11622210479999999
0.8074406095000001
0.8363689970000001
0.9011769949999999
0.23393917300000006
0.08390670550000001
0.07014443299999999
0.08864113159999999
0.633357249
0.15576705000000002
0.2029415785
0.7964230325
0.8268491904999999
0.882090673
0.7665383445000001
0.1326746095
0.11044411900000001
0.15125080700000001
0.8104003750000001
0.7340734680000001
0.711381845
0.135927447
0.0915763925
0.08029408974999999
0.08656261850000001
0.130829933
0.2167345715
0.40194148
0.7227267725000001
0.7164137260000001
0.6967388749999999
0.45380586250000005
0.27189477100000004
0.187032298
0.17889107099999998
0.22636251150000003
0.256016325
0.7352830535
0.674191908
0.6412118985
0.5949829105000001
0.2665655905
0.19787877050000002
0.21850192500000004
0.22604451200000003
0.2191143265
0.3064439005
0.719019489
0.25698073650000003
0.2719192395
0.148023988
0.14219392919999999
0.22036731750000002
0.20323215649999998
0.2056173275
0.35240677750000005
0.8064540165000001
0.4011414985
0.29497676300000003
0.19186812749999999
0.14673836099999998
0.20572684350000003
0.215288034
0.1798857555
0.09978944125000001
0.0902191175
0.13544667100000002
0.8350494775
0.7379390690000001
0.7343286365
0.6832014085
0.0844839192
0.059165503200000004
0.060183188400000004
0.0670154076
0.0998759425
0.72643634
0.13595223380000002
0.08978450275
0.13311105420000002
0.12161883320000001
0.84229226
0.9215765045000001
0.9377940330000001
0.9312787740000001
0.8877894600000001
0.8819798295000001
0.23150947000000002
0.7390124205
0.1152987915
0.0967016449
0.19010329600000003
0.7211289175000001
0.09389060390000001
0.06630272570000001
0.07914173624999998
0.08542556829999999
0.14033313120000002
0.765762145
0.147835364
0.11342931150000002
0.137068618
0.5773425375000001
0.649585975
0.6826385679999999
0.717726708
0.8246955625
0.827537233
0.33873561050000006
0.210481844
0.2634519155
0.16347666650000003
0.19584735150000004
0.61072336
0.10964668
0.07760543695
0.0754217023
0.09505833400000002
0.16949480800000005
0.6903855740000001
0.3218664755
0.825528349
0.7287606335000001
0.6889754979999999
0.133984207
0.0999075635
0.12761566500000002
0.626726195
0.14452959650000002
0.1126425605
0.1860836945
0.2680491865000001
0.829223027
0.8560641000000001
0.8852758930000001
0.911800644
0.9066695030000002
0.863107679
0.8063527
0.7519564985
0.1345309875
0.1114159705
0.1090025375
0.20520836450000002
0.7807937240000001
0.118450347
0.08404591789999999
0.10267156200000002
0.6603241155
0.7197495850000002
0.8728922319999999
0.8659259285
0.1296514575
0.08565701690000001
0.1038812778
0.6486672865
0.12959723750000002
0.13024699299999998
0.6882178704999999
0.0987055961
0.0700051696
0.0636982545
0.07088565909999998
0.13038810100000003
0.17831182500000003
0.126071647
0.06348633495
0.059632165900000006
0.078129184
0.07525598735
0.15783216
0.8996644135
0.9136051025
0.9138503715
0.250864597
0.1101210835
0.15675795899999997
0.783572448
0.0878010535
0.059557610750000003
0.0652326456
0.07697970770000001
0.08361409674999999
0.1103079645
0.7350066105
0.12333444840000002
0.11522307000000001
0.12269763
0.679307548
0.1554520335
0.186696925
0.7543376475000001
0.706687015
0.1285305267
0.11378355030000001
0.20912088050000002
0.863799448
0.889038503
0.8499327765000001
0.871136254
0.7799824
0.2719184955
0.7592759705
0.290573608
0.153780083
0.094106348
0.07839981975
0.07726752600000002
0.082003986
0.09240535100000001
0.12932680000000002
0.14317854900000002
0.26573609600000003
0.6345460580000001
0.647413565
0.671949624
0.700182134
0.8041806534999999
0.7145849230000001
0.3278801475
0.26811031100000005
0.23310936800000004
0.19255091049999998
0.26629719350000003
0.252089335
0.27279177499999996
0.5977394885
0.25983319400000005
0.22122266300000004
0.30579822
0.29472074600000003
0.589033717
0.1894468245
0.1623762415
0.19495056300000002
0.196226827
0.5423537545
0.6175739825000001
0.636590898
0.6624578885
0.6596907105
0.25840520120000005
0.2045494617
0.12365600410000002
0.09734894975000001
0.08726211704999999
0.0876685318
0.10033009379999999
0.07677581450000001
0.06990138730000002
0.07179713495000002
0.06150092355000002
0.05958064555
0.0697460361
0.07834385129999999
0.20104798100000001
0.8384043350000001
0.88701412
0.09859740765000001
0.05787598905000001
0.05027217955
0.0611727474
0.16932859649999998
0.8651380450000001
0.865098035
0.8620056450000002
0.8189984220000001
0.09458695885000003
0.0967694435
0.09637598440000002
0.07338108010000001
0.09340570039999999
0.7361929665
0.09546715865000001
0.07169130860000002
0.1060749448
0.8807064000000001
0.90469906
0.880485673
0.07897449925
0.04955958285
0.0492157336
0.05598138695
0.07904297815000001
0.076560734825
0.0753261449
0.07106867535000001
0.0623654726
0.05246504120000001
0.05287778935000001
0.07453305935
0.1129977113
0.9088730415
0.8996269815
0.8825303600000001
0.8629810645000002
0.10619664250000001
0.06607138605
0.0960322914
0.07529561425
0.06615501920000001
0.11023782940000001
0.09977004850000001
0.11085737680000002
0.12519594925000002
0.07980577670000001
0.10268873325000001
0.738454952
0.7067415465
0.11866215200000002
0.10268287570000001
0.18114887750000003
0.18070426150000002
0.11578467830000001
0.11182876300000001
0.137372913
0.7479356395000001
0.7949913970000001
0.828427352
0.8721458175000001
0.8321664925000001
0.7836444255
0.78690742
0.789983623
0.793845572
0.846009656
0.737462
0.132370937
0.1147831208
0.142838649
0.1455520375
0.1525938845
0.6525488675000001
0.1383635282
0.15399509400000003
0.09886581500000001
0.14057355470000002
0.8277384545000002
0.1394994185
0.06601932380000002
0.055733064650000004
0.06979149479999999
0.10239069420000002
0.8779368930000001
0.9197293470000001
0.9151737845000001
0.9073339210000001
0.8924858370000001
0.8761107925
0.8659577525
0.8456624025
0.0887623635
0.08987608740000003
0.06691613465
0.05655425175
0.0565495774
0.05941382865
0.0692680208
0.082444681
0.12032800950000001
0.716781545
0.17096545450000003
0.21344279450000003
0.2027135525
0.1533482733
0.22365304
0.24349279550000003
0.202643397
0.357093441
0.8209528484999999
0.877387396
0.9104875075000002
0.92260756
0.8998852350000001
