0.7673761200000001
0.766170405
0.7609961675000002
0.7867396900000001
0.8329026100000001
0.8680496200000001
0.8433868784999999
0.81847252
0.8300419684999999
0.8767059264999999
0.8991225654999999
0.8973194825000002
0.8737089090000001
0.8595032830000001
0.8926953325000001
0.9016736550000001
0.8813231775
0.7452961225
0.35964838250000003
0.3276702125
0.153155119
0.1254208493
0.1341003932
0.164316418
0.3202160785
0.272093825
0.801651797
0.6736503260000001
0.1594518125
0.12005206949999998
0.09656899320000001
0.09243143320000001
0.09358179850000001
0.10587233500000001
0.17642794750000002
0.7181439525000001
0.834155572
0.724552763
0.7298001135000001
0.865940083
0.8535954180000002
0.6704637549999999
0.638917685
0.6491507150000001
0.7122355140000001
0.8793569240000001
0.9079936465
0.8958913545
0.7774600985
0.678555672
0.35310666850000005
0.1781076305
0.17926544225
0.664810138
0.8236217780000001
0.7657435950000001
0.8558379210000002
0.7531321810000001
0.6735435190000001
0.6402051430000001
0.5937483405000001
0.1577647285
0.14535188850000003
0.20193103750000002
0.693686203
0.8747645820000001
0.8976491135000001
0.876834635
0.691191394
0.244666957
0.576213917
0.0957406917
0.0647298376
0.0585826712
0.07795731850000001
0.14067878050000002
0.16738078899999997
0.9039291279999999
0.9251565525000001
0.8960454370000001
0.1356297045
0.11423557
0.1484479625
0.8348962125
0.913612773
0.915438398
0.835420928
0.793678377
0.775335569
0.7849068294999999
0.285955569
0.260356618
0.203349919
0.8268167120000001
0.11387385750000001
0.07607258075
0.061476687900000014
0.06574474275
0.0758859205
0.14301301550000003
0.6789446045
0.43749083000000005
0.7209741620000002
0.7220203860000001
0.8251718185
0.1249949025
0.0777272214
0.0723349282
0.0961372684
0.15145929749999998
0.152248308
0.8415700615000001
0.24454726699999998
0.06903953235000002
0.0581531131
0.0769144135
0.8572901
0.9318880500000002
0.939906282
0.9502821040000001
0.9471102335000001
0.924292541
0.06466515484999999
0.0411241897
0.04043752535000001
0.0524027528
0.057764649700000004
0.09076693340000001
0.1312074541
0.1117114644
0.10395564830000002
0.14843660574999998
0.833556985
0.827467251
0.6607518265000001
0.6404620500000001
0.599731755
0.258486565
0.25227552350000004
0.544388378
0.609121168
0.6217994175
0.6338565615
0.6199013295
0.6144006760000001
0.6179829350000001
0.6468885670000001
0.7649378059999999
0.24431832500000003
0.21262545600000005
0.585315289
0.1219626875
0.0905541924
0.09163649749999998
0.12539604000000001
0.1842088205
0.10160069605
0.0675085302
0.0641652236
0.07377167350000001
0.086021889
0.12993974730000002
0.12713747920000001
0.09397702305
0.05722173120000001
0.07371314305000003
0.06457683385000001
0.191187394
0.900292277
0.9330804465
0.9503152
0.951819319
0.9431441670000003
0.8821555730000001
0.068462212
0.045244541
0.04729368585
0.0575448583
0.1075837832
0.7729409545000001
0.10368343995000001
0.06420715125000001
0.053406870300000006
0.05085887655
0.0522011479
0.071880484
0.16711826100000002
0.261837277
0.9024138500000002
0.9174189845
0.893444306
0.32801698149999997
0.1453154847
0.13787841
0.1793047395
0.767527253
0.6938784905000001
0.793966735
0.1812994135
0.12318872750000001
0.10596496700000001
0.0921633245
0.09300003700000001
0.1197618965
0.1682599685
0.78990633
0.666925807
0.6537247389999999
0.6865776560000001
0.80518438
0.743566362
0.75141767
0.82847142
0.741496373
0.698986401
0.803164125
0.195810501
0.1370895295
0.11827803820000002
0.1111272616
0.1132706705
0.7293732184999999
0.8625568330000002
0.17109188250000001
0.11740362900000001
0.1242048062
0.7198706595000001
0.09100980130000001
0.06434240164999999
0.06356581935
0.0681275401
0.07736236205000001
0.06760211185000001
0.0644447681
0.06191218755
0.0595248476
0.055215500400000006
0.054538207250000005
0.07908535555
0.061964599349999996
0.11165901460000001
0.9240444990000001
0.9395922750000001
0.9508008619999999
0.9089163769999999
0.0664369145
0.04357796045
0.043302033350000005
0.047185237100000006
0.0528419927
0.0647320856
0.0620454537
0.09048195515
0.7148739820000001
0.21878610650000002
0.7537083944999999
0.18555750200000004
0.18203870449999998
0.8114068270000001
0.1183669458
0.08469767465000001
0.11735251660000001
0.7845811530000002
0.18003339050000003
0.23311176400000003
0.28153516349999996
0.71936118
0.8144977290000002
0.209308861
0.24322651850000002
0.2390877305
0.2088297155
0.3878239825
0.851848394
0.86117529
0.772415842
0.8547773050000002
0.83959544
0.696836677
0.6655722875
0.760163273
0.24294056900000002
0.2015144805
0.2583290525
0.4915750295
0.25633486
0.56418218
0.5936858720000001
0.637334474
0.7458960000000001
0.31341552699999997
0.5744103030000001
0.317388284
0.2251740935
0.241013834
0.7624273810000002
0.655745964
0.23083558
0.33353602550000006
0.14110117700000002
0.1054886869
0.10016925590000002
0.09608224880000002
0.09637414270000001
0.12640479799999998
0.10039279670000001
0.08414357125000001
0.08450647280000001
0.08389707650000001
0.10053568215000001
0.6451208015
0.5907356005000001
0.202709185
0.342477632
0.46147393950000004
0.8785957799999999
0.8755453900000001
0.7269719160000001
0.8235056450000001
0.10861297250000002
0.07431334985000002
0.0832462381
0.09746735710000001
0.15114816975
0.15343069025
0.12346303150000001
0.7291952555000001
0.7454651130000001
0.7391849720000001
0.08358278270000001
0.054602854400000005
0.05434349070000001
0.0680652525
0.13643236530000002
0.20857302850000004
0.876945413
0.1206970321
0.0599542774
0.0538913061
0.0578413883
0.0695721759
0.15218738590000003
0.782875363
0.09938556180000001
0.0705445298
0.10383342320000002
0.11625255390000001
0.8951292580000001
0.9352774150000002
0.920668352
0.09970314150000001
0.0666184752
0.07284681645
0.129347775
0.9005846020000001
0.9233152485000001
0.849912884
0.1486563635
0.17459978
0.828253704
0.09249172755000001
0.0636586452
0.0805405489
0.23967154925
0.872992365
0.28706502350000007
0.10210301000000001
0.0683048173
0.0835599733
0.638305022
0.11138534320000001
0.10896029060000001
0.7630908225
0.836519088
0.9355277285000001
0.9419370145000001
0.9207117680000001
0.09313636914999998
0.071178737
0.06188338965000001
0.047965322000000005
0.04835838345
0.055224930150000004
0.10558214525000001
0.8839562455000001
0.8554374455
0.92449521
0.9260570865000001
0.895915165
0.7249600315000001
0.229577628
0.23600607810000002
0.2727495795
0.8556535010000001
0.85307164
0.14848916420000002
0.11659910845
0.17413051820000003
0.24031796749999998
0.865183032
0.8672328935
0.206054848
0.26622100975
0.11543829100000001
0.11011228630000001
0.08119521245000001
0.08422304389999999
0.09480898740000002
0.1540127747
0.20540468
0.815088375
0.727535563
0.7200859209999999
0.8236726065000001
0.14668444200000003
0.09258351535
0.08302332665
0.10287816065
0.13345081225
0.08845504550000001
0.13169973765
0.11997980010000002
0.09956217349999999
0.635454025
0.17595310750000004
0.8203056535000002
0.9198483380000001
0.9143650455
0.9341364480000002
0.90513055
0.19592691100000004
0.64991092
0.0766617003
0.07527116130000001
0.07763536840000002
0.07095819135
0.1037468743
0.14128515090000002
0.1213683882
0.113580014
0.15693204150000004
0.8241032165
0.8202367155
0.666733856
0.6582005765000001
0.6320046065
0.16274290149999998
0.12046530350000001
0.10710356925
0.10755110995
0.1336664305
0.6454894889999999
0.647069938
0.6467361730000001
0.657179152
0.677208571
0.692550997
0.676714665
0.143555165
0.10253931775
0.11993597850000001
0.11265020120000001
0.13764309800000002
0.6385015045
0.751748044
0.178141954
0.1274643775
0.11441351650000002
0.141272562
0.17063565600000002
0.37207360049999993
0.8681562300000001
0.8616735680000001
0.1618055625
0.1575641898
0.08946973175000002
0.12505717315
0.10034215950000001
0.099112135
0.24356448800000005
0.8625164915000001
0.1843652135
0.0711972786
0.0655579542
0.07868237350000001
0.23110271100000002
0.8845218695
0.7911050500000001
0.7380719775
0.192934245
0.6937629545
0.07416198334999999
0.05018485675
0.04934807925
0.055399463749999996
0.10222196255000002
0.08921045099999998
0.5143689240000001
0.931553128
0.9423167535000001
0.8904447130000002
0.0926393013
0.05913218055000001
0.06386900435000001
0.09755305300000001
0.795779727
0.1868496135
0.0868653942
0.10390865860000001
0.6902026405
0.219609259
0.747297059
0.1014977893
0.057988088050000004
0.05263906675
0.05838925455
0.1001379715
0.8216786100000001
0.9030845585
0.8649846480000001
0.8513457530000001
0.8915718100000002
0.14775925850000002
0.07308794230000001
0.0635819716
0.0754110874
0.0797316456
0.14651229300000002
0.632508704
0.23255320550000003
0.7566327319999999
0.8763546459999999
0.8785688389999999
0.73131989
0.1517673035
0.0956948655
0.0884854305
0.08212507019999998
0.1017588065
0.1275417008
0.54333259
0.6301279170000001
0.6885997044999999
0.81141876
0.8099168035000001
0.2603046965
0.204771828
0.288325201
0.152072024
0.118100508
0.10394401050000002
0.11731559100000002
0.1322060735
0.5746948924999999
0.20278391300000004
0.21404780900000003
0.7464548365
0.20747034400000003
0.162834305
0.2207559835
0.6411662275
0.652885583
0.1221041585
0.07782749750000001
0.06195839690000001
0.05985018100000001
0.0678457822
0.0923039487
0.2405792485
0.9063039870000001
0.9311876365000001
0.9219025675000001
0.8298704680000001
0.843327165
0.12711882100000002
0.1231256865
0.29504222700000005
0.865274418
0.821101985
0.8339912859999999
0.8841576739999999
0.782128968
0.7339842840000002
0.11362479950000001
0.0800230355
0.10120899850000001
0.6753635969999999
0.689124498
0.7314379080000001
0.21748085350000004
0.09256471200000001
0.068835441
0.07610938210000001
0.07827373
0.08369303575000002
0.12218340625000002
0.6684224710000001
0.6457659500000001
0.6448771860000002
0.610946175
0.20155859400000004
0.26721393150000006
0.1630001635
0.1885331785
0.7972084995000002
0.16400359450000002
0.13787865400000004
0.6812430750000001
0.0914299647
0.0645302609
0.06496643740000001
0.06257965780000001
0.05673280960000001
0.05383948110000001
0.0641996531
0.11478443075
0.861801933
0.922459086
0.9357222170000001
0.9287694710000001
0.8964619825
0.9213757650000001
0.9137133
0.8788858580000001
0.8789823170000001
0.8845278320000001
0.8999776865000001
0.2686597135
0.0976342255
0.12511550600000002
0.7241777975
0.7119748025
0.09257046470000002
0.0670181821
0.07825369850000001
0.1344676735
0.8590965385000001
0.8184877575
0.8905273075
0.7432624710000001
0.2069532295
0.6088417924999999
0.10151791650000001
0.07521132775
0.08759477800000001
0.1031873824
0.1519661086
0.205584836
0.7715692570000001
0.6673922750000001
0.704659135
0.8255876165
0.8241743949999999
0.6894455525000001
0.6464479230000001
0.23429078
0.18042185850000003
0.250832852
0.216359073
0.11099782500000001
0.1000469835
0.08893991020000001
0.1262347405
0.08314015820000001
0.10733882300000001
0.16968724699999999
0.8853461950000001
0.8943216165
0.7524314600000002
0.7157160955
0.7366684275000001
0.847056982
0.7154195445
0.6299295715
0.62902809
0.663962692
0.75532791
0.9107511399999999
0.9112959570000001
0.185527466
0.06409682995
0.052182183800000004
0.055495631350000005
0.0834211588
0.691710477
0.08924369450000001
0.0716951891
0.1450233415
0.18636259930000001
0.9262308220000002
0.949492094
0.936392316
0.08874733200000003
0.04904035795
0.04462006685
0.04474254865
0.0463947644
0.04681351895
0.04741050360000001
0.053009376450000006
0.09327538010000001
0.888092006
0.935888633
0.9252235200000002
0.10892205349999999
0.09755979855000001
0.05794104305
0.05931381485000001
0.06276999365
0.1053158788
0.08531128439999999
0.144060772
0.7484902179999999
0.856929453
0.2331491535
0.16149177150000002
0.23630087600000002
0.084432267
0.06527553400000001
0.06653622890000001
0.0838413762
0.11030736125
0.07286915845000001
0.10662079220000001
0.09900718850000001
0.08842097950000001
0.6874418365000001
0.17801182015
0.8392587910000001
0.928372368
0.9312909120000001
0.947804247
0.944532596
0.919571071
0.06707627325000001
0.043862680900000006
0.04882252335
0.058098004550000006
0.05866094835
0.08459371165000001
0.1250766421
0.10011308315
0.09485592675000001
0.1558193595
0.8392168045
0.32566876499999997
0.110219009
0.09691578499999999
0.08523311330000001
0.07050819900000001
0.06737353099999999
0.0676723226
0.06332896445000001
0.057796401350000005
0.0554964862
0.05657131115
0.0831123993
0.8298951900000001
0.8588098500000001
0.8875874275000002
0.889815489
0.8725119520000001
0.8734504169999999
0.8930544290000001
0.08324639375000001
0.04933752285
0.043631934649999995
0.0517183758
0.061943276600000007
0.0650689314
0.10023603519999999
0.6974796575000001
0.738620255
0.8679245204999999
0.8669036999999999
0.686126947
0.16614682200000003
0.21360978400000002
0.195116138
0.11796466650000002
0.1377799005
0.161294436
0.2788039715
0.370813995
0.8043669500000001
0.15683752430000003
0.1299289387
0.12073233800000002
0.293852287
0.876077077
0.7563139720000001
0.08629807049999999
0.059679196700000006
0.056667160300000005
0.0534582404
0.0506898113
0.051228428150000005
0.071981576
0.24096092600000002
0.9000094710000002
0.932643017
0.918034655
0.248591519
0.1071294865
0.1399340625
0.8736983654999999
0.933803783
0.9415140435000001
0.9243206175
0.24632729450000002
0.09171087150000001
0.12462368700000001
0.7937714295
0.7871437735000001
0.819232044
0.09215902035000001
0.0528054645
0.0483746976
0.04983753055
0.05675449985
0.0704049754
0.12769633390000001
0.17102393349999997
0.851074645
0.8840728680000001
0.1900614155
0.1271970645
0.17654508400000002
0.17746693900000002
0.672430496
0.2037233675
0.17375044950000001
0.15720460800000002
0.7170522025
0.8572686660000001
0.850608787
0.696714654
0.6846106545
0.705025717
0.7550848700000001
0.8715685200000001
0.850152669
0.17659125800000003
0.1132354765
0.093834183
0.146471731
0.21082491350000004
0.794435835
0.20682993800000002
0.1146050795
0.1140001815
0.0906713145
0.09980693099999999
0.13380738
0.130213453
0.13421531200000003
0.6170907000000001
0.1852783585
0.22112820400000002
0.8134610600000001
0.146155042
0.08931763969999999
0.09459294725000002
0.0616498128
0.05753700235000001
0.07080520930000002
0.08816773865000001
0.8542125875000001
0.9013229435000002
0.94436891
0.9448106205
0.918760265
0.11123142585000001
0.1209499875
0.0755683185
0.09506502170000002
0.2622550895
0.8231113790000001
0.18122243999999998
0.147089199
0.61738337
0.20921827100000004
0.240961157
0.7950916555
0.190612247
0.10932482
0.10545233050000001
0.0859296105
0.090354922
0.1181918478
0.1609754675
0.684184493
0.78341988
0.6404296535000001
0.595763453
0.578416868
0.5261291015
0.176849788
0.263435451
0.17500728699999998
0.2255159025
0.8946145965000001
0.9334857765000002
0.9300956450000001
0.8844046750000001
0.1326884685
0.10158150305
0.16140931175
0.22048706
0.819422747
0.413758376
0.1501677705
0.1039784385
0.0932872415
0.0971759505
0.11125208480000001
0.15718369850000002
0.5803254339999999
0.6242792905000001
0.747254641
0.224632934
0.188573879
0.2669558955
0.1933594945
0.242397759
0.8125384330000001
0.7324222450000001
0.727157565
0.8148518990000001
0.16577644950000003
0.11542529915000001
0.13353851249999998
0.12571385450000003
0.15216401035
0.6867602915000001
0.817683537
0.8412270735
0.41145638200000006
0.15031216200000003
0.10758660250000002
0.10927640250000001
0.1402509015
0.3092874265
0.8087570215000001
0.12554054580000001
0.07756499545000001
0.07809870475000001
0.16394601775
0.213764703
0.3003521845
0.822494312
0.828537913
0.827380188
0.8531462375
0.9150338800000001
0.904057599
0.163099287
0.10297238770000001
0.0860747135
0.06614503860000001
0.07066403815000001
0.12311907899999999
0.719825533
0.8865908390000001
0.914459869
0.9128797885000001
0.8811461565000002
0.739052212
0.6880487575000002
0.77951052
0.19348287
0.1552417835
0.17784536700000003
0.7183155135
0.8241400570000001
0.880171497
0.8219580140000001
0.7474279330000001
0.7704820640000002
0.7963234484999999
0.8095479465
0.8455607900000002
0.7300506835
0.1526266682
0.13952634
0.2047933215
0.7871803020000001
0.6874855489999999
0.2103190875
0.1352625
0.11151128300000002
0.10795270700000001
0.12766545450000003
0.221706707
0.6552244450000001
0.7791836315
0.6792465029999999
0.197000429
0.142612028
0.11151977525000001
0.09814744620000002
0.100933915
0.11165884549999999
0.128966969
0.11765423950000001
0.16030702800000002
0.6337211080000001
0.588212462
0.152449898
0.21401732499999998
0.150448823
0.6309782465
0.640214988
0.669606543
0.7998175230000001
0.1872309435
0.19519126650000002
0.7007485005
0.6544825625
0.10812067830000001
0.08606744599999999
0.11835974600000002
0.8166558899999999
0.8701069480000001
0.8908323770000002
0.907382388
0.2690006005
0.1049028855
0.11739345400000001
0.6522418025000001
0.624799199
0.139352199
0.13280825000000002
0.7388589975000001
0.891419382
0.9113843340000001
0.874951665
0.18128217800000002
0.18189833400000002
0.22674053950000003
0.8401228439999999
0.8417478225
0.1445990665
0.10731517030000001
0.1154539965
0.15605664600000002
0.7719029580000001
0.6489684825000002
0.6071745964999999
0.1566151125
0.11318447580000002
0.10297674360000002
0.12343322100000001
0.6978524924999999
0.786791038
0.9102287309999999
0.9179265335000001
0.879639189
0.14635679950000002
0.11097759979999999
0.1338546803
0.14282616310000001
0.622015976
0.7126186525
0.82948165
0.7374505945
0.687086852
0.156413578
0.132952712
0.0865313353
0.06855256355
0.06998852420000001
0.07879644165
0.159383986
0.8872737350000001
0.902204351
0.8026127730000001
0.8529398495
0.712953082
0.6669022210000002
0.7020192949999999
0.7269909125
0.7476527870000002
0.8438116210000001
0.09471863610000002
0.05794818800000001
0.05600621780000001
0.0819948922
0.15793312950000002
0.837031702
0.259270428
0.8126483320000001
0.847713167
0.9004385270000002
0.9371899530000001
0.9381716550000001
0.913261607
0.10571588729999999
0.1007774755
0.08958878990000001
0.05921032015
0.06428113605
0.13415733925
0.8839177475000001
0.864832324
0.8735553275000001
0.9259958035000001
0.925432835
0.8924413035
0.1074036775
0.0797657393
0.08711278965
0.0795981379
0.0942829337
0.1925981532
0.217250267
0.834649423
0.8306895665
0.674871194
0.6715957094999999
0.793153141
0.1687511845
0.131198508
0.188486017
0.6634911590000001
0.10060849410000001
0.07218329320000001
0.06538114085
0.066969846
0.0968410668
0.0760095612
0.09793762630000001
0.8225049400000001
0.902526436
0.8114034370000001
0.14282903750000003
0.1269430715
0.6374069220000002
0.09089770325000002
0.07315196175
0.09503716950000002
0.675886934
0.137671388
0.16893385199999997
0.8811635215
0.9321408170000001
0.8854327510000001
0.089173037
0.0573676541
0.053866587099999995
0.0645965976
0.10297496100000002
0.701195941
0.15691358449999998
0.258664895
0.7564826375000001
0.10842902399999998
0.0701120933
0.0774280125
0.07619739235
0.0717727273
0.08008495975000002
0.13105396200000002
0.6591436574999999
0.13733169450000002
0.10616468640000001
0.1206477407
0.6097749299999999
0.2420753825
0.31974061100000006
0.29890210600000006
0.21937282600000002
0.602471094
0.613108728
0.636255169
0.6672674000000001
0.773273122
0.2072859495
0.21348539849999998
0.21720443250000002
0.22434423550000002
0.7357306425000001
0.6437083895000001
0.6776422730000001
0.8238170705000001
0.824478573
0.683826849
0.633444225
0.22071133200000004
0.16592525400000002
0.1130745665
0.09882525120000002
0.124396055
0.14990723850000004
0.30587961899999994
0.812555187
0.33915847050000003
0.19181017350000001
0.14220641650000002
0.1737324965
0.8420407400000001
0.848674475
0.168101492
0.19507877
0.1493394646
0.07767618955000001
0.07741637885000001
0.07960479520000001
0.13180794300000004
0.888540532
0.899440736
0.751799682
0.6762239650000001
0.11690062900000002
0.11718697595
0.6779108630000001
0.695298603
0.0864533801
0.06275969815000002
0.07213053810000002
0.182271442
0.7723506495000001
0.09402542895
0.06424167715000001
0.09258880010000001
0.0864165295
0.421786794
0.9277467715000001
0.9496541270000001
0.9522516600000002
0.9272494985000002
0.8978023535
0.0743045728
0.0436875827
0.04259060485
0.0457432704
0.04942651895
0.051231216700000005
0.05248895615000001
0.06014996240000001
0.11593867399999999
0.8888011960000001
0.875889093
0.15670886200000003
0.14602188300000002
0.6818502240000001
0.7033243505000002
0.8344307015000001
0.69429993
0.6860111075
0.6790498025
0.10607651650000001
0.1009558637
0.13998693175
0.13527430929999998
0.10587696615000002
0.6678125545000001
0.09179940090000001
0.06836514065
0.0936275836
0.8502504750000002
0.9256314325
0.938540086
0.922061165
0.90884654
0.9223699670000001
0.849064418
0.08183425674999999
0.06539898105
0.08627944150000001
0.7932829895000001
0.8600422435000001
0.916508724
0.83983135
0.09411806325000001
0.087035383
0.09815547679999999
0.13316136680000001
0.0695564364
0.07916371490000002
0.07225722165000002
0.11784902225
0.07702411840000001
0.10421471175000001
0.12032369165000001
0.12272333290000001
0.7549869085
0.8684432425
0.8362945075
0.9085034679999999
0.924387763
0.922720008
0.900236034
0.7699603130000001
0.152880226
0.164300627
0.291436111
0.3491161825
0.820388475
0.27896929600000003
0.16439492810000003
0.206615353
0.12092812035
0.1150365955
0.14027823400000003
0.245370495
0.5911619645000001
0.635836253
0.6361605665000001
0.6424447950000001
0.6941603405
0.8171497480000001
0.805418422
0.40186665549999995
0.593555842
0.5423881265
0.22275678020000003
0.18850539430000002
0.14008036540000002
0.136998179
0.18046981150000002
0.7355458875
0.8707777350000001
0.8700351985000001
0.413310453
0.17986594500000003
0.22129753475000002
0.14347489135
0.15890982250000002
0.75046209
0.20630480750000002
0.24936389600000003
0.24364425350000005
0.1889680991
0.715015065
0.8546780829999999
0.8457953745
0.1912424575
0.2393168914
0.18764317225
0.0796415169
0.060506926499999995
0.06227669195
0.07032700195000001
0.09745086574999999
0.753934737
0.851677195
0.31745181549999996
0.2089553985
0.10896921950000002
0.11885292219999999
0.77250943
0.90560947
0.8903073560000001
0.1028191238
0.07375828670000001
0.10278396125
0.7320892685
0.76507771
0.118149779
0.06101784405
0.052724493500000004
0.05496882310000001
0.059331369800000006
0.09344924480000001
0.09826509090000002
0.0701472548
0.13097393185
0.14141868549999997
0.8365139560000001
0.2946636315
0.1923633005
0.866668503
0.8962270250000001
0.8923140150000002
0.8365402390000001
0.12535478979999998
0.1432606665
0.7899717254999999
0.08273043175
0.0545243645
0.050598014775
0.056679845050000004
0.06220619770000001
0.06645339500000001
0.14240845575
0.780893772
0.123200738
0.13390844070000002
0.15167237150000001
0.882224365
0.9364389150000001
0.9330982225
0.1906027685
0.05793275985000001
0.04585364945
0.04900442085
0.05961029400000001
0.0781924096
0.122722529
0.706859369
0.10364054375000001
0.08201934225000002
0.07384688165
0.11216054380000001
0.8677327340000002
0.839412498
0.8499014225000001
0.8598000265000001
0.8707712655000001
0.8705230420000001
0.8591331510000001
0.8410351825
0.8640899150000001
0.11080699025000001
0.0874261631
0.1604498235
0.1714564415
0.8569926815
0.7594355175
0.11688963000000001
0.09109324545
0.11767631025
0.6999222185000001
0.6847589245000001
0.1253451385
0.09911971640000002
0.1436691722
0.18071565879999998
0.2237692605
0.8797506205
0.8994170520000001
0.8141674500000001
0.8594841725000001
0.17816815975
0.170686895
0.143165601
0.08209554785
0.0762657087
0.0767550728
0.11444239895
0.0990250375
0.11485471700000001
0.07907364399999998
0.08277783435
0.10681111870000001
0.2475575735
0.330892741
0.7233542865000001
0.831937425
0.136822579
0.08310221350000001
0.07649792970000001
0.0943702246
0.0894907436
0.1866288989
0.143666763
0.7751576659999999
0.7583800669999999
0.7461382005000001
0.12604023350000002
0.11801311670000002
0.1021102188
0.15217990925000002
0.10576345730000002
0.12574967110000002
0.6686046970000001
0.6926966099999999
0.738669483
0.8618449770000001
0.8713905635000001
0.817206728
0.8917822915
0.9088607950000002
0.9004524300000002
0.822292117
0.3395304350000001
0.15745051710000002
0.2225924715
0.175396754
0.190156891
0.89058819
0.9205138085000001
0.909034772
0.9149541940000001
0.856265858
0.7954920020000001
0.082493055
0.0606767444
0.0699675292
0.07655852250000002
0.09325006699999999
0.0896954818
0.08537385420000002
0.08513786100000001
0.10603415399999999
0.111547357
0.112678828
0.09810301595000001
0.11264227750000001
0.217315164
0.17170539900000004
0.218669722
0.10343433719999999
0.1142259322
0.729260424
0.703940232
0.14000612650000002
0.171515335
0.1365900935
0.0789205668
0.09339958330000002
0.787407505
0.8348419915
0.864626668
0.8537207520000001
0.82204877
0.8028199035
0.79531377
0.11565881650000001
0.07569828850000002
0.07666417
0.08680474725000001
0.11014212949999999
0.6915230059999999
0.09734153945000001
0.0748589895
0.10149750200000002
0.15883445550000003
0.148226915
0.16395742150000003
0.166539947
0.37697924250000003
0.8721103000000001
0.8780457300000001
0.7892064280000001
0.815647347
0.7277344785000002
0.7079803345000001
0.7539570805
0.7976938015
0.866440095
0.878333559
0.8486013920000001
0.878656646
0.8797611270000001
0.858977765
0.8924402985000002
0.8968254185000001
0.8700655775000001
0.694566247
0.17747586475
0.16598844475
0.24719511
0.2101399935
0.18867043250000004
0.32775279749999997
0.6167557625
0.2752490985
0.6960106260000001
0.8128659725
0.13039712620000002
0.08185329215
0.08937294959999999
0.07977761350000001
0.0996262925
0.11437955820000001
0.6775249225
0.10080813460000002
0.0693066988
0.0706068398
0.123618323
0.8418922200000001
0.7403420605
0.7464061650000001
0.71177949
0.201473994
0.31077248649999994
0.8176423340000001
0.8537572860000001
0.9011491180000001
0.8854436915000001
0.886033392
0.9057689325
0.8785639230000001
0.8309875845
0.232085502
0.1919922865
0.8111980195000001
0.897846025
0.9081466015000002
0.880723566
0.923379026
0.9280259880000001
0.9096376175
0.779198916
0.07698399255
0.061053395850000004
0.062582317
0.104014744
0.6584246285
0.14948154
0.17963983500000003
0.1015905865
0.10367243450000002
0.13364265820000001
0.25493772049999996
0.838634435
0.8184804745000002
0.326263017
0.611008363
0.24718747000000002
0.21780471950000002
0.3200085345
0.5947044605
0.2277590585
0.1648957795
0.15268930449999998
0.44641462600000004
0.15935103550000004
0.138646502
0.15008313550000002
0.20720885650000004
0.40369858850000007
0.594551164
0.8024042415000001
0.6938298385000001
0.6178947385
0.2134388905
0.307723988
0.141993517
0.1089205455
0.09530124650000002
0.0894870445
0.098298408
0.10884301
0.1470379365
0.162601771
0.1581270735
0.6615467774999999
0.662710465
0.6622198400000001
0.6448768035
0.28081764800000003
0.1630029245
0.1526275155
0.23830536200000002
0.22956904300000006
0.629854876
0.1979924835
0.136881781
0.137393573
0.242842359
0.634863193
0.1713139785
0.23824266649999998
0.15212156400000001
0.10097448800000002
0.0891127858
0.08948097270000001
0.1148966998
0.6893457080000001
0.6876751
0.108894458
0.07821666830000001
0.08447993380000002
0.06465968390000001
0.06477696125
0.0878197453
0.20257850900000002
0.8848962035000001
0.81540858
0.810275045
0.205579104
0.07901795979999998
0.066740257
0.08287025409999998
0.20018194150000002
0.704527398
0.698206537
0.1710193425
0.08569271820000002
0.06479774349999999
0.06579310645
0.09415857600000002
0.72728069
0.7156033780000001
0.7205582669999999
0.8517918240000001
0.167603842
0.11295879050000002
0.11201260499999999
0.6458781605
0.1313704305
0.17944120600000002
0.24680871900000004
0.7675974925
0.09232777400000002
0.05892410435
0.05488928945
0.053744372250000005
0.052925002400000004
0.0555802908
0.07406774410000001
0.29054902400000004
0.8995986665
0.8605415720000001
0.8460803044999999
0.831191061
0.8422625025000001
0.880255095
0.883401218
0.9043540620000001
0.17344700100000002
0.09365890299999999
0.12078594150000001
0.8046674260000001
0.8267060214999999
0.08934109805000001
0.0575611949
0.055553110800000007
0.0619203822
0.07220183000000001
0.08348513
0.08030820870000001
0.06267365435
0.067604943
0.12821134
0.20597489410000003
0.8275786885
0.8037566425000001
0.7989654465
0.09457926320000001
0.06170758355000001
0.0562963495
0.078839411
0.2003784035
0.7516824309999999
0.1723595457
0.200094504
0.8401800615000001
0.1127181555
0.06254544025
0.060098175950000006
0.0688364927
0.07564076569999999
0.0865612642
0.0872916135
0.09720003569999999
0.09228060949999999
0.10952483200000002
0.2172582185
0.208284735
0.1377589636
0.11077092150000001
0.13161557050000003
0.251581125
0.8412650180000001
0.8485418975
0.35530330099999996
0.1779804215
0.22937148400000001
0.16369298999999998
0.6393203305
0.16701876000000002
0.099881496
0.114602201
0.6200044170000001
0.132470459
0.12740361200000003
0.643305441
0.135551821
0.1313273885
0.764973515
0.8136665
0.84519835
0.85144198
0.8626168865000001
0.8916461650000002
0.8155317440000002
0.12255380900000001
0.12153929350000002
0.66987835
0.0892495002
0.06337493050000001
0.0654645787
0.08549455650000001
0.20371636000000004
0.8064904669999999
0.7976984755000001
0.7457437180000002
0.16748579600000002
0.16377631550000002
0.1448652815
0.2084863535
0.660146594
0.675385275
0.6715087565
0.6757836575
0.6922438475000001
0.70581719
0.710983215
0.7321060964999999
0.83882909
0.7589701850000001
0.1582921985
0.206830258
0.08213933009999999
0.061195134500000005
0.055217057900000005
0.05904397940000001
0.09187956870000001
0.8451571620000002
0.8884969870000001
0.9218098560000001
0.845168915
0.149336821
0.179863186
0.8190658065000002
0.09641873475000001
0.0664268144
0.06669789250000001
0.0828087445
0.1342431765
0.6920872250000001
0.15753207900000002
0.1198608535
0.14619541649999998
0.101017981
0.07271677160000001
0.0649047751
0.07281307915000002
0.0957556835
0.82403882
0.8358324825000001
0.840734245
0.8373887780000001
0.8637302710000001
0.8799546825000002
0.8872754610000001
0.896454779
0.9031575915000001
0.871289581
0.19531838300000004
0.1541431135
0.0799564063
0.07350756550000001
0.102617594
0.10457891550000001
0.1113028808
0.21188530300000002
0.8314626350000001
0.8575901860000001
0.891682375
0.8631202765
0.288550745
0.4000595505
0.38561019800000007
0.2878456045
0.760031765
0.1740543885
0.128389302
0.12720333649999999
0.1950433845
0.5933542359999999
0.5794357995
0.227725328
0.2782898055
0.30257005200000003
0.7978054250000001
0.7288153005000001
0.823913618
0.39707694400000004
0.2739536935
0.148217018
0.11096102900000002
0.09311529700000001
0.09694430949999999
0.11680796800000001
0.15043224700000002
0.13345904349999999
0.160587271
0.1351770115
0.137590263
0.18364179300000003
0.244436426
0.7935817800000001
0.7480786484999999
0.7615415020000001
0.8382569735
0.897981362
0.9102241135
0.8785848375
