0.8741088069999999
0.870346797
0.8400585515
0.8240199750000001
0.691890465
0.338241114
0.42866501450000005
0.47581937800000007
0.776975477
0.469334915
0.356366864
0.6843076600000001
0.803483751
0.291307139
0.153711232
0.13586716250000003
0.084085999
0.06805757570000001
0.06299978725000001
0.06871054905000001
0.11591132100000001
0.348827062
0.9078841575000001
0.9292666020000001
0.9255696405000001
0.8746850545
0.893072345
0.7722797805
0.140171576
0.0846414075
0.0823467591
0.10923421929999999
0.619922846
0.636449839
0.6248148995000001
0.5944864795000001
0.4954911295
0.202573001
0.20866571800000003
0.5905885405000001
0.5742781315000001
0.6000547785000001
0.5990134930000001
0.19626707200000001
0.1841729305
0.582755698
0.598759534
0.142290584
0.11862842650000001
0.17555133710000004
0.12500703875000002
0.169002686
0.8570257460000001
0.8162745499999999
0.900656883
0.8783722970000001
0.1125230685
0.07986489100000002
0.10531304100000001
0.11575766900000001
0.204891942
0.8109070855000001
0.6755309354999999
0.124751502
0.0828783375
0.07420429300000002
0.09161597280000001
0.15497152200000003
0.755619314
0.8436227985
0.12298863455
0.08269452390000001
0.09905959680000001
0.08116877095
0.12896978450000002
0.8882713380000001
0.8933630560000001
0.10502318769999999
0.08194514725
0.063039947
0.09524220914999999
0.107814066
0.857480832
0.8880396715000001
0.910163843
0.17767301100000002
0.131222604
0.6961893125
0.08169251595
0.061431172250000006
0.0834886935
0.106863391
0.8494594175000001
0.8725243390000001
0.82892376
0.08469226495000001
0.061045308150000005
0.06415164205000001
0.11017077250000001
0.828670408
0.2066804155
0.37902372050000005
0.8951348090000001
0.8305799150000001
0.08936906420000001
0.0658566143
0.059785054100000005
0.0780800813
0.1124226622
0.837364841
0.878791269
0.1089657315
0.0696534409
0.06998455525
0.07024445015000003
0.09743411750000001
0.7080310120000001
0.6949896555
0.227900291
0.11204343
0.1066320971
0.13220163975
0.1470853475
0.648603456
0.6854373275000001
0.7199667969999999
0.790853763
0.6684888070000001
0.412759562
0.39992616300000006
0.28870870400000004
0.32921773800000004
0.7732540139999999
0.7599968340000001
0.799452296
0.6937818045
0.657611355
0.6492843075
0.7458889135000001
0.6401613355000001
0.2730781455
0.34622819200000005
0.2957563325
0.5008335960000001
0.21198532700000003
0.22974628900000005
0.71880831
0.20882021900000003
0.17247410999999999
0.246867908
0.183338478
0.24179564400000003
0.86330873
0.890372987
0.8532202115
0.555181838
0.15632974899999996
0.175556864
0.624824768
0.6489273160000001
0.6415048575
0.624286854
0.5941048560000001
0.20563570500000003
0.24102082350000004
0.7630377530000001
0.6727062000000001
0.6762763029999999
0.789801019
0.13990364050000004
0.09830117100000002
0.09929182350000001
0.0928075145
0.110489598
0.24435687950000004
0.1655161125
0.17827444400000003
0.30087545800000004
0.626915922
0.6763136905
0.72738008
0.8416667250000001
0.8131575315
0.19173702450000005
0.14114381050000002
0.1490336685
0.23494998800000005
0.21512679050000005
0.720657191
0.8748916675
0.9057658599999999
0.905755095
0.8881166550000001
0.8255767490000001
0.8283762120000001
0.7357624750000001
0.669973668
0.6487211755
0.6239706575
0.6182200779999999
0.7213733740000001
0.271153221
0.17092526350000004
0.164199402
0.2524206445
0.23449774350000002
0.21821042599999999
0.5911381925000001
0.5700884940000001
0.2763934145
0.562963527
0.5447884459999999
0.3147470115
0.7683745230000001
0.46609797700000005
0.334133049
0.15492542750000002
0.11801133050000001
0.11613886350000002
0.1520417805
0.16904530450000005
0.7166507225000001
0.8623149824999999
0.8725536979999999
0.8148377415000001
0.1928620715
0.152918513
0.181423442
0.7287130599999999
0.535311953
0.14945268150000002
0.12832942
0.19614543950000002
0.7541332695
0.2285852745
0.1413962755
0.132937827
0.5164065865
0.20156161749999998
0.24106948000000003
0.8666137564999999
0.9132184354999999
0.9186149400000001
0.908341412
0.8676820950000002
0.688684603
0.649039288
0.64173427
0.7756230270000001
0.18704822050000003
0.11032451269999999
0.10433234630000002
0.19511678550000003
0.18371081
0.8166973925000002
0.6911116755
0.663747198
0.6307671595
0.127920844
0.1181229648
0.5797405824999999
0.20384431000000003
0.6118724019999999
0.10997258705000001
0.10734499750000001
0.207828123
0.9061409720000001
0.9118797329999999
0.09533476605
0.05411434015
0.0493235015
0.049377805600000005
0.050063681400000004
0.055740043600000004
0.0800477607
0.774122402
0.28273264449999996
0.9046706975000002
0.917286973
0.942708507
0.9412362850000001
0.9114971829999999
0.847992099
0.197182377
0.7773486175000001
0.07436617044999999
0.06377731905
0.047985372
0.0466955207
0.049063702699999996
0.0537532667
0.07917515594999999
0.8277409995
0.904289545
0.8494074655000001
0.8973418175
0.268081167
0.10341647475000001
0.1240323931
0.6898704225
0.416471355
0.8252222655000001
0.18675389800000003
0.1694553503
0.8033392475000001
0.9205142420000001
0.9350218880000001
0.921060148
0.7944058300000001
0.10629503810000002
0.11081431360000002
0.08231242725000001
0.08790506240000001
0.19130821600000003
0.1164420201
0.1426263863
0.6327418060000001
0.172590871
0.168085739
0.307989636
0.6007846950000001
0.195705816
0.19309394600000002
0.26128972850000004
0.7925598830000001
0.80404244
0.6672808060000001
0.6467993850000001
0.6714887945000001
0.70819541
0.8132044025
0.805285682
0.8356144830000001
0.711904401
0.2940610635
0.1833185572
0.17674179850000002
0.525623331
0.14972710725000005
0.135256984
0.23223377250000002
0.13834650950000002
0.14715881399999997
0.657351619
0.14096659500000003
0.10461223310000001
0.13583628075
0.695117581
0.1072208655
0.07614447664999999
0.07870573000000002
0.1539002685
0.130511783
0.06963677055000002
0.06550284640000001
0.08771506250000001
0.07312196304999999
0.1304126196
0.13962512950000003
0.1062126008
0.15075575345000003
0.149582986
0.12610229480000001
0.8491687050000001
0.8713613900000001
0.3897067825
0.8263586740000001
0.8835911605000001
0.9072313110000002
0.933070082
0.9329879155
0.915834832
0.5058419665
0.8299811885
0.7920212525000001
0.07916991540000001
0.06750180540000002
0.0795820121
0.1302207475
0.112108095
0.1545406973
0.777365164
0.09857943955000001
0.07113538470000001
0.0653384355
0.07988646900000002
0.09121591315000001
0.08786083820000001
0.07700441250000001
0.08397767975
0.11609882300000002
0.7166581540000001
0.15008039
0.0969696623
0.11388678500000002
0.695257882
0.2963525065
0.8274651415000001
0.22828178699999999
0.15655057650000004
0.10335727049999999
0.1074337565
0.5723938315000001
0.134483414
0.1294994305
0.18476362450000003
0.7830967050000001
0.6883419999999999
0.6461400469999999
0.620654212
0.6264706615
0.607097939
0.6121375229999999
0.6382137375
0.634178695
0.16476749450000003
0.12711820750000002
0.134722889
0.6682815415
0.68581476
0.7360906920000001
0.8515115630000001
0.8068310405
0.8022127245000001
0.8757040030000002
0.81992026
0.7741204559999999
0.1270799038
0.07955451875000001
0.07177796250000001
0.08045014
0.09366794079999999
0.133253871
0.74335625
0.837551092
0.7283536085
0.23554340799999998
0.2938923475
0.131764216
0.10586104120000002
0.12083060400000001
0.19679352300000003
0.3202387705
0.7732894105
0.46655411450000006
0.6263638355
0.5918182245
0.3020773605
0.5884763494999999
0.5968086995
0.272878536
0.35953303550000004
0.249330999
0.19390053450000003
0.20407933250000002
0.34804769750000003
0.66270027
0.7672742845
0.666299784
0.6452953185
0.6943335635000001
0.803572688
0.8030055830000001
0.8649415330000001
0.8655171805000001
0.8046637205
0.796874845
0.8252774100000001
0.23874064700000003
0.2636110855
0.22658700550000002
0.172079398
0.194201388
0.175705632
0.674706545
0.201899617
0.442820129
0.9028620485000002
0.899046038
0.1018499288
0.06659518390000001
0.08656259100000001
0.09855367450000001
0.7187774929999999
0.11058761500000001
0.10149304410000001
0.156215273
0.906440172
0.9082852775
0.8410679750000001
0.07687535200000001
0.050184246050000006
0.046610157400000005
0.0518195155
0.05648652555000001
0.061729044649999995
0.08961473210000001
0.8105959300000001
0.8075563550000001
0.8846607815
0.1521692632
0.0908019423
0.13958851000000003
0.12443235550000001
0.15610509250000001
0.13183661800000002
0.131291194
0.165224609
0.8423575310000001
0.7763969035000001
0.736129275
0.134706501
0.1144273905
0.0954152293
0.0879390052
0.10959625170000002
0.697533749
0.777876535
0.24791894700000006
0.1722775075
0.17281594050000001
0.25104993800000003
0.7591860965
0.624618197
0.5961291650000001
0.16760973249999997
0.15795188650000003
0.5599251540000001
0.20267373449999998
0.250901343
0.674152335
0.6572804534999999
0.13731721549999998
0.10323412625000002
0.143610303
0.850969045
0.855410485
0.8426372870000001
0.84240951
0.8693154515
0.7742626535000001
0.695960384
0.10572822445
0.085323931
0.11012363905
0.6779448100000001
0.37433299550000004
0.2264813175
0.6156479829999999
0.18108659650000003
0.1565672885
0.6009495524999999
0.575790044
0.5673741225
0.1760187385
0.1740904955
0.2677477035
0.22680659700000005
0.2148802065
0.6425768865000001
0.640826062
0.638934713
0.6301991615
0.1423200335
0.12638367400000003
0.2342123865
0.16620416
0.6975166174999999
0.1030640215
0.0649354718
0.059034827350000006
0.05970917315
0.06076844719999999
0.07062464625000002
0.12335762750000001
0.8489790570000001
0.1361160784
0.12982385340000002
0.07627060584999999
0.10038893325
0.849159714
0.8592910765
0.8619776950000001
0.8190134410000001
0.0769477321
0.0526252144
0.04793459110000001
0.0546806919
0.0718021925
0.119020764
0.8445267265
0.8516151995000001
0.842003069
0.8239828100000002
0.799506678
0.7478616930000002
0.758810495
0.23134013700000003
0.16504317540000005
0.8006643165000001
0.8546913695000002
0.9292108455000001
0.91175694
0.11484121650000002
0.07578433914999999
0.11413975350000001
0.713231665
0.09745952
0.07158961679999999
0.06346672295
0.06671273350000001
0.0813533842
0.0908994553
0.11040634150000002
0.15524549600000004
0.791731755
0.1710310035
0.16669424049999998
0.249604532
0.4844437375
0.7997223870000001
0.22593056450000001
0.17220116650000003
0.282108379
0.2175096405
0.3336330905
0.585062146
0.56461784
0.3237249475
0.5811286325
0.820484462
0.7410122445
0.8138619425000001
0.679080607
0.6104615019999999
0.10417952675000001
0.089131282
0.084439808
0.13045357649999997
0.6336526995
0.13053208500000002
0.143329949
0.20405137650000005
0.897901203
0.9316235970000001
0.924801913
0.8458863860000001
0.7669565195
0.7233292625
0.6514811924999999
0.10512818680000001
0.13257920750000002
0.19144736199999998
0.8613537080000001
0.853804625
0.139033039
0.096372942
0.09850577375
0.20716130000000002
0.811701259
0.7323824175
0.719468665
0.33707866850000007
0.165970322
0.113108333
0.15489382575
0.10182671100000001
0.1346882134
0.8857250295
0.9004117110000001
0.833346472
0.8035426335
0.8129790880000002
0.8674743750000001
0.927042052
0.9383903645
0.9328237120000001
0.9008977105000001
0.09483937750000002
0.059039090700000005
0.07535360845
0.103650195
0.16629088849999998
0.1072113965
0.0834766317
0.0753378445
0.09030925450000002
0.7982661904999999
0.909717202
0.9368697005
0.9409167000000002
0.9371001675
0.9176384190000001
0.7376847415000001
0.1091486995
0.08392906635
0.1055923599
0.632808598
0.305432578
0.21249172200000005
0.187430665
0.24085211200000003
0.153853365
0.57195188
0.1185945799
0.11263255300000001
0.17011824849999999
0.898610148
0.9316734100000001
0.91009493
0.9293916340000001
0.8980054179999999
0.11084375550000002
0.07834474905
0.08909921400000001
0.1201244602
0.29862655400000004
