0.8122594819999999
0.8405720175000001
0.8583156615
0.8483485215
0.8533772840000001
0.8798293330000001
0.869198149
0.818764975
0.7888038655
0.7729962255
0.7862369499999999
0.818054125
0.8741623700000001
0.8956026280000001
0.8834161735
0.755537515
0.5155675040000001
0.453417483
0.7068023220000001
0.777045654
0.8114113115000001
0.8428293645
0.7814679050000001
0.805341345
0.6498290425000001
0.159029776
0.1368372575
0.14447986200000001
0.250332233
0.13240204
0.11435101550000001
0.1152608275
0.1308593768
0.5409848005000001
0.1647861085
0.180252502
0.2727631865
0.500780474
0.5600953025
0.3098956425
0.29413559749999996
0.7686812775
0.6534324925
0.5968067085
0.5772864845
0.5587866290000001
0.221089127
0.15037358250000002
0.1460621695
0.536799849
0.133607409
0.11236667350000001
0.1279644285
0.127141808
0.1830281545
0.7072876849999999
0.8696229800000002
0.879474547
0.735493316
0.7036636949999999
0.6759463659999999
0.6793468865000001
0.6849834450000001
0.10655679250000001
0.086200763
0.07562086780000002
0.0803255307
0.0763619455
0.06669859095000001
0.0572027799
0.05202957465
0.04903777950000001
0.05361112240000001
0.08805512429999998
0.8815311155000001
0.9170521305
0.9362287910000001
0.9439329650000001
0.914074319
0.8374844890000002
0.06469978529999999
0.044232967049999995
0.04564863065
0.05403879940000001
0.06254331665000001
0.0639368692
0.0627781943
0.06148860130000001
0.06272654030000001
0.0803632637
0.1215493405
0.7123287790000001
0.7790361575
0.6622554700000001
0.6255499760000001
0.2236962995
0.204125734
0.27939393700000004
0.218419453
0.545276218
0.21307636800000002
0.23712602200000002
0.25595941850000004
0.317119079
0.7731331545000001
0.6648147099999999
0.6359017485
0.6818974324999999
0.8537903099999999
0.891626542
0.8791566125000001
0.4781365195
0.2935532255
0.12521122
0.0898852985
0.11225603749999999
0.1315942695
0.23807968699999998
0.12261528000000001
0.1045833495
0.09048299000000001
0.0911208825
0.12899239450000002
0.6619025560000001
0.647867595
0.2800043005
0.293522339
0.21212348800000003
0.17503505949999998
0.675285335
0.6764700469999999
0.7337667514999999
0.8369537610000001
0.6872262585
0.145211053
0.17171007249999998
0.15428523730000004
0.1526268815
0.598503258
0.6301515815000002
0.6445221630000001
0.7776803000000001
0.6276684200000001
0.1501489055
0.13114668029999998
0.183518706
0.8714710045000001
0.910126993
0.877020393
0.1488316305
0.118610819
0.154354298
0.699217102
0.8448180200000001
0.8189225520000001
0.83616431
0.734461507
0.665292006
0.6799110464999999
0.787214587
0.7810958809999999
0.791178503
0.8247814580000001
0.7412374225000001
0.65403063
0.6148900785000001
0.1344161635
0.10259974499999999
0.10472448750000002
0.165800731
0.679274583
0.696041319
0.7060873750000001
0.1372767895
0.08672154970000001
0.080648713
0.11470023750000001
0.7020824845
0.09821450375000003
0.06941665914999999
0.0681339408
0.07703812730000001
0.097200674
0.078788178
0.06753083475
0.07050391295
0.1112834135
0.8072724855
0.7883782710000001
0.1684640535
0.1483552805
0.7750342440000001
0.795279902
0.804424731
0.2074371365
0.40498094100000004
0.8989091530000001
0.91876357
0.2296295725
0.06897271270000001
0.0630877484
0.09801324880000001
0.1342267415
0.75367081
0.09405651870000001
0.0632050156
0.06699615830000002
0.12195946680000003
0.886651513
0.8948832630000001
0.15965084300000001
0.0812226608
0.07933926784999999
0.11483164109999999
0.760460558
0.8917746545
0.895188781
0.7420009025
0.13033039300000002
0.09570601610000001
0.0996541947
0.1436044412
0.5941939814999999
0.672649446
0.7837489685000001
0.7111835255
0.7012128635
0.7201171075
0.8326649985000001
0.821655775
0.20586961750000005
0.1348972065
0.11605029030000001
0.11468968600000001
0.11840836420000002
0.15659133000000003
0.6328903375
0.7300181160000001
0.5955531445
0.5572129535
0.16884918
0.14990251850000003
0.12304484200000002
0.13099804
0.18103298899999998
0.25536355299999997
0.7275381675000001
0.8541636935000001
0.8224410280000001
0.24739156050000002
0.2204578295
0.5653528640000001
0.5830720119999999
0.5762794715
0.511833863
0.468656772
0.19198989850000003
0.15237771600000002
0.177584291
0.747625819
0.22859015400000002
0.21394924199999998
0.4012563725
0.8286916
0.6984637199999999
0.6526869350000001
0.7105201460000001
0.8711891905000001
0.9041208850000001
0.883573998
0.753596623
0.666667319
0.711459732
0.850909033
0.8533894385
0.7405204280000001
0.7108585700000001
0.7761908150000001
0.8986256360000001
0.9227606225
0.9193822380000001
0.886649683
0.2780423975
0.136639892
0.1397218561
0.4434577270000001
0.171029916
0.199258704
0.4141647625
0.7777629269999999
0.647562481
0.5987204660000001
0.210245981
0.19213745950000002
0.4963887250000001
0.18661249400000002
0.23112752500000003
0.15050348850000003
0.1654734225
0.741572784
0.891140672
0.8979529045
0.7777275480000001
0.726724205
0.113344838
0.08497607189999999
0.09556159630000001
0.0784719918
0.0827993379
0.0969124735
0.18391557349999998
0.272200868
0.194916846
0.232966061
0.7363642069999999
0.6046744740000001
0.27573872250000003
0.309225794
0.7796062020000001
0.7213636705
0.8140528515000001
0.2639162715
0.1361586422
0.1014477235
0.1008029335
0.09177835175
0.1114407079
0.654355547
0.1293747985
0.1581719705
0.09579177150000001
0.0714883104
0.0744995648
0.121487033
0.837087825
0.913872145
0.921178647
0.871560374
0.8229535250000001
0.7809978510000001
0.7290864690000001
0.6812673715000002
0.704232774
0.79392199
0.8606333435000001
0.8329702374999999
0.8198253180000001
0.8448000600000001
0.90268883
0.9004343800000001
0.8180353830000001
0.7572235220000001
0.75664218
0.1598259534
0.08108784769999998
0.08551413155000001
0.159896429
0.163175888
0.19105637
0.8043758740000001
0.134019926
0.08800141630000001
0.08748414610000002
0.09733526350000002
0.13661491520000002
0.30864055949999997
0.651526454
0.16647178
0.12943729720000002
0.130715716
0.12955893700000004
0.1458428565
0.18577054199999998
0.17718147
0.48453744500000007
0.19252679649999999
0.2041259535
0.551381027
0.5569058115000001
0.570734455
0.5569040870000002
0.56774791
0.6224824405
0.662767117
0.6784570705000001
0.6751482835000001
0.4113425420000001
0.18313475350000002
0.14102045330000001
0.128255588
0.1460027005
0.5381203735000001
0.2144429035
0.537971458
0.1753946825
0.1846952945
0.27960494700000005
0.303652699
0.870129656
0.9043576600000002
0.903605749
0.8855509689999999
0.8388874960000001
0.826281507
0.8483471385000001
0.8311976875000001
0.8352251194999999
0.8685322950000001
0.878666428
0.866994653
0.8188907730000001
0.7727449285000001
0.744208604
0.7475895650000001
0.8192347150000001
0.7958374680000001
0.28251349649999996
0.23439799850000004
0.495175168
0.5800470025000002
0.6122241235000001
0.6613793609999999
0.7170328464999999
0.8002207535
0.33938738000000007
0.32691736250000003
0.809124049
0.7030401980000001
0.1238846295
0.08804858830000001
0.09306953030000001
0.0863354951
0.1289031452
0.08717754600000001
0.11083570375000001
0.6876771995000002
0.1425475565
0.1129120585
0.226024523
0.783701859
0.12128137150000001
0.06623861689999999
0.06066151535000001
0.061900741950000004
0.06362368965
0.05950975740000001
0.055810162350000005
0.052955927
0.049616512700000004
0.055202931850000005
0.11475319845
0.9102891275000001
0.9495155645000001
0.9541039285
0.9351176745000002
0.07171462995000001
0.04241250775
0.03851004155
0.04270567930000001
0.0539256287
0.0989083513
0.853895885
0.8720737554999999
0.7889969615000001
0.12633312500000002
0.1185813617
0.6583618385
0.10067500740000002
0.09145246000000001
0.21015404200000004
0.7538362960000001
0.152758288
0.09395534635000001
0.12323180075000001
0.0820007393
0.09750887729999999
0.17475142200000002
0.7287493070000001
0.814057387
0.15079862200000002
0.10506263705
0.1071841464
0.1550509745
0.710853014
0.189789579
0.1563539325
0.17089171500000006
0.29040798300000004
0.3620191775
0.428057473
0.6440296609999998
0.6275081845
0.599925082
0.2019271085
0.1867498915
0.555391911
0.21361125300000003
0.554722972
0.1289200496
0.10456211490000002
0.1200116065
0.193455186
0.6599784550000001
0.6481927235
0.6325192964999999
0.5709017075
0.1260307753
0.10807195800000001
0.167415395
0.136452814
0.25170359400000003
0.7265225
0.7168023885
0.7020500960000001
0.6722986999999999
0.12499092020000002
0.0979538075
0.11385992
0.3226508800000001
0.893084278
0.9142534370000001
0.905299943
0.908335494
0.894990237
0.892562927
0.869154088
0.857934741
0.8689937005
0.8849047369999999
0.8993021855000001
0.895358592
0.8699542920000001
0.845321174
0.83080195
0.8231245705
0.8563139450000001
0.8780188100000001
0.868024314
0.865324642
0.8751411835
0.8912824830000001
0.889673128
0.9010499730000001
0.8984926504999999
0.8736887390000001
0.8533736065
0.8873159345000001
0.8409319450000001
0.7874217975
0.17304229750000003
0.09992382080000002
0.09127648575
0.11807128500000001
0.673698307
0.19910816150000002
0.12160251475
0.143070317
0.1171619395
0.1689401965
0.232461773
0.113671102
0.10625596650000001
0.1266358875
0.612118836
0.2189585155
0.619527063
0.22122275550000003
0.2314623535
0.743185887
0.302239542
0.26811085900000003
0.248840357
0.23281010800000002
0.7272006865000001
0.18394025050000004
0.1661712695
0.26322510600000004
0.2726866695
0.238674186
0.280375508
0.18244223150000002
0.6681631455000001
0.63479465
0.117950263
0.10094384050000002
0.183127787
0.28457497600000004
0.850671714
0.8947720325000001
0.8453193910000002
0.8733439475
0.18735179400000004
0.12862479300000002
0.0879456735
0.10159503650000001
0.6825315155
0.6289795404999999
0.169769913
0.20411927800000004
0.2734604845
0.276664699
0.37805433
0.812307676
0.7007578120000001
0.6486718980000001
0.187543489
0.196847032
0.161723955
0.23184576299999998
0.7634771969999999
0.181054946
0.11000497399999999
0.1016331515
0.11622480450000003
0.1254094265
0.15091343
0.1344707097
0.12646573500000002
0.1335187765
0.2321980465
0.16476304100000003
0.177039374
0.25226253550000005
0.8340729660000001
0.8694538450000001
0.8410952970000001
0.8457563619999999
0.7815213540000001
0.7531207185000001
0.826465645
0.8231172680000001
0.7115921024999999
0.6598582725000001
0.5882947930000001
0.3706067840000001
0.5180173305
0.3002327055
0.2729785065
0.22653246200000002
0.5495936195000001
0.159731268
0.12011829400000001
0.113703006
0.1234963755
0.1462943445
0.5836620809999999
0.542116437
0.1755471875
0.18140856700000002
0.298483061
0.255208084
0.746774466
0.6096013530000001
0.6117891315
0.6080663215000001
0.5814659435
0.16986399450000003
0.16068150750000001
0.11124558100000001
0.10249973399999998
0.1318841568
0.23842467850000001
0.17940387800000002
0.5700888
0.5782842005000001
0.5682051530000001
0.571057173
0.193417784
0.17305492300000003
0.522516624
0.1672342925
0.1771568795
0.5844245899999999
0.151863144
0.125874957
0.158262566
0.13159960550000002
0.13608585450000002
0.10661214600000002
0.10251319800000001
0.1384733265
0.22213830300000004
0.1859534535
0.6983701980000001
0.8457326075000001
0.8535198130000001
0.714648877
0.6769384975000001
0.653277168
0.1411756145
0.09469490500000001
0.0844583865
0.09256545349999999
0.09574787530000002
0.11879012250000001
0.1449149515
0.13883940900000002
0.104605735
0.10159304230000002
0.14706549449999998
0.18514825399999998
0.78510451
0.213354404
0.13935312900000002
0.191973798
0.14849559
0.13406746075
0.713784431
0.8305349580000001
0.737155543
0.7531022755
0.883541368
0.879352599
0.7253124375000001
0.668620405
0.12004074750000002
0.1468822662
0.11927026800000001
0.11453165250000001
0.228242371
0.650531654
0.1134531495
0.09792966250000001
0.1099238235
0.17176167
0.6296084675
0.221984439
0.14702773500000002
0.14289552049999998
0.5907679870000001
0.5931352730000001
0.19957607800000002
0.26797031400000004
0.8012928100000001
0.11311265210000002
0.06523031005
0.061042514699999995
0.0746698688
0.17678106999999998
0.8753811860000001
0.799275728
0.7959570585000001
0.7482396250000001
0.091671689
0.0585918906
0.05332553260000001
0.06389434664999999
0.08075461470000002
0.176455181
0.16357843549999998
0.7468770855000001
0.16873686100000002
0.151143778
0.25637452200000005
0.6315454625
0.268326666
0.32457254900000004
0.2161088605
0.198765181
0.2395800435
0.10401205425
0.0809255228
0.07635637435
0.08231955125
0.12292342150000002
0.679679891
0.386585288
0.669014189
0.15530602150000003
0.08914074525000001
0.08209875159999999
0.11658380400000001
0.7733282699999999
0.2124476225
0.3230181
0.7525671150000001
0.775257338
0.8265725250000001
0.9162932980000001
0.901651024
0.09073138575
0.054734987250000006
0.050895834900000006
0.051839289399999995
0.05875179390000001
0.0913657271
0.7753208390000002
0.7500405385
0.09449942480000001
0.06415266845
0.07394496425000001
0.39460861900000005
0.9235320364999999
0.9447129640000002
0.9403069165000001
0.8706359730000002
0.08945249605
0.09435090694999998
0.07529948649999998
0.09446780240000001
0.816640289
0.8234052430000002
0.8132069000000001
0.0859501133
0.0573524561
0.0581561386
0.0934131258
0.8866246435
0.9382316505000001
0.9340719655000002
0.11643162250000001
0.05451323140000001
0.045933907899999994
0.0486476585
0.054007255950000006
0.059342265500000005
0.0681467235
0.09199762410000001
0.06769027620000001
0.08761338569999999
0.7831091345000001
0.773748722
0.8206228775000001
0.9057762484999999
0.8447576640000001
0.142243767
0.0664365838
0.05696188910000001
0.06197335215000001
0.0799472798
0.1191645327
0.7395429930000001
0.143544641
0.07930686170000002
0.08194246510000001
0.09876027779999999
0.07849106524999999
0.08931982240000001
0.11713643249999998
0.120005115
0.19617263175
0.1839838255
0.2074016545
0.7598925569999999
0.863832592
0.8626649215000002
0.7487925910000001
0.6790649570000001
0.1869899475
0.259281511
0.16319770849999998
0.109636389
0.09240313400000003
0.1009175375
0.1080107995
0.142717823
0.11977758570000001
0.10822888075
0.10169092400000002
0.1094291164
0.1438043724
0.6945869175
0.7269355285
0.8286680130000001
0.6958553550000001
0.1425976776
0.10718679885
0.1055391785
0.14087402920000003
0.15222306470000002
0.5436271420000001
0.505336647
0.5066032420000001
0.27363421600000004
0.268760237
0.6998360640000001
0.8346499454999999
0.301527285
0.15783700950000001
0.20825015600000002
0.082182082
0.062606297
0.05746561335000001
0.059501241850000004
0.06380594580000001
0.0815013852
0.167614898
0.8660348449999999
0.7848326655000001
0.720336287
0.7503583800000001
0.77640763
0.7876949150000001
0.768366186
0.7251218154999999
0.6982750600000001
0.6465562804999999
0.20608566500000003
0.734671436
0.21411416000000003
0.12631356400000002
0.06092916339999999
0.05516658120000001
0.0649950914
0.11919873030000001
0.8413690535
0.1581857965
0.0761132075
0.06224012250000001
0.09235299670000001
0.8919477305
0.9414332230000001
0.9310547835
0.8868517325
0.0691925206
0.0473649008
0.0592245333
0.054698982500000014
0.05644468465000001
0.061004873499999994
0.0634361624
0.0699155822
0.08940989919999999
0.17726634100000002
0.8138646515000001
0.11585533170000001
0.06960209545
0.06349676685000001
0.0668558227
0.0738257087
0.0763537627
0.0746069669
0.0693287815
0.08169505085
0.1282185665
0.28647132000000003
0.8758949830000001
0.7862626140000001
0.269174677
0.5088322080000001
0.843484486
0.14951011950000004
0.11051557635
0.07867041125
0.08051406499999998
0.08063365274999999
0.11331364300000002
0.13770940450000002
0.35412957450000004
0.1424965477
0.0992623142
0.099928002
0.15352769400000002
0.6212347540000001
0.14252190150000002
0.1070661687
0.130757798
0.18709746149999998
0.2584032845
0.7017996735000002
0.822524127
0.72117368
0.745662302
0.856368472
0.545794332
0.34142221899999997
0.1355259233
0.09429434269999999
0.08994215725
0.14630922000000002
0.692003186
0.74430483
0.8592720065
0.7412526225000001
0.684225819
0.306022777
0.176767091
0.1730419075
0.6328280975000001
0.7045964255000002
0.8459398499999999
0.8144722630000001
0.8953758220000001
0.8901864345000001
0.8179897445
0.839867172
0.727360602
0.682197643
0.6556647210000001
0.1477340255
0.14696203950000003
0.12287284
0.11331036900000001
0.1267146773
0.30235899899999996
0.311326739
0.8499724780000001
0.836397105
0.642192335
0.610561896
0.6160408155
0.606411964
0.6104026195
0.5840976615000001
0.1724611675
0.19858999700000002
0.21378557850000002
0.2918168295
0.847424074
0.8351875085000001
0.1846367125
0.10902270750000001
0.1191738855
0.1305938145
0.1718636325
0.7405131535
0.31750303800000007
0.44360494800000005
0.4190734005000001
0.6344388865000001
0.40237706500000003
0.332515349
0.20631256300000003
0.5566019899999999
0.13521922425
0.141971211
0.22443911700000002
0.8898630370000001
0.9199876750000001
0.8610519780000001
0.799273817
0.10571606650000002
0.0702377005
0.0719077062
0.07632594200000001
0.1152831815
0.11967863200000001
0.1172492795
0.1306474807
0.1108428575
0.155947267
0.259974288
0.7012179695000001
0.507088438
0.43395757250000006
0.19529092899999997
0.1772586845
0.2862922925
0.2050310035
0.633586145
0.6459502485
0.656518204
0.1705906425
0.1130048445
0.08806570999999999
0.10774843450000002
0.1284593383
0.1817077765
0.7806589045000001
0.681894839
0.6453292149999998
0.646631123
0.1785189765
0.10352352700000002
0.09244982225000001
0.1059699135
0.2105453165
0.8542522760000001
0.8612261460000001
0.8527097045
0.8419905480000002
0.8295951020000001
0.8226564590000001
0.8237023220000002
0.8232148819999999
0.81189751
0.346071152
0.10927258600000002
0.08606804
0.10053900000000002
0.18339641950000002
0.10426210300000001
0.0947438985
0.09537069100000001
0.11804950000000003
0.188782953
0.7681045354999999
0.6266367359999999
0.1949006195
0.129246659
0.1157634245
0.11446917300000001
0.1725161175
0.652140045
0.2500803215
0.1202768786
0.13171603850000002
0.6634401225000001
0.1000010325
0.07133910885000001
0.09008235980000001
0.12475297050000002
0.0847495934
0.07187084705000002
0.1462339375
0.8279740760000001
0.858758215
0.9236083660000001
0.8753374780000001
0.8224267030000001
0.092168604
0.06985403500000001
0.091184434
0.0754726184
0.0674496433
0.0682969801
0.09511076880000001
0.6805151070000001
0.17207842550000002
0.1378721465
0.1881214985
0.6760158999999999
0.24932310600000002
0.111783484
0.100258396
0.11443244200000001
0.1376458925
0.16479102100000004
0.23569728150000002
0.2224059085
0.11018506489999999
0.09521387634999999
0.10382146380000001
0.19156458850000002
0.7527871605000002
0.786490749
0.881194385
0.3566566585
0.09640651700000002
0.066553559
0.0729291021
0.1088865295
0.141075275
0.148650907
0.1170907238
0.13619599350000003
0.1370316425
0.12029940900000001
0.161191716
0.8380830830000001
0.783869103
0.868350857
0.754889495
0.7254025725
0.177723651
0.09447092915
0.058788376
0.0534783794
0.0677109274
0.0872807805
0.7859539895
0.8715164145000001
0.781675756
0.794700761
0.910967795
0.8984183565
0.07627515850000001
0.046323604000000004
0.042755791
0.047133875449999994
0.06836414
0.14118334319999998
0.9052704095000002
0.9378559790000002
0.9198404480000001
0.894759732
0.829501771
0.0676665112
0.04518236375
0.043735700200000005
0.06018125280000001
0.058223733050000004
0.0818801485
0.729661921
0.740218013
0.7596312025
0.8604361989999999
0.09514193055000002
0.054542192
0.0525199191
0.06727756530000001
0.1125661966
0.865712977
0.8929889195
0.9378796435000001
0.9225325735000002
0.07469575185
0.04195147935000001
0.03733328
0.0395822174
0.04572056825
0.07672989925
0.8980113350000001
0.9347789945000001
0.948101273
0.9498861245000001
0.9088015570000001
0.06754253225
0.04605335320000001
0.04370120510000001
0.048497612300000006
0.05583204580000001
0.060427552249999995
0.06365063285
0.0632118569
0.06351937084999999
0.0776416491
0.141783788
0.8579112360000002
0.1454500561
0.13820529699999998
0.0748749336
0.07341744475
0.12773125030000002
0.09381696760000001
0.0806110565
0.0884156687
0.14452016650000002
0.1585952275
0.13067304600000001
0.24356386750000003
0.8177731100000001
0.877353201
0.8263335670000002
0.8243240135000001
0.8839468549999999
0.8962051980000001
0.8627651100000001
0.8743151100000001
0.45434329600000006
0.2198306725
0.29567273050000004
0.18385212
0.21060901750000002
0.746472299
0.29579750850000003
0.21341117150000002
0.257268073
0.7595660904999999
0.6549064595
0.602823479
0.6030515080000001
0.6090712295000001
0.5857110615000001
0.27421924550000004
0.434473716
0.6073260020000001
0.6056856355
0.21707405300000002
0.14774723250000002
0.166741975
0.5419396925000001
0.1789737785
0.200196161
0.21886654350000004
0.6136871895
0.27025440050000005
0.22129601999999998
0.16520054099999998
0.15139905750000002
0.25585014
0.821825003
0.833407759
0.6994030910000001
0.6860324524999999
0.6699479955000001
0.6479423225000001
0.626095012
0.38319032199999997
0.514504691
0.624482195
