0.7683328165
0.7594158295000001
0.740835392
0.7532334150000002
0.7945867395000001
0.837940086
0.8915941775
0.9087757340000001
0.9095457549999999
0.9017146535
0.880566497
0.8645282080000001
0.8830441600000001
0.8910363269999999
0.88301595
0.8812250199999999
0.847360337
0.835573635
0.836744727
0.7083430800000001
0.241619721
0.2188057175
0.5471814020000001
0.36403391900000004
0.2376009965
0.2845126025
0.6036836395
0.15800619
0.1494387775
0.10434312400000001
0.08813784599999999
0.08248654250000001
0.08894989499999999
0.11302029900000002
0.182938124
0.8822683179999999
0.9166226055000002
0.917907131
0.8863072725000001
0.6772942
0.6609987485
0.630631045
0.10819118900000001
0.08799993795
0.11736849120000001
0.7391527865
0.853567358
0.10941014949999998
0.06740484390000001
0.06391226089999999
0.06508544715
0.09392487675
0.696733518
0.0977218425
0.087503025
0.10393667720000001
0.164551179
0.894371617
0.92900199
0.942593822
0.9234466885
0.909881833
0.2226231985
0.139017117
0.08736527620000001
0.049898475250000004
0.0489728386
0.05260065655
0.05547356405000001
0.0674651619
0.12099817730000001
0.8758419955000001
0.8588037920000001
0.1532852865
0.13093730850000002
0.161697007
0.735455267
0.8887806149999999
0.9142216910000002
0.9136848525
0.8898356030000001
0.7761030520000002
0.688028597
0.6767772320000001
0.747180685
0.8532300195000001
0.85435563
0.43244594550000004
0.24596430750000003
0.312888928
0.28282485300000004
0.1932063415
0.19662209649999998
0.3778705875000001
0.789267108
0.6655323260000001
0.6029892565000001
0.623775558
0.631798912
0.622157677
0.617334088
0.5877788285000001
0.31632691899999993
0.515158659
0.226936093
0.360714674
0.7881228200000001
0.1788981885
0.19541715300000004
0.1305783365
0.20321096350000004
0.8693553730000002
0.7808926305
0.10887685550000001
0.06885681049999999
0.05702128725
0.05903230805
0.07030776065
0.12073791635
0.7587210710000001
0.0979089055
0.0675098605
0.06792143985
0.1321776932
0.17343571625
0.11996533175
0.0592272299
0.053342170200000004
0.048069191299999994
0.05106504145000001
0.08044588624999999
0.8886879265000001
0.9023215025000001
0.941527218
0.9489085040000002
0.898706084
0.06276659905000001
0.043151632550000006
0.04412901575
0.05889049400000001
0.052259363850000004
0.0638962467
0.10812464875
0.8546046370000001
0.804319896
0.17295604550000002
0.174810715
0.8397053610000002
0.14731206875
0.136578527
0.7429733640000001
0.09061467250000001
0.060236891849999995
0.0638178484
0.06348177975000001
0.07317350905
0.13406954550000003
0.14440141950000002
0.0780684115
0.0832990806
0.10483015900000002
0.674217068
0.15628767030000001
0.1385710445
0.7164160980000002
0.43445715650000005
0.7721214175000001
0.8523188465
0.17047247000000001
0.091187906
0.08007779635000002
0.10266885885
0.1226295733
0.130897683
0.24041097650000004
0.717227703
0.8621016100000001
0.8858150325000002
0.8619109670000001
0.7134795795
0.6639816574999999
0.5602747880000001
0.1467743785
0.18085731700000002
0.10434391805000001
0.11750309000000002
0.6275064680000001
0.24278657800000003
0.7654808820000001
0.8732050780000001
0.13865645995
0.14664833375000003
0.0761045567
0.05554814350000001
0.07188736435
0.05396780190000001
0.07459612600000001
0.8700044775
0.9107325985
0.9393211635
0.9520268975000001
0.948559205
0.9243817230000002
0.06369385495
0.04043062334999999
0.037995775499999995
0.04113615485
0.0456646827
0.05261792190000001
0.07729327975000001
0.776089868
0.8159456730000001
0.889147349
0.826670139
0.7769125000000001
0.7158360595000001
0.21736040400000003
0.6294685265000001
0.12425436200000001
0.1026356425
0.1392324965
0.1786602645
0.7891027100000001
0.63720288
0.14194426500000001
0.13618418950000002
0.61335152
0.11624039750000001
0.0886728765
0.0927533969
0.10737898475000002
0.7644584425
0.8000349554999999
0.8874069530000002
0.7811289239999999
0.14856628049999998
0.14516085850000002
0.763244228
0.8267423075
0.8664410430000001
0.8897986705
0.7812162840000002
0.151157312
0.1706400195
0.79371343
0.8892551765000001
0.809957422
0.18516809950000004
0.230110158
0.130338387
0.13685449930000002
0.5674627525
0.17142
0.173129491
0.6094226549999999
0.6359524395
0.660071622
0.6654810400000001
0.648617496
0.41988693850000003
0.7345455350000001
0.3390021
0.25517452250000006
0.31672178900000003
0.8233305935
0.8682976760000001
0.80691775
0.8154245875000001
0.252013402
0.21739396800000002
0.2818371565
0.21593117700000003
0.543595955
0.31391567600000003
0.21863632750000003
0.2592220885
0.5616673975
0.22224880400000002
0.22547257650000002
0.5568153235
0.15746017330000003
0.12875988375
0.13023632525
0.1739443292
0.2169521175
0.6630731610000001
0.661342329
0.2058830788
0.29628701199999996
0.2307028555
0.10446390705
0.09706123075000002
0.0702979632
0.0694392384
0.10006617599999999
0.814040125
0.9297258545
0.9371072915
0.9111334705
0.07611963165
0.04674001305
0.04775499440000001
0.050264201450000004
0.054001496600000004
0.0568070641
0.06092396825
0.06025852795
0.05514691
0.05867568555
0.08797428990000002
0.1822994755
0.9074352950000001
0.8756693365
0.79095086
0.22013538600000002
0.7467294500000001
0.092620117
0.06685849795000001
0.09090238390000001
0.10148474215
0.8619711235
0.9055146475
0.9030925135000001
0.8774109250000002
0.08122200470000002
0.0579172509
0.05927979165000001
0.11145049200000001
0.7556295915000001
0.22960696449999998
0.8195409880000001
0.837490926
0.839888913
0.17654694510000002
0.1231666121
0.0741346857
0.09427120520000001
0.8421915089999998
0.9293275925
0.9357953555
0.878559381
0.9152550125000001
0.2725411525
0.1401928564
0.0626515755
0.05527671440000001
0.04850928895
0.052713413
0.0638060037
0.1130829108
0.7594246285
0.6839507170000001
0.14874436400000002
0.13449024124999998
0.7867254760000001
0.84913001
0.9342595620000002
0.937946817
0.9098255705000001
0.10505303850000001
0.079114984
0.13915340014999997
0.0853256789
0.10790999620000001
0.8059485425
0.805584475
0.7861199665
0.7768208090000001
0.11818424375
0.1018053969
0.1735442315
0.7395888265
0.10455705700000001
0.0745094942
0.07641020645
0.15453826760000003
0.10130973025000001
0.14492096675
0.16965126000000003
0.17272821790000004
0.7456733155
0.744830401
0.7716598785000002
0.8484050865
0.5223191334999999
0.33206900850000004
0.180999263
0.175950533
0.31292894750000005
0.85362813
0.9164250615
0.9288537769999999
0.9056032890000001
