0.8472754440000001
0.8794920685000001
0.9070028280000001
0.9110396040000002
0.8887656715000002
0.7774664155
0.685510805
0.6706227495000001
0.6474226885000001
0.15235255
0.11339094250000001
0.10556894450000001
0.12150709350000002
0.10811035000000001
0.14040674200000003
0.16651086739999998
0.2443488055
0.199924645
0.8257699395
0.6946619750000003
0.11044345900000001
0.0824639465
0.10230419725
0.11172254350000001
0.7607963504999999
0.7730955790000001
0.789443159
0.8286866300000001
0.8908127929999999
0.8095214300000001
0.732053766
0.1264718523
0.13538312425
0.10202181575000002
0.15724505000000003
0.6800795869999999
0.6918606245
0.6907234400000001
0.17052392325000001
0.19061335150000003
0.24620572299999996
0.21502284800000002
0.10169923175000002
0.0868452532
0.08101749000000001
0.0811249718
0.09025065
0.17782067299999998
0.23104016400000002
0.264180328
0.614140857
0.1442815765
0.1117809105
0.11054766900000002
0.13278808500000003
0.23089140649999998
0.1376655355
0.153104919
0.2483870185
0.20320413400000004
0.27016998400000003
0.736335561
0.813937852
0.6939861789999999
0.7363055775000001
0.856824066
0.8674115350000001
0.7970095125000001
0.8716708599999999
0.8848064575000001
0.8553461675000001
0.7030714865
0.6171626745000001
0.12180085700000001
0.0917125025
0.0971314205
0.1286188302
0.334721698
0.893088915
0.919147465
0.9107419620000001
0.8340186610000001
0.809394736
0.8910297570000001
0.8743233945000002
0.09546015149999999
0.06238808960000001
0.05922063090000001
0.054013657199999995
0.0745812768
0.243948759
0.8990131975
0.9297568970000001
0.891901842
0.829909234
0.7533478499999999
0.092985147
0.06024801005
0.06421298895000001
0.1015485665
0.0900760048
0.13487786320000003
0.8322975000000001
0.76834822
0.7623976775000001
0.8240951800000001
0.8687580380000001
0.8359506355
0.8215645730000002
0.82239095
0.8439678415
0.8618910645000001
0.8708799550000001
0.8633626460000001
0.860870028
0.8375403560000001
0.8194727310000001
0.8254900900000001
0.8226643849999999
0.7922482305
0.7534805815000002
0.717008678
0.6756539110000002
0.268789349
0.163294456
0.14957742750000003
0.1467836305
0.1914612605
0.7110618080000001
0.8199042015
0.7345254895
0.7272896915000001
0.8450271590000001
0.8587911834999999
0.8007794395000001
0.840939377
0.7967223705
0.7254489375000001
0.689946839
0.7469619695
0.8212171840000001
0.791847564
0.760978727
0.7679896125
0.808306183
0.3874855125000001
0.22169115450000004
0.23508745
0.21510765350000002
0.350942332
0.816879601
0.747649702
0.7052885219999999
0.7122892799999999
0.7561421020000001
0.8386719130000001
0.769596568
0.6835552024999999
0.1440937515
0.12969947495
0.1886883585
0.184170555
0.3654561815
0.803345979
0.719316757
0.7306407975000001
0.808467463
0.24650679200000006
0.19871492500000001
0.1111991993
0.08580845815
0.07593753180000001
0.07115763025
0.0633978652
0.059628386150000004
0.06572434155
0.10494093874999999
0.8173097525
0.8292275025
0.8409462975
0.8970615120000001
0.18205200100000002
0.0844353883
0.07832476879999999
0.128606382
0.788672591
0.11496413750000001
0.076814771
0.07396608315
0.08892467230000001
0.0919209845
0.11230584600000003
0.29362515050000004
0.282813576
0.132294336
0.1055177785
0.112497376
0.201421395
0.833520228
0.8379154620000001
0.6390859355
0.5704834055000001
0.194722438
0.188330103
0.627712226
0.708047668
0.859915053
0.8621152235000001
0.7193885195
0.629536345
0.23470399750000004
0.27204573099999996
0.8170723160000001
0.8660270674999999
0.829983597
0.8408680840000001
0.762617619
0.6965917239999999
0.6803910284999999
0.6583105724999999
0.655731348
0.666590682
0.6554679760000001
0.621394608
0.180422812
0.13414775800000003
0.127675631
0.1607978315
0.5999859860000001
0.20635427250000002
0.1302251175
0.11001303400000001
0.0954622738
0.09531169
0.121431619
0.1731515395
0.752434267
0.27459161100000007
0.21317153100000003
0.30139413400000004
0.27938724
0.659489114
0.790605321
0.6453638300000001
0.5900942095
0.5690919000000001
0.5288078500000001
0.5694990415000001
0.6235941480000001
0.7690039399999999
0.622178121
0.277192054
0.2018322495
0.16304462749999998
0.225296505
0.19664325
0.5932551934999999
0.19244184150000002
0.27675111350000003
0.135987769
0.116324217
0.12217796680000001
0.16618055550000002
0.167899392
0.1244565683
0.11018517300000001
0.10322727300000001
0.11716475380000001
0.17935300700000004
0.8034344840000001
0.7245153700000001
0.6887675635
0.6784309505
0.68159298
0.7031662100000001
0.8003550985
0.697941555
0.690803288
0.790102185
0.67510003
0.12985975500000002
0.09470777750000002
0.08727080770000001
0.10890625050000001
0.19440717700000001
0.7414141365
0.755980092
0.75497488
0.751183448
0.7772571550000001
0.866740977
0.8744075955
0.806543307
0.7688936225000002
0.7478350775
0.7431205919999999
0.26029774
0.09916697649999999
0.07339962300000001
0.075723123
0.07805994420000001
0.0929943045
0.1079904988
0.156959851
0.786951097
0.46675647150000005
0.37797663200000003
0.71542997
0.8717860840000001
0.902703938
0.90461272
0.8824209945
0.6049341089999999
0.46467102150000006
0.7999006700000001
0.169265225
0.1124413618
0.11021440280000003
0.14734942
0.12133393070000001
0.10733982699999998
0.09979761950000002
0.10556621900000002
0.10217236049999999
0.10465953080000001
0.1537432975
0.674397737
0.14044943699999998
0.09616901850000001
0.0898191421
0.09189653635
0.09196664100000002
0.12005857060000001
0.66121117
0.1686685895
0.11975048449999999
0.14419481650000002
0.204904095
0.1510811436
0.6539467700000001
0.6266484665000001
0.11106238770000001
0.09450453945000001
0.14406414600000003
0.23065861150000003
0.8433219585000001
0.716576248
0.6527735560000001
0.6351597550000001
0.6367311465
0.65220479
0.19536185150000002
0.15879877900000003
0.11424315560000002
0.13906396000000001
0.8646355020000001
0.9046056755000002
0.887442889
0.7160783650000001
0.670054553
0.07338108575
0.04986791300000001
0.0500757523
0.0596933315
0.094522644
0.3122608845
0.9164796
0.9317183715000001
0.8827397195000001
0.8944946265
0.125376117
0.0759036995
0.0921654765
0.6347080575
0.184693621
0.675592206
0.10533887920000001
0.0896609327
0.19184526500000001
0.8743303600000001
0.9289592380000001
0.916387661
0.9020654235
0.908889061
0.15514592700000002
0.0836037015
0.11831627050000001
0.81905843
0.09120001000000001
0.05543741500000001
0.05481861485
0.08431932959999999
0.857419608
0.9290642720000001
0.927471732
0.2412861425
0.21201687200000002
0.06658255660000001
0.0557093221
0.058827589
0.06248611850000001
0.0712865028
0.0772550513
0.07711192920000001
0.0870000805
0.21831521
0.7029115399999999
0.1168182735
0.08825617100000001
0.09590882865
0.179444296
0.825244332
0.7504706705
0.73406332
0.7401196915000001
0.7465967210000001
0.8029140800000001
0.3060440085000001
0.282750947
0.7499209699999999
0.18651585199999998
0.1521694275
0.15343991125000003
0.21153780049999998
0.77631968
0.765118546
0.8728263254999999
0.8860842875000001
0.8559095595000001
0.8452199365
0.850404863
0.8022481685000001
0.8049537075000001
0.6792221390000001
0.405766208
0.6311061490000001
0.8543875360000001
0.8461590664999998
0.2358767545
0.167002624
0.18805377000000004
0.6671231550000001
0.7259196595000001
0.8337569885
0.689459738
0.239748922
0.491115206
0.17058086150000004
0.17968272299999996
0.501643499
0.5774639065
0.3702851825
0.44509319050000007
0.762086143
0.39455611150000003
0.284870943
0.36570631750000004
0.8315542570000001
0.8679484355000001
0.818652805
0.8666712455000001
0.8414953199999999
0.6755074335000002
0.21974977450000002
0.22202841850000005
0.35390543500000005
0.7264557000000001
0.22365757350000004
0.1957480065
0.46362567400000004
0.25553515500000007
0.40797374350000004
0.859340548
0.8776288320000001
0.40454187550000004
0.12322420579999999
0.0925293065
0.147023377
0.07487700900000001
0.06287771
0.061837115850000006
0.07751147250000001
0.19168380100000001
0.7723762650000001
0.7181270535
0.7235594449999999
0.6854951815
0.09733479720000002
0.0701367645
0.09277301780000001
0.20923974150000002
0.8986267875
0.9255357015000001
0.9253041435000001
0.9043794690000001
0.8969976700000001
0.9103551759999999
0.8999734349999999
0.8637490385
0.83893689
0.8505512774999999
0.8967692515000001
0.883859145
0.8820765115000001
0.899127251
0.8118532360000001
0.07409896450000002
0.05051614345000001
0.05093459800000001
0.057416199650000006
0.08261298399999999
0.092611411
0.1602855505
0.8292249755000001
0.22806451100000003
0.12565306980000002
0.13938378050000003
0.1058393913
0.10934533450000002
0.19479294300000002
0.6599893250000001
0.6470396100000001
0.4303901985
0.3152657925
0.7582813965
0.25461972550000006
0.24179589399999998
0.6237191325000001
0.5981792804999999
0.592345525
0.18136976100000002
0.1536898845
0.1787585185
0.349652666
0.6925699925000001
0.7137190425
0.7478202325000001
0.855083143
0.8627955060000001
0.8173130274999999
0.8728296025000001
0.8686787920000001
0.8096743685
0.7771099295
0.7532999355000001
0.7455931445000001
0.7417181290000001
0.705367286
0.700766493
0.6977286939999999
0.14286339250000002
0.10494738900000002
0.1007849413
0.1191283135
0.158861578
0.29810842000000004
0.30375388699999994
0.194266653
0.20291266
0.18044540400000003
0.22608455800000005
0.26134156150000004
0.7395370385
0.515766481
0.7895573240000001
0.775735775
0.38328323300000006
0.39762402750000003
0.779866958
0.7973427305
0.3879495385
0.277582235
0.3780515565
0.59284236
0.2189623925
0.2633315335
0.139706151
0.12109810450000001
0.1394410935
0.23977246900000004
0.7877225375000001
0.1765288825
0.10704410245000001
0.0942720472
0.1098852395
0.2360417425
0.24704755750000001
0.10741469000000001
0.08462839650000001
0.0907264619
0.1183037095
0.115849722
0.08288625200000001
0.0766861915
0.0895884378
0.1386666482
0.8288010029999999
0.7269171605
0.7032189515000001
0.6832909500000001
0.18535167200000002
0.11995858770000001
0.14633150700000003
0.8355201785
0.7531137505
0.7355413090000001
0.0828570895
0.05455505335
0.052618650100000004
0.061869204
0.09954860885000001
0.8264422675
0.8457503030000002
0.9011084310000002
0.09674965925
0.055219735250000006
0.051827899800000014
0.061498835550000006
0.05115716765
0.051130594300000005
0.0652363136
0.1802527905
0.90961736
0.9160678730000001
0.9268000425000001
0.889284987
0.8885974925000001
0.879417659
0.8714074495
0.14312824650000003
0.06491948505
0.06400748195000001
0.11361895270000001
0.8162067325
0.16870822300000002
0.128973397
0.665307017
0.140937205
0.17790589450000002
0.9030860695
0.9391131749999999
0.9336431430000001
0.8352357480000001
0.07034787715
0.04963291985
0.0476503553
0.059240478799999996
0.10693526390000002
0.819070027
0.1273311702
0.10357056570000002
0.26194449599999997
0.8079444400000001
0.7923278125000001
0.766585096
0.743123875
0.0930261268
0.06261434780000001
0.06471030065000001
0.085707898
0.22920404700000002
0.215039929
0.1088004025
0.1132553585
0.1787315221
0.660709038
0.636293755
0.664227974
0.6757459295
0.6909437015000001
0.7076049150000001
0.7973015280000001
0.2757914000000001
0.1758701075
0.11164376545000002
0.1219080822
0.12202113849999999
0.175603458
0.8268750505
0.8453201080000001
0.722396106
0.381590839
0.267509906
0.10603438700000001
0.09111990219999999
0.06439394300000001
0.06061729625
0.0711103987
0.08823857419999999
0.7742510950000001
0.7929026175000001
0.807394575
0.8632852870000001
0.906309851
0.897032947
0.9204594300000001
0.9139265930000001
0.8695973020000001
0.825782075
0.762225034
0.125741832
0.1588217545
0.08974908670000001
0.0953572315
0.2202049915
0.6310796665000001
0.1927599995
0.24216733950000002
0.3320655605
0.7704766300000001
0.6303084025000001
0.6296693560000001
0.6596337345
0.7071521170000001
0.7543932300000001
0.8318196325
0.7133336725000001
0.14334776000000002
0.126882556
0.09296513945
0.10787570799999999
0.75025527
0.745817805
0.7764390030000001
0.8497420014999999
0.13792821900000002
0.11000674
0.220830096
0.1318282715
0.20470207950000002
0.10162629450000002
0.0852286775
0.11315972049999999
0.18342375750000003
0.25959070300000003
0.6754901030000001
0.31477262400000006
0.2526260755
0.39336301500000004
0.6205183600000002
0.567141358
0.2117006045
0.22710645150000003
0.6797357455000002
0.8078903850000001
0.6885411730000001
0.13840645000000001
0.10569527249999999
0.10812086850000001
0.11089931150000001
0.17324729500000002
0.21211148400000002
0.35042221500000004
0.5934035895
0.1637318795
0.15230143000000004
0.161530268
0.2470450985
0.8301330085
0.85421164
0.758664156
0.7246965974999999
0.8094631170000001
0.7475219950000002
0.7985490195000001
0.65791847
0.20247899000000003
0.199664356
0.5428899304999999
0.2662328955
0.5650408570000001
0.8946144600000001
0.9212961120000002
0.92305316
0.9158236040000001
0.8966627380000001
0.9111863745000001
0.910117373
0.8961728299999999
0.855595265
0.8180559945
0.789809835
0.7720278690000002
0.20149427300000006
0.10639524730000001
0.08201548630000001
0.07761793199999999
0.082330044
0.08778445390000002
0.1028551395
0.141032707
0.23449855900000002
0.33142361549999994
0.7880303970000001
0.1812897
0.12607825
0.1211234243
0.16217777600000002
0.22664718550000001
0.7859636895
0.89436264
0.8861731800000001
0.7451375820000001
0.7060192750000001
0.7193668595
0.40471757
0.28756741350000004
0.12335145400000001
0.09415344180000002
0.0851271792
0.08589727400000001
0.09196056850000002
0.12146247600000001
0.1581958935
0.35750530900000005
0.675358397
0.7585624599999999
0.6079737000000001
0.1909379005
0.1752049105
0.24557249150000002
0.1423078915
0.1253308828
0.129393606
0.188514601
0.6860625725
0.8091584850000001
0.1937520715
0.138230618
0.09173818850000001
0.07228104050000002
0.0701921407
0.11706873470000001
0.6823680004999999
0.3242379815
0.7195398250000001
0.22509701650000002
0.12299954370000002
0.12091545299999999
0.702821125
0.1532960735
0.063730858
0.0509635825
0.05426079660000001
0.08052177475000001
0.8425025895
0.9263748249999999
0.9268776465
0.9403150834999999
0.881814855
0.779689011
0.0650953995
0.046935419500000006
0.048313769900000005
0.05808841035
0.10729713290000001
0.6678641785
0.1476439605
0.189235918
0.18495462299999998
0.617518353
0.17252483300000002
0.128244513
0.1325174635
0.6488660095000001
0.6985670505
0.827035905
0.7395713445000001
0.727015662
0.8289408515000001
0.6748803145
0.17892708100000002
0.16724641050000003
0.525044667
0.5959608280000002
0.600939417
0.6047237510000001
0.5797518365000001
0.597095207
0.6296932104999999
0.6484196275000002
0.6870882
0.18386284600000002
0.07915924870000002
0.0579782542
0.0555841862
0.0627337553
0.1189157445
0.8687169415
0.8265317780000001
0.786839021
0.8193043495
0.85298483
0.285719251
0.731885937
0.7644790535
0.7458286800000001
0.076635461
0.04941313215
0.04700232565
0.06085197795
0.17860458699999998
0.92080219
0.9466377300000002
0.9518520130000001
0.9429069020000002
0.87632075
0.06686917565000002
0.04520215985000001
0.04620879345
0.055351403800000004
0.0941879775
0.8376853465
0.8543359710000001
0.820614103
0.0862051076
0.05597032025
0.0570965895
0.06189779030000001
0.06855034
0.07571626720000002
0.08823248750000001
0.07963979730000001
0.07472509670000001
0.07132958589999999
0.0709946725
0.0798951146
0.11298907130000001
0.7364873075
0.7195266595
0.2089401385
0.11276611195
0.08322141
0.09010961525000001
0.11416406250000001
0.10770661555000001
0.13444517450000001
0.6847147425000001
0.798476272
0.258314161
0.18106814450000003
0.11235787524999999
0.10188707570000001
0.12935838424999999
0.7725440085000003
0.8712534040000001
0.7350556620000002
0.12463408950000002
0.10250860650000002
0.1203007955
0.255176108
0.44179011650000005
0.817832834
0.7229286275000001
0.775843697
0.2067915555
0.18125496250000003
0.259576193
0.75772958
0.2381920525
0.251552742
0.832188825
0.8195783529999999
0.792100942
0.7941598000000001
0.8640292885
0.7834227569999999
0.6798842700000001
0.13505841200000004
0.128707487
0.2099168925
0.173251712
0.25286457100000004
0.8365318880000002
0.8516744390000001
0.718417148
0.6767190815
0.721958447
0.853348465
0.8828716320000001
0.8623128035
0.8555598020000001
0.86656826
0.7640198500000001
0.26066233
0.1466331102
0.11666119770000001
0.10751263150000001
0.122104131
0.1582599405
0.25597789000000004
0.1577931155
0.16991530300000002
0.261722464
0.14917323500000002
0.1485752985
0.2327442105
0.1391907545
0.1299423417
0.1587572955
0.7306649200000002
0.8734688225000001
0.892943197
0.8479453020000001
0.8758622445
0.8488005350000001
0.7222274450000001
0.675620265
0.6475381695000001
0.60187145
0.5390709555000001
0.19184516750000002
0.19438735699999998
0.31976929499999995
0.37815996649999994
0.6186496035
0.6096864500000001
0.5735789545000001
0.553715272
0.583391039
0.22813144500000002
0.19629098250000002
0.1550679885
0.18574059900000003
0.745062855
0.1727809305
0.11154132150000001
0.09015500330000001
0.0857958005
0.1071068576
0.09174777510000001
0.11573982175
0.705347216
0.7414687040000001
0.8602033905000002
0.717061476
0.20502846400000002
0.23350199750000003
0.8091238770000001
0.313437579
0.1307248742
0.11683525250000001
0.10242197550000001
0.0981295075
0.098559319
0.0997173495
0.12055161
0.10758420800000001
0.094227665
0.0963176242
0.16756446449999998
0.6959398214999999
0.11452489730000001
0.068779382
0.06247582370000001
0.06677610655
0.0866097885
0.19341872100000004
0.8914484515000001
0.8825618825
0.19160032100000002
0.18349475000000004
0.8595314750000002
0.8782518680000001
0.9254775515
0.928546622
0.905640231
0.744000714
0.16529175599999998
0.2566698765
0.8917421170000001
0.9212994375
0.894504605
0.16095804049999998
0.156108187
0.7980997080000001
0.0999163195
0.07260003649999999
0.07135081204999999
0.09833730200000002
0.6362129295
0.1377621145
0.11971633820000001
0.15617885100000006
0.7514911755000001
0.216155708
0.25160075000000004
0.164247216
0.1770621775
0.6983380925
0.22896062200000003
0.21079775600000003
0.31221578400000005
0.29293032500000005
0.14620620169999998
0.11899587650000003
0.1338789615
0.25691040400000004
0.2018842145
0.18253206349999998
0.571556866
0.5790773415000001
0.6091334490000001
0.7406041030000001
0.17353793150000002
0.116384048
0.11428160350000001
0.11846516350000001
0.15845131799999998
0.18372599849999996
0.7369430285
0.568436688
0.5100732525
0.535231617
0.5147957330000001
0.5626211955
0.704537967
0.2517716585
0.299274918
0.22819809100000002
0.19294754800000002
0.288832128
0.26583405000000004
0.607565226
0.163904803
0.14215574150000002
0.10216561300000002
0.1016081225
0.12098054849999999
0.18531745600000002
0.30783606900000005
0.27697317600000004
0.8097921950000001
0.7013048865000001
0.7788339875000001
0.17792916849999998
0.12768410950000003
0.1297221755
0.182076535
0.7907750904999999
0.6977212500000001
0.6503206970000001
0.6350672660000001
0.5968625045000001
0.24870166200000002
0.252484625
0.7343600375
0.6321606435
0.678564757
0.855186442
0.863824173
0.7566303520000001
0.7902850100000002
0.6394786539999999
0.586044455
0.5900989740000001
0.6074198715000001
0.6621620765000001
0.7727297535000002
0.7187299215
0.7363760525
0.7861049065000001
0.836123116
0.887961746
0.870710668
0.7179537380000001
0.19402502750000003
0.19146623399999999
0.578551074
0.612552414
0.6141331105000001
0.1648949065
0.1256149615
0.11820988345
0.15049780149999997
0.5312448390000001
0.5239564725
0.19977715899999998
0.186468544
0.22920223850000002
0.25598726600000005
0.7419500475
0.6652552064999999
0.37027294850000003
0.3839321325
0.22315810600000002
0.142053282
0.1253679985
0.17936807850000003
0.125015253
0.15141575450000003
0.329849325
0.8243659635
0.7294502395000001
0.8117223880000001
0.654432498
0.6472701220000001
0.7825097735000001
0.196471632
0.11474488000000001
0.11962588399999999
0.1575856975
0.213904682
0.6344510445
0.6292177985
0.16013868850000001
0.10749083899999999
0.09306207
0.1068718225
0.138531387
0.13754976300000002
0.18921242900000002
0.776757772
0.674815775
0.6578990640000001
0.7452305750000001
0.28357062000000005
0.576341772
0.15724301400000001
0.14270388
0.11426104150000001
0.132603831
0.11291615850000002
0.1190389335
0.1693345815
0.7922993629999999
0.674062545
0.205173717
0.1213923365
0.1025567305
0.08206802250000002
0.08458376000000001
0.13303016650000002
0.7810796865000001
0.272940089
0.5108401265
0.8879514370000001
0.8884949874999999
0.674383461
0.10114226100000001
0.08537337800000001
0.12330119580000001
0.8055755830000001
0.7282005610000001
0.7561805155
0.8492714109999999
0.752695991
0.7528855385000001
0.8470295775000001
0.6851158900000001
0.093925164
0.07874311750000001
0.10190035000000001
0.6315538089999999
0.23201937600000005
0.202239104
0.7100688920000001
0.8240268925
0.20289682950000001
0.1024764507
0.08135459845
0.08511590055000001
0.115344787
0.24230170700000003
0.6394345009999999
0.211357379
0.24182292449999998
0.147776909
0.1665550965
0.188485012
0.6070456900000001
0.25155999800000006
0.1834600585
0.145026275
0.22179977450000002
0.20279717749999998
0.6346856810000001
0.22392156500000002
0.10955905300000002
0.092779546
0.11211915520000001
0.7210431365000002
0.740172187
0.83608977
0.699737636
0.6293691875
0.5868641825
0.14032475
0.1302710595
0.24430143050000003
0.75515367
0.7625204029999999
0.7343451165
0.704690785
0.6798719464999999
0.663878948
0.6537424655
0.722708
0.8380524960000001
0.728171439
0.6733925970000001
0.6795158300000002
0.10852860900000001
0.0666952331
0.06177173385
0.0813691988
0.298172673
0.8926963550000002
0.878794254
0.861342329
0.8790024430000001
0.844935506
0.81168914
0.7852894510000001
0.7995615405000001
0.8161949470000001
0.8400976785000002
0.8824793925000001
0.163571282
0.0768510825
0.0619614036
0.07034417725
0.133398169
0.8292245460000001
0.7444532000000001
0.6955182360000001
0.2352577905
0.16463483450000002
0.21134257050000002
0.8180942795
0.7998091430000001
0.8602812500000001
0.762656223
0.7199857475
0.694622421
0.1350182575
0.10508297350000001
0.10576003400000002
0.16317927300000004
0.6399950430000001
0.3769086930000001
0.3920394550000001
0.7742388354999999
0.2698662995000001
0.3526263845
0.281664528
0.6346293665000001
0.263531131
0.1394966075
0.1199329875
0.17267781050000003
0.180533971
0.6468733400000001
0.646143772
0.172775751
0.13324646820000002
0.1585360175
0.3411801755
0.1497520148
0.115703757
0.09534136900000001
0.10090566620000001
0.1281798415
0.1546231785
0.3927324615000001
0.13352378850000002
0.11371601900000002
0.09969332900000001
0.120324605
0.1941062685
0.11099277000000002
0.12102070780000002
0.11432422965
0.2478347925
0.18851791500000004
0.82908654
0.8960744065000001
0.792633165
0.7230858635
0.11632437305000001
0.1066176248
0.0769702344
0.08498259319999998
0.11167008070000001
0.26719242150000005
0.819921527
0.734804294
0.698480812
0.6573789895
0.6355946790000001
0.6252227284999999
0.2789741275
0.39168640099999996
0.359706703
0.48841201500000003
0.665801258
0.6606192865
0.155911442
0.114651496
0.09672232500000001
0.1028142872
0.1323334305
0.21282763849999997
0.339958599
0.15296027580000002
0.132330788
0.15145450450000003
0.2692702545
0.189838295
0.31558755
0.23807073850000002
0.21151044450000003
0.30593823000000003
0.251560189
0.233073027
0.19164252750000002
0.25312391850000004
0.1502202765
0.1338542675
0.13219603600000002
0.14820926425
0.49079824200000005
0.5535327375
0.2597355735
0.288533129
0.730536685
0.25656948300000004
0.22473317950000005
0.30379062600000006
0.149343569
0.1170222
0.10330914149999999
0.11298454250000001
0.1515394815
0.15344169480000003
0.21072078200000002
0.8222310260000001
0.7874104514999999
0.8650990305000001
0.8363761599999999
0.6730776665
0.6437714905
0.6577663825
0.7830585505000001
0.7864936140000001
0.5579233065
0.15381896550000002
0.1401847645
0.108543163
0.11857207700000001
0.13920244
0.14058523150000002
0.234956162
0.180968453
0.589702913
0.628097511
0.784987725
0.673217522
0.35829926650000005
0.1719559535
0.15697056350000002
0.11084114580000003
0.1009759417
0.113393558
0.158368397
0.20986533750000005
0.6169770550000001
0.1885959285
0.19256667300000002
0.22769519800000002
0.11620161400000001
0.107278123
0.1163006615
0.11596584000000001
0.11094651550000001
0.170993025
0.154433972
0.18471972350000002
0.7571405370000001
0.8880026200000001
0.890886265
0.7244793755000001
0.16892883
0.09379405050000002
0.0869740155
0.09680796009999999
0.609178703
0.6323608095000001
0.234105231
0.21836619400000004
0.15345706050000002
0.16528187600000005
0.6515065
0.09591401460000001
0.07725849350000001
0.09204999350000001
0.16451789250000004
0.8576928015000002
0.22234554550000002
0.07836938400000001
0.0622812798
0.0640373208
0.06799755365
0.0862526697
0.07799030915
0.10468811619999999
0.727845867
0.1046589067
0.07373213645
0.09311700490000001
0.8421546400000001
0.9053461170000001
0.939444344
0.9197193715
0.1054742656
0.08074314369999999
0.1596278085
0.8258593220000001
0.09979442555
0.0693740083
0.08986159340000001
0.7092112555
0.701092487
0.7632371900000001
0.9045925020000001
0.9069270730000001
0.771109653
0.15420973799999999
0.09852144725
0.136020069
0.8473490400000001
0.9118519270000001
0.9387506345000001
0.9278827600000001
0.2829745125
0.0904651625
0.1239880755
0.716460061
0.08237994535
0.05514289825000001
0.059628386299999996
0.0764332397
0.19389335200000002
0.8491424350000001
0.1204099928
0.08057542645
0.1193471429
0.08667292840000002
0.1160734735
0.08973311455
0.1209057033
0.1757405745
0.723706961
0.8498632820000002
0.8461088315
0.13807144200000002
0.10081370975000001
0.1084772611
0.13771311675
0.6762930795
0.0865351725
0.055183100500000005
0.05227332525000001
0.0617832857
0.086107113
0.8482313905000001
0.8874164200000001
0.939884109
0.916267212
0.9094485435000002
0.0794793323
0.053662720350000005
0.048925391400000004
0.054879639099999995
0.07788775220000001
0.618776637
0.14211120500000002
0.189688238
0.18836446
0.2330646895
0.8513616095000001
0.8827727900000001
0.8591740210000001
0.694567947
0.6328449529999999
0.17496417675000003
0.1064836168
0.08490116715000001
0.08448137245000001
0.1104455915
0.229741537
0.7479841185
0.8934206950000001
0.9125530435
0.8914312310000001
0.7683936655
0.8314977275000001
0.11340495175000001
0.06534641000000001
0.05368014385
0.058551814699999996
0.07292188965
0.1237000546
0.778277933
0.8741959780000002
0.136974871
0.06744133275
0.0538341563
0.0574255032
0.08985090130000001
0.782639149
0.784762019
0.7783092020000002
0.825738576
0.858661221
0.8850250765
0.925300016
0.9312708845000001
0.924671347
0.8793007915000001
0.8952558945
0.1401133025
0.05546075250000001
0.0485851877
0.05645888445
0.10181752705000001
0.894488026
0.8941328949999999
0.9106068830000001
0.9097047890000001
0.9105701924999999
0.1063978605
0.093504946
0.0562360047
0.05850471035
0.09139057675000001
0.7773088340000001
0.7765280275000002
0.772029195
0.7586029950000001
0.755465139
0.7692463140000001
0.1255312815
0.06918837750000001
0.060034028850000004
0.08219873480000002
0.23463703149999998
0.851201909
0.8968323125000001
0.278301171
0.0884337035
0.0714309819
0.08445133760000001
0.14564387300000003
0.2636656485
0.8420280505000001
0.7526480240000001
0.743059495
0.7718072160000001
0.88138222
0.8764522724999999
0.7540049745000001
0.16269015600000006
0.09040436099999999
0.0825086175
0.07843328105
0.0829646402
0.1466671605
0.6871443970000001
0.6532401639999998
0.23937636700000003
0.330684584
0.19510512950000003
0.144997324
0.14840820749999997
0.131310294
0.14857474250000002
0.646761168
0.664704575
0.5324772135
0.48975481899999995
0.261523293
0.605050849
0.15467524300000002
0.1490668925
0.262538953
0.152093141
0.15861254049999998
0.128794345
0.167090607
0.1784901345
0.268058962
0.212042054
0.20778749350000003
0.321265301
0.3416804665
0.7089696025
0.7831790335000002
0.6914048975
0.6661221965
0.7308350765
0.8753978459999999
0.9117709660000001
0.9036011420000001
0.4416718315
0.089683974
0.059991952600000016
0.05115140285
0.0580385983
0.07541168849999999
0.19168635900000003
0.846565195
0.8330845020000001
0.8272152415000001
0.09799310680000001
0.059508677200000006
0.061336373150000005
0.069101021
0.07218859500000001
0.08196137149999999
0.08995990450000002
0.10360839749999999
0.16065892700000003
0.7222482825000001
0.102947462
0.06389566065
0.05978761275000001
0.0575500909
0.0770888217
0.06877209875000001
0.09485513769999998
0.21447007650000005
0.914880928
0.9263070395
0.9360247685000002
0.9066978485
0.8815087215000001
0.13860105550000001
0.056478967850000006
0.04831141075
0.055423440600000005
0.0640825454
0.0647330485
0.0778726675
0.10263303800000001
0.66149551
0.15359197450000003
0.1498678265
0.6812131360000001
0.6666301905
0.6594722675000001
0.176524608
0.18149301950000002
0.258693286
0.16254924780000002
0.1722869585
0.6300422800000001
0.132676033
0.13351398800000003
0.137561961
0.14725082100000003
0.1726308825
0.6390579070000001
0.15608202200000001
0.1032742395
0.1331207928
0.14338974100000001
0.158403273
0.1412844645
0.12279490700000001
0.1181531385
0.1836497955
0.20017133800000003
0.178867356
0.29816793950000003
0.7033919070000001
0.8096609545
0.7065692485
0.700231509
0.170824509
0.1148954265
0.12681527150000002
0.1470914595
0.1267267395
0.1151254285
0.14505909950000004
0.12373732350000002
0.12361162350000002
0.18097244850000002
0.2016741945
0.7290508405
0.83056539
0.803905723
0.8889929185000001
0.9091057235000001
0.9054304340000001
0.8747805650000001
0.7261400750000001
0.1053345888
0.077098323
0.07464108800000001
0.096452809
0.669790225
0.24973122599999997
0.29825918400000007
0.820356505
0.8635243925
0.8787013335000001
0.9038469785000002
0.6328857480000001
0.557326927
0.8440406269999999
0.1137427227
0.07050924189999999
0.05927758050000001
0.06223316720000001
0.08508295725
0.12336735750000001
0.430737619
0.8981716685000001
0.9088523920000001
0.8500516915000002
0.7785912485
0.7051989435
0.6324318149999999
0.6167567660000001
0.6220306659999999
0.2218156735
0.178321414
0.21638350050000005
0.791883731
0.37976258700000004
0.17587252400000003
0.16554735399999998
0.12400546450000001
0.11610710450000002
0.15291378149999998
0.1279603825
0.10987687930000001
0.11585113799999999
0.11499765470000001
0.1641714685
0.264105052
0.20263898400000002
0.332666725
0.24032688500000005
0.2791424925
0.36506716349999996
0.348979661
0.23677291650000004
0.259115381
0.7118671520000002
0.6023792459999999
0.5665320155
0.51222846
0.1906115685
0.16676218
0.14549804149999998
0.12403298900000001
0.099337019
0.1212448914
0.15627005700000002
0.85292037
0.7778135865
0.7472009565
0.695893888
0.08773928170000002
0.0714750493
0.0786619685
0.16829737200000003
0.23586584800000004
0.3014581075
0.36883554700000004
0.7755635050000002
0.612048222
0.3129879575
0.201230922
0.14154846000000001
0.152601772
0.14653863150000002
0.18939835200000002
0.7429356870000001
0.37551163800000004
0.7879580900000002
0.2869552415
0.18753180300000002
0.11497425470000001
0.092750036
0.08765637
0.1219652178
0.66066629
0.66698808
0.11982555350000001
0.0850241735
0.08917246725000003
0.0681170621
0.06758918185
0.09204540805000001
0.7979864250000002
0.9089672655
0.9178040430000001
0.804424129
0.7446067600000001
0.10844448415
0.0991315723
0.1019083233
0.12709626575
0.09129521719999999
0.11204556125
0.6957925285000001
0.8009687115
0.13535702800000002
0.09677201800000002
0.079248393
0.0898662506
0.11883437700000002
0.13016136150000002
0.278090538
0.22426737100000002
0.795714787
0.6763610815000001
0.1227472069
0.085891641
0.08356152909999999
0.1253257972
0.21531561225
0.2175360565
0.1333946573
0.08194206540000001
0.07445169815000002
0.0963742445
0.09511918380000002
0.17269065875
0.2105166045
0.216277916
0.7550598720000001
0.787446606
0.8989080650000001
0.9002981240000001
0.8632900530000001
0.117436585
0.08755515815000002
0.0586423444
0.053810572699999996
0.05933722905
0.08999140410000002
0.765669157
0.864072705
0.7786559185
0.766115842
0.7733986565
0.8653301350000001
0.714327721
0.1234713795
0.08190744999999999
0.09164128240000001
0.6890366800000001
0.720172665
0.7674284920000001
0.8977250590000001
0.7817388445
0.08693414950000002
0.07273297540000001
0.053096486350000006
0.0541410691
0.0628288182
0.1151576598
0.8373519724999999
0.1662677315
0.1136361825
0.253214917
0.7733153225000001
0.268162552
0.8121087650000001
0.8194853735
0.8087718625000001
0.8656290520000001
0.9186984395000002
0.9000535970000001
0.29767697400000004
0.7932496755
0.14527782849999998
0.10750399869999999
0.234156952
0.7979606450000001
0.09505537805000001
0.06457380945
0.061991666
0.0671283076
0.07557704615000002
0.07816408949999999
0.07526829369999999
0.0793652649
0.12462099010000002
0.07589876925
0.0685728228
0.06522915575
0.07879834245
0.14474675750000002
0.1338873862
0.17923173475
0.12154394030000001
0.11121379375
0.09905261400000001
0.21564910430000003
0.7308253915000001
0.3293450105
0.8773642515000001
0.8645808370000001
0.12741611340000003
0.11051246065000002
0.1397660721
0.16694366925
0.22363725450000005
0.11743355845000002
0.11422367155
0.1681173277
0.8261084335000001
0.78245723
0.886472766
0.882182907
0.7740251455000001
0.8151504705
0.1747571067
0.14444458275000002
0.19790919170000001
0.8977988015000001
0.9379788105
0.9380352960000001
0.9088753065000001
0.10679448875000001
0.06127594405
0.057964729300000004
0.0660059268
0.10190399480000001
0.14184795149999999
0.29455064200000003
0.3251965795000001
0.8081427710000001
0.30830372200000006
0.442399948
0.36255943300000004
0.20760981900000003
0.5989396979999999
0.1406401445
0.14877769400000002
0.151411279
0.178117671
0.29209393850000004
0.24937132800000003
0.6100184299999999
0.1363028185
0.1163801015
0.169989794
0.7257482640000001
0.8444320750000001
0.7533563849999999
0.8089095510000001
0.211955276
0.213142715
0.2828629055
0.840845647
0.8304740584999999
0.2002923885
0.1776134745
0.21066371800000003
0.24678500200000003
0.3184746425
0.22269851600000004
0.2857365485
0.636774639
0.7386848550000001
0.8690621980000001
0.8759432825000001
0.798364862
0.7156593815000001
0.7015613605000001
0.7628348745000001
0.815804963
0.90429129
0.9230005865
0.90054442
