0.7802365010000001
0.7685894580000001
0.7614448075000001
0.7759994889999999
0.8093074075000001
0.84512248
0.870726773
0.8957170405
0.9038105135000002
0.900555007
0.8845907150000002
0.8751373385000001
0.8330673590000002
0.7973304400000001
0.743965863
0.7037422985000001
0.6292652895000002
0.282263469
0.211280196
0.24036632550000003
0.21629267750000003
0.562831763
0.5104084905
0.15288433775000002
0.12993137600000002
0.15783726450000002
0.2421579365
0.8192566645000001
0.8144649140000002
0.21178557299999998
0.1585221115
0.16588236
0.584497355
0.6358476920000002
0.71089112
0.8784691745
0.908018785
0.9074688470000001
0.8877599400000001
0.8321777975
0.1545540855
0.09809705425
0.082111369
0.10385679900000001
0.1322451935
0.6101288284999999
0.7143350415
0.887376695
0.8921121785000001
0.8463876735000001
0.16894884450000003
0.10774920599999999
0.08313004269999999
0.09176181600000001
0.1304903435
0.12163726320000001
0.112450038
0.11437610449999999
0.13754312700000002
0.14145897300000002
0.617813336
0.5898844444999999
0.165667516
0.1461150895
0.17145668449999998
0.2327641345
0.1803930265
0.1607115295
0.5432927915
0.536481627
0.58963573
0.5840469339999999
0.20700984749999998
0.22784058000000004
0.5430344250000001
0.5285578725
0.11906915130000001
0.0967891086
0.10838301160000001
0.0956896116
0.1232192032
0.6699252320000001
0.7036203065000001
0.84395808
0.4428459410000001
0.3447027645000001
0.24632779800000001
0.10737669050000001
0.08748090840000002
0.1158115975
0.6696290755000001
0.141739051
0.09686708975000001
0.12716676280000003
0.7023413965
0.0943338718
0.06499058584999999
0.060702926850000005
0.0557314136
0.053903245700000005
0.05848124075000001
0.0627508999
0.1487148895
0.15604638899999998
0.918651868
0.9434849870000002
0.9356558880000001
0.8049068475000001
0.058775049200000005
0.04275843675
0.04042596332500001
0.0560354429
0.0548529796
0.11669588385000002
0.19246320050000001
0.8878979440000001
0.9089014365
0.925583601
0.9164697150000002
0.8987338245000001
0.8691622230000001
0.08527513000000002
0.0576132625
0.0496459337
0.055346439899999995
0.06084627250000001
0.06928130440000002
0.10682606050000001
0.742042836
0.09851129300000001
0.06724637430000001
0.0644961157
0.07136927765000001
0.11234364285
0.7764261375000001
0.18117463399999997
0.21522888725
0.07569791675000001
0.068894389
0.07613529365
0.0685103893
0.06838299525000001
0.0666763661
0.0693096361
0.07510007825000001
0.09769353500000001
0.121453906
0.11624083230000001
0.08355353400000001
0.09495888999999999
0.1352517725
0.09571621000000001
0.1122809308
0.639233977
0.5992719925
0.174853421
0.18626591
0.6630908320000001
0.68806438
0.784285525
0.21942210250000002
0.24335740399999997
0.16365892425
0.11643852725
0.11142110800000002
0.14617536599999997
0.607463576
0.177911951
0.175386285
0.1376031225
0.17254140400000004
0.23932228050000004
0.1155925525
0.09516377375
0.09738445370000001
0.13295384800000004
0.1421513373
0.6955226645
0.17275164669999998
0.09633308889999999
0.10119376275000003
0.0704441118
0.0641504969
0.0675169656
0.0895989195
0.22954844200000002
0.3778791005
0.873248755
0.16622999200000002
0.08262845385
0.0553856311
0.052250269700000004
0.05453670950000001
0.06740568500000002
0.13883981650000005
0.8530977790000001
0.874115
0.90561785
0.8508574955000001
0.8012738905000001
0.20330715500000002
0.17032215100000003
0.6769007870000001
0.23892960300000002
0.8042963005
0.8734684269999999
0.9189397635000001
0.9244060605
0.9110762170000001
0.8552778835
0.843958787
0.8392191725000001
0.2352706305
0.683573909
0.183059346
0.30094406000000007
0.8697234899999999
0.9115939800000001
0.92759033
0.8889019195000001
0.15930201800000002
0.06037955490000001
0.0490220635
0.05155039205000001
0.0679876095
0.15340543790000002
0.2865794775
0.8622869665
0.20899110099999998
0.1365545375
0.093961975
0.1172417602
0.6939600640000001
0.6851037350000001
0.669368842
0.1712870429
0.1780264315
0.16308505700000003
0.7438677770000001
0.787218257
0.882986055
0.802526382
0.7470857504999999
0.7091484175
0.1354994425
0.1130084584
0.1359929995
0.7835656965000002
0.9047927865
0.9158901240000001
0.8821390950000001
0.18354005900000003
0.1971969405
0.2500110225
0.18851300000000004
0.436444445
0.8379281310000002
0.1353592785
0.07980257510000001
0.0641130304
0.07498671130000001
0.08796261925
0.11650053950000003
0.1165439006
0.16771646029999998
0.24955317399999996
0.21326661200000005
0.716747381
0.783229595
0.244606275
0.27156576450000003
0.15852199349999999
0.1558376935
0.22194531100000003
0.6026279930000001
0.38274432250000007
0.340089158
0.202866399
0.238986972
0.14264805419999999
0.12911650065
0.1503103859
0.674878904
0.7451255830000002
0.8723091700000001
0.8831857015000002
0.8454294205
0.19197559749999998
0.1564030673
0.5143280915
0.14186206975
0.14475260175000002
0.6522066
0.321183766
0.25878684399999996
0.1229654321
0.18089314025000003
0.12228943430000003
0.11605747599999999
0.1366800315
0.08053083300000001
0.060564812450000005
0.0643079602
0.09856577999999999
0.827901423
0.9052320130000001
0.7878405195000002
0.09083630514999999
0.0696152233
0.09660243575
0.12886836475000002
0.8352213910000001
0.13617582575
0.08637673115000001
0.1250617645
0.8337157775000001
0.26666012600000005
0.7800907050000002
0.09675667000000002
0.05676828849999999
0.05528037545
0.08483896725000001
0.8946261705
0.943221262
0.9489240995
0.9269941255
0.08436238260000001
0.0583445784
0.06785863110000001
0.17254473649999996
0.8185554400000001
0.2696509025
0.8190288235
0.09728738415
0.05572409695
0.050068725849999995
0.050265581250000003
0.053088054850000004
0.057537604150000005
0.07861670420000001
0.7770897475
0.7983238530000001
0.908245404
0.9095230430000001
0.839543923
0.860267255
0.9145527680000001
0.912620387
0.861622
0.857057723
0.903330025
0.8530387015
0.8033284240000002
0.08408233374999999
0.05642447935
0.056124009550000006
0.0697975567
0.12597109945
0.251650126
0.300275774
0.6904321455
0.1989392785
0.14208802
0.17468193050000005
0.21045730500000004
0.6292914065
0.19564979750000003
0.230711163
0.6231913055
0.1828315965
0.179337034
0.669819257
0.670251105
0.14044981499999998
0.09148817215
0.095160756
0.11672233290000002
0.1245890375
0.19413982000000002
0.319645672
0.8307566250000001
0.7514789025
0.7955346535000001
0.8907761865
0.8800464450000001
0.3881235325000001
0.1444042965
0.1052411397
0.09490111400000001
0.139436793
0.6357768815
0.6500274515000001
0.6484970509999999
0.6472414950000001
0.6450616389999999
0.6149265445000001
0.17025212650000002
0.17927247900000004
0.152020792
0.159614226
0.3188472785
0.8155008170000001
0.7157687125
0.6807796885
0.7351665905
0.8650644445000001
0.8592473325000001
0.7063630215000001
0.64837829
0.6391520395000001
0.189625832
0.15263805600000005
0.21785930750000002
0.5939641335000001
0.5537205065000002
0.1489048795
0.17247939020000003
0.19272052250000002
0.34639436100000004
0.88306905
0.920961957
0.922693145
0.8951620450000001
0.766317809
0.6597609824999999
0.2748130025
0.3193343635
0.2452156175
0.31453952100000004
0.863458101
0.9090845885
0.902081106
0.9216711045000001
0.9170933185000001
0.877627822
