0.815475172
0.840565879
0.853516995
0.893542495
0.906296349
0.8978035169999999
0.8636292539999999
0.8632503460000001
0.8890634595000001
0.9033585220000002
0.9075734849999999
0.9084908065
0.9079290565000001
0.9063330165
0.9019717755000001
0.8893894550000001
0.8616314065
0.8475724145
0.8793389230000002
0.8908172169999999
0.8657099400000001
0.6222871045
0.3877164285000001
0.3456531265
0.46325053800000005
0.249557385
0.48666668150000014
0.5384508755
0.498699499
0.4355711805
0.20395812800000002
0.22915728150000003
0.290889505
0.255730523
0.2229001815
0.27734982700000005
0.6507687280000001
0.676096483
0.692507325
0.7237521004999999
0.804777367
0.719670336
0.6841092750000001
0.7344195335000001
0.205167335
0.17461287300000003
0.25328665950000007
0.18346128499999997
0.2239494895
0.7556730965
0.6608929109999999
0.662863736
0.160336177
0.12000142150000001
0.1397101535
0.10467318900000001
0.09392247749999999
0.09989916630000001
0.14816504200000002
0.656875862
0.11549453510000002
0.08976162470000001
0.08093868500000001
0.0877719935
0.08385893
0.08942230100000001
0.090222166
0.08386982220000001
0.0786560608
0.1352949848
0.745815023
0.116949932
0.0616759838
0.057512530650000004
0.08805979645000002
0.86576242
0.91047764
0.9436552415
0.9282222785
0.0790379222
0.0465861975
0.04360219085000001
0.04858543495
0.05238142015
0.05539929975
0.07865486215
0.1571051335
0.17988272250000004
0.1347424847
0.6387538465
0.60755743
0.6013815295
0.24670078000000004
0.13469662400000001
0.13135574600000002
0.18155844950000002
0.685362335
0.728131023
0.8527555054999999
0.731065608
0.27027499650000003
0.1446292685
0.13978727600000002
0.19527818200000002
0.7333611280000002
0.22872298550000003
0.23200619500000003
0.22353173000000004
0.779821163
0.30651933750000004
0.143678514
0.12167951430000001
0.14762935850000003
0.789990795
0.69075361
0.6863640425
0.7285194975
0.8235762955000001
0.343975634
0.7920671570000001
0.1080088656
0.07066478119999998
0.07746700725
0.13334120700000002
0.8024998300000001
0.8320415900000001
0.89483853
0.7533259944999999
0.125298969
0.1262416033
0.7291427149999999
0.8482652765000003
0.108471265
0.078127409
0.112276405
0.70053751
0.0964589133
0.0796586805
0.16662642200000002
0.29033931199999996
0.9267770340000001
0.9453516665
0.9256052025000001
0.171874913
0.07877404775
0.058691422400000005
0.05210826080000001
0.052711193049999994
0.05314026915
0.0541340168
0.05691566915
0.08079181565
0.788519929
0.7951863200000001
0.8304237150000001
0.908328993
0.9056002655000001
0.24598869250000002
0.09365850450000002
0.0779909123
0.10321024700000003
0.550444055
0.21062496950000004
0.6755176830000001
0.6902511725000001
0.7016549365
0.7101235835
0.689517115
0.1273825651
0.09502221150000001
0.08965666859999999
0.1193517794
0.1255972385
0.21866630200000003
0.209371372
0.71805262
0.8014337945000001
0.7350249015000001
0.7142740170000001
0.1671342735
0.11808414740000002
0.12298848370000001
0.08697704719999999
0.0751350825
0.0690953088
0.07424822360000001
0.09071966044999999
0.0895938728
0.07719187665
0.0975593768
0.1392043597
0.7606432055000001
0.729883988
0.0909811995
0.0632462736
0.06193442550000001
0.06492965975000001
0.0660752778
0.06797948145
0.06671993590000001
0.06404688025000001
0.060035958
0.0551596357
0.050501405099999994
0.05205230485000001
0.08086326025000001
0.8700326610000001
0.9287618345000002
0.9278311350000001
0.945919591
0.938574917
0.9269749600000001
0.9134795585000002
0.07208754435
0.048864426800000006
0.05333150935
0.08921863230000002
0.81701733
0.8413823250000001
0.11868145205000001
0.05531848285
0.0477754451
0.0547119879
0.11178645260000002
0.9099597549999999
0.935796071
0.9226450900000001
0.2157062005
0.0794387615
0.08484533890000001
0.1587058385
0.8618378485
0.802736494
0.7672443965
0.760678033
0.7410241235
0.07959664155
0.05116569480000001
0.04678025285
0.051227016400000006
0.07829993375
0.857880756
0.898744991
0.9277594875
0.94217321
0.9167300255
0.08863011099999998
0.062108060500000006
0.078621579
0.5789556435000001
0.124478376
0.16237530099999997
0.891442887
0.928761184
0.9293974765
0.8759803185
0.8115101480000001
0.7729361225
0.254452562
0.19556599250000004
0.11869916850000001
0.1781236847
0.1587859287
0.10131312005000001
0.112189894
0.1697834392
0.29939941800000003
0.8440636155000001
0.807305947
0.8386077930000001
0.5048345655
0.27960745000000004
0.3188163355
0.7575187575000001
0.7021389339999999
0.7691397800000002
0.3404665285
0.23296524600000001
0.17084472000000003
0.1721142385
0.27809374400000003
0.25186372900000004
0.7922872575
0.33101367
0.290998047
0.12059252100000001
0.09933047050000002
0.1372158222
0.09470226799999999
0.10044098779999999
0.09719817000000001
0.1100925333
0.64470562
0.1310642629
0.15150544050000003
0.7055522110000001
0.18268575700000003
0.10607223985000001
0.1419759945
0.8512943700000001
0.8114306335000001
0.142080107
0.08994460489999999
0.1135862435
0.838646675
0.9044643849999999
0.9034156685000002
0.8912040355
0.8692081254999999
0.8113864815000001
0.09449771550000001
0.07823442375
0.10122758375
0.746012776
0.775698415
0.7282054415
0.1153748945
0.0876865095
0.13245246200000002
0.6183466405
0.123313198
0.12526246170000002
0.5640972175
0.16505730600000001
0.24600240750000002
0.2848135185
0.29163558050000005
0.8443464605
0.8702422665
0.8083622615
0.835390622
0.7280728049999999
0.6399516500000001
0.3371666165
0.46787016499999995
0.18150152080000004
0.1769835575
0.332307429
0.7076826515000001
0.8014793825000001
0.8866834125
0.896581517
0.8694589325000002
0.722621606
0.646341385
0.6523947700000001
0.66406047
0.6303070099999999
0.0978493508
0.08593055999999999
0.0832029532
0.07921820834999999
0.07278878350000001
0.06969172080000001
0.12505805575
0.194951732
0.8648858005000001
0.898046855
0.0938091452
0.05583900495000001
0.05513495855
0.08463546500000001
0.8706204885000001
0.939005603
0.9418569835000001
0.872579585
0.07819089030000001
0.051248127149999996
0.05279005615
0.07852118414999999
0.7815924835000001
0.9038183630000001
0.8112891280000001
0.08292575550000002
0.049416197725000006
0.0459456725
0.057833338399999996
0.09661435455000002
0.06294593495
0.05452607685000001
0.08402361370000001
0.8976107555
0.9376410265000001
0.95285314
0.937056435
0.0719173057
0.0448882672
0.050489516699999994
0.0451430423
0.043971751200000006
0.0440034081
0.048734637000000004
0.0905102105
0.9021779795000001
0.9012095990000001
0.932533767
0.913979999
0.9264168290000001
0.9130817920000001
0.162940697
0.09916952600000001
0.0699143437
0.0878054995
0.06165048235000001
0.0706086342
0.14231538525
0.1486579078
0.8436467425
0.7587297700000002
0.7947920535
0.8822972875
0.871273254
0.7360510060000001
0.7016851205000002
0.6845281320000001
0.2080771675
0.14372521200000002
0.14114174
0.655209283
0.3118661915
0.18974175100000004
0.126633599
0.1090834625
0.12455121975000001
0.1070596385
0.09656377475
0.132368494
0.1381087072
0.166893193
0.29497918600000006
0.37004310900000004
0.6676098330000001
0.773018958
0.6333324595000001
0.22417343950000002
0.2587651105
0.6032324990000001
0.2894768415000001
0.201825407
0.190438987
0.6057475834999999
0.10185577750000001
0.08446046735
0.08249198799999999
0.179610182
0.7907362330000002
0.7929795935000001
0.7829966475000002
0.0864143812
0.05797485370000001
0.06306945950000001
0.073172736
0.08361833300000002
0.11510759430000002
0.1028625423
0.8459979645000002
0.8767240420000001
0.8991654115
0.9130525509999999
0.10324260010000001
0.08288408679999999
0.1309513685
0.12954873430000002
0.099010241
0.06754651435
0.08881171575
0.7885110720000001
0.7949950125000002
0.883611105
0.14350134530000003
0.096784621
0.11863436349999999
0.09028178335
0.1608795648
0.19988024799999998
0.2356267185
0.8350611945
0.40935729300000007
0.31928401700000003
0.864530027
0.8863564140000001
0.8248842085000001
0.8447113330000001
0.7018176125000001
0.641400245
0.14036864100000002
0.10999249650000001
0.1082060155
0.24181965899999996
0.8184690969999999
0.7122492874999999
0.6739369954999999
0.1387790605
0.12406989900000001
0.10203089250000001
0.145279083
0.308926565
0.1759007165
0.168995496
0.6134148445000001
0.171323947
0.1257239955
0.15478790350000002
0.149800928
0.14967239100000002
0.596587847
0.5783324375000001
0.18940903350000002
0.24598432250000002
0.1584917415
0.1644177015
0.288601302
0.885081137
0.9154397565000002
0.894591094
0.9144614000000001
0.9010934025000001
0.8482358815000001
0.842710874
0.8945080755
0.9071100814999999
0.8928525055000002
0.8232885900000001
0.8127736170000001
0.8492225665
0.8116763865000001
0.78771061
0.7949415420000001
0.863311559
0.42455555749999996
0.1364087115
0.11847101500000001
0.14963743000000002
0.169982101
0.5997993165000002
0.15517722699999997
0.129884939
0.15091050949999998
0.221441314
0.38522724750000004
0.35744584700000004
0.8424390225000001
0.8192151795
0.4298558170000001
0.6329621105000001
0.540350663
0.5890394564999999
0.7261226920000001
0.8787448135
0.9174723215
0.921305657
0.8939623870000001
