0.8616267040000001
0.9002174150000001
0.9214504200000001
0.926928445
0.9186594980000001
0.8680412064999999
0.818281373
0.7864354735
0.737806676
0.15444788110000002
0.13704788269999998
0.09576990285
0.09066628290000002
0.12429652345000002
0.14030352325000003
0.1393347273
0.695194466
0.7003262320000001
0.7376461150000001
0.7880979250000001
0.8932518625000001
0.8959167635
0.827504062
0.8985698195000001
0.9139358500000001
0.9093138000000001
0.862731911
0.8417265060000001
0.878334108
0.7789671380000001
0.1199094716
0.08618250259999999
0.08482286544999999
0.11164016550000001
0.7572935519999999
0.8819026700000001
0.23208259450000002
0.07290852
0.06300128245
0.056357477350000004
0.0700428675
0.20982793075000003
0.8678031789999999
0.249989673
0.14456986665000005
0.09045551785
0.09316040545
0.8172630635
0.875788059
0.9186508150000001
0.941434945
0.9181507055
0.08036670374999999
0.059395337699999995
0.080402645
0.7005020255000001
0.08729095394999999
0.08344105665000001
0.06765922140000001
0.09048755315000001
0.8851647850000001
0.9167296814999999
0.923916332
0.899156838
0.08791810735
0.0816223326
0.050819770000000014
0.045736039750000006
0.04981292675
0.05996529495
0.10637261505000001
0.8548631735
0.823983061
0.10553284815000002
0.09782427500000002
0.0763595047
0.07580579485
0.06988246285000001
0.058388763749999996
0.0579009309
0.0756707802
0.06951809475000001
0.10900943855000002
0.801853529
0.727316815
0.15315373590000003
0.18015163
0.823718155
0.149307866
0.1339386482
0.690408068
0.1353096983
0.17706802549999998
0.15641693345000002
0.1006730695
0.1096827093
0.20890478275000005
0.33929632009999994
0.8918072935000001
0.9180092300000001
0.9094401049999999
0.842120752
0.8575337800000001
0.735499455
0.6555619975
0.228803283
0.241201999
0.7737146450000001
0.8978796370000001
0.8973142990000001
0.739583258
0.2073197595
0.218526577
0.754814485
0.8550620650000001
0.9168266100000001
0.9002598919999999
