0.7253516520000001
0.14379078150000002
0.0794955978
0.0689957434
0.090558645
0.18835062000000002
0.328286374
0.873264959
0.9165143615
0.8385620050000001
0.7553773265000001
0.139596418
0.11077753300000001
0.094421019
0.07108787929999999
0.0713135489
0.10245559725
0.6522544200000001
0.6714209820000001
0.6873498740000001
0.8053841745000001
0.7144639515
0.6694318900000001
0.6218599929999998
0.21292889650000002
0.137420478
0.127453116
0.17741734750000002
0.696883073
0.8416290305000002
0.7424720695
0.6839204775000001
0.13273437000000002
0.1030717726
0.1281293615
0.2561659395
0.6727878350000001
0.7693381745
0.6541956160000001
0.622744158
0.178889283
0.1406439175
0.15543119049999998
0.1523355
0.23833066
0.1700861165
0.5195476325
0.155922734
0.14383309850000003
0.18717378800000004
0.783638915
0.70922865
0.7073911625
0.7157289399999999
0.72759781
0.8201701779999999
0.6953657480000001
0.13052615630000003
0.09130659
0.08969586275000002
0.0743718515
0.07331746375000002
0.1058937355
0.7045736035
0.6812896850000001
0.7436145730000001
0.8720682965
0.8776603660000001
0.9117287520000001
0.9156716760000001
0.907297235
0.8674414899999999
0.830440116
0.8208066900000001
0.8396810090000001
0.854575771
0.8540616810000001
0.836696524
0.7808519410000001
0.10239361770000001
0.07586984525
0.08034306599999999
0.13228501609999999
0.11624102260000001
0.160542616
0.744217532
0.8690204930000001
0.8786323265000001
0.835353648
0.6366821345
0.176655483
0.14015857200000004
0.1419717342
0.426439999
0.18294941500000003
0.2022591815
0.333992479
0.386961237
0.6062324000000001
0.5974579915
0.617756924
0.6412621879999999
0.7602523535000001
0.18071628999999997
0.12015058449999999
0.109877581
0.19869439999999997
0.11973822740000001
0.117317579
0.560679815
0.14340974274999999
0.1385027745
0.6765134755
0.7086973925
0.855765128
0.7059921665000001
0.14000308900000002
0.127260406
0.6489035735
0.10744528075000001
0.081724767
0.1071067513
0.09647059050000001
0.088527586
0.11362387825
0.6003062480000001
0.157994076
0.1393387625
0.16693879550000001
0.308853975
0.6497523424999999
0.6545629495
0.6576981825
0.7605136575
0.20526301050000004
0.173192224
0.139735689
0.15295912100000003
0.28892007049999996
0.785235694
0.898641658
0.906306509
0.8642978750000001
0.68293521
0.6828284515
0.833732482
0.8377749705
0.6894009955
0.628183884
0.646885511
0.649423595
0.1445802655
0.18193150149999998
0.177321691
0.1682075935
0.15102237200000002
0.116871285
0.07959478345
0.108819653
0.762030151
0.750475724
0.09108713600000003
0.05840929485000001
0.0558494132
0.0581749019
0.06933597085000001
0.133564274
0.8591650815000001
0.22708656450000003
0.0761556342
0.0651562285
0.0907991142
0.8302201849999999
0.851493417
0.859897456
0.876159145
0.81906901
0.08108625565000001
0.0533901631
0.052637676300000005
0.07782829645
0.8176116250000001
0.858918462
0.936616278
0.9449489850000001
0.9337174019999999
0.8432004399999999
0.0679965746
0.0503277491
0.048033463549999995
0.05559609195
0.06328063805
0.09374297609999999
0.7632338035000001
0.7264089625
0.156818602
0.182383207
0.6985573020000001
0.1559793975
0.1370149535
0.139076834
0.1359206305
0.11977244800000002
0.085660938
0.0726769605
0.06698086330000001
0.07609770750000001
0.12363529825000001
0.21497530000000004
0.7997687670000001
0.7564568400000001
0.7095206070000001
0.6906242539999999
0.6997586250000001
0.18648773649999997
0.1812245605
0.1423676485
0.1143926705
0.1378095575
0.7047673385000001
0.81540715
0.7394341585
0.704468673
0.699550083
0.8012191310000001
0.7406088350000001
0.700514757
0.6536071505
0.6596622485
0.641855386
0.64641032
0.11427253250000001
0.10409107525
0.08462395670000002
0.0644505598
0.0692532945
0.1330801245
0.868526428
0.9056227790000001
0.9233527575
0.912058315
0.8884541985000001
0.8589784955
0.17783366750000001
0.10291937849999999
0.0795280129
0.11771503200000002
0.13842727500000002
0.1251533565
0.6706826615
0.63824933
0.656066061
0.18943635
0.126441254
0.132014259
0.22633396700000002
0.2179847925
0.7762200885
0.24957413
0.1443574145
0.11958194700000001
0.11779359900000001
0.13923758200000003
0.19709178800000002
0.21963671800000004
0.7246127010000001
0.2117919145
0.18026255260000001
0.23647148049999997
0.6273209365
0.6503409324999999
0.7026770030000001
0.81903492
0.7635369000000001
0.7540964070000001
0.8360522269999999
0.73406892
0.129996507
0.09374234610000001
0.09339921920000001
0.119556538
0.2003677825
0.174542563
0.5592557345000001
0.23095996950000003
0.24139149750000002
0.22331116500000003
0.3217255275
0.708187779
0.827533835
0.8209500539999999
0.339919123
0.21354711900000004
0.124906934
0.10186060130000002
0.11804759799999999
0.12298166980000003
0.22294020300000003
0.625612456
0.2962165995
0.317624421
0.7241900680000001
0.843434011
0.2050535185
0.113745297
0.070723863
0.06839339154999999
0.06043369515000001
0.0609524874
0.0734967277
0.10338165440000001
0.082403855
0.1575574615
0.7976291660000001
0.8818546790000001
0.285375283
0.1832472265
0.7814884925000001
0.7783051895000002
0.10548821575
0.06529208080000001
0.07232551325
0.15871577500000003
0.8944850675
0.9263085135000002
0.8588267865000001
0.083340961
0.05620848345
0.06000211225
0.125993574
0.8605336975
0.896004341
0.9262512090000001
0.9286624330000002
0.9191667705
0.88318744
0.9082035580000001
0.8700516620000001
0.8132021970000001
0.159627814
0.25856618550000005
0.8492230580000001
0.147738687
0.07588853435000002
0.08724028065
0.1095267265
0.06855398690000002
0.07406073525000001
0.12618255450000002
0.12007061
0.22215161
0.417618838
0.8731327655
0.8682761375000001
0.7103323225
0.6379823715
0.6417403275
0.6713094224999999
0.7097817180000001
0.797778355
0.7630792750000001
0.7312094740000001
0.76162322
0.869223123
0.8950368255000001
0.8634565975
0.215501359
0.131861834
0.11346565875
0.11493409930000001
0.16453243000000004
0.6179910475
0.27739127100000005
0.179722321
0.127165216
0.13508345965000002
0.7507918520000001
0.9010902895
0.9209604225000001
0.8982847230000001
0.08954081150000001
0.050446863050000006
0.041930096300000004
0.0443236123
0.0477637049
0.05668112545000001
0.1194368679
0.9003079905000001
0.8778401400000001
0.9210888030000001
0.800312418
0.0803020432
0.061953200900000005
0.056852406700000004
0.05374917060000001
0.0556985033
0.05787512475000001
0.0570422024
0.0774098235
0.1094966295
0.228990558
0.910663709
0.93029751
0.9319738965000001
0.9138508300000001
0.9214162385000001
0.8954096890000002
0.8718576650000002
0.8416117390000002
0.7762435719999999
0.08401892170000001
0.10155821420000001
0.09139488305000001
0.0638557477
0.0869294055
0.07809997454999999
0.09020441370000003
0.827372947
0.918605493
0.9319219300000001
0.9087604450000001
0.07799628645000001
0.048273726649999994
0.0491217124
0.05248340860000001
0.056335140400000004
0.12842932640000002
0.18721047700000001
0.913384301
0.938143519
0.9210272520000002
0.20175295750000005
0.087708339
0.06878449115
0.11219814945000002
0.1161649505
0.0790786227
0.10389913510000001
0.6978124745000001
0.09599865219999999
0.07107567979999999
0.07071379660000002
0.1118601902
0.7290002200000002
0.6843146235
0.111763154
0.0776864334
0.0885962547
0.1783001165
0.7815895980000002
0.7834342155000001
0.354001667
0.11269295250000001
0.082775934
0.08667622950000001
0.11111033470000001
0.566003141
0.622042832
0.694324313
0.833515093
0.8367012490000001
0.8992334025
0.9001856805000001
0.8517762040000002
0.2556816015
0.246041746
0.257226453
0.8107130010000001
0.8090052165000001
0.81334508
0.8347296120000001
0.85833511
0.73515306
0.217847213
0.29082152
0.280446714
0.600834606
0.5866107235000001
0.522898002
0.16774552300000004
0.179839669
0.1792408005
0.744302305
0.84030519
0.9040822665
0.9180352610000001
0.9133859855000002
0.8875466470000001
0.8141123650000001
0.8374387154999999
0.7247910915000001
0.6917339739999999
0.6755672915000001
0.19285184000000005
0.23414713350000002
0.13351390600000002
0.15706672950000003
0.289615622
0.6486468394999999
0.3144804105
0.26698834550000006
0.5130436620000001
0.7855084535000001
0.178126891
0.12200147430000001
0.12315848800000001
0.1496292465
0.675240744
0.790777373
0.675785905
0.19258554100000003
0.159576616
0.27211962649999993
0.167039608
0.18396987250000002
0.18317536150000002
0.12776408749999998
0.140208262
0.593184857
0.15179648675000004
0.1280878293
0.208816251
0.7914452840000001
0.12787981325000003
0.07297303955
0.05736704115000001
0.06441017104999999
0.077368297675
0.07688160975
0.1315754614
0.8891807620000001
0.9442366645000001
0.9515627500000002
0.9393278650000001
0.28544518250000006
0.061596942300000006
0.0487320621
0.047955521900000006
0.05795209225
0.07000879950000001
0.11094025730000001
0.110485031
0.10732498330000001
0.1384147988
0.6297798850000002
0.1977355405
0.21147989150000002
0.19313950850000003
0.29684732050000007
0.21278516449999998
0.24986462550000002
0.7094081075
0.8019376150000002
0.732726622
0.7399807835
0.772866895
0.867849595
0.8840622330000002
0.8483029985
0.6694742985000002
0.196892792
0.18590668400000002
0.16438319429999998
0.19749853750000004
0.4206193205
0.7963792725000001
0.666254779
0.6247509604999999
0.1636316095
0.17923122830000005
0.09962194600000002
0.09390464935000001
0.16091414050000002
0.8532226400000001
0.7907603605000001
0.7593974900000001
0.7077135840000001
0.10954888075
0.0848289921
0.10168013190000001
0.12661723860000001
0.15448473575000002
0.7912784625000001
0.704576353
0.8285744385000001
0.7071763575000001
0.1179070384
0.10877172610000001
0.09330812579999999
0.0769810297
0.10226455840000001
0.14021524130000002
0.8405263985
0.10091633225
0.0537362807
0.0481141646
0.05480716175000001
0.0997093772
0.897170856
0.9441517420000001
0.9359661340000001
0.1159287685
0.052388668650000005
0.046215314650000006
0.051428537350000005
0.0541167964
0.05553131055000001
0.05863087489999999
0.07496624350000002
0.14869633499999999
0.1810908064
0.14577741479999998
0.6453228345
0.6338248825
0.7518593650000001
0.20574758080000002
0.17305883075
0.2466145335
0.18754504700000002
0.553383717
0.23869508699999997
0.65674524
0.7790937250000001
0.2217093309
0.16192470050000002
0.1136525071
0.13484321900000001
0.15514686275
0.18773086549999998
0.7036513375000001
0.8506843525000001
0.832938944
0.182219459
0.18117384940000003
0.5271982880000001
0.16856701200000002
0.5786002115000001
0.14068425815
0.19455337900000003
0.24137512050000004
0.32635664150000004
0.8565764699999999
0.19660812850000003
0.07671720779999999
0.07374935490000001
0.1437695593
0.26630719999999997
0.839201715
0.13349435085000003
0.10629109025000001
0.36826235800000007
0.906519194
0.929020517
0.9087297400000001
0.934116558
0.9364609450000001
0.930045449
0.9062478580000001
0.147760409
0.091862547
0.13939324825000002
0.8847345995
0.9064623095
0.13236967200000002
0.0757005565
0.05565422385
0.0636078843
0.11266964050000002
0.7667892705
0.15042749840000003
0.1190069436
0.10932217600000001
0.1120329875
0.691237025
0.260135112
0.7957519455
0.161163754
0.14718121
0.675018075
0.674649115
0.372553363
0.332275453
0.26297679500000004
0.17852974850000003
0.253868087
0.24602508749999996
0.774062118
0.39093802400000005
0.7581463140000001
0.2081683645
0.19320909800000002
0.1560669845
0.1670548397
0.5246936630000001
0.6250802820000001
0.6735513219999999
0.7798153630000001
0.693022397
0.6441254464999999
0.651724995
0.6768312105000001
0.7774912930000001
0.636241416
0.22581762300000005
0.21204188750000003
0.296644677
0.2322533115
0.527288115
0.31068647900000007
0.6902975395
0.8266566985
0.792899463
0.7502330810000001
0.7148646585
0.7163829275
0.7341302635
0.7769714520000001
0.45341787100000003
0.7575991065
0.213206766
0.18442734600000002
0.151924735
0.16425973849999997
0.578875837
0.646462831
0.7580430850000001
0.6761063989999999
0.6213020980000001
0.19861417700000003
0.15894431650000002
0.1630510365
0.194621049
0.7062485375
0.22723686900000004
0.19441484250000002
0.26564792800000003
0.19241649550000003
0.1679013185
0.27173533699999997
0.19737269900000004
0.6099147975000001
0.5922813405
0.1312726395
0.0937930047
0.08880183805
0.111216378
0.213421463
0.6790539415
0.6803680775000001
0.734987711
0.8653343960000001
0.7723902399999999
0.749818159
0.836949512
0.118625589
0.0894703423
0.13631017199999998
0.125678178
0.7588157175000001
0.8687175885
0.099389035
0.05717225145
0.0540394563
0.07816849334999999
0.08323216260000002
0.781497238
0.8030755385000001
0.871771959
0.9371466030000001
0.942574686
0.9282823375
0.9331756370000001
0.9064712360000001
0.07621722260000001
0.054939382200000005
0.05081976035000001
0.060586633900000006
0.11135689450000001
0.879051123
0.8907065925
0.6993811870000001
0.1137794635
0.11516013779999999
0.1083866
0.14956641150000002
0.792682745
0.710253436
0.6968969625
0.6782094780000001
0.6800586110000001
0.190427836
0.11242477349999999
0.10242760000000001
0.1263676323
0.1088108308
0.107257619
0.1047220338
0.12074069800000001
0.586872646
0.229512484
0.17156224400000003
0.29706881900000004
0.366863049
0.74977194
0.8488525665000001
0.1339052745
0.1062003315
0.0939682409
0.0867234148
0.1629825325
0.7763746979999999
0.7844939245
0.8807903450000001
0.761010705
0.6576404295
0.0862379639
0.06756364330000002
0.08511364735
0.8198693425
0.9185792025
0.8997495130000002
0.9390997935000001
0.9165084950000001
0.0731949594
0.044381442300000004
0.04184893765
0.04846266295
0.09056639635000001
0.8616500110000002
0.3987618875
0.9249444670000001
0.9464595940000001
0.9341941069999999
0.918836126
0.0718084455
0.042981755399999995
0.039422828349999994
0.043117467199999995
0.0546719405
0.1036121415
0.890919738
0.8597494465000001
0.8793979935000001
0.11180977
0.07506935475
0.09407390030000001
0.7506671165000002
0.7984691165000001
0.8531420055000001
0.8996141580000001
0.809323988
0.126305281
0.077551254
0.063385849
0.06720249349999999
0.10092641009999999
0.6927148710000001
0.6683034550000001
0.23328692650000002
0.19187916000000002
0.14464322350000003
0.1909099305
0.6501615334999999
0.1045373968
0.084457229
0.10363755700000002
0.111768903
0.20153488600000002
0.188784159
0.10966493199999999
0.1189904385
0.7589966985000001
0.87518967
0.337812602
0.115568981
0.06502736035000001
0.06231803525000001
0.0651184699
0.10083994550000001
0.786323777
0.7814601275
0.08983098635000003
0.0542701389
0.0481863256
0.05020002430000001
0.07641108395000001
0.861730888
0.8966046765000002
0.9306440685
0.9484469445
0.9286697979999999
0.0716902844
0.04581839930000001
0.0447411181
0.057345179100000004
0.1488293377
0.8965191915000001
0.838300718
0.0858856503
0.057888967400000005
0.0521584707
0.06486679790000001
0.10683656220000001
0.1405265135
0.833277087
0.870838591
0.1155476036
0.07425480595000002
0.094941448
0.1112585093
0.12142655000000002
0.7577987175
0.8806119710000001
0.8668269225
0.9056551845
0.875308122
0.748055362
0.7506544310000001
0.869556546
0.87882581
0.8179147040000001
0.8844888070000001
0.8484610835
0.153951812
0.1117618097
0.12548380085000002
0.794475591
0.910232922
0.9193079735000002
0.8146255750000001
0.715487012
0.11404461525000001
0.09044619849999999
0.119882895
0.704118506
0.8118985965000001
0.187982702
0.18060588400000002
0.1428551488
0.12917627699999998
0.14535324850000003
0.121746301
0.14664889500000003
0.11565201
0.0903672105
0.11179846400000001
0.147546498
0.7312600300000001
0.7745024515000001
0.8832522265
0.8628301960000002
0.16136414599999999
0.1286823677
0.0834381276
0.0861451344
0.13847190029999998
0.8803575675000002
0.866592655
0.8289132575
0.7733216935
0.09072668090000001
0.060447035450000006
0.0701897656
0.09056172550000001
0.1490025305
0.793080737
0.281993638
0.18017690100000003
0.18703844700000002
0.31134995200000004
0.42394379700000007
0.847259975
0.9158816725000002
0.926992195
0.9022568770000001
