0.838355395
0.8707859975000002
0.9004289035
0.9042073985000001
0.884764294
0.895177645
0.8846991100000001
0.8850030950000002
0.8594610100000001
0.8731914445000001
0.8381659075
0.8216623760000001
0.32601435700000003
0.2420271
0.19291710050000002
0.20481778500000003
0.5600261755
0.6897601005
0.8608283234999999
0.9002390285
0.8934034485
0.8184984390000001
0.767586795
0.8203476110000001
0.6811207075000001
0.14880739750000002
0.1281639705
0.1552078395
0.165477755
0.6860540865
0.8268164115000001
0.12407818649999999
0.07454778975
0.07534716250000001
0.099826492
0.06660579809999999
0.0633387525
0.088669934
0.07572564325
0.1493554235
0.16421587299999998
0.9071448525
0.92667516
0.8867898315
0.816401118
0.7973462140000002
0.767234504
0.7548628600000002
0.07771307969999999
0.05866084005
0.05629346150000001
0.0692048257
0.07463731440000002
0.09467574605
0.11617107460000001
0.1530485605
0.7627560500000001
0.166223922
0.15555335
0.6419032840000001
0.6492361185000001
0.6533671990000001
0.6545652475
0.1186855177
0.08360060500000001
0.07945390525000001
0.08049659925000002
0.11416529130000001
0.7271227925000001
0.7260202270000001
0.1013310365
0.07472463830000001
0.06816453580000001
0.0611149528
0.055165443599999996
0.08727211285
0.07647546370000001
0.11595520720000001
0.9194274100000001
0.9413835130000001
0.9493755795000001
0.9336062850000001
0.0861961807
0.07419630580000001
0.05379643775
0.05151485855
0.07709356225000001
0.0857148497
0.0735218631
0.11664589499999999
0.8375022990000001
0.685100816
0.094759289
0.07340287820000001
0.06752123025000001
0.09150788650000001
0.272293695
0.8844495250000001
0.7920865980000001
0.1010130295
0.07456399654999998
0.09591988290000002
0.81124462
0.8707091295
0.8923160630000002
0.8698429315
0.810109242
0.0950450535
0.0782630022
0.11674857770000002
0.8079754815
0.145460739
0.0808116007
0.08335695080000001
0.1403402465
0.1544853954
0.8192886230000002
0.7454285765
0.7697845324999999
0.8798475150000001
0.8850858860000002
0.7919076750000001
0.7360897660000001
0.11239653400000002
0.08150093850000001
0.07485520500000001
0.08029167450000001
0.09926741750000001
0.16578287100000003
0.295315284
0.29264067
0.37456453300000003
0.365902953
0.256934259
0.2826602865
0.7737835810000001
0.7209503110000001
0.722301787
0.759449065
0.8088817500000002
0.865303597
0.875780425
0.8532865909999999
0.760876318
0.7124522210000002
0.6931638025
0.770783377
0.6726928875
0.592337459
0.16895947900000005
0.136650633
0.15123394900000003
0.5316200845000001
0.18854547649999998
0.225334517
0.59456266
0.1488400925
0.14041272850000003
0.24131946350000005
0.708443273
0.6992306505000001
0.14265674150000002
0.07383893925
0.0670157355
0.09339758660000001
0.7909719915
0.836750332
0.9008338485
0.8221529650000001
0.7681404485000001
0.0766767605
0.05463364510000001
0.05637404135
0.06239832370000001
0.0948941756
0.709674335
0.0862358594
0.06008985295
0.08200502590000001
0.0779942454
0.30922291550000003
0.9266653525000002
0.9479542990000001
0.922407567
0.10971573650000001
0.0534775091
0.0495175816
0.051470341700000005
0.0561366077
0.06317067325
0.07346899609999999
0.0906434673
0.0751024483
0.10082735225000002
0.7069414725000001
0.13283558300000003
0.09913715000000001
0.13317041150000003
0.21099019600000002
0.6787099229999999
0.6221207750000001
0.175428733
0.1348931845
0.18761122449999998
0.7924259020000002
0.710753535
0.3932554760000001
0.233139696
0.635674295
0.13494048700000003
0.09389564210000002
0.09048749340000001
0.12112220050000001
0.14301638900000002
0.178687135
0.32168504300000006
0.62408778
0.18117927250000002
0.140433586
0.14996630100000002
0.5703192940000001
0.15074910000000002
0.12861851200000002
0.1529716175
0.1651338245
0.289871825
0.25466416900000005
0.76524948
0.6365920110000001
0.5835900940000001
0.2284534075
0.26778582400000006
0.202062656
0.52072787
0.35666148400000003
0.3492781875
0.7704922785000002
0.248205681
0.15801749599999998
0.15345192
0.245101702
0.2501890735
0.169221226
0.525453515
0.1625947605
0.1691949465
0.355311225
0.8370562115000002
0.7525260385
0.8366849869999998
0.699646463
0.7968959600000001
0.21866804850000002
0.14695347900000003
0.1805398815
0.7159289895
0.5459389170000001
0.20396744099999997
0.22029551349999998
0.22732365000000002
0.4763730665
0.5501372519999999
0.6277285440000001
0.796277173
0.7289745775
0.7369053575000001
0.8257878250000001
0.570317022
0.44109045550000003
0.32406505500000005
0.7693073530000001
0.3904622775
0.147016598
0.1028522835
0.10145577900000001
0.10147504900000001
0.154244647
0.585963593
0.1864221835
0.2045400565
0.26348744700000004
0.1486868845
0.1593482205
0.14825607850000003
0.1758268805
0.7153465204999999
0.276278418
0.29591304150000003
0.831500482
0.840609025
0.429298025
0.2206598145
0.488471717
0.1340996545
0.1068916862
0.14081082500000003
0.19310154999999998
0.731878449
0.24942722000000006
0.285150436
0.14226436
0.11959471969999999
0.15927644800000001
0.5711388080000002
0.226994365
0.582351762
0.15035028749999998
0.136044403
0.14734405630000003
0.23137902100000002
0.15425239400000001
0.17657348600000003
0.2202154265
0.113084359
0.1050088155
0.12034876500000001
0.18418907299999998
0.867257905
0.8938094955
0.862230805
0.6069518724999999
0.5132000985
0.13415788050000002
0.1256913695
0.177672613
0.7629629735000001
0.8944897225000001
0.907839531
0.868300849
0.8887526299999999
0.8225363055
0.8121374360000001
0.892667325
0.9078642750000001
0.884761895
0.4228533555
0.20764252400000005
0.260670114
0.8651089185
0.905400935
0.8809071030000001
0.1074873207
0.0610145355
0.04766876315
0.0480487293
0.05215258385
0.07317079724999999
0.8168213440000001
0.864902956
0.9315569650000001
0.936967825
0.91390295
0.912043739
0.9288581725
0.906156915
0.07618336839999999
0.04730293160000001
0.0445857182
0.0502384385
0.061801366550000014
0.10347442425000002
0.7156905630000001
0.8001786280000001
0.16183918700000002
0.11277626000000002
0.10894388620000002
0.170937891
0.889029565
0.9247351819999999
0.9158844175
0.7963538230000001
0.7443006950000001
0.815551913
0.11992956869999999
0.08395293335
0.08703202565000001
0.1244249152
0.6633735270000001
0.769926505
0.670589415
0.7043751815
0.7927422300000001
0.371136562
0.43189921500000006
0.6342563915
0.178550346
0.1293689208
0.1239531698
0.1841792425
0.860733187
0.9038242720000002
0.89707304
0.8986677869999999
0.8722742235000001
0.8324464400000001
0.7938476020000002
0.7791360270000001
0.7687306850000001
0.7858279015
0.836154285
0.8312236530000001
0.8337160450000001
0.8490444484999999
0.838845976
0.8238386935000002
0.8501451535000001
0.8522797395
0.870420467
0.8728227690000001
0.8719421700000001
0.87357404
0.8456036905000002
0.81809603
0.8042295315
0.781985983
0.7206658985
0.12648232450000002
0.09326700729999998
0.0934484989
0.14811766150000003
0.6665937165000001
0.231449287
0.147633013
0.0971898875
0.0840275688
0.080921349
0.0785272535
0.07571552945
0.073152271
0.0941815155
0.6613297925
0.1977591125
0.6863588365000002
0.34087549400000006
0.8487118810000001
0.09461224655000001
0.052922566500000004
0.045850039550000006
0.05264423085
0.08712154650000001
0.5309032069999999
0.9268402820000001
0.9463228515
0.9450347440000001
0.9134202105000001
0.8748238375
0.114253017
0.0994817572
0.05292715005000001
0.04915999335000001
0.0601028222
0.08689759975
0.753825537
0.7395492895000001
0.38303685550000005
0.7360408570000001
0.27318227200000006
0.704708605
0.1027818585
0.07239767175
0.090578722
0.1257720695
0.625847637
0.132213896
0.11295744500000002
0.14934741
0.7897947055000001
0.6759485930000001
0.6834963934999999
0.6612532825
0.1863396265
0.239730872
0.14473400050000002
0.097260181
0.1081583309
0.7633625615
0.798211852
0.8053456370000001
0.792771983
0.7889819540000002
0.8478794270000001
0.11224582830000002
0.0699500165
0.087310728
0.11369778550000001
0.1533779395
0.7923533880000001
0.6700955350000001
0.72195636
0.8814253280000002
0.906149686
0.889118915
0.7976486785
0.7471339445
0.7022096575000001
0.12427393
0.08205502900000002
0.080557454
0.1196942375
0.19502372099999998
0.3241330835
0.24728922450000004
0.211116872
0.13640036900000002
0.147711477
0.11222016750000001
0.10886458900000001
0.1766921255
0.229354234
0.7329987035000001
0.21764853300000003
0.22017976
0.1938817115
0.5798686055
0.5941068330000001
0.6040299880000001
0.6015974485
0.11578801100000001
0.08461855189999999
0.08526246590000001
0.17025532550000003
0.156101455
0.7654678390000001
0.8790276225
0.1631405545
0.190542773
0.1244226142
0.05539435065
0.046725377900000004
0.045355454999999996
0.04575758510000001
0.051673699600000005
0.09120904915000001
0.9012342080000002
0.9391884340000001
0.9448748190000001
0.9508299130000001
0.9392518440000001
0.20594782000000003
0.05502720850000001
0.0509190011
0.058189546200000004
0.09969917150000002
0.7474906900000001
0.09745289065
0.0792728669
0.0815865545
0.0726518878
0.0751486694
0.08129198535000001
0.08638317070000001
0.08257432690000001
0.0898972575
0.08898798320000001
0.082830043
0.07386053360000001
0.0903087815
0.83330932
0.8943550100000002
0.8904414265
0.8922554020000001
0.8983401740000001
0.915347392
0.8817075505
0.11515772520000002
0.07911654685000001
0.09479474974999999
0.1829850895
0.7814751985
0.897484205
0.9064334815
0.8717059914999999
0.7623808040000001
0.7773720595
0.846187795
0.7914343155
0.8356279229999999
0.6964691675000001
0.1372802235
0.120346614
0.160733646
0.2865541810000001
0.8024785820000001
0.669807094
0.25050893550000003
0.31483563200000003
0.6059470430000001
0.606061375
0.15143209950000003
0.104409112
0.09564210400000002
0.10446857050000001
0.1512572645
0.6149489695000001
0.592069767
0.24408191650000005
0.297317147
0.40049366899999994
0.26570290150000003
0.68332794
0.7815848150000001
0.16986666450000004
0.121899626
0.0933040103
0.104972764
0.106395504
0.14576408700000001
0.152039137
0.18157719350000004
0.20478426400000002
0.23294995750000005
0.2644309745
0.4752754065
0.7906291195
0.5608317815
0.37337507850000007
0.5761835700000002
0.17838505250000003
0.18094791299999996
0.1700837833
0.1164890225
0.1116742911
0.12087068455000002
0.17050621049999998
0.19890667199999998
0.23666466000000003
0.6134022800000001
0.4886954760000001
0.7414884645
0.867484205
0.8830483490000002
0.852125255
0.650373943
0.1737870964
0.12147590270000001
0.12205030419999999
0.19631904480000004
0.18003212700000001
0.4049559005000001
0.8640078585
0.8572533520000001
0.670160976
0.187493039
0.136988762
0.20769017480000002
0.202572348
0.6733252574999999
0.14120792
0.160993642
0.07508309275000002
0.06597260170000001
0.07883222815000002
0.132119983
0.877119431
0.8715777050000001
0.11687507940000001
0.0867714933
0.11760987900000003
0.19605996750000002
0.8650215805
0.807147412
0.767124495
0.7839243480000001
0.901318305
0.899626025
0.760290791
0.6939306665000001
0.11052410355
0.12393334950000001
0.737881545
0.1397389335
0.062355352
0.05323026410000001
0.058131018500000006
0.08688185650000001
0.7847775875
0.738565139
0.1336040048
0.13302773150000002
0.866079643
0.910769106
0.9453519355000001
0.9419311539999999
0.940358435
0.878680283
0.06769547115
0.045424806750000005
0.04538756930000001
0.049605864
0.052721026850000005
0.053432151000000004
0.05382997540000001
0.056883564500000004
0.08864233300000002
0.8422069595
0.896387218
0.8170805665
0.7582300735
0.7659876674999999
0.7513881615
0.7701514930000001
0.276000319
0.222487673
0.12250747580000002
0.16231652400000002
0.856532668
0.7588004150000001
0.0883641142
0.06069700735000001
0.0648867565
0.10341056405
0.13480895790000003
0.160106716
0.22643185350000003
0.17382854350000002
0.1452383153
0.313025387
0.7129416900000001
0.20171674400000003
0.11389594125
0.12431489675
0.08913093319999998
0.1086517555
0.21584982000000003
0.215950214
0.6779150399999999
0.2677380160000001
0.15155145700000003
0.1946538835
0.110439378
0.10947880674999999
0.16711773500000002
0.7512168730000001
0.23914806
0.317374849
0.27602923700000004
0.18308683000000003
0.319977736
0.6753658309999999
0.317094818
0.8276163150000001
0.7055357985
0.15521358349999997
0.20568604650000002
0.14564970800000002
0.13836164
0.8338191500000001
0.9125353550000002
0.9223952120000001
0.882889695
0.8619624255
0.14939079400000002
0.1785883705
0.15900867500000004
0.1810141135
0.8460607345000001
0.835226742
0.35764703100000006
0.8067516490000002
0.21681939149999999
0.1354299723
0.1573141845
0.15751813550000002
0.109092322
0.11004736000000001
0.159099027
0.16543736750000002
0.30087699450000005
0.13378435300000002
0.11430910430000002
0.11872360500000001
0.154065491
0.28665832750000003
0.763141838
0.3118835995
0.19421628200000002
0.1727260595
0.1985199145
0.6683691060000002
0.751022426
0.8010134200000001
0.8319034265000002
0.8588969150000001
0.8500134599999999
0.80218149
0.7915530805000001
0.8057324834999999
0.86390256
0.8910473315
0.8890171550000001
0.8524166920000001
0.7187334830000001
0.5902868270000001
0.16542860199999998
0.1560315005
0.202976892
0.2527051265
0.35618625800000003
0.334339418
0.32889006600000004
0.7383640765000001
0.6093956050000001
0.27061306749999997
0.565076978
0.49031442650000007
0.15504728250000002
0.14771308300000002
0.1987723405
0.1251445425
0.12199997200000001
0.1642050935
0.18257672375
0.778113312
0.216370383
0.251361163
0.16516911325
0.27012353650000004
0.6751117350000001
0.8273253655
0.1842934575
0.0959116262
0.09453491080000001
0.176599086
0.712675367
0.7217461245000001
0.7055664779999999
0.12407816050000002
0.11273347900000001
0.666378365
0.0803486573
0.05560167025
0.05826197685
0.08212260115
0.1807864488
0.28140810250000003
0.8793593700000001
0.887362827
0.2456842555
0.35737341300000003
0.904225539
0.9334094385
0.9330332525
0.903495115
0.87188558
0.20250963700000002
0.1522855295
0.761435213
0.7998109950000001
0.1192112635
0.10117172950000002
0.1032149553
0.0626081034
0.0666324451
0.11672781474999999
0.8626376530000002
0.9009756720000001
0.8049788259999999
0.1393394175
0.14502444350000004
0.7823481870000002
0.8649543470000001
0.169471803
0.09946884660000002
0.11606549170000001
0.27347952850000007
0.8328440385
0.668130863
0.21084341350000002
0.17876226
0.61694424
0.22175032849999998
0.192283653
0.6264468150000001
0.633959887
0.63611847
0.2063575615
0.258634821
0.182812693
0.1411618325
0.1625959352
0.1531557135
0.22791432150000002
0.8165453579999999
0.8125613650000001
0.5647160475000002
0.7909111
0.73737186
0.809771786
0.7459796615000001
0.7097663319999999
0.7641653185
0.21296776639999998
0.17632703700000002
0.2210685245
0.267789769
0.3856534315
0.861370357
0.8642192399999999
0.16911262625000004
0.13549436020000002
0.10552510799999999
0.07500601429999999
0.09314421315
0.09803853430000001
0.0892693795
0.13590247930000002
0.8381956020000001
0.12349372750000001
0.0986268002
0.061720445000000006
0.0661436167
0.129628754
0.898199765
0.898872406
0.11037028360000001
0.08285760865
0.06279315425000001
0.0858835117
0.780281698
0.7825125565000002
0.8075815799999999
0.837162633
0.814265102
0.0738826945
0.04793044225000001
0.04542014275
0.0500856445
0.07464043965
0.059530311350000004
0.09483322670000001
0.9006417025000001
0.9193477165
0.916483305
0.8753699700000002
0.0714807928
0.04550858985
0.0423282315
0.045155279400000005
0.04651865
0.0502770448
0.076973244
0.8269527950000001
0.8401151350000001
0.8868573225
0.9227002950000001
0.826850002
0.08724875495000001
0.0736472195
0.10238271050000002
0.207642002
0.8982641250000001
0.8946079805
0.1108564199
0.0775912576
0.0957999068
0.7763446465
0.8398501875000001
0.903754108
0.8579256175000001
0.8516925495000001
0.9165648595000001
0.9120377875
0.812566537
0.767813365
0.7675284845000001
0.1206447801
0.0732609445
0.0639284068
0.08199971630000003
0.18772931375000004
0.2090785575
0.15242248949999998
0.24540326
0.225373396
0.16484243850000002
0.6039409545
0.2071619075
0.2908857
0.8668147685
0.901740376
0.8535611030000001
0.9139271779999999
0.9247209675000001
0.92552659
0.917831561
0.875125619
0.2711605075
0.30533915050000004
0.8241690715000001
0.47034401900000006
0.3836585815
0.290391479
0.140713155
0.13016167050000002
0.634417058
0.10654001650000001
0.07779572700000001
0.082917587
0.08402382100000001
0.13639341900000002
0.693624615
0.15817654750000001
0.1693331395
0.8516032965000001
0.811712428
0.832186835
0.9040627710000001
0.8832707115
0.9217131085
0.9071038800000001
0.7601895575
0.1676003667
0.19434449650000002
0.820820165
0.286460409
0.12106980400000002
0.0863037175
0.1013335595
0.1204601215
0.7264602085
0.8789382030000001
0.889786112
0.811029768
0.8877636000000001
0.8490853650000001
0.3180122795
0.358901664
0.25173041700000004
0.30630538600000007
0.859504435
0.8973373780000001
0.8479410375
0.910980792
0.92176384
0.9237113575
0.918395655
0.8826779400000001
0.46894203250000005
0.3068038195
0.38998562900000006
0.415367686
