0.7140093399999999
0.25878687650000004
0.19978812350000003
0.1507785395
0.1613937293
0.264866769
0.2426235265
0.252121118
0.28766750050000006
0.1943115295
0.2517701485
0.17798850500000002
0.21708412100000002
0.5616027995
0.714908438
0.190353133
0.15364093650000002
0.20930041049999998
0.7497953980000001
0.22713034750000002
0.274493511
0.1392252513
0.121765173
0.10369242050000001
0.114110155
0.24200782000000004
0.6365159925
0.635948015
0.27133398000000003
0.13884483100000003
0.1265412625
0.618763244
0.624148671
0.6767343094999999
0.807212005
0.724862769
0.789993021
0.9002946335000002
0.9175029379999999
0.9109155330000002
0.8637927130000002
0.8496998929999999
0.1786438355
0.17263921700000004
0.7352321850000001
0.7916962055000001
0.7819033495
0.757041332
0.6887906875
0.120189478
0.0922675573
0.10507229
0.6665065050000001
0.27001814
0.1923687755
0.10268405050000001
0.10432490130000002
0.5987611644999999
0.16903825549999998
0.7101798025
0.7506134615
0.8476393935000001
0.9235209200000001
0.9300493540000001
0.9023243000000002
0.09528148600000001
0.06357060675
0.0647781644
0.08712265975
0.153837921
0.7046126070000002
0.1445083307
0.08050966550000001
0.071709017
0.07335345324999999
0.0786793973
0.0779521387
0.07319353185000001
0.07257403679999999
0.06992969565
0.0666620921
0.0641240795
0.06006182820000001
0.0606982375
0.08609287410000002
0.743339693
0.1272496775
0.1576825065
0.8794704110000001
0.934111056
0.9281014590000001
0.9309500850000001
0.39869492650000005
0.163262434
0.813093177
0.08373182035000001
0.0498664652
0.048520178500000004
0.05194343030000001
0.0546974349
0.057598364500000006
0.0661979276
0.10707030250000002
0.8169098000000001
0.7878237120000001
0.11631034380000001
0.10787760450000002
0.073144727
0.0798539535
0.15881714900000002
0.8550958535000001
0.7521729750000001
0.678988538
0.1112424745
0.0968666923
0.17775654200000002
0.7671072520000001
0.8528926160000001
0.1775849165
0.1037821342
0.11113120275000002
0.132665917
0.08858460524999999
0.1127755423
0.140373687
0.6999911650000002
0.8363711915
0.8514460565000002
0.21120186250000003
0.14201869250000002
0.1042081641
0.07790371630000002
0.094677923
0.13061177070000002
0.778956856
0.876996433
0.10292555070000001
0.0711577976
0.10680215485
0.10020909035000002
0.061049675500000004
0.0587739158
0.07440160569999998
0.178761275
0.7807419575000001
0.224407348
0.7094208900000001
0.240482167
0.793333204
0.8627945375000001
0.9228833045000001
0.9051804400000001
0.393302733
0.8495297850000001
0.31998387599999994
0.8492686600000001
0.13148229965
0.07699682299999999
0.0978957527
0.6671850340000002
0.09023943765
0.07286703055
0.08163737385
0.0967351552
0.15085511550000003
0.8911570590000001
0.890526197
0.14317245799999997
0.145848358
0.1018066785
0.18422087050000002
0.2261816145
0.249350401
0.6466250490000001
0.584066316
0.12189203579999999
0.1507233535
0.20898666400000002
0.7362220980000002
0.873785
0.8716512820000001
0.44957454100000005
0.22033125150000002
0.25011813450000003
0.5893161355000001
0.16941471
0.15540985100000002
0.136862517
0.13007695900000002
0.14579911350000002
0.1318837805
0.187735041
0.28422123600000004
0.268387948
0.586404351
0.6177026175
0.6802905335
0.8296520140000001
0.8330292970000001
0.6803702665
0.35855740650000006
0.1992604235
0.19016635399999998
0.49705268050000007
0.24248946700000001
0.2015023265
0.276628206
0.8628133000000001
0.8996017350000001
0.8561362685
0.8073263065000001
0.7633756090000001
0.720595268
0.6920244980000001
0.6658315140000001
0.6958775265
0.7839406430000001
0.6987088415000001
0.6657444979999999
0.6941477880000001
0.759132037
0.8512664585
0.741966235
0.145302449
0.11962684850000001
0.1884947525
0.11004533200000001
0.09786813330000001
0.13211472900000001
0.134978612
0.18556376400000002
0.771870603
0.1817276915
0.1742538399
0.15237908005
0.1381046204
0.736396535
0.8223761095000001
0.9237965150000002
0.9355792015000001
0.9289389904999998
0.891067193
0.21795716099999998
0.243325553
0.2293488955
0.1750482845
0.44957679000000006
0.17480407124999997
0.20237557350000004
0.638303767
0.7131613775000001
0.8514203730000001
0.8489513860000001
0.7351790505
0.7361463560000001
0.844416649
0.830239923
0.16637708425
0.11837351080000001
0.11867585420000001
0.1516633556
0.23876294800000003
0.836106525
0.9187675100000001
0.9287720340000001
0.9207637655
0.88721675
0.857734033
0.8524375965000001
0.8779714865000001
0.8337977839999999
0.777389158
0.40203560050000003
0.24307059200000003
0.13342395170000002
0.1224569298
0.15168141200000002
0.6926694750000001
0.8391555470000001
0.8505411935
0.6836134650000001
0.151300876
0.1463098903
0.12592959920000002
0.20050484100000002
0.230536654
0.277282373
0.7460200880000001
0.865607244
0.7663700590000001
0.7458963175
0.86883493
0.748826812
0.09044744040000001
0.059238288300000004
0.0553412834
0.0592941361
0.08943808745000002
0.790733279
0.7468135509999999
0.131690349
0.11848123385
0.7518309660000001
0.7822686965
0.8364213295
0.886137743
0.9380471545000001
0.938399725
0.910954732
0.1438721604
0.14334334605
0.8165157225
0.8164394625000001
0.08483502465000001
0.059981452600000006
0.0842665808
0.0572585228
0.0603964107
0.07758533164999999
0.09993828710000002
0.11506322769999999
0.1192760895
0.22510051299999997
0.36802777049999996
