0.8342198275
0.8547946110000002
0.858127072
0.77457442
0.6854836320000001
0.6546451925
0.38740729650000005
0.2195958565
0.21503157800000003
0.28454656800000006
0.598350886
0.603291159
0.604103991
0.669419253
0.7879443979999999
0.7586170099999999
0.8378678835
0.8179237850000001
0.8876455525
0.904474218
0.9017955985
0.8757919980000001
0.86324193
0.8713172520000001
0.7700731880000001
0.3808672125
0.135384689
0.10485181620000002
0.10011093100000003
0.110912353
0.17097697400000003
0.734436954
0.8860223500000001
0.8900626240000001
0.730488807
0.242284998
0.16424362299999998
0.1618625705
0.6159191350000001
0.15808057600000003
0.1032098644
0.15004142499999998
0.8848701700000001
0.8972374650000001
0.10564269320000001
0.07586224150000001
0.05087522915
0.05390070525000001
0.10522501905000001
0.8905217940000001
0.942937607
0.9444514355000002
0.8796332735000001
0.10001951070000001
0.051027194500000005
0.04825765255000001
0.0629734126
0.0920684035
0.7728813815000001
0.7686243269999999
0.8603246255000001
0.18954340600000003
0.11194356200000001
0.147775555
0.5271329165
0.152401091
0.22349178349999999
0.25774741100000004
0.7054316790000001
0.8229895534999999
0.667011889
0.15612843750000002
0.1408886185
0.616122605
0.248899583
0.2089392185
0.6459670799999999
0.1147209375
0.0719100232
0.068098115
0.0950849345
0.716466755
0.3079035765
0.8708490580000001
0.8515108305000001
0.8129870020000001
0.7757129285000001
0.10545428580000002
0.0735753222
0.055804139600000004
0.05687284620000001
0.08327409905
0.8094895395000001
0.832162874
0.8498310720000001
0.8460867570000001
0.8533348705
0.8376797380000002
0.846701079
0.79804982
0.08154607990000001
0.05730618725000001
0.06145984790000001
0.10012575750000001
0.14463098550000003
0.8621920900000001
0.7576510805000001
0.21836305450000001
0.6795184435
0.09806914770000001
0.075393195
0.09491974250000002
0.186634021
0.66823516
0.281440007
0.2413272175
0.5585010585
0.15785848349999998
0.16274609350000002
0.6312470620000001
0.6725374144999999
0.731070081
0.85540068
0.843688325
0.15210769300000002
0.1017903397
0.0935084494
0.10433266725000001
0.1370740055
0.2507188985
0.7809785255
0.676280298
0.35654682900000007
0.17360374550000002
0.134528844
0.117484163
0.137750022
0.119728844
0.1402377785
0.6361674655
0.15879618650000005
0.1693917285
0.216076268
0.1290059295
0.1497550775
0.15566548600000002
0.1639144745
0.1983698205
0.1216073195
0.128662528
0.609134178
0.17278274899999999
0.23472007900000003
0.21249493049999998
0.6450246825
0.23694075600000003
0.1974490854
0.117194049
0.1269711305
0.6608174499999999
0.29184907800000004
0.2015963765
0.708918352
0.821057565
0.1252198722
0.0878888189
0.10348638150000002
0.304359411
0.871114001
0.8224123800000002
0.7985889700000002
0.876680509
0.8018476170000001
0.7358449250000001
0.7125515360000001
0.8028293890000001
0.9022068280000001
0.914733125
0.8912087120000001
0.9160329915000001
0.9160510290000001
0.9003538995000002
0.8373818880000001
0.8135619755
0.8295594730000001
0.8582038249999999
0.9050547535
0.8942651925
0.917609285
0.9218275570000001
0.924420844
0.9266604870000001
0.92818031
0.9230554850000001
0.880341896
0.8264144800000001
0.1613682045
0.0904284542
0.08313180470000002
0.11087476430000001
0.699242628
0.6820401455
0.698210085
0.1434963555
0.13278455815
0.0852232031
0.0923323057
0.13715427900000002
0.1784294375
0.642913617
0.16220195150000002
0.193137022
0.2053696435
0.774738185
0.15570858869999998
0.13649884680000002
0.1894138075
0.2776211965
0.3303968
0.6685125894999999
0.6260813965
0.17289997999999998
0.16958816300000001
0.330590106
0.88282947
0.9219938514999999
0.9180276075000001
0.84018269
0.40592030200000007
0.21037760450000004
0.2489181395
0.8080009410000001
0.7706120505000001
0.732110656
0.7275042525
0.7381913800000001
0.7691918200000001
0.8413009250000001
0.7436569060000001
0.161158477
0.138956154
0.1999609035
0.6515891730000002
0.38176212200000004
0.241489892
0.68147404
0.14252172249999998
0.09984129250000003
0.08720528500000001
0.0871781906
0.10125716605000001
0.127414633
0.22108738949999998
0.6817195915
0.7314906685000001
0.8061383885000001
0.7415592530000001
0.7264561330000001
0.8195807635000002
0.770036053
0.8395774880000002
0.7320213779999999
0.176246705
0.23765963650000005
0.12405676775
0.0793712075
0.07395350650000002
0.0935862648
0.1258014448
0.737205048
0.10369819575000003
0.07426721349999998
0.0947971017
0.07286982775
0.06339866690000001
0.0597562092
0.05659188010000001
0.0535873274
0.05264517545
0.0693965641
0.05641608345000001
0.08731591925000001
0.897966298
0.9348666800000002
0.9382677275000001
0.9363239620000001
0.9326335120000001
0.9121569955000001
0.878293286
0.06024306760000001
0.04098246495
0.03945344210000001
0.042000657
0.045869913199999994
0.05586603629999999
0.10509077665
0.8586017530000001
0.9020509710000002
0.18456179400000003
0.142377175
0.08683975449999999
0.06774123080000001
0.08356600105
0.694871164
0.6934560245000001
0.7169174095
0.7576747775
0.854977563
0.1639388135
0.1531799455
0.0788007
0.07359688099999999
0.085024722
0.1252786945
0.15671174525
0.7435564459999999
0.16866588700000001
0.1350207977
0.1576289435
0.270598284
0.805103125
0.802230117
0.28116321099999997
0.250166084
0.187049126
0.12727800000000003
0.11340088649999999
0.11793530800000002
0.15749559700000001
0.189411339
0.2007867465
0.6681590025
0.796599558
0.28984540400000003
0.16097983780000003
0.14424457400000001
0.20610620149999997
0.10610504300000001
0.09401384200000001
0.09013878575
0.1137299824
0.7106932039999999
0.8141331
0.682925318
0.6569560655
0.6360157639999999
0.6326121195000001
0.6233139675000001
0.6339079944999999
0.6478731900000001
0.1109476775
0.07850974010000002
0.0708969292
0.071326445
0.08214723530000001
0.17101416400000002
0.19279777800000003
0.1696065285
0.6974974500000001
0.09022812675000001
0.06539895700000001
0.0733118838
0.1000189997
0.22504475400000004
0.8227564550000002
0.1760719
0.06966876825
0.06601005510000002
0.12242596250000001
0.9157683750000001
0.9471012
0.947860041
0.8919115385
0.06933366115000002
0.04965946515
0.05577047115
0.09978973485
0.775021748
0.0950489609
0.05491995765000001
0.04942357465
0.05632201780000001
0.1248839033
0.910217539
0.935119083
0.9229399545
0.28540467399999997
0.13190564700000001
0.10331049525000001
0.07577432479999999
0.07718895430000002
0.11214420785
0.6984816864999999
0.8083280280000001
0.721768486
0.7279483370000001
0.843535294
0.839683365
0.7148095350000001
0.6925853635
0.7019270910000001
0.801907225
0.6864058930000001
0.14424645650000004
0.09685699660000001
0.08283075135000001
0.09050117345000001
0.14112443130000002
0.7930291505
0.197995892
0.10504914109999999
0.11117872615000002
0.10630695475
0.7877585229999999
0.9183279105
0.9422438495000001
0.9453834850000001
0.9382209700000002
0.9109385325
0.0995001504
0.1011039066
0.06810678220000001
0.10119884045000001
0.06148643290000001
0.06514913435
0.07277104905000001
0.08844862560000001
0.08612531160000002
0.189870117
0.26542040400000005
0.2176644785
0.20694810950000003
0.18128788950000002
0.15301149649999998
0.58049795
0.6169688565000001
0.638935672
0.689353844
0.8390673605000001
0.8165898125000001
0.8982101140000001
0.8956402320000001
0.7639145200000002
0.15529329400000003
0.14575460850000002
0.09066062999999999
0.07060636465
0.08200289670000001
0.06453042565
0.0881630025
0.78113308
0.8014438275
0.8769173155000001
0.093000287
0.05887798915
0.06445345965
0.15335657649999998
0.47973642099999997
0.9290986505000001
0.9497372430000002
0.9499266555000001
0.931421932
0.131067663
0.0618840773
0.046889812700000005
0.051516397549999995
0.08410819450000001
0.7942169965000001
0.8769903465000001
0.10061242844999999
0.0653840223
0.06897413659999999
0.07720808450000001
0.134048897
0.1235406514
0.1279342433
0.716477346
0.7674512529999999
0.8788158380000001
0.88913373
0.8247136095
0.8258135405
0.8842289515000001
0.9035600155
0.9054831125
0.8976678415
0.8681072790000001
0.8287286039999999
0.7896728355000001
0.7854941975
0.818281794
0.8773186740000002
0.37722445000000004
0.0998503915
0.0752131869
0.07569162825
0.07205576265000001
0.1017868992
0.6932995484999999
0.0876192106
0.06071846335
0.06277652165000001
0.07755312240000001
0.250955882
0.8586805655
0.11164427140000001
0.0731587026
0.09416752020000002
0.86795806
0.9143601220000002
0.9291807040000001
0.9164340620000001
0.862471493
0.08313709030000001
0.0663445129
0.0914938799
0.8225874625
0.87823999
0.91868963
0.1186528183
0.05394991630000001
0.0482773014
0.05077812365000001
0.056300362900000005
0.06595724415
0.07901562705
0.1049155393
0.0789258212
0.09142265525
0.16784652500000002
0.8149321270000002
0.234128311
0.1382617475
0.14793370050000001
0.7656423660000001
0.88526176
0.8757473755000001
0.2124658565
0.2033002835
0.3695313775000001
0.8344728080000001
0.7722773145
0.860525481
0.765646602
0.7236808694999999
0.69270025
0.09933401515
0.0663697443
0.061653868249999993
0.07348282900000001
0.119916933
0.7651916150000001
0.23813888
0.1038869105
0.14830354050000003
0.11304762525
0.061607097750000006
0.054926137849999994
0.054362913750000005
0.05468542715000001
0.08285395494999999
0.09078684180000002
0.869316105
0.908866078
0.9416092250000001
0.9218473575000001
0.08817038700000002
0.0624947262
0.06560412715
0.1492263831
0.88197867
0.9192490765000001
0.938702809
0.926801291
0.8297543700000001
0.07070038325000001
0.052133150350000004
0.054940393100000005
0.06789516500000001
0.07763299950000001
0.13093438375000002
0.7270246250000001
0.13829339850000003
0.08337398700000001
0.07152297969999999
0.07805129699999999
0.144054758
0.7638619995
0.8754451355000001
0.8599283895000002
0.880283585
0.821993975
0.7731265050000001
0.7654075555000001
0.8185176700000001
0.7810007280000001
0.77072562
0.8186553155000001
0.7901811950000001
0.800844761
0.87323426
0.878146368
0.8185731925000002
0.824642785
0.31166836750000004
0.31257899349999996
0.20459550050000003
0.15410610599999996
0.21266160600000003
0.14653307815000002
0.17675044499999998
0.8263130075
0.7472516815000001
0.7342351
0.7703445710000001
0.889502387
0.883046298
0.7341907065000001
0.6312500085000001
0.08745683860000002
0.07017102965000001
0.09096808965000001
0.10233108375000002
0.15966361750000005
0.15100247769999997
0.16152434300000001
0.6303493965
0.7710030145000001
0.44045248400000003
0.29782193850000005
0.414291842
0.36088239749999995
0.7931418920000001
0.7020703890000001
0.658966978
0.173935124
0.13522125775000002
0.15046968250000003
0.658076459
0.1139596195
0.07768611240000001
0.0690715324
0.07407500645
0.09555117160000001
0.16771517800000002
0.8472040630000001
0.13075333449999998
0.09174136125
0.0750509417
0.06164950680000001
0.06368299570000001
0.07645004045
0.145488006
0.8563000815000001
0.10381510105
0.057189016800000006
0.05012878940000001
0.04813374484999999
0.04802064105000001
0.055197983500000006
0.11007613385000001
0.906315837
0.927766989
0.9171725735
0.9148432175
0.9287261935000001
0.919950125
0.9212757550000001
0.9370788495000001
0.9347948965
0.8955686970000001
0.8370384330000001
0.06262229764999999
0.04623995250000001
0.044194246150000005
0.04919129330000001
0.053993364950000004
0.05317891235
0.051632825800000004
0.05021708405000001
0.0554850752
0.0851339076
0.8329422740000001
0.9011720379999999
0.8634665475000001
0.838867652
0.8497230870000001
0.9056186595000001
0.881077927
0.18040665900000002
0.21645911900000003
0.2113871425
0.17505156250000004
0.698891661
0.74689989
0.813027889
0.874242799
0.7910795300000001
0.75401314
0.7596972225000002
0.7897255099999999
0.8549358090000001
0.13786381979999998
0.0882201095
0.0865443323
0.091592958
0.12319910950000001
0.13114171200000002
0.577263794
0.1429901609
0.141034771
0.171539683
0.7019074525
0.8210530885
0.8154747465
0.608935309
0.20148207700000004
0.21708167150000005
0.22180849300000002
0.366337782
0.8094479910000001
0.7715016050000001
0.8237205330000001
0.687769172
0.1925089195
0.141470289
0.11903138200000002
0.11176716250000002
0.1307352375
0.15332812750000002
0.576405106
0.18024021
0.150854556
0.14889820400000003
0.5160526535000001
0.22735501800000002
0.3812583745
0.628887658
0.7701576710000001
0.36041921050000003
0.18876211
0.173093259
0.1614814375
0.200515136
0.785639034
0.783923337
0.220981182
0.1981581175
0.1760899895
0.15611984750000002
0.24296432750000005
0.5225583155
0.14617059250000003
0.1326424355
0.18026084750000002
0.40946712600000007
0.8735357125000002
0.8763583614999999
0.38534399700000005
0.1290573447
0.0904836405
0.086965499
0.0882613215
0.10214634600000001
0.09230577000000001
0.11757910399999999
0.17516690650000002
0.7283803320000001
0.8708034760000001
0.8708038985000001
0.325490762
0.16821487800000004
0.1627158045
0.2718118905
0.671734041
0.7145790249999999
0.818284679
0.663030153
0.5803571169999999
0.4867093700000001
0.1737277207
0.1310162788
0.15537978269999997
0.732338894
0.17621031100000004
0.17091274150000002
0.33924701600000007
0.890773269
0.8947950450000001
0.155271658
0.08735165750000001
0.0611975396
0.0649413682
0.10362424
0.7431885460000001
0.1963966935
0.0839046807
0.060658739350000004
0.06966021750000001
0.05356481020000001
0.06611870135
0.19224943330000002
0.9092631075000001
0.933448026
0.9360225700000001
0.9144682670000001
0.931471435
0.9322983120000001
0.926211131
0.8842815515
0.8545797310000002
0.8349445325000001
0.818686503
0.06795563820000002
0.045593747950000006
0.045397920050000005
0.0540051484
0.0642222936
0.0968900815
0.07772792215
0.06997926180000001
0.12042270075000001
0.8265526919999999
0.1656916474
0.20699959950000002
0.2538778975
0.7598386890000001
0.8562658680000002
0.20475125900000002
0.1474826516
0.13570447324999999
0.551254045
0.142845905
0.168243132
0.351657047
0.8096950370000001
0.6573910490000001
0.22496529400000004
0.16881899975
0.17538096199999997
0.32563801650000007
0.85957777
0.9003729430000001
0.902584815
0.881450798
0.826947535
0.8841415420000001
0.9047760565000001
0.9106610764999999
0.9020112375
0.861499436
0.201641516
0.12510446535
0.11071030765
0.12172255
0.16647130659999998
0.582658882
0.6863172160000001
0.829936348
0.83956271
0.659391615
0.19199044459999998
0.20253263250000003
0.8170959220000001
0.20324155000000002
0.10220897
0.14490994975000002
0.072747042
0.06310148510000001
0.067052852
0.07419546350000002
0.1172760692
0.743436919
0.1117133745
0.06617754534999999
0.0573666475
0.0602606058
0.07331769540000001
0.1282666754
0.880682575
0.826713161
0.805966205
0.8813823000000001
0.09890274750000001
0.062607931
0.05994403930000001
0.10342978045000002
0.8779904640000001
0.933122719
0.9360731204999999
0.9419167805
0.925010925
0.1819483115
0.07337790905
0.08487912850000001
0.0902902223
0.7748182650000001
0.7995600765
0.847358705
0.90872323
0.1366445141
0.0609587352
0.048576919050000014
0.055347530299999996
0.072637985
0.197815732
0.762403883
0.10429115820000001
0.0739671435
0.08436865670000002
0.1406890235
0.8299003035000001
0.1838673163
0.13547619260000002
0.1234210455
0.2470944465
0.808933822
0.20654445200000002
0.256542425
0.7720585165000001
0.8944503125000002
0.8943782730000001
0.31949894849999994
0.10831267230000001
0.09433825050000001
0.09540868370000001
0.20847562100000003
0.8337168960000001
0.730524205
0.1444518105
0.08832572515
0.10339963790000002
0.1048042875
0.1178682459
0.091662461
0.10402155900000001
0.1193136245
0.19768615450000002
0.7350197749999999
0.8527550100000002
0.846727659
0.7010327470000001
0.6767057270000001
0.30971241350000006
0.2408353385
0.5911937575
0.17219969375
0.149341098
0.19296247900000002
0.197647132
0.34684638049999994
0.399955826
0.40565672399999997
0.833821153
0.8454825170000001
0.7129416435000001
0.6391005925000001
0.38767100050000003
0.3297751240000001
0.5348310660000001
0.817227014
0.8062229329999999
0.7811505575
0.7435049725000001
0.7149632530000001
0.6891515745
0.46036494450000004
0.32003337950000005
0.4427571315
0.63405168
0.648757305
0.6888891020000001
0.775024182
0.69804162
0.6868456475
0.6844130055
0.648231753
0.18805999199999998
0.22476191225000003
0.11002488600000002
0.0909601259
0.11158443150000001
0.1170456252
0.1119408345
0.09360434000000001
0.14632231750000002
0.7055888089999999
0.1141264213
0.06079696450000001
0.05333570025000001
0.063300063
0.15059364520000001
0.893124356
0.8840044180000001
0.9022707035
0.9330804580000002
0.919975583
0.08219573799999999
0.0623817887
0.0459309539
0.0400562038
0.04149272425000001
0.0472404853
0.07090869135
0.868921919
0.9150590925
0.9477309080000003
0.940261975
0.9208600735
0.8709159620000001
0.06727905490000001
0.058696339675
0.04110224695
0.04300051125
0.05806961705
0.05909351210000001
0.082318005
0.8377514399999999
0.8546107669999999
0.8839567260000001
0.9027555985000001
0.0899212005
0.0504465378
0.04577891815000001
0.056693020250000004
0.1029737647
0.11929544000000002
0.09575013080000001
0.2006096595
0.7942251060000001
0.812128017
0.8867980670000001
0.8009524800000001
0.730809443
0.3192612165
0.22721991300000002
0.13344569150000002
0.1288447477
0.17632404449999997
0.249219552
0.855289204
0.891049726
0.874449148
0.787690822
0.8316186
0.7946035229999999
0.839749395
0.8043811265000002
0.7640709570000002
0.8076381255000001
0.4310216895
0.2391671855
0.48209713400000004
0.1358968565
0.11112975150000001
0.10424448900000001
0.123023326
0.5959851125000001
0.6459886555
0.6665222200000002
0.67461138
0.6607195315000001
0.6918611830000001
0.714847522
0.7089065280000001
0.106580688
0.0838760199
0.07475418855
0.1013573517
0.06618842100000001
0.05584275885
0.055427751500000004
0.08014722335
0.821673969
0.8316635200000001
0.8686125355000001
0.9019105375
0.9312032035000002
0.9157203570000001
0.0837502152
0.0547550639
0.047509482250000006
0.05176010585
0.0678579711
0.0837396875
0.152603604
0.13945582199999998
0.65962392
0.61831422
0.590480332
0.6125387160000001
0.6088074300000001
0.6174093800000001
0.685413425
0.785873995
0.722239444
0.7227130675
0.779834565
0.40795320350000003
0.287895585
0.251244869
0.22663925650000002
0.197526011
0.2362634615
0.798765485
0.8010926855
0.21088803700000003
0.1800503745
0.131369656
0.1381778125
0.6165011610000001
0.7343478825
0.87597364
0.8931219935000001
0.8564416750000001
0.6530767495
0.5827934750000001
0.5737159759999999
0.5287106420000001
0.1976194095
0.19593523550000003
0.6581297025
0.8020159620000001
0.7135027784999999
0.6873324845000001
0.1275931982
0.10560256100000003
0.07503515990000001
0.07853253845
0.11846058195
0.15963796450000003
0.876094148
0.8778718865000001
0.9012784240000001
0.8369014710000001
0.7707087510000001
0.7457946769999999
0.749673789
0.707133639
0.298450457
0.7983039095000002
0.214024002
0.103091917
0.1057299145
0.194181618
0.237148521
0.6987887070000001
0.784098823
0.2179807945
0.19547079
0.600367689
0.60968893
0.6323912890000001
0.14024249650000004
0.10100481410000002
0.09143197915
0.12470436559999999
0.6832769595
0.13535820950000002
0.074675237
0.06325236355
0.0701734173
0.13320028650000001
0.883020365
0.8898363604999999
0.1631696395
0.18441025750000004
0.1724220365
0.7028487145
0.1160889786
0.1191557252
0.11914713900000003
0.7852246110000001
0.7628917350000001
0.102945119
0.09956456715
0.07612511920000001
0.07446767725
0.19434316720000003
0.8918704135000001
0.9121028310000001
0.9133388175
0.9416863639999999
0.9346300599999999
0.8941304020000002
0.09884091595
0.06309459325000001
0.08954965819999999
0.0835595837
0.11618239070000001
0.78076986
0.10151276900000002
0.07359323770000001
0.07364091585
0.12362966270000002
0.09253012950000002
0.07328404050000001
0.06832429535000001
0.06845552049999999
0.0697215905
0.08069773350000001
0.15502674300000002
0.83166682
0.124677924
0.0792682801
0.0760536342
0.11074492400000001
0.646181635
0.1414238707
0.1312474767
0.22994374520000002
0.24540996450000002
0.8281300735000001
0.8256849785
0.6462514415
0.1623230985
0.18152107550000002
0.2851145205
0.359777046
0.42220020500000005
0.38755313399999997
0.207360673
0.19127092
0.12112637799999999
0.0977607885
0.09681037199999999
0.09481226800000002
0.1052067995
0.09098218500000001
0.0818549077
0.08153256355000002
0.07341664349999999
0.06264592625000001
0.07816137480000002
0.21664276550000003
0.9084185650000001
0.925367047
0.885587374
0.839933061
0.791003384
0.759637872
0.7208625000000001
0.0791622232
0.0562315978
0.05887836750000001
0.0947656912
0.0834211166
0.10405482730000001
0.680971313
0.6574579155000001
0.1056847065
0.0839686867
0.10709831700000001
0.314322136
0.8697403475000001
0.12053056000000001
0.0679131079
0.06469412555000001
0.06561631135
0.0620898246
0.05835430015000001
0.0571426905
0.06177512724999999
0.0907119323
0.7732463850000001
0.202585966
0.11260045949999999
0.113378375
0.8485611430000001
0.889160774
0.9203982900000001
0.9285573500000002
0.942719941
0.923060722
0.07233713920000001
0.04775065215000001
0.047354509350000004
0.059425709800000004
0.09919102545
0.7336018990000001
0.0960830035
0.06265152870000001
0.05927805625000001
0.06811213995000001
0.08581729950000001
0.08496201474999998
0.17031661
0.8485902470000001
0.15870706250000002
0.09001259650000001
0.076460399
0.08242987450000001
0.0874781225
0.07901416625
0.07644579360000002
0.0773515323
0.11461462400000001
0.6986771
0.09269553270000001
0.0621669588
0.06322520825
0.0844652705
0.2710078555
0.8709487190000001
0.13741266000000002
0.06361857755
0.057805324400000004
0.08295685810000002
0.8449999645
0.8838470725
0.9018034485
0.9114479735
0.09083243555
0.0558492711
0.061486603300000005
0.131466608
0.8679919779999999
0.9209967250000001
0.835869996
0.09694186680000001
0.0651507562
0.0550957382
0.06014391140000001
0.0621039287
0.06221307915
0.078308918
0.08974183725000001
0.0883467693
0.1066747707
0.6662157209999999
0.673019411
0.6869497120000001
0.7903360195
0.6588111025
0.15344445250000002
0.12254998900000001
0.13648137999999999
0.13582874800000003
0.6756339560000001
0.7269975595
0.8116670720000001
0.878256855
0.8389642550000002
0.8422132685
0.8689917260000001
0.79376441
0.7378188535000001
0.6824237919999999
0.176541997
0.1977567215
0.1449410005
0.16528508350000004
0.671343142
0.8413264850000001
0.85451461
0.7639783700000001
0.8120745585000001
0.7126780985000001
0.7395154700000001
0.866657947
0.8608592005
0.1380456315
0.09031738485
0.09310215005000001
0.080077387
0.112986486
0.0708237505
0.0657480153
0.08940723480000001
0.8008141015
0.8905332580000002
0.7972733160000002
0.16977532050000002
0.138575548
0.647373378
0.225076875
0.7879208325000001
0.884277422
0.1175214217
0.0595461907
0.052012208750000004
0.0543871885
0.08419973695
0.8668258750000001
0.906825898
0.9154513150000001
0.872918649
0.07784439840000001
0.0554330091
0.0706013842
0.0834460705
0.24679661
0.8996628925
0.887034055
0.260288071
0.69084756
0.17145133
0.24609462950000002
0.7439936115000002
0.718368263
0.673182808
0.19913531250000002
0.6657352900000001
0.11435398575000001
0.11067959490000001
0.1055602665
0.097685519
0.14228456825
0.11461336375000002
0.15153756924999998
0.7998137225
0.703335161
0.7419170115000001
0.880180748
0.9110407840000001
0.9148846030000001
0.9089830625
0.8821748300000002
0.760111235
0.6668165520000001
0.1888066619
0.1651815985
0.192432744
0.193704022
0.697509217
0.8304257965000001
0.7552938815
0.7775659570000001
0.8825776435000001
0.9015516250000001
0.8816591540000001
0.891091187
0.8708321375000001
0.8991341220000001
0.8996886575
0.857416119
0.277568814
0.24647484900000002
0.1733112405
0.18329649150000002
0.5745202309999999
0.58473147
0.5856438500000001
0.572789864
0.18462369450000002
0.1661709765
0.22950426150000003
0.1931197835
0.17893526800000004
0.303917336
0.6727971520000001
0.8069687635000001
0.272959123
0.176673621
0.574801802
0.5442866745
0.1352738134
0.143379809
0.29832369400000003
0.8458199700000001
0.7708052850000001
0.7234227000000002
0.6875400170000001
0.6994070950000001
0.6703783285
0.095362089
0.06978484225
0.08506604325000001
0.18210024600000002
0.8736277835
0.881482726
0.8670968805
0.852284445
0.8408829775
0.8253633330000002
0.80200711
0.8101552410000001
0.8345532670000001
0.8670168340000001
0.100255926
0.0632631894
0.06823101725
0.09011417845000001
0.718100346
0.7527519180000001
0.85995186
0.7700480430000001
0.6990899545
0.6407029900000001
0.1923227945
0.1532005495
0.217564271
0.680224938
0.804210805
0.694124232
0.6238231360000001
0.28988605300000003
0.4975892930000001
0.799754367
0.657549755
0.22190145600000002
0.19096124950000004
0.246639296
0.196447005
0.15600631950000002
0.1668817325
0.552368885
0.6392119240000002
0.698613318
0.8227523315
0.8260051235000001
0.67268665
0.3313143405
0.19153127300000003
0.189945754
0.6039747555000001
0.6325591440000001
0.6784443800000001
0.7926999100000001
0.1571862665
0.10452557450000001
0.1187362065
0.098416617
0.10862484300000001
0.16247168199999998
0.6594788900000002
0.6410978435000001
0.1241730465
0.11142157970000001
0.12050876900000002
0.2812390495
0.857323974
0.13406378125
0.11345467915000002
0.07734761890000001
0.11447350760000001
0.7177593010000001
0.08574547399999999
0.052352855999999996
0.04855621455000001
0.05759224965000001
0.11182752600000001
0.9167059675
0.9389592805000001
0.9529769725
0.9505820585
0.9276139615
0.06770873675
0.04353441175
0.0429673185
0.0506461954
0.08539405875
0.7651773835
0.1565093172
0.0724651478
0.0767804477
0.12855703870000001
0.9059055800000001
0.9326237374999999
0.917905297
0.17519713250000002
0.1027081202
0.14911880730000002
0.12295979150000001
0.640103505
0.11604801540000001
0.10370288775
0.1779981685
0.8674892180000001
0.875207713
0.2236636065
0.252467455
0.1076574423
0.0818586782
0.09054583160000002
0.11589402750000001
0.2265827675
0.184516936
0.24587030299999998
0.17338184450000002
0.26631936450000004
0.23758574700000004
0.25571485099999997
0.8728106345000001
0.872475297
0.117563899
0.0734935762
0.07642942524999999
0.0754816675
0.126346496
0.8753939740000001
0.873626075
0.22924611550000001
0.35887211599999996
0.8264279035000001
0.8500291609999999
0.8410429565000002
0.842240363
0.8702930200000001
0.30525097149999997
0.2312478645
0.845661403
0.756208527
0.09437778750000002
0.08165800025
0.11855649290000002
0.103438133
0.161192772
0.8429587750000002
0.8375524235
0.23243715950000002
0.26727803400000005
0.20498520950000002
0.17009946
0.213651026
0.4967312035
0.5408381725
0.5887688255
0.583548977
0.599857492
0.6375475930000002
0.67114679
0.781960803
0.654496503
0.1683401085
0.144187646
0.1631438505
0.1486557951
0.21758841300000004
0.69219059
0.7411241325000001
0.78503662
0.8648916520000001
0.782156881
0.742152701
0.218022144
0.1003152895
0.077010111
0.078519217
0.10355321300000002
0.20121044300000002
0.2726567555
0.21587611450000005
0.6470824300000001
0.7021613100000001
0.767048732
0.854494953
0.829751259
0.32492606450000006
0.336145662
0.45304218600000007
0.6812513670000001
0.7014296619999999
0.7791489300000001
0.285916809
0.618649478
0.11258460900000002
0.08214534305
0.07987370369999999
0.10646726749999999
0.1224016785
0.15591647100000003
0.7908561919999999
0.8084352565
0.8463938070000002
0.9102990495000001
0.92107351
0.895990088
0.8998436530000001
0.7846853910000002
0.117422792
0.15797353350000004
0.13809840050000002
0.07665718215000002
0.07042928575
0.09161717500000001
0.1509036805
0.7818619025000001
0.1428702773
0.09247541165
0.1016143493
0.16821764549999998
0.708429642
0.10844569975
0.07303007785
0.05820559745000001
0.05083531170000001
0.04784523905
0.0531214153
0.0814451763
0.8660270540000001
0.9234010925
0.9363669600000001
0.9229599315
0.8510624530000002
0.839953513
0.884638735
0.9333775520000002
0.939244805
0.930353622
0.8672625410000001
0.0744594472
0.05871226930000001
0.04662763760000001
0.04696948455000001
0.051402174550000006
0.058693322150000005
0.07335933965000001
0.1475722382
0.10357342940000001
0.129675804
0.26753218400000006
0.8546691255000001
0.8355108700000001
0.8549434379999999
0.8921553825000001
0.8947036275000001
0.8743478330000001
0.8226849965
0.8643388990000002
0.8624859205000001
0.8034723225
0.8290126250000001
0.5375936280000001
0.27388276050000004
0.34731486450000004
0.28774410300000003
0.6583426865000002
0.7144327469999999
0.763914326
0.8528077159999999
0.7377014415
0.15165201
0.1166771942
0.16340137600000001
0.09957942740000002
0.1163837017
0.688478701
0.25311909200000005
0.16199379949999998
0.69383644
0.09492608599999999
0.06639126420000001
0.06681043985
0.0664577373
0.06590817430000001
0.06420319285000001
0.05932166700000001
0.05658775965000001
0.064101
0.1358544205
0.902894047
0.9224095600000001
0.9127822270000001
0.921875007
0.9054717755000001
0.8953078045
0.895254575
0.8778716230000001
0.15611352199999998
0.178761269
0.7856333270000001
0.1221828485
0.11196198850000001
0.21545033749999998
0.850656626
0.903627458
0.8804046875
0.851956518
0.826894715
0.8019446430000001
0.770878908
0.784219549
0.7832556380000001
0.8287774570000002
0.860160007
0.8671472410000001
0.8548587519999998
0.8039759275
0.123940958
0.10596409050000001
0.16596248450000003
0.1014487265
0.12393429859999999
0.6928727819999999
0.1331955255
0.12670418785
0.09238409970000001
0.0947077301
0.12727225969999997
0.104146058
0.13816115
0.638629222
0.18153335350000002
0.2132550875
0.19991000250000002
0.380425843
0.83103331
0.8052012855
0.7686215165000001
0.7294351745000001
0.7494055370000001
0.82211316
0.8011999265
0.806813515
0.869060028
0.8822160105
0.8579775385
0.7947211755
0.7946326810000001
0.8168770049999999
0.84364103
0.8650196700000001
0.8471455150000001
0.8339204815
0.845197787
0.7854760310000001
0.7624159300000001
0.7423683365
0.13681962
0.09218376250000002
0.0855202565
0.104322749
0.15488959700000005
0.39005789300000004
0.8084951429999999
0.6397554615000001
0.16627712050000001
0.1646923195
0.28396938
0.191876534
0.2705155895
0.638310737
0.6328773560000001
0.202588605
0.13579903950000002
0.1109900862
0.10818254750000002
0.166739427
0.6265078875000001
0.1584026745
0.11515429300000002
0.1230285255
0.10824704800000001
0.13851634699999998
0.14029203099999998
0.13960400399999998
0.108444459
0.1086111925
0.1174399348
0.0982208895
0.121536458
0.7182920190000001
0.8277088840000001
0.1749846857
0.0902670423
0.08763857250000001
0.1435170138
0.848910691
0.9290563160000002
0.9194683180000001
0.08976803405
0.05220398990000001
0.049232014649999996
0.04944173685
0.05740501700000001
0.099870862
0.759674085
0.1274145143
0.13216878110000002
0.8477389365
0.8911206920000001
0.860250767
0.0865380411
0.05710434235
0.06559069435
0.05855509275
0.06271788395000001
0.08657837304999999
0.0680743791
0.0708398517
0.10645264245
0.08143972275000001
0.11584400750000001
0.24796534450000002
0.8110813509999999
0.681117636
0.6567652700000001
0.69194532
0.8075479550000001
0.27957849250000005
0.17002311850000001
0.20527841900000005
0.1163490785
0.1126932382
0.09092367900000001
0.1092102761
0.744659628
0.8668779095
0.7806333025000001
0.7272034734999999
0.7014960620000001
0.662409777
0.142537862
0.13406059099999998
0.6340871135
0.19727746999999998
0.11673260650000002
0.12320360525
0.12352644250000001
0.2118554015
0.5870218100000001
0.56412638
0.197591448
0.2493062225
0.18807614899999997
0.5854072115000001
0.2076873035
0.17535626850000002
0.144934912
0.2227890995
0.287379763
0.7140469585
0.857864372
0.8334601050000001
0.153605199
0.12675408400000002
0.48937390700000005
0.173197861
0.5619139355000001
0.208680157
0.3847453
0.910655153
0.919629827
0.7862403175000001
0.0797764428
0.051508387100000004
0.0541083879
0.05851343545
0.060331241800000004
0.07921637769999999
0.06289309505
0.061922324050000005
0.0955183361
0.834516812
0.842496515
0.14184540055000003
0.0621100533
0.057500748600000005
0.08809830255000001
0.903402143
0.9408189000000001
0.9507323599999999
0.9310288275
0.07736255885000001
0.052417426
0.06015674060000001
0.1348734105
0.864415911
0.091529767
0.05171961500000001
0.04865809680000001
0.05169022585000001
0.057015256650000005
0.08750378535000002
0.104567089
0.0916461986
0.24936493599999998
0.9089553425000001
0.92748304
0.9139251945
0.8094451100000001
0.736548972
0.6847984205000001
0.2281969795
0.19663750300000002
0.670112105
0.651207659
0.3154352435
0.7653037985000001
0.2046946325
0.194585148
0.6598452425
0.7847684030000001
0.6449291250000001
0.22559705400000002
0.20849299100000002
0.18546895900000002
0.290264068
0.3454280475
0.590106235
0.24170881150000004
0.5823367995
0.24603695650000001
0.21258661800000003
0.610409633
0.16104532700000002
0.12480752349999999
0.140043718
0.18405649450000003
0.2577527125
0.1018556765
0.075645844
0.0649516583
0.05505078940000001
0.05779259415
0.0895233884
0.8300568575
0.877834725
0.9391439
0.9445602050000002
0.9281186415
0.781492555
0.0815989832
0.0599282941
0.05998612030000001
0.07905907829999999
0.7029036820000001
0.833479257
0.7392465110000002
0.7579264170000001
0.9001298530000001
0.9217455895000001
0.906545232
0.782169086
0.7260946905
0.08528844829999999
0.060016200000000006
0.06503892975
0.07235807650000001
0.076968566
0.09048457900000001
0.07289200550000001
0.10096732690000002
0.6923029475000001
0.0940159798
0.07831574755000001
0.12237187050000001
0.14707994249999998
0.8664480615
0.9173329555000002
0.8827140950000002
0.8831475970000001
0.867025645
0.865804319
0.15042282150000003
0.07605183250000001
0.0647894303
0.09968831225
0.69648816
0.0878945105
0.0703052363
0.07147820400000002
0.07882669815
0.08163294650000001
0.11258774080000002
0.08002523970000001
0.1055317838
0.7185556265
0.7348764285
0.8659606355000001
0.7519983455
0.1253571815
0.13145338080000002
0.0692735133
0.058565945
0.06441115725
0.09077108895
0.685749116
0.14129418300000002
0.1826632565
0.22273199700000001
0.782529171
0.25459732700000004
0.172123676
0.8171288200000001
0.910797103
0.9195806200000002
0.8814517035
0.8850716875
0.921181517
0.912549477
0.8055216115
0.22625227250000002
0.719578322
0.254829438
0.7510697935000002
0.14891929240000001
0.12305870199999999
0.126572897
0.6964074720000001
0.0961041779
0.0637209392
0.06192872625
0.0651257295
0.09757106150000003
0.1609878825
0.863280403
0.8568497420000001
0.6805983875
0.674853845
0.7590619980000001
0.8929988835
0.9121784430000002
0.8913591725
0.76707342
0.6948295404999999
0.131109908
0.10509672549999999
0.11195009435
0.099050623
0.09449276770000001
0.11937877520000001
0.156071781
0.67003215
0.7231810280000001
0.7863703075
0.8746258070000001
0.8873204380000002
0.8606167700000001
0.74980789
0.7843748465
0.18821841250000002
0.15947450350000003
0.12338640480000002
0.14420378550000001
0.14921508950000004
0.1429983133
0.6444788235000001
0.6459761310000001
0.6287739690000002
0.14096751240000002
0.13150895270000001
0.6584129100000001
0.651160984
0.0925458396
0.0646975708
0.07834361075
0.16717340100000003
0.7869620175
0.7724163470000001
0.7526195099999999
0.083969841
0.05438865245
0.05339542385
0.055159057350000006
0.06115329890000001
0.11971861550000001
0.14198103905000004
0.07169384545
0.12024456535
0.0760330163
0.136553456
0.9201477010000001
0.9269050835
0.8883492185
0.07822611225
0.049867114850000005
0.04821228
0.05579795380000001
0.0736289302
0.133621121
0.796492935
0.09584135165
0.0585891295
0.056932464550000006
0.07229334664999999
0.15518175599999998
0.8858470825
0.8318791535000001
0.123703824
0.0690397126
0.06728258375000001
0.09548150260000002
0.75292896
0.7733105055
0.8459832835000001
0.16762304649999998
0.147243607
0.6233411725
0.15195645350000003
0.194417641
0.1699273255
0.1042120137
0.09543190250000001
0.11676571270000001
0.6511337770000001
0.8072250565
0.78355962
0.8698209140000002
0.8707658690000002
0.8255447665000002
0.22516556300000004
0.1835435925
0.1273158195
0.1207697425
0.148875871
0.1433347565
0.20766358850000005
0.6000975605
0.222789943
0.1586384885
0.1780097685
0.1571854292
0.260099316
0.178390947
0.12187017800000001
0.11014725349999999
0.125459873
0.10008707850000001
0.1019997222
0.13587110650000003
0.673394239
0.6581492695000002
0.14484306749999998
0.1171026265
0.0900629062
0.1077862742
0.6334463929999999
0.16998461599999998
0.27320780150000007
0.6457134544999998
0.13617933599999998
0.1279190846
0.7202520635000002
0.744777606
0.84754637
0.927551013
0.924961723
0.8054369035000001
0.08931538050000001
0.0725634964
0.099189461
0.13758332750000002
0.7799842594999999
0.12249552190000002
0.0886376722
0.1023021113
0.1467128795
0.8035672199999999
0.8014822900000002
0.6237563725
0.22889457250000003
0.24169369950000003
0.7664778050000001
0.46725381000000005
0.3917750280000001
0.31290920949999995
0.192545206
0.5653037015
0.1321337145
0.13279498850000002
0.1385604316
0.169432999
0.10911414140000002
0.1195621344
0.668876535
0.7485644060000001
0.8948892520000002
0.9056861635000001
0.8768629660000001
0.6475237620000002
0.12422840745000001
0.1271934308
0.16114107100000002
0.1003574171
0.11314302365000001
0.6806646649999999
0.7049745105000002
0.832458251
0.12329137525
0.08069969900000001
0.06796168735000001
0.088172799
0.6346292250000001
0.11560289550000001
0.1209961917
0.33274628100000003
0.8928640725
0.8511591510000002
0.18640203349999998
0.07580818700000001
0.06980684245000002
0.11153377250000002
0.8895070000000002
0.9167272095000002
0.883778645
0.8867405454999999
0.9224803199999999
0.902436268
0.08355873109999999
0.0553203942
0.05510898240000001
0.08240925585
0.8397515280000001
0.867063871
0.8688760600000001
0.8257304280000002
0.08011995425000001
0.0641531316
0.07755665445000001
0.086940285
0.8575066179999999
0.9307700630000001
0.9429679700000001
0.927728655
0.7883780385000001
0.0675808179
0.0550757392
0.0678513163
0.13228023300000002
0.8512541270000001
0.9050326815000002
0.16641190050000002
0.0752108265
0.07107750859999999
0.058031420800000004
0.06921945440000002
0.14054544015000003
0.18544951575
0.8436438500000001
0.8958299450000001
0.8655247209999999
0.1512262665
0.13517305980000002
0.20525262700000002
0.6680059740000001
0.351653308
0.23888263250000003
0.683496106
0.7174971684999999
0.857095548
0.8411246800000001
0.15973519325
0.145025604
0.18808263249999999
0.274099501
0.26797012
0.17110540525000004
0.5787472459999999
0.16419538320000002
0.1967400115
0.2364937095
0.31218037449999997
0.7593330600000001
0.27686181
0.3390323125
0.6591133195000001
0.65983181
0.6888458195000001
0.7067467470000001
0.1604794895
0.10410829500000002
0.07748242345
0.08930110100000001
0.08197619649999999
0.11314416070000001
0.14972798500000004
0.2896014715
0.783694232
0.26160944249999996
0.3227678255
0.18468360699999997
0.1971052515
0.6124021884999999
0.33096789949999994
0.23149508350000003
0.2945698635
0.2330435195
0.2116378615
0.28908579999999995
0.2320942375
0.589819491
0.5701826124999999
0.5761266160000001
0.620303554
0.721976288
0.24880593150000002
0.223285118
0.2795291015
0.21514771100000002
0.2927281445
0.2555842525
0.26105821500000004
0.7756253180000001
0.682971986
0.6678650680000001
0.7837645594999999
0.19587987199999998
0.1425969155
0.21137189850000002
0.20867331400000003
0.7408401569999999
0.8474396030000001
0.109670467
0.07207574735000001
0.08448060950000001
0.19217770450000002
0.7404730850000001
0.0974262275
0.0633228141
0.058879717250000005
0.0591297755
0.060800720850000003
0.06889548845
0.09600114015
0.0647678099
0.0905730787
0.8579210090000001
0.8689061165
0.8809905900000001
0.8981736585
0.9063577720000001
0.9125098385
0.0832588137
0.05782048575000001
0.06213901705
0.0943752646
0.10376089775000001
0.671732115
0.12072653025
0.12216742700000001
0.6388733695000001
0.138687598
0.173526005
0.6727431690000001
0.14288924100000003
0.0874203841
0.097721219
0.15442772600000002
0.8418181610000001
0.852966795
0.3612771235
0.22326735649999999
0.1766058415
0.2502072195
0.563743291
0.6307979389999999
0.7681457340000001
0.252101786
0.153146424
0.132476361
0.16999316739999998
0.6367167650000001
0.1090340875
0.07295458655
0.06544692205
0.07476624145
0.12398962220000001
0.7828675340000001
0.913290559
0.9173662910000001
0.7945093795000001
0.17643305700000003
0.07119137685
0.058114585249999996
0.06799468100000002
0.138450905
0.7224719799999999
0.6748758724999999
0.08781078750000001
0.06111308455000001
0.0676048023
0.10755331420000001
0.8255935755
0.884362545
0.19806513250000002
0.15517875990000002
0.7362806295
0.17249988200000002
0.17992302
0.8428357420000002
0.11824409770000001
0.05843265560000001
0.0524115509
0.06828129035000001
0.1861041955
0.916591707
0.920984612
0.8558799025000001
0.07655007965000002
0.05047400625
0.050150978150000004
0.07069215050000001
0.17736801400000002
0.8424547714999999
0.17026133699999998
0.2024568395
0.752684393
0.2084361655
0.4072548390000001
0.9102093940000001
0.912138682
0.217564394
0.07932794360000002
0.08594717
0.157292288
0.8682019115
0.776416308
0.09601949175
0.06432273425
0.0585949146
0.06963425235000001
0.11652108180000001
0.7368692595000002
0.667449538
0.121151857
0.09930005149999999
0.20164616250000006
0.29023342300000005
0.823715427
0.7987867845000001
0.773318857
0.766248268
0.1248649705
0.0929670115
0.07432394629999999
0.08808357665000001
0.776511891
0.838772863
0.916656498
0.91329709
0.790325138
0.0856491963
0.0742632285
0.07565765749999999
0.11078055075000001
0.17845315200000003
0.680326794
0.2634388205
0.1280182125
0.1498352145
0.254251088
0.6533321424999999
0.70965861
0.8615040465
0.8409682035000001
0.27302456300000005
0.32521645400000004
0.1802628225
0.12170719980000001
0.142213391
0.15135939450000002
0.2135253345
0.8089196330000001
0.7336722400000001
0.8095076050000002
0.26688143000000003
0.271996937
0.7847028775000001
0.2979585585
0.20908495650000003
0.7142742689999999
0.833451411
0.1152883614
0.0772715109
0.07688424079999999
0.1257100885
0.8820908460000001
0.8695111210000002
0.7950407735
0.10427138250000001
0.06281620580000001
0.0641136421
0.1025506435
0.6982881310000001
0.6716730780000001
0.24421144250000001
0.4903198640000001
0.8431033680000001
0.15824292350000002
0.103001747
0.0986671575
0.13813632580000001
0.25126471100000003
0.13844149719999999
0.1914408985
0.35001734450000005
0.6428721470000001
0.30245040900000003
0.44398144300000003
0.4082398895
0.375053349
0.2511415135
0.18861722000000003
0.5812744974999999
0.5786286725
0.1701565395
0.1016261465
0.091145266
0.133715097
0.790676437
0.911302431
0.9109852115000001
0.774064233
0.1456503395
0.1178741605
0.131710398
0.21082672150000004
0.10548495
0.1331826037
0.15191757700000003
0.17536386600000003
0.2129183815
0.3566894305
0.64539488
0.6909698799999999
0.7996297944999999
0.65289412
0.26902368600000004
0.32112223
0.18011644999999998
0.1577252945
0.20712732499999997
0.7408374600000001
0.353319073
0.47215797000000004
0.4389094065
0.42423257100000006
0.861688243
0.886050533
0.8585204700000001
0.9034902360000001
0.9116550135000001
0.9038254755
0.9182381265
0.917260282
0.8864815545000001
