0.8113447
0.8240408790000001
0.8366570729999999
0.85050618
0.8748740495000001
0.88392271
0.8667515760000001
0.7018672180000001
0.37150519249999997
0.3138480295
0.29288506650000007
0.31093561300000006
0.25718110050000004
0.23661973400000003
0.203528648
0.2442602505
0.3341157695
0.6245270235000001
0.17196504750000002
0.16501491350000003
0.11797619980000001
0.10401217750000001
0.1190293273
0.148948136
0.1240484033
0.14466545000000003
0.1267468707
0.141780985
0.1231162055
0.17123750250000003
0.7879144929999999
0.275682584
0.11463394850000001
0.10285126500000001
0.153318843
0.8334063335
0.80732011
0.791887297
0.7765781195
0.743511069
0.7150086549999999
0.8041167730000001
0.1225095645
0.09673224100000001
0.1165432765
0.22304489100000002
0.820578675
0.7779334699999999
0.7621991595000001
0.7988581940000001
0.838751538
0.7985996975
0.7515010035
0.7270284955
0.7510090045
0.792013867
0.8315698575000001
0.814940778
0.8019294225000001
0.823624272
0.7319849159999999
0.35712526350000007
0.32130789099999996
0.2254699805
0.18756741750000003
0.15304820550000003
0.1102399533
0.10121949699999999
0.14115435850000002
0.179917935
0.62771708
0.24410919400000003
0.24357674
0.6335128185
0.2698745295
0.20079460300000002
0.1906128
0.7888746180000001
0.20055718500000005
0.15257893749999998
0.672077958
0.094069094
0.07030383274999999
0.0738008555
0.08976796299999999
0.12849759570000002
0.7120475345000001
0.09823563880000001
0.06643801150000002
0.060033880000000005
0.05728147
0.0615240188
0.090661388
0.8343104510000001
0.9065040080000001
0.9111903115000001
0.8515168630000001
0.843833978
0.851908916
0.869076757
0.884843846
0.9004150490000001
0.9058277105
0.9006867935000001
0.8970317700000001
0.0820331245
0.05071021405
0.04541389505
0.047652181450000004
0.057214059
0.1089762205
0.8759790949999999
0.892763561
0.753337469
0.7017050109999999
0.727331449
0.179661699
0.1018126998
0.11825489600000001
0.1374739185
0.22736468900000004
0.8845812909999999
0.8828497605000001
0.8612823225
0.8368874165000001
0.8566188819999999
0.8658591170000001
0.8779096780000001
0.123957524
0.133299552
0.11770264075000002
0.07288885080000002
0.07785829400000001
0.08884079025000001
0.20347516750000003
0.7376686505000002
0.10289727240000002
0.06800557300000001
0.06745117774999998
0.09548880500000001
0.33068928200000003
0.8359777890000002
0.3749935915
0.4076032300000001
0.312182088
0.682356011
0.1922492779
0.272782272
0.20793255215000003
0.1078058822
0.09701563969999999
0.1197506299
0.2226555455
0.28459186500000005
0.3322814015
0.335266724
0.476334649
0.7095560475
0.7138888649999999
0.774400445
0.69776671
0.48090902500000005
0.6496715775
0.656660587
0.517996115
0.416182171
0.29097425350000006
0.21544408599999998
0.276970579
0.23772402400000003
0.21059139550000003
0.568330378
0.53693311
0.2872002765
0.21696471950000001
0.17638514400000002
0.23333205099999998
0.18532489249999998
0.15887110750000003
0.246003307
0.212012012
0.7315752800000002
0.202149408
0.21967269350000002
0.15082178200000002
0.22173627250000003
0.8096423030000001
0.1923344395
0.1237363283
0.093587161
0.0753561637
0.1166337045
0.11194331465000001
0.8366864555000001
0.869572733
0.9134890915
0.814571856
0.0860771499
0.07567114730000002
0.0725833326
0.12959636825
0.1861203115
0.2594287695
0.71266276
0.8197639620000001
0.279992058
0.143865764
0.14765790500000003
0.13660765600000002
0.44231902300000003
0.498859506
0.499728174
0.19883505250000003
0.26362504700000006
0.1475929712
0.12583317500000002
0.1283707725
0.17714030400000003
0.21032536400000001
0.7753542285000001
0.6903389895
0.675276685
0.6601898
0.6344598115
0.141529581
0.10650502200000002
0.12410469400000002
0.112756152
0.12872171100000002
0.197663973
0.1554740308
0.123969914
0.138433888
0.68584972
0.6793117959999999
0.329782245
0.373380834
0.497980574
0.8534928589999999
0.85968261
0.8778417365000001
0.8588172335
0.8822122345
0.8833561225000002
0.8659797524999999
0.779818799
0.82261771
0.287027146
0.25382163550000003
0.32149119249999997
0.662302075
0.6476879050000001
0.128690522
0.1011056235
0.107998908
0.17568648
0.6888908155
0.8151638349999999
0.826068384
0.721015184
0.6738828574999999
0.767045356
0.658900879
0.2377309065
0.18266837800000002
0.120487649
0.1122453337
0.18889040550000002
0.6618222775000001
0.12324022150000001
0.0985263245
0.15035165075
0.0996175655
0.07692665550000001
0.07576033150000001
0.10018775750000002
0.0879372392
0.15692123449999998
0.8071697600000001
0.7883854220000001
0.1223070225
0.06938106390000001
0.0593697493
0.0581731204
0.0588890627
0.0778312786
0.10448025650000001
0.15716960350000003
0.861358895
0.8565819675
0.8457842769999999
0.8669460005
0.862864837
0.2434937245
0.19728457749999997
0.1586553555
0.1279897355
0.688919607
0.0931960643
0.0714273784
0.081728932
0.09845606949999999
0.0838389712
0.07588885625000001
0.06752017685
0.0616690765
0.06595184315
0.09689665075000001
0.107271096
0.870253139
0.8972481670000001
0.9022734545000001
0.900294242
0.8997072100000001
0.898193177
0.889520697
0.8725578775000001
0.8451439815
0.09942633429999999
0.066182937
0.04818610475000001
0.04485364894999999
0.051023911850000006
0.067667102
0.15971619550000002
0.8951262000000001
0.9158903465000001
0.869444117
0.2133967125
0.08175567600000001
0.07244159900000001
0.06478716500000001
0.06144205109999999
0.06412979675
0.07629046660000001
0.095623109
0.1731581605
0.772687588
0.8410102335
0.14165012300000004
0.09988440595
0.07521936384999998
0.09576419045
0.6620399360000001
0.0892124767
0.05710972565
0.05656810665
0.0953437225
0.8869744135000001
0.9288513080000002
0.9447574995000001
0.9101379100000001
0.0974817213
0.048882297750000005
0.04088243325
0.042628039799999996
0.0472668769
0.056349812400000004
0.09731586800000001
0.14807695950000002
0.8718680750000001
0.9148234370000001
0.9226255050000001
0.9203287895
0.910286255
0.8825599400000002
0.907180528
0.9163560450000001
0.9178197810000001
0.903809664
0.819463928
0.307519969
0.16277476
0.18205854500000002
0.32408610950000005
0.4791832310000001
0.8201691235
0.690482997
0.5999827280000001
0.14971159650000002
0.14654474250000002
0.2302988705
0.19660559850000003
0.33426043400000005
0.792903488
0.4018661445
0.36006179450000003
0.14787677700000001
0.11954739900000001
0.1308052533
0.1575850885
0.1848030738
0.24253419850000002
0.165339953
0.12448498150000001
0.12797153800000002
0.543099915
0.13604319550000002
0.1318225645
0.5752937275000001
0.208618128
0.5995701775000001
0.20909568700000003
0.429262468
0.8666470500000001
0.7403249080000001
0.143184217
0.1578285685
0.121029584
0.6453620890000001
0.09149885125000001
0.0630962706
0.0629500845
0.09212989880000001
0.8169103630000001
0.851318741
0.8740317499999999
0.8929551689999999
0.9072798025000001
0.9217930965000001
0.85204778
0.0867765985
0.06155009695
0.0660223803
0.11350276550000002
0.7774581549999999
0.136979499
0.13379275950000002
0.18176531099999998
0.778557369
0.744825085
0.6996738090000001
0.1770390285
0.1556647125
0.6293552385000001
0.2758287755
0.6759319475000001
0.194666919
0.19556207800000003
0.748571889
0.17667070449999997
0.1645951225
0.281398326
0.32725190249999997
0.7552794055000001
0.8398138925
0.7761851790000001
0.7485787020000001
0.7863032925000001
0.20902480600000004
0.19322249400000002
0.1619114
0.23430586700000003
0.2011227495
0.1932284915
0.3167010425
0.3843620265
0.7872750574999999
0.7098078915
0.683044858
0.6527057374999999
0.606431103
0.587818908
0.22044918
0.29333709900000005
0.23483904700000002
0.2023609875
0.2987825785
0.2798977415
0.31777480999999996
0.640788534
0.6080858495
0.347223907
0.662212749
0.7793097305000001
0.7125939795000001
0.6754176575
0.633625825
0.6315971570000001
0.6541383075000001
0.6865973485000001
0.684587042
0.129964726
0.097752785
0.105985448
0.10374825650000001
0.102878985
0.0961944275
0.12975016400000003
0.139343973
0.15490657800000002
0.14206594530000002
0.12473896500000001
0.11609280500000002
0.15485167400000002
0.1620433965
0.19430178650000002
0.3437854255
0.3673006465
0.24736939749999998
0.1801912005
0.14561834199999998
0.152728509
0.1268297115
0.11313589575000002
0.1027196977
0.09458980980000001
0.0926987083
0.1064314065
0.1429321215
0.717392777
0.7959833770000001
0.8930729975000001
0.9067633580000001
0.8882451800000001
0.8038711024999999
0.7615901870000001
0.756015885
0.8323638010000001
0.7359966535
0.14687853150000002
0.18046428750000001
0.135066911
0.15173914349999998
0.11100440225000001
0.09903875740000002
0.1099809162
0.698862898
0.0900142426
0.06778546415
0.08568937719999999
0.0795831664
0.1049471225
0.7768462585000001
0.725546339
0.09096617770000001
0.05795753765
0.0561822149
0.0846283842
0.8470883115
0.8804094309999999
0.8883609095000001
0.910654749
0.926476862
0.9340522020000002
0.906813086
0.8381226724999999
0.07114355184999999
0.053475146400000007
0.06039912965000001
0.113642475
0.8632025300000001
0.9062222185000001
0.19266133549999997
0.14509812679999998
0.08492078189999999
0.06758638535000001
0.0990369524
0.717226786
0.10693538250000001
0.10907089375000002
0.0786612627
0.10852418675
0.16646369519999998
0.130310218
0.1122874695
0.07930082249999999
0.07377820265
0.0845843485
0.11764051025000001
0.6484815
0.734948079
0.826706663
0.7714885180000001
0.758131617
0.815804959
0.2049682315
0.139460623
0.118485938
0.1292832069
0.587285805
0.1228421185
0.0978191565
0.11848808649999999
0.6886383115
0.723628262
0.1784291675
0.16234775650000002
0.09426136170000002
0.0698198197
0.0936462485
0.08459783520000001
0.08599943950000001
0.11423877399999999
0.8354157085000001
0.237279158
0.1221668878
0.23318056650000005
0.8986310655
0.92304692
0.9289566875
0.9301058935000001
0.898902925
0.16562111499999999
0.0947204422
0.13477793
0.718864835
0.1135986632
0.12329027375000001
0.13857843500000003
0.16699104050000002
0.8266261220000001
0.8642875055
0.8895725350000001
0.9070115905000001
0.8602658530000001
0.777984899
0.102318907
0.08806850549999999
0.13369257650000002
0.23631145850000002
0.726619364
0.716006355
0.113512729
0.07681935510000001
0.07312547820000001
0.0779740294
0.08460904360000002
0.0918705065
0.12358138825000002
0.5992668645
0.28062207600000005
0.565444238
0.83618106
0.8262892550000001
0.14356106400000004
0.09845647925000002
0.09720154835000001
0.13940068149999998
0.22265507550000002
0.8471958625
0.7578115565
0.754690654
0.7829934595000001
0.21620880450000002
0.0930573878
0.0560734566
0.05045348780000001
0.049786500750000004
0.048813652500000006
0.05205871145000001
0.08010778175000001
0.8565820780000001
0.9151361300000002
0.9156247150000001
0.9170194525000002
0.9238062340000001
0.9131511040000001
0.9074780819999999
0.9059222650000001
0.8987720685000001
0.8858412130000002
0.10722495100000001
0.08781516865
0.14375412650000002
0.8435592550000002
0.879632812
0.09155170205000002
0.05921408665000001
0.0645170973
0.1277028442
0.20454247400000003
0.8737854825000001
0.9208322540000001
0.9101695900000001
0.39656242300000005
0.22832308350000002
0.11960474169999999
0.10983789960000001
0.1563801875
0.578298328
0.6035517255
0.25473727850000005
0.22497775200000003
0.6493658520000001
0.6540282235
0.717290215
0.7599005885000001
0.839274131
0.136926674
0.08539186100000001
0.070272703
0.06624039155000001
0.0838499358
0.09908291670000001
0.8286414354999999
0.8548940635
0.8759540865000001
0.8759832244999999
0.8809357540000001
0.8802966400000002
0.880154575
0.8838380870000001
0.2770905805
0.2054124255
0.13188016900000002
0.081366568
0.07355475124999998
0.10536866825000002
0.6474732575
0.1459369355
0.128008738
0.128524806
0.14352120950000002
0.21586032500000002
0.780765365
0.7293042109999999
0.7105952835
0.675551612
0.6035550085
0.5784954234999999
0.22412877399999998
0.1886272787
0.20497543899999998
0.6669860965000001
0.8152452144999999
0.8178252000000003
0.833834235
0.8716216980000001
0.8439136850000001
0.8205810130000002
0.8305131295000001
0.169297527
0.11401735700000001
0.0947843825
0.0855084303
0.12194137530000002
0.1376449775
0.12959323700000003
0.205814869
0.809307802
0.1587202175
0.07953937225
0.07688497764999999
0.13542879925
0.8373937790000001
0.898634494
0.840784903
0.7813783870000001
0.7542034715000001
0.1526623129
0.126751023
0.09651377750000001
0.05999399615
0.06743377055
0.1934059308
0.908542528
0.9324078779999999
0.9295677070000001
0.9217279930000002
0.11539999650000002
0.052528728
0.049014683200000006
0.05960322520000001
0.07633616680000001
0.08152456954999998
0.0736099305
0.07031986350000001
0.07110397225
0.07460159
0.07252012149999999
0.07553716850000002
0.09678159500000001
0.18238554000000004
0.20801669550000002
0.6271584875000001
0.17214592200000003
0.159062269
0.27462767200000004
0.27898543000000003
0.8564494750000001
0.8722743775000001
0.7259428920000001
0.6566000905000001
0.1622675645
0.1608289665
0.16375767100000002
0.16206763100000002
0.5522266875
0.6538447850000001
0.710624212
0.8200548295
0.454757075
0.2094010752
0.10922551550000001
0.07661161905000001
0.0697779424
0.0755044466
0.0901309664
0.18116864515
0.15904422450000003
0.17217888975
0.17837658050000002
0.808379142
0.33312085100000005
0.1909855055
0.5768865275000001
0.14021728749999998
0.1441103535
0.1562107623
0.7730947065000001
0.2960538875
0.7516230365000001
0.8575010625000001
0.7548363804999999
0.7336091830000001
0.701666225
0.23643692400000002
0.7193890705000001
0.7544906530000001
0.142359202
0.06521516485000001
0.06281120965
0.06435351165
0.0773585698
0.0959996315
0.14855838640000002
0.10913158850000002
0.0702020937
0.0650635575
0.0631940611
0.06251352895000001
0.060367974600000006
0.08250545660000001
0.05908109195000001
0.0720429583
0.27971950900000003
0.9215776995
0.933198273
0.915483417
0.10566046310000002
0.0511672433
0.04675529925000001
0.052782010850000005
0.058976895450000004
0.06420813915000001
0.0954179628
0.720835368
0.1011692084
0.07918563915000001
0.12493102875000002
0.787920669
0.21535791999999998
0.23327684450000002
0.24839218650000003
0.7658691925000001
0.1290370859
0.1265679325
0.1258857885
0.15906496550000002
0.7914106690000001
0.7313361720000001
0.272268514
0.792876133
0.8526477925
0.887510291
0.914216577
0.9084971534999999
0.8057848200000001
0.229244775
0.7135152765
0.14999034799999997
0.21187843650000002
0.2265844425
0.7367145985000001
0.11888775150000001
0.09833887545000002
0.0725391542
0.0865587335
0.176469783
0.12481181020000001
0.0911840478
0.10129597695
0.08070182120000001
0.09022743050000001
0.15812144449999999
0.2842284845
0.3320785765
0.8510455150000001
0.726786528
0.10640763770000002
0.0681686774
0.06158500975
0.0736066923
0.12027261550000001
0.19758550500000002
0.8457165275
0.21014976749999997
0.11178921825
0.15082727300000004
0.8768212965000002
0.875357787
0.8091696075000001
0.118058261
0.1235524345
0.28397917200000006
0.8560247980000001
0.467538848
0.394959197
0.7372089050000001
0.11943878200000001
0.08716521700000002
0.098923238
0.184653187
0.7819385015
0.8614663350000001
0.7751104465
0.698704773
0.3286283325
0.434211996
0.5485978935
