0.8363779250000002
0.862204975
0.655412267
0.272850644
0.26976464150000007
0.2998519575
0.8035460625000002
0.7768628635
0.791591373
0.8520641234999999
0.786046902
0.7776677420000001
0.844114903
0.7735139800000002
0.727822338
0.6825600690000001
0.14981939300000002
0.12201835700000001
0.11835368250000002
0.1708455575
0.490640976
0.170476681
0.1685247675
0.252085065
0.17589253300000002
0.19084624800000002
0.6455603065000001
0.672509737
0.7744922715
0.6383895355
0.21934887600000003
0.24243162450000003
0.1471374305
0.16033757150000003
0.15252262500000002
0.20854295
0.8458430230000001
0.8769270880000001
0.8203022050000001
0.282160205
0.55115758
0.507890095
0.15562196225
0.174322727
0.24498216000000003
0.20370066550000002
0.7818691950000001
0.13128942700000001
0.08321434835
0.0859859428
0.13732655400000002
0.8396352659999999
0.736587727
0.15308556399999998
0.1130633964
0.109436438
0.06864794515
0.08173628129999999
0.25481817400000006
0.9204752380000001
0.9321355889999998
0.826108406
0.08036259000000001
0.0695665031
0.052588719650000004
0.05079796710000001
0.05302062120000001
0.05487681810000001
0.05641472905
0.06179862485
0.09295803710000002
0.7663159390000001
0.10954607035000001
0.07128377540000001
0.09122559635000001
0.8565049885
0.9034471410000001
0.9191450250000002
0.9309536534999999
0.9476241145000001
0.943718887
0.9008600845
0.06535296869999999
0.04783331185
0.061648998050000015
0.05708687445
0.0965269869
0.8347945520000001
0.830770279
0.08056636555
0.04826997995000001
0.043429828025000006
0.043935958795
0.0457876157
0.055996594875
0.10508330270000002
0.9162591875
0.940820364
0.9380434565000001
0.85985982
0.903787649
0.12658911125
0.05812571040000001
0.05624731990000001
0.08517125605000002
0.14447088435000002
0.07358428060000001
0.06350096975
0.06768340715
0.0711329149
0.07363151760000002
0.08848752485000001
0.12937121880000002
0.12037369229999999
0.1404381755
0.643346537
0.6031871019999999
0.3098273335000001
0.7588920570000002
0.659432303
0.61959314
0.1304279525
0.10078405870000003
0.08418413345
0.07861538230000001
0.08710721850000001
0.1127546505
0.7182477205000001
0.7797416690000001
0.8942248395
0.878919214
0.4822436905
0.813499547
0.8954487495000001
0.8912871005
0.898499485
0.8566850450000001
0.8278931050000001
0.8568090130000001
0.348757199
0.13455330299999999
0.1365662945
0.738344481
0.8400189125
0.89691106
0.8697564325
0.8385305750000001
0.844458416
0.896504554
0.891789127
0.8276964750000001
0.8324896100000001
0.150943698
0.1269536485
0.2079338615
0.684170704
0.8151359469999999
0.7149692970000001
0.6618771999999999
0.27171076450000003
0.641518578
0.6338992235
0.15875387450000003
0.148656967
0.11121853150000001
0.1026119455
0.120003663
0.19386486750000004
0.77403224
0.6820653025
0.6190336790000001
0.300827626
0.44755607050000007
0.552681603
0.8364426115000001
0.8025267420000001
0.7245324584999999
0.4550183185
0.33143007999999996
0.299733205
0.6703448155
0.7061271269999999
0.7445970835000002
0.8110904130000001
0.20472446400000002
0.13899815450000003
0.1144063225
0.11279507100000001
0.159736802
0.179613198
0.5613225735
0.26176354150000003
0.653890703
0.769043787
0.22221817000000002
0.13156496575
0.10857431570000001
0.12661747250000002
0.16046173675
0.10928013520000002
0.13440817520000004
0.169802778
0.8833295445000001
0.897159897
0.207125566
0.087987172
0.08254397949999999
0.1531645865
0.702452507
0.1663574345
0.28795257599999996
0.8401846235
0.8394192975000001
0.838101965
0.7698433905000001
0.07796069500000001
0.0522991046
0.050017737
0.059765312849999995
0.10809257320000001
0.839399865
0.29583913550000007
0.8333708065000001
0.846012102
0.8425532250000001
0.8754001615000001
0.883402486
0.8446095095
0.2954488515
0.8364858079999999
0.0803727237
0.051462902000000005
0.049990639
0.0709820365
0.15939564350000004
0.9093768085
0.9275280815000001
0.844917335
0.10988222900000001
0.061337100850000006
0.06073062060000001
0.0652088125
0.08632530575
0.185330777
0.8511023200000001
0.11794013
0.06430717755
0.0573012718
0.05772971485000001
0.05923524395
0.05415050155000001
0.05103542795
0.053806880700000004
0.09526881150000001
0.12707686135
0.90780382
0.9134028615
0.9327970480000001
0.9209867850000001
0.9134962895000001
0.910564596
0.9007073830000001
0.8743635820000001
0.8509747030000001
0.06892832925000002
0.051314034950000004
0.04694047190000001
0.04865214525000001
0.0524764031
0.056155041899999994
0.056022469485
0.05625952260000001
0.06451828570000001
0.149487323
0.9010659514999999
0.9014101999999999
0.146465687
0.15081467250000002
0.07864732950000002
0.0723792548
0.07354210720000001
0.09250863200000001
0.11613833500000001
0.2705474535
0.776778271
0.8377739799999999
0.512664815
0.8396417180000001
0.7517848330000001
0.7025903269999999
0.13279870300000002
0.0986723005
0.12149456200000003
0.1255510665
0.187927123
0.6563431350000002
0.6581514485000001
0.09840030170000001
0.06695482000000001
0.060363583250000005
0.06925795655
0.11058272775000001
0.2643190948
0.8484262560000001
0.16366736510000002
0.14448990769999998
0.859740179
0.928196827
0.929636151
0.9279337315000001
0.9307552525
0.8554513810000001
0.07139122654999999
0.057360334
0.08430926885000001
0.14368423215
0.11095901530000002
0.0866567114
0.0962798835
0.18847788875000004
