0.44215631400000005
0.5948055015000001
0.379565746
0.303783208
0.6100043150000001
0.36781082000000004
0.401788174
0.32870617700000004
0.169263362
0.13872681650000002
0.16297057250000002
0.167858049
0.15778791450000001
0.5770003835
0.1362171655
0.133994741
0.2029487795
0.324092086
0.327196101
0.184294487
0.11069698549999998
0.0863653005
0.07893356030000001
0.0819145402
0.06785468995
0.06941533190000002
0.11073691325000001
0.0841936655
0.1670683845
0.1813902645
0.8384736585
0.8501929585
0.8572549865000001
0.8498800110000002
0.900512669
0.20714878400000003
0.0822545125
0.0582837724
0.06629185679999999
0.0738159505
0.09991106025000002
0.15363065550000002
0.154082856
0.76368383
0.6293723990000001
0.6768196705
0.8463417625
0.876465143
0.8462405700000001
0.655585784
0.6183588990000002
0.5741321235
0.194121058
0.26495667300000003
0.1972785525
0.17182219650000002
0.6634201200000001
0.6827776544999999
0.1062318095
0.0714747598
0.0706614953
0.09213352150000001
0.06803631745000001
0.0657130682
0.08939829090000001
0.6810192795
0.11639238195000001
0.1153225162
0.7978849935000001
0.8566638815000001
0.923567315
0.8979410130000001
0.922932428
0.8152169810000001
0.06867284230000001
0.0466106166
0.04481756105
0.0536408964
0.07915236260000001
0.15912329679999998
0.8101804230000001
0.1578585275
0.140678404
0.14836031049999998
0.672534331
0.680093102
0.1308142425
0.1129565995
0.1133380315
0.09448685149999998
0.08630493670000002
0.09380997834999999
0.137130906
0.19102162250000002
0.1156853132
0.1211841328
0.7469033779999998
0.8759540535000001
0.877938424
0.7259319750000001
0.710660496
0.7530067460000001
0.870491415
0.8507111715000001
0.8950277175
0.8700580595
0.12448841460000001
0.08819832315000001
0.12185501970000001
0.15507886250000003
0.113723767
0.12073063930000001
0.4968953785
0.535850815
0.227651879
0.1382296495
0.1447455828
0.1297667145
0.2139504615
0.7254295040000001
0.7709035530000001
0.872511314
0.76529296
0.2110942225
0.096203118
0.07059764330000001
0.0695521995
0.1045032565
0.1378246615
0.19366595050000002
0.10475347430000001
0.11394754770000001
0.631458902
0.6091208945000002
0.2284281675
0.140395959
0.1775949545
0.8879406500000001
0.9282649465000001
0.9363434405000001
0.9353690270000001
0.9272995470000002
0.9004773569999999
0.698579582
0.09243390835
0.10038584040000001
0.19369509249999997
0.7819739775000001
0.13372879925
0.1095864601
0.1316210925
0.1428238852
0.636410417
0.640142491
0.6139416600000001
0.149708855
0.1320247585
0.1981132415
0.18414893550000003
0.23129103550000002
0.1940542785
0.62376807
0.6193976775000002
0.6468421025000002
0.686286808
0.7268866829999999
0.8203842950000002
0.16187528850000002
0.15125941
0.18721054550000002
0.143105887
0.1153312655
0.134515917
0.610858448
0.6725523330000001
0.7230981409999999
0.8608184430000001
0.884350016
0.8562033850000002
0.642311212
0.16437751369999998
0.1174198891
0.11215373865
0.15642272150000003
0.7676447915
0.31907628450000003
0.782076115
0.191404526
0.18587382975
0.6916893500000001
0.812431081
0.183796062
0.225607872
0.8926654875
0.916337535
0.7942632135
0.0744305776
0.0470629109
0.04564923815000001
0.047048893950000004
0.0660463557
0.05166980870000001
0.07230696915000001
0.21623270960000002
0.9228368600000001
0.9516934165000002
0.9543095420000001
0.9375139105
0.093777363
0.04518401565
0.04039337935000001
0.04478910715000001
0.054482148400000006
0.0688476893
0.07328532400000001
0.13238670250000004
0.7076385210000001
0.15056660049999998
0.15159429
0.7584559049999999
0.8661523119999999
0.2930532555
0.11127862430000002
0.11713884725000001
0.5475643699999999
0.12053859549999998
0.1257193275
0.1989197135
0.41545298650000007
0.8792316790000001
0.873073917
0.1447830565
0.08566156080000001
0.07162171435
0.077444057
0.122882793
0.7061133065
0.6938469
0.31640765499999995
0.6566910575000001
0.09137223600000001
0.0735736938
0.10086992350000001
0.1015281565
0.36490895050000005
0.906777304
0.9138528475000001
0.876484255
0.8571107330000001
0.8772332650000001
0.9147425770000001
0.91939462
0.9006045055
0.16405471300000002
0.11007814050000002
0.0984868735
0.0879844628
0.10493936899999999
0.664447327
0.13188603459999998
0.13537506800000002
0.0790375389
0.07295750175
0.093347208
0.17441273850000003
0.8530245080000001
0.8509041650000001
0.137809485
0.0970598375
0.10709898550000001
0.09818392175000001
0.08678005180000001
0.12328610000000001
0.20519135850000003
0.8880204155
0.8703505229999999
0.16386377300000005
0.15041864250000003
0.816482946
0.9036769579999999
0.9181674525
0.8874292540000001
0.8733257080000001
0.880347567
0.906727072
0.872566302
0.143622936
0.15334268500000003
0.7140473555000001
0.834762797
0.149178841
0.17438542850000002
0.12619268800000003
0.2012939585
0.18254267749999997
0.10561943780000002
0.11552319780000002
0.1812311805
0.1183807538
0.20194730750000003
0.150999588
0.25413097149999997
0.325940401
0.7629067900000001
0.718811808
0.7117052715000001
0.713761065
0.18528308949999997
0.13805531200000004
0.0987425845
0.11945076700000001
0.13354265569999998
0.2277407815
0.8056091030000001
0.737249195
0.835988036
0.7941697715
0.8309456580000001
0.7476408475
0.798230188
0.297431358
0.2170449975
0.29676014700000003
0.21314354750000003
0.1809616
0.1285851905
0.10310390950000001
0.10493758
0.0995046025
0.0991779945
0.12219468025
0.195762873
0.7075274400000001
0.8154483859999999
0.7189472195000001
0.741001806
0.8212428829999999
0.6763998600000001
0.6273955579999999
0.22544162700000003
0.138271221
0.138660415
0.19156044650000004
0.673012733
0.8263647030000001
0.2265455395
0.14592815250000002
0.1876777665
0.083332423
0.0630638366
0.062207506
0.07288278760000001
0.08484075349999999
0.094205469
0.12429886000000001
0.7278325505000001
0.1515895135
0.273765865
0.8492748925
0.8881719640000001
0.9175261885000001
0.8734423554999999
0.8389824720000001
0.8617968250000001
0.188420181
0.15398527150000002
0.688703668
0.29426395350000006
0.36366167600000004
0.873357315
0.925882429
0.9368906625000001
0.936428295
0.921433983
0.8546584450000001
0.20542689500000003
0.110656931
0.0686831056
0.058629953500000005
0.0678495365
0.12964601450000002
0.2033541115
0.3666822415
0.7367848305000001
0.8128664160000001
0.289420567
0.41446084850000003
0.3021103185
0.1570142745
0.14863457900000002
0.19013318799999998
0.23446190750000004
0.310589142
0.23759763250000004
0.387965989
0.6177600200000001
0.46206501650000004
0.8159777705000001
0.8373830925
0.8700143330000001
0.8757827029999999
