0.8101982975
0.8182167120000001
0.8231687775
0.8473691920000002
0.7861973010000001
0.6495804800000001
0.5042537425
0.3421071605
0.416078898
0.8452220855
0.89085801
0.8753971340000001
0.7928804800000001
0.8526958915
0.8368400080000001
0.31966056950000005
0.175916631
0.1643711475
0.2004753425
0.684243632
0.8240427920000001
0.6979910109999999
0.6239441410000002
0.16218265450000002
0.125307332
0.1331666535
0.5836837505000001
0.6541080260000001
0.717453527
0.881698803
0.907004228
0.8854296925
0.7246703754999999
0.6979501010000001
0.08520741700000001
0.07327944060000001
0.07651023350000001
0.07305963150000001
0.06509177830000001
0.088571914
0.07049611870000001
0.062493761950000004
0.09344475725000001
0.0787930071
0.0958461828
0.862763269
0.8936784470000001
0.9081775515000001
0.8628470325
0.11617430000000001
0.12524612899999998
0.1400661555
0.7551311170000001
0.0970640765
0.09127933515
0.07286591825
0.069173177
0.12145659825
0.13261178599999998
0.10187104800000002
0.1423029695
0.8468721845
0.8465138755
0.6824594400000001
0.631120008
0.12010741080000001
0.08989085449999999
0.10052034200000001
0.160098358
0.8770246275
0.9173991265000001
0.9084933985
0.7634907650000001
0.6980287464999999
0.6599998650000001
0.11300016449999999
0.0915238603
0.140522887
0.8306693890000001
0.11450149300000001
0.08764527505
0.058638445100000006
0.0566565533
0.05539080845000001
0.06410852065
0.1265375735
0.9084703900000001
0.9123087714999999
0.09162216735
0.051668689250000004
0.04761848105000001
0.05862160215000001
0.19832376100000002
0.906067964
0.9129733130000001
0.8895331860000001
0.8613440075000001
0.0812163358
0.05102335795000001
0.047504000100000006
0.05941966095
0.1053569825
0.829299719
0.1094352425
0.0784553978
0.1154991402
0.8308343830000001
0.8147114900000001
0.8069023375000001
0.779541759
0.08589760515
0.0570707502
0.059120743249999996
0.0559559829
0.060112162100000005
0.082210801
0.21878967250000003
0.78341832
0.7601467510000001
0.1098269536
0.074660178
0.0705458195
0.07981836375000001
0.1262389415
0.1046870532
0.12433052770000003
0.7008827599999999
0.7301450115
0.852103012
0.7853488180000001
0.8488840080000001
0.6885784280000001
0.15946837949999998
0.1701599985
0.3286275195
0.8190590900000001
0.331026219
0.1508587525
0.166694534
0.09958726475
0.10273934485
0.6789871835000002
0.7294434870000001
0.7848934680000001
0.8194022980000002
0.838247232
0.875919497
0.8017332400000002
0.7346893580000001
0.1074255793
0.11046107
0.107531669
0.095561265
0.1161882708
0.11198703350000003
0.174659548
0.16827504499999998
0.1729918105
0.7302649790000001
0.7175011600000001
0.713027458
0.693461307
0.1138552562
0.08597570945
0.12231433000000001
0.79986986
0.10783836720000001
0.0683914998
0.07849763295000001
0.12339452275
0.9017188
0.9338791125000001
0.933860211
0.9431569800000001
0.9384798050000001
0.9137139310000001
0.09598170084999999
0.08344761685
0.0627971516
0.08513524030000001
0.662837919
0.09239793880000001
0.07167423340000001
0.10560807050000001
0.6634967450000001
0.1470991745
0.2061381085
0.15471953100000002
0.126150899
0.1592440445
0.08833672505
0.10081804205000001
0.1298676535
0.0862583122
0.13568028720000003
0.9083453459999999
0.9376221280000001
0.9363239225000001
0.882297674
0.7860990330000001
0.07726128980000001
0.06748701165
0.0913179235
0.13194798775000002
0.118432514
0.20254507150000003
0.7126713809999999
0.8038697515000001
0.69876912
0.6798558219999999
0.6501268385
0.5927344130000001
0.5246150980000001
0.16931798499999998
0.17165867849999997
0.15962071600000002
0.6171455834999999
0.6096922364999999
0.6203093190000001
0.6582096585
0.66277725
0.18642539200000002
0.221859401
0.15100563730000002
0.19348127500000004
0.1262068485
0.0961738035
0.11774783775
0.7301124
0.7314858625
0.11177767050000001
0.09708198065000001
0.0575835014
0.05413640685
0.06110999315000001
0.12168591500000002
0.13599807919999998
0.106478102
0.7766069205
0.289295846
0.8881948585000001
0.8936221665
0.9368524625
0.941888842
0.9362583300000001
0.9039829360000001
0.2267118925
0.7575296585
0.08146355805000002
0.0722030567
0.08727245619999999
0.1427615286
0.8811196415
0.8246687590000001
0.08547645035
0.056294091549999994
0.06461803190000001
0.06748401025
0.08474068175
0.1009783333
0.1551843985
0.11216630250000001
0.08450066099999999
0.07826928425
0.12125446500000002
0.69696199
0.6641064520000001
0.200243668
0.1504908258
0.1699643892
0.369017041
0.7106823450000002
0.1389545225
0.12099979050000001
0.08111646350000001
0.06867944114999999
0.06550414610000001
0.06949323135
0.060959347250000004
0.05479330665000001
0.0566937904
0.08454170655
0.8352775080000001
0.8552590265
0.8889010690000001
0.908466017
0.9322602389999999
0.9050294135000001
0.8953934450000001
0.12267964525
0.1250977593
0.6784358300000001
0.08730933060000001
0.07182582525
0.12109348350000002
0.15788960800000001
0.835253786
0.1853331695
0.11576759120000002
0.16632835350000003
0.14219448199999998
0.6640955490000001
0.640792143
0.6348582615
0.5928728115000002
0.17244716350000003
0.164834483
0.21539314200000004
0.42490492950000003
0.8911668580000001
0.9252239265
0.9049725265
