0.694886428
0.269821862
0.19979944150000004
0.204524926
0.349583817
0.863002308
0.9076984050000002
0.9098361550000001
0.8964431960000001
0.858552365
0.8786345805000001
0.8647176445000001
0.7609836365000001
0.6540669565
0.20130102850000003
0.195506172
0.3160104865000001
0.8062119705
0.7229551375
0.6757264000000001
0.652273698
0.216549284
0.116550055
0.10920842650000001
0.140782021
0.11652000900000001
0.132027232
0.6196171980000001
0.710891058
0.8304205635000002
0.741246885
0.7327566065000001
0.7938684464999999
0.260055688
0.24518713900000003
0.4096120745
0.7711256190000001
0.665263542
0.6383254749999999
0.6120509285000001
0.27304709549999995
0.21674820849999998
0.15216969700000002
0.16494094500000003
0.1382772133
0.1824068295
0.2211723425
0.133511279
0.138764075
0.18763560050000003
0.767662605
0.676264135
0.6494570945
0.341052092
0.244380008
0.1730957735
0.1869620235
0.7349128174999999
0.6044452080000001
0.1572746275
0.1353022035
0.1745225195
0.795469793
0.7140563240000001
0.7135177705000001
0.8181125680000001
0.16819216350000002
0.1419698335
0.1105101052
0.13022636
0.6965703325
0.6816002865
0.6363660185
0.6445922685000001
0.634966613
0.654886841
0.6377351539999999
0.6616767480000001
0.6329336850000001
0.1130600455
0.10073185550000002
0.1645357845
0.20191305800000003
0.8746112650000001
0.8928872250000002
0.7532511225000001
0.1074446412
0.077787659
0.0816754901
0.1043712235
0.19132259699999998
0.17169763500000002
0.08524428649999999
0.0656469378
0.06814577050000001
0.1208288866
0.8704947300000001
0.8398382830000001
0.80198214
0.771943725
0.8345055915
0.8931921
0.86332768
0.8407378535000001
0.8628051195
0.09808087959999999
0.06149863385000001
0.058792339000000006
0.07338999250000001
0.1179937625
0.1520596465
0.16927099599999998
0.7139913600000002
0.8061941410000001
0.7197377330000001
0.6894116935
0.7582905714999999
0.33163510250000006
0.2285836815
0.148615821
0.14632361000000002
0.18693842449999998
0.6823728785
0.8096596125000001
0.6834957999999999
0.403905833
0.2267203405
0.21924361400000003
0.614039918
0.7371442560000001
0.6158579165
0.6172331055
0.7483951225000001
0.613916083
0.158002939
0.1357862115
0.1763834755
0.504343853
0.3556512475
0.37506586
0.350702708
0.24181703950000003
0.260628058
0.5587270435
0.30712769100000004
0.364117005
0.5648818470000001
0.593114005
0.214432745
0.1301068015
0.1167839085
0.152809089
0.156024815
0.26220903100000004
0.119638731
0.09708659630000002
0.0909761003
0.093300933
0.10875792950000002
0.16089574950000002
0.755006254
0.8761903060000001
0.8818896485
0.8243588250000002
0.20206336100000002
0.158421526
0.178986256
0.1869214295
0.712172108
0.526628125
0.1450795265
0.13291414750000002
0.205823594
0.146320355
0.174190272
0.1901442425
0.7267683870000001
0.22709885600000002
0.228536438
0.39813712500000004
0.8186825055
0.6704010250000001
0.6260619815
0.1172933352
0.0903972345
0.106395403
0.216047542
0.311603381
0.466914843
0.872977513
0.8435783115000001
0.8686682275000001
0.7885170985
0.74932646
0.7289288949999999
0.7058254890000001
0.6758994819999999
0.1475811595
0.1209832645
0.1028453387
0.080697905
0.08746396650000002
0.157804065
0.79770211
0.7400385080000002
0.773788133
0.8674176769999999
0.8692900434999999
0.8219679705000001
0.6475422660000001
0.551158465
0.525538455
0.2564668825
0.587295314
0.2315976195
0.33017947499999994
0.22841370750000006
0.18180763000000003
0.11297468919999999
0.09876940800000002
0.1091069615
0.09940114650000001
0.097131307
0.1305430505
0.6501018690000001
0.115305662
0.09324129500000002
0.11694827099999999
0.12610993600000003
0.1351743405
0.793455005
0.8380549090000001
0.7219395265
0.7331638280000001
0.8366907025000001
0.770836044
0.78552908
0.885082832
0.8771481300000001
0.14994283600000002
0.153632206
0.1543385418
0.1315279305
0.14728136
0.22064503149999998
0.2128454755
0.8157079740000002
0.10637755400000001
0.061197913799999996
0.057503772300000006
0.056754416099999996
0.057803107000000006
0.08366321795000001
0.07774421449999999
0.1020647885
0.8894213630000001
0.9187054269999999
0.9192886395000001
0.8936042300000001
0.09588648150000001
0.09236069350000001
0.067649719
0.0631504195
0.0923261415
0.0808144068
0.06963101695
0.08983453535
0.6141120720000001
0.16549396
0.2219485015
0.6919736635
0.7513614420000001
0.8653782215
0.893464685
0.8955592990000001
0.8803850325
0.8244388535
0.8044030945
0.8251436855000001
0.764862868
0.6937892499999999
0.6176241759999999
0.5899495910000001
0.5552902335000001
0.180008374
0.1578706639
0.20239960150000003
0.2510341975
0.8283869605
0.8074628460000001
0.889012467
0.863434035
0.1430638145
0.095562451
0.07832971550000001
0.0795657245
0.1392696095
0.22039705450000002
0.13880575600000003
0.14145373349999998
0.17499106250000002
0.761867843
0.22785176650000002
0.12679484400000002
0.0973461897
0.097697527
0.14463861690000002
0.6661505034999999
0.699722485
0.8455981635000002
0.8341085190000002
0.1644141435
0.1488331375
0.1526745565
0.20773846999999998
0.20680285950000002
0.16602011300000002
0.07481042715
0.058510202299999994
0.06174197830000001
0.10252581815
0.864060233
0.8039641190000001
0.921895495
0.9387014320000001
0.9377638260000001
0.9235860535
0.7629674620000001
0.06200337180000001
0.046775599550000005
0.0488067687
0.08256493915
0.09787168234999999
0.7744714095
0.689309994
0.19763076550000003
0.6813108485
0.0959435365
0.07454956825
0.12076248150000002
0.16137640000000003
0.9007381640000001
0.9144287080000001
0.899451412
0.8420652800000001
0.08416490200000001
0.061504751600000004
0.05960890060000001
0.08269141515000002
0.712615788
0.3129113420000001
0.89673991
0.8948830935000001
0.10434048960000002
0.07249509715
0.06264441525
0.06925402345
0.12047769270000001
0.7561849174999999
0.899017004
0.9222110680000001
0.9241073980000001
0.920554833
0.9159384070000001
0.9099437475000001
0.8919836280000001
0.8193649375000002
0.7923021365000001
0.8695957795000001
0.8531175945000001
0.39365643150000007
0.5253373075000001
0.8425926550000001
0.4438544315
0.253484568
0.15477053200000002
0.5631346195
0.09836372225
0.07923438950000002
0.11323336960000001
0.767547503
0.8762412155
0.3537049145
0.22696187999999998
0.8469547505000001
0.1398878595
0.0894813797
0.09480223445000001
0.06306295835
0.0822603563
0.684606992
0.11248097115
0.1121898483
0.8475553295
0.89341489
0.936614023
0.9476706400000001
0.929747985
0.07287726865000001
0.04417704255
0.04127387345
0.0474535455
0.0623898996
0.11727593060000001
0.12025418350000001
0.0774938545
0.11479001175
0.8385687675
0.8963286850000001
0.216168374
0.0952987298
0.102869259
0.636104081
0.13502241
0.15530633300000002
0.237866101
0.8248012900000001
0.3251316415
0.2555487105
0.812868142
0.717049762
0.680316258
0.703776308
0.777775012
0.8546050885
0.7515180175
0.6797357829999999
0.15468327650000002
0.14150461299999997
0.1884357905
0.8089789970000001
0.7615080275000001
0.8210792655000001
0.210747123
0.2208550405
0.21640745900000002
0.22979626300000003
0.293119509
0.29504608700000007
0.22512216920000006
0.6979292350000001
0.812722697
0.7117951580000001
0.1642276955
0.13327210985
0.162728609
0.1534315225
0.2220813567
0.13070501750000002
0.11622042125000001
0.1346007273
0.19337206180000002
0.22270844150000002
0.7260752955
0.5638411879999999
0.27446470100000003
0.298608922
0.6038973165
0.8067827855
0.7528163800000001
0.7717618270000001
0.863567145
0.8829044189999999
0.8642836485000002
0.7758199585
0.79277279
0.639865318
0.203028086
0.1858792985
0.26947777
0.18200054499999999
0.18127679400000002
0.5039101655000001
0.5374174780000002
0.5445397215000001
0.33780793649999996
0.43740284
0.6070412725000001
0.22540524200000003
0.199701036
0.5878391055000001
0.19208658900000003
0.1269885658
0.10395944750000001
0.11039432350000002
0.1002195168
0.13206687000000003
0.151348553
0.7149557630000001
0.8544379035000002
0.8586554145
0.7095769865
0.7426645494999999
0.8864611485
0.907392269
0.899714446
0.8706268150000002
0.7057726109999999
0.114297156
0.11401871050000001
0.14192712319999998
0.10029833550000002
0.08268046600000001
0.1216140708
0.09945001950000001
0.10050255050000001
0.232990849
0.8362116330000001
0.27678020950000004
0.742000816
0.47843105700000005
0.865696646
0.10004892850000001
0.059453517850000005
0.0597174907
0.07415994545
0.06379817695000001
0.068922697
0.10567572950000001
0.7830362230000001
0.190156834
0.09212360130000001
0.107244853
0.799426485
0.8144196625
0.839496735
0.834042366
0.849116289
0.834500265
0.774722865
0.09638425575000002
0.08684156885000002
0.15452815450000001
0.862431862
0.898494327
0.09947080475
0.0612302665
0.0560888521
0.06722762415
0.09159377549999999
0.645299207
0.1410408695
0.16953230200000002
0.8344424220000001
0.7898662345000002
0.901624446
0.9128900980000001
0.8820681815
0.6996426520000001
0.664269715
0.720450837
0.8553587715000001
0.768291402
0.741551877
0.0862733918
0.05774750320000001
0.05901058635
0.10804355845
0.103918469
0.0555323697
0.050457521850000006
0.05976880539999999
0.14800120550000004
0.9151340615000001
0.9306559440000001
0.9356980570000001
0.9425912059999999
0.911934848
0.8529984644999999
0.06469772015000001
0.044459177749999995
0.04361322775
0.05340955225
0.1002043558
0.8512950400000001
0.871630609
0.892707242
0.2714403825
0.20290044400000004
0.8063088860000001
0.10965865
0.08336436755000001
0.126080002
0.656203205
0.195488296
0.6829824430000001
0.124343014
0.08221771950000001
0.07876135220000001
0.09711229530000001
0.088299661
0.10104919990000001
0.1603858615
0.24070867900000004
0.19786717200000004
0.64560573
0.226773741
0.1667801325
0.11216473390000001
0.1081041165
0.17130697549999999
0.1799812995
0.302258944
0.8328286149999999
0.8564096485
0.8580181200000001
0.8576863565
0.8693810415000001
0.8825351065
0.8240153434999999
0.25248395850000005
0.201496256
0.1430408175
0.11227011810000001
0.13449457650000002
0.23706577
0.4427506520000001
0.8226016835000002
0.7464273595000002
0.6764483785000001
0.6869851405
0.76518089
0.71212066
0.738797087
0.8374761230000001
0.8429099475000001
0.745388309
0.7062187515
0.6666375295
0.2320628055
0.249629263
0.13407900679999998
0.10943676664999999
0.1042194692
0.1236938245
0.735084361
0.889886617
0.9196786225000001
0.9232287640000001
0.9193440150000001
0.9110238859999998
0.8836334
0.763010945
0.7034399729999999
0.7029554434999998
0.1486925916
0.08643342515
0.07868196375000001
0.12835372260000003
0.12220881650000003
0.07975760085
0.09483731000000001
0.1270729506
0.712319604
0.22159280850000002
0.632841499
0.1431712737
0.16677896350000002
0.8688489925
0.878257757
0.1833598145
0.19972142399999998
0.885751241
0.9074068390000001
0.7736970275
0.07469312855000002
0.05528098085000001
0.0626812254
0.1151669077
0.9039000195000001
0.93072183
0.941998068
0.9099733530000002
0.8522888730000001
0.089359619
0.0857645639
0.06521443604999999
0.09000869490000002
0.7287520950000002
0.6844671230000001
0.123507717
0.1193980455
0.6704150105000001
0.6316264435
0.14229344349999998
0.171756717
0.7754343079999999
0.531744537
0.8647244424999999
0.1524025935
0.14639327925
0.0760304078
0.08691138400000001
0.08873995470000001
0.0749287088
0.10249831180000002
0.2627389425
0.7679442040000001
0.8425099925000001
0.1479670489
0.09341498999999999
0.08772798949999999
0.1032704515
0.14599976280000002
0.1630527704
0.6607968655
0.6705695695000001
0.7827591755000001
0.31890533499999996
0.22726184050000003
0.321386692
0.31559232649999996
0.267502282
0.791015969
0.8772704455000001
0.8242628325000001
0.7510152099999999
0.7077179185
0.6202914415
0.15279846875000003
0.16603624749999998
0.18137377050000003
0.18913568100000003
0.393374418
0.830270649
0.8133247380000002
0.877289851
0.875378321
0.83162754
0.803271222
0.799733079
0.8456772285
0.8555746799999999
0.8371140960000002
0.888825987
0.903961283
0.891547801
0.8171541905
0.8572339195
0.22516400000000003
0.11261539200000001
0.1473537235
0.07319120100000001
0.062112045000000005
0.06231935225
0.06844820715
0.10795125350000001
0.09191817699999999
0.09227105230000002
0.1376690275
0.8412912930000002
0.1427742807
0.1215644052
0.666212737
0.09707275345
0.0728514147
0.10160818150000002
0.848259807
0.9231704629999999
0.9329447530000001
0.9060111050000001
0.9010610345
0.926935287
0.8923032359999999
0.8443916045
0.07843650324999998
0.0635299168
0.08650006760000001
0.699152955
0.08372337790000002
0.0577081424
0.062210372949999995
0.1153557322
0.1373488615
0.09679785179999999
0.08424988225
0.12033367175
0.830995585
0.6948161420000001
0.6737992880000001
0.638518166
0.1094434615
0.0963310933
0.1296666923
0.1707918745
0.35130758300000003
0.86490987
0.8709730680000002
0.7530735144999999
0.8506091340000002
0.295427924
0.10229548200000001
0.0709310365
0.07348978915
0.09679533550000001
0.686380719
0.26108209950000005
0.186619819
0.415998804
0.907822533
0.931478568
0.928500434
0.9022395670000002
0.7143372135000001
0.14299217800000003
0.21846594400000002
0.877508085
0.9254467825
0.9305620860000001
0.9160642999999999
0.809088809
0.16841963850000002
0.22755822600000003
0.8668740565
0.8944625635000001
0.8208042425000001
0.7546423110000001
0.718592885
0.17716296799999998
0.13683407900000003
0.23335455199999997
0.6860479
0.12711541650000002
0.09082588725000001
0.09022914600000001
0.10559802400000001
0.2171517595
0.7242328170000001
0.810793673
0.6557092510000001
0.21990386350000002
0.33249176
0.21566445450000005
0.29259461100000006
0.15909913950000001
0.14756995700000003
0.19951582799999998
0.71700045
0.237771476
0.250292202
0.654342274
0.44848501300000004
0.636871793
0.7934079065
0.217707403
0.1587158162
0.171681227
0.14542332450000003
0.168001167
0.6870462990000001
0.8292478540000001
0.8261569190000001
0.8601930355
0.8121802145000001
0.845637044
0.792552131
0.7684932835000001
0.8107541145000001
0.70288278
0.28310949599999996
0.216820027
0.25183109800000003
0.777288059
0.7184312420000001
0.8157106239999999
0.6816220325000001
0.1548093945
0.1200465675
0.164543848
0.2936636705000001
0.13581359099999998
0.11491588650000001
0.11850767000000001
0.12438779380000002
0.16428625
0.18357879100000002
0.6009398315000001
0.45825696850000003
0.864267984
0.9026641265000002
0.8941317460000001
0.846306053
0.8549171700000001
0.8262565900000001
0.8417291120000001
0.8187304535000001
0.8213312600000001
0.8658172270000001
0.8710450080000001
0.8430517
0.860557011
0.8379132005
0.8375319040000001
0.8846079055
0.8734589484999999
0.5468266214999999
0.20364977950000002
0.21934034050000004
0.222276636
0.7958893380000001
0.14569462650000004
0.105926909
0.0696610949
0.06806663095
0.07881823210000001
0.09805813740000001
0.665291383
0.1599752965
0.2493307615
0.35801725700000003
0.8692748619999999
0.7491816249999999
0.12027492769999999
0.0880810343
0.12924611000000003
0.899311842
0.9328737640000002
0.9153792100000001
0.09043845075000001
0.06203119085
0.0808647943
0.6698892965000001
0.0796409566
0.057641453999999995
0.06756816775000002
0.13308212474999997
0.9064424000000001
0.9406417065
0.9275173970000001
0.11545870650000001
0.0955862505
0.07213562595
0.08688084880000002
0.6889739719999999
0.09738725150000001
0.08454358549999999
0.17656723875000002
0.9205867000000001
0.9439032700000002
0.9273465335000002
0.08423402409999999
0.048126213650000006
0.04679332765
0.05700250625
0.0659755665
0.06003428385
0.0683174352
0.123783416
0.16157543400000002
0.7580731870000001
0.14967320650000002
0.1580227245
0.13156410480000003
0.6579812644999998
0.09714559680000001
0.07253153600000001
0.075682528
0.138260885
0.784793995
0.9015058285000002
0.91689744
0.8919026015
0.7264497160000001
0.17948365650000003
0.14480945530000003
0.10995860800000001
0.11108863270000001
0.20037767550000002
0.1376237438
0.16707195850000003
0.158768566
0.185880891
0.7311265475000001
0.59745668
0.23132268800000005
0.30062953100000006
0.1869903065
0.19281124700000002
0.5539650735
0.211170611
0.14709755550000003
0.1224806715
0.11535693899999999
0.13037466720000002
0.17421426750000002
0.1766706905
0.5875494045
0.5769522725
0.178514146
0.176661057
0.264660233
0.8129076030000001
0.19915164900000001
0.09515718
0.08923571820000001
0.08254140210000002
0.13500768225
0.11365648999999999
0.1347399015
0.07930270075000001
0.06144446084999999
0.0590567084
0.07142902349999998
0.056109617800000004
0.06400677715
0.16310655475000002
0.812750649
0.264426468
0.8818871215
0.9238023900000001
0.9381558780000001
0.885600806
0.23324656550000003
0.800314105
0.08164421345000002
0.050424150200000004
0.05161202165
0.06094568155
0.06926411
0.06717692125000001
0.07378754685000001
0.12203349300000002
0.7047578345000001
0.11262154450000002
0.0988702673
0.09226210350000001
0.153299536
0.1191222475
0.164545747
0.15026142800000003
0.17058836549999998
0.173091568
0.6433689954999999
0.69219465
0.821390812
0.7027720450000001
0.133489573
0.0949817625
0.1049505875
0.20442629199999998
0.26556100200000005
0.68497716
0.10022365360000002
0.06615807570000001
0.06841619550000001
0.06842632540000002
0.06816132375
0.12368841750000001
0.14910476290000002
0.8955598550000001
0.9123044650000001
0.8899379025
0.9217541210000001
0.924756
0.912942602
0.8612100540000001
0.8395837800000001
0.8243321645000001
0.7628543380000001
0.0739693947
0.0641224303
0.06661789530000001
0.10185867700000002
0.11698909775
0.7268053935
0.7051131365
0.12341227925
0.1215737243
0.110046934
0.098209341
0.0832488388
0.10148020320000001
0.20372268999999998
0.8646455400000002
0.8832072115
0.8461606840000001
0.246643
0.24888968600000003
0.17211014500000002
0.4689398925
0.14785902750000002
0.1252569
0.12480283850000001
0.16400765
0.2489532865
0.512246765
0.8361245900000002
0.8216787750000001
0.6079732480000001
0.2788732345
0.15677604050000002
0.1616056045
0.22136533000000003
0.312705834
0.8017985650000001
0.41103644000000006
0.150569057
0.103664323
0.09394134579999999
0.1157074758
0.1643345675
0.73152903
0.261623326
0.3013368
0.82755009
0.8275830630000001
0.6056781274999999
0.563752278
0.5251362930000001
0.14048777899999998
0.1382962175
0.1615524735
0.1049540915
0.11741620275
0.31902202599999996
0.8552513545000002
0.740401828
0.6877960200000001
0.6642366275000001
0.6649883480000001
0.11423616
0.07608270449999999
0.0696766795
0.09426156799999999
0.09480762250000002
0.115470802
0.6260273974999999
0.6203804865
0.6399631355000001
0.6612317609999999
0.6675681474999999
0.766839585
0.6250014060000001
0.1423619495
0.10779180619999999
0.1142937021
0.0986786675
0.095915359
0.11374118500000001
0.1045892085
0.12516362900000003
0.1261508442
0.10345732299999999
0.13111136150000002
0.133887463
0.2400700925
0.656576739
0.16432058600000002
0.0986433771
0.08860775590000002
0.11651203525
0.14490781800000002
0.7659153800000001
0.17323725369999998
0.15385653100000002
0.245468141
0.8788713000000001
0.914323749
0.9134790030000001
0.8835784735
0.7388299600000001
0.834654399
0.0956756231
0.06685224885
0.08071251390000002
0.11875559249999999
0.06901738870000002
0.06976948050000001
0.06374433875
0.0680115638
0.10801068800000001
0.7563001380000002
0.7162116905
0.128548268
0.09453039140000002
0.13393618799999998
0.8168522990000001
0.15008586450000003
0.145507828
0.744952527
0.14308558799999999
0.125350619
0.067912424
0.06327683215
0.0905701874
0.751361175
0.24759184899999997
0.836011579
0.8565226189999999
0.867477949
0.8840652175
0.889208623
0.8338975500000001
0.21972937
0.7384883280000001
0.0752122778
0.0519345055
0.0534922284
0.07382232205
0.174419751
0.767308242
0.1477860295
0.1764951425
0.8948179415
0.9245319030000001
0.9062518825000001
0.1250292878
0.10620937250000001
0.23958054350000002
0.8111956925
0.7846947670000001
0.088536876
0.057944117600000004
0.054420260399999996
0.06122343965
0.06591760430000002
0.06773830965
0.0723386867
0.08939617750000001
0.14319745500000003
0.867948916
0.7672962420000001
0.759199087
0.26189431750000003
0.128762818
0.188154013
0.808325434
0.11456930725000002
0.08019912235
0.0807835407
0.13775128025
0.190475787
0.7990583580000001
0.23729183400000003
0.1386723857
0.15691263525000004
0.6342196015000001
0.3730530060000001
0.8691071300000002
0.90756188
0.8931748795000001
0.554806428
0.37229349700000003
0.18283582350000002
0.238486825
0.138971635
0.14330925500000002
0.23125700850000003
0.20461299000000002
0.3560260485
0.7940399775000001
0.7070766835
0.640631991
0.5975811544999999
0.2678198345
0.293181226
0.7177438775
0.32775194
0.343163487
0.771911538
0.3614978275
0.17554533849999998
0.161056901
0.22725114550000003
0.1755425815
0.2782057135
0.616291657
0.6414540774999999
0.6698627455
0.7757913040000001
0.149979279
0.11255509000000001
0.146542781
0.644334256
0.6920690500000001
0.7273447515
0.7390874475
0.7444697985000001
0.7631983925000001
0.1557033565
0.1257470235
0.06409298685
0.05244148525
0.055259039600000004
0.08336322
0.817231465
0.8419192580000002
0.8972068220000001
0.23228884500000002
0.099590322
0.1560727455
0.15597132474999997
0.9068265645000001
0.9393361135000001
0.9313479080000001
0.9156259875000001
0.9078010799999999
0.07797851665000001
0.0519053363
0.047654835300000004
0.053496119
0.05595920275
0.057336706400000007
0.059520226
0.0644932487
0.083089705
0.149528431
0.1531311885
0.09777102900000002
0.13718932150000002
0.8419722770000001
0.774302476
0.753616897
0.7601690935000001
0.8350628225
0.226214471
0.1317852065
0.12596393250000001
0.10447731275000002
0.11334300550000001
0.1853568285
0.626903055
0.649997405
0.7438846570000001
0.20589469549999997
0.154846245
0.15300188350000002
0.20477656950000003
0.5954624400000001
0.36524554100000006
0.330057924
0.207931788
0.20945417400000002
0.264261793
0.4134057380000001
0.452477638
0.391058519
0.18236002750000002
0.1403508337
0.1394411975
0.1046814925
0.09184976050000002
0.096297982
0.1193970057
0.634087304
0.154035003
0.11712152300000002
0.177880449
0.17470341650000001
0.30165586800000005
0.828175345
0.276596556
0.47651793000000003
0.9057199185000002
0.9161937689999999
0.8280491055
0.7953051800000001
0.079824773
0.04884167769999999
0.0457075239
0.0436600945
0.04457667910000001
0.051783876150000005
0.1016664133
0.8914713650000001
0.924051707
0.905311823
0.916489685
0.9225998695
0.921646485
0.923849033
0.19012982
0.051667962000000005
0.0450159318
0.05539096315
0.0776515831
0.06997396175000001
0.08584938800000001
0.08012859025
0.10786486700000002
0.7165460575000001
0.15372523500000002
0.17625825
0.1287165302
0.122416597
0.20299871
0.19736441900000004
0.102183127
0.07775749950000001
0.06834800465000002
0.06337505175
0.06392665385000001
0.0800123802
0.20749921899999998
0.7784837250000001
0.2448057095
0.76174503
0.726245765
0.0891420708
0.059628403499999996
0.0615650435
0.0984976348
0.8724112385
0.926406719
0.9023588180000001
0.8208291695
0.07577808065
0.0571927547
0.067458912
0.118427143
0.8558968220000002
0.7855484899999999
0.13102949600000002
0.0654273662
0.04775335070000001
0.0517626395
0.08534251864999999
0.12055355725000001
0.11631442150000001
0.9054878890000001
0.9376514490000001
0.947236093
0.9080692270000001
0.06921767005
0.0508626158
0.0459459876
0.0439690208
0.051714728700000004
0.0871616555
0.16623317599999998
0.8969905610000001
0.8702909380000001
0.7970781515
0.30047906300000005
0.8313209180000001
0.13210347700000002
0.0693152615
0.0620641882
0.0844318325
0.13984547500000002
0.8272664635
0.6894300800000002
0.1273624515
0.12197797550000003
0.242841505
0.8439553090000002
0.7700638750000001
0.733573625
0.1285171698
0.121347788
0.09315337800000001
0.09846487320000002
0.17741930700000003
0.1120887158
0.124143293
0.1695061985
0.1890072875
0.180931364
0.1256962265
0.10993280300000001
0.10928216450000001
0.1304591425
0.7450267789999999
0.8820011845000001
0.9097574380000001
0.8988342
0.849635156
0.8830076355
0.870758282
0.9026471435000001
0.9103299980000001
0.9132408325000002
0.9123957570000001
0.8981648130000001
0.834994191
0.8199268075
0.14753964950000004
0.1035880765
0.122893108
0.164452326
0.6821516000000001
0.8525642449999999
0.8629972385000001
0.396462419
0.19441061050000003
0.27276327950000007
0.6059609979999999
0.118368791
0.14522420700000005
0.09805365600000002
0.138229507
0.1389055425
0.1048285995
0.227812886
0.8509165175
0.871856285
0.8759823700000001
0.18303882900000001
0.19266228800000004
0.8667164664999999
0.8831497450000001
0.8966893000000001
0.9168836865000001
0.8837543555000001
0.1437371945
0.142090775
0.770831342
0.781534971
0.12568081800000003
0.0784074305
0.09038605450000001
0.0939214085
0.0835315362
0.09742102159999999
0.11353465550000001
0.620977373
0.1815940815
0.1523112345
0.230951826
0.723708343
0.8591712770000001
0.8551722405
0.743637163
0.755004156
0.8509934375
0.856757142
0.8093900985
0.8392267050000001
0.789586686
0.80682714
0.889132487
0.90680839
0.889254662
0.7540535340000001
0.17656499450000002
0.16008832100000003
0.3235434745
0.8153117495000001
0.9194513779999999
0.9349164775000002
0.929485289
0.8951257775000001
0.18843940500000003
0.09826151600000001
0.09613784575000002
0.1456380405
0.2805488305
0.12358266300000002
0.11807274350000001
0.0997460475
0.168533391
0.28149493300000006
0.12914005850000002
0.13296409750000002
0.143163552
0.34457928800000004
0.3131574915
0.8284996820000001
0.7919558000000001
0.23915198200000004
0.208512021
0.31733076600000004
0.5326753710000001
0.8136173265
0.6312361915
0.1656197565
0.12381874970000001
0.1370998425
0.25624731100000003
0.834223604
0.823371366
0.19373844650000002
0.136885483
0.1689812105
0.187076766
0.297105628
0.12498364700000002
0.10874850179999998
0.151831063
0.21326226100000004
0.335134879
0.30004340250000006
0.1809738485
0.19511862500000002
0.21242376200000002
0.2599047165
0.6932606890000002
0.83809793
0.8383703900000001
0.7318940580000001
0.8035963340000001
0.6464170075000002
0.12470252675
0.12040396700000001
0.09998084630000001
0.11292523750000001
0.213109979
0.8677803755
0.8624662535000001
0.886685911
0.8425420120000001
0.8630110385
0.7980190275
0.763890513
0.7469314795
0.7330924635
0.76333123
0.855872288
0.434384444
0.13683298700000002
0.12600115750000002
0.2226708445
0.1125877615
0.097425209
0.094396829
0.09156933550000002
0.16807504
0.30876824900000005
0.15500235420000003
0.176391299
0.37607393850000004
0.3178203265
0.656061205
0.23412051550000001
0.1434854415
0.11371579200000001
0.14467468100000003
0.13624450300000002
0.1506367455
0.289152149
0.20712715650000002
0.31385078400000005
0.2223801065
0.598030573
0.3051487335
0.1683205385
0.152019143
0.17790099450000002
0.628402904
0.6867242130000001
0.831767551
0.41725484
0.140188159
0.10425294350000001
0.1416914515
0.07812989110000002
0.06926041975
0.08162781490000001
0.09997405490000001
0.160612543
0.8971547955000001
0.9135460440000001
0.8118305155000001
0.8892221180000002
0.22709365
0.09550563020000002
0.11792782880000001
0.8032734025
0.09318978315000001
0.056201333099999994
0.055802083825
0.10132773360000001
0.9053023355000002
0.9294900575
0.9477768175000001
0.9492850965
0.941088668
0.88666849
0.0790136354
0.0491065028
0.05008637370000001
0.0741270778
0.649778731
0.08894809215
0.07344293550000001
0.11921603720000001
0.7765809465
0.8437342670000001
0.1378395986
0.12337700705000001
0.1935369818
0.21254486350000001
0.8846516725
0.9207311730000002
0.914556717
0.8707347965000001
0.159409149
0.14010978095
0.11534249405000002
0.12864998030000002
0.23568892200000005
0.7689196280000001
0.308026882
0.22117134350000003
0.5593005470000001
0.259358489
0.176120747
0.2096170195
0.6169658579999999
0.614815295
0.12910996775
0.09574029469999999
0.11574337800000001
0.7114623299999999
0.743677365
0.7952241060000002
0.8868232915
0.783196898
0.13504103800000003
0.0853154123
0.07937334250000001
0.132655506
0.10476890750000001
0.15409131750000005
0.53632051
0.252120512
0.488879534
0.8439631040000001
0.8352483350000001
0.6663379345
0.6019905635000001
0.1879629255
0.1576709098
0.1814507
0.1809438885
0.257238287
0.650615498
0.7817003720000001
0.497033214
0.328194702
0.176550085
0.147368421
0.17513069550000002
0.21696471400000003
0.8137104165000001
0.811397531
0.266801964
0.30684550350000006
0.23548541150000002
0.35560083550000005
0.43166154
0.7919592135000001
0.6055354805000001
0.5317434460000001
0.1636036327
0.16062342300000002
0.5228441235
0.233814156
0.2774983225
0.2159399165
0.1874291735
0.672309504
0.8243133145
0.8096851880000001
0.18319185500000004
0.1439990795
0.2059444025
0.8663739500000001
0.9115435245000001
0.9044353380000001
0.8701308240000002
0.16530706050000002
0.08450049685000002
0.0759203847
0.12966491839999997
0.10033475325
0.14356364320000004
0.8730865415
0.873739117
0.11457958650000001
0.08345554200000001
0.0694790306
0.08993396290000001
0.7990329789999999
0.896240668
0.815584064
0.8810670970000001
0.08519823725000002
0.0548293208
0.05843006890000001
0.07454489410000001
0.116520294
0.7577286970000001
0.1039448097
0.08286020585
0.21053110419999999
0.8687922720000001
0.9329027280000002
0.9408742085
0.936197539
0.9059990380000001
0.885168857
0.878560902
0.9027067999999999
0.0900864625
0.0504681172
0.0513898486
0.094985194
0.1380909435
0.14293566880000003
0.09819614200000001
0.1038922325
0.7403043494999999
0.6987636495
0.09753661590000001
0.0794694002
0.11884999475000001
0.12334274700000002
0.7290971245000001
0.819014966
0.153338406
0.129128395
0.3230383545
0.8477603275
0.2090338645
0.29280501350000004
0.7394287484999998
0.09448731110000001
0.06278240610000001
0.06660644904999999
0.1139094198
0.8297064865
0.10716589600000001
0.07057460355
0.1026678852
0.11621303565000002
0.8944298190000002
0.9368485799999999
0.9283774875
0.9217901045000001
0.08493407885
0.0593472533
0.05915369680000001
0.08871670375
0.7134132870000001
0.12806007830000002
0.1331542395
0.690850148
0.09769738215
0.0685201684
0.08448090870000002
0.161792223
0.8425386800000001
0.17220498299999998
0.09846619470000001
0.11707252265000001
0.7175363220000002
0.14249913325
0.08124325674999999
0.07939765035
0.07511925405000001
0.08990179549999999
0.27802475400000004
0.8980329360000001
0.9117513990000001
0.8567465120000002
0.9015878700000001
0.8622121500000002
0.14975183825000002
0.12378436085000001
0.1368689675
0.724248125
0.880235758
0.9039564250000001
0.862623662
0.2574666968
0.31333096150000006
0.2440415465
0.25543267250000007
0.74990395
0.2430035155
0.2989671365
0.7928496205000002
0.6672423340000001
0.6353325235000001
0.225712409
0.1932536535
0.16245420349999998
0.184294665
0.1764453535
0.6812889145
0.76848665
0.1824463135
0.1489201355
0.14104982975
0.230178622
0.7270921490000001
0.86829904
0.8688168945000001
0.7418681100000001
0.4659366675
0.46589587200000004
0.6948842940000001
0.8014619470000001
0.597218209
0.44994305700000004
0.780824705
0.512164052
0.31656620750000003
0.43486257800000006
0.7611299455
0.88688548
0.910502077
0.902295238
0.8711338620000002
0.892542924
0.8633895915
0.9046066090000001
0.9129127710000001
0.9153048720000001
0.9157632170000002
0.9159783750000001
0.9147541825
0.9088117634999999
0.9174208899999999
0.9140072685
0.880889318
