0.7383856500000001
0.15523138660000002
0.08479466195000002
0.06986163584999999
0.0801796021
0.14529263070000004
0.15999798180000002
0.8235939560000002
0.925518218
0.942660669
0.9438902330000001
0.934171653
0.9022654865
0.0947236132
0.079697326
0.07765146135
0.0663804042
0.07890057945000001
0.1508898475
0.7064084690000001
0.823974736
0.7579614684999999
0.809050844
0.665497129
0.618797828
0.24233182850000007
0.6344419865000002
0.125868579
0.08428214610000001
0.07097078975000001
0.083292598
0.06660058395
0.07108290450000002
0.12353963745
0.7864022730000001
0.8098659500000001
0.83162213
0.8401238550000001
0.22824887100000002
0.08244724530000001
0.06766975450000001
0.11127005200000001
0.07506598924999999
0.07271916184999999
0.10630584450000001
0.64249006
0.18207025300000002
0.286536491
0.160768301
0.15336993
0.1949684825
0.7041072420000001
0.8291159800000001
0.7548467540000001
0.8066065480000001
0.6589986085
0.5557475295000001
0.5230622355
0.55215102
0.1398364453
0.10838253740000002
0.127506438
0.12060780500000001
0.2085103905
0.20449664150000002
0.10767223430000002
0.1177808719
0.6720058099999999
0.13695440860000002
0.0971428239
0.07662927715
0.10671214970000002
0.707689729
0.15789615025
0.06861077925
0.06235240415
0.06553489695
0.1541732017
0.290894664
0.9094613025000001
0.9025336450000001
0.939820142
0.9194828820000001
0.9177315600000001
0.12057466420000001
0.06687963335
0.05607031885
0.085879271
0.09348627150000001
0.13216132279999998
0.6743702235
0.1015832241
0.08761161445
0.14764430510000004
0.19818938700000002
0.6831350765
0.673241225
0.1028689203
0.08539931615000002
0.11993273790000002
0.12992583470000002
0.11014728570000001
0.18277893255000002
0.09987829620000001
0.0895109127
0.11724135399999999
0.14630270150000002
0.1266069703
0.140671979
0.10777970650000002
0.09538728050000002
0.0888884722
0.0992380854
0.13805632430000003
0.6758940250000001
0.669662123
0.156889788
0.1091617685
0.11414839515
0.0868215885
0.08083642280000002
0.08903431375
0.1204224223
0.656536837
0.22619694450000002
0.66844012
0.1805482311
0.1074343351
0.09079159125
0.11072477409999999
0.104360865
0.1844891927
0.143841274
0.22727006400000002
0.82489674
0.21910236500000002
0.1018848743
0.0754546629
0.0719976635
0.0761477939
0.08142529235000001
0.10224383649999999
0.08598313695000001
0.08893402985
0.1261780127
0.7346344440000001
0.270104446
0.12076563979999999
0.15227194270000002
0.07395462415
0.0641003851
0.0721302283
0.1343009565
0.8603303785
0.790636152
0.8769673530000001
0.7188210525
0.10821655200000001
0.0982245629
0.151320298
0.8318676070000002
0.9132802225000002
0.9160317040000001
0.836848821
0.7733087625000001
0.8481256020000001
0.1718227605
0.1339184505
0.3173389575
0.884316581
0.8945376110000001
0.9211470295
0.8977153849999999
0.8924692955
0.173716115
0.10749042630000001
0.175482019
0.812122555
0.8755031755
0.9248078279999999
0.9249663450000001
0.8773485385
0.2662689615
0.12382711530000001
0.15666034489999997
0.8588409945
0.8697992230000001
0.84646361
0.8232679330000001
0.7607004395
0.09503193820000001
0.07726210600000001
0.098983496
0.675577308
0.1105219195
0.09973607150000001
0.09328677955000002
0.15871198349999996
0.74790716
0.20105072300000004
0.12782733015
0.14456661834999998
0.7320461035000001
0.3454402695
0.1019260263
0.07362885295000002
0.07223910650000001
0.0777147976
0.0948359853
0.25589794550000006
0.296162144
0.20088648200000003
0.7177808075
0.7009210374999999
0.21642939460000005
0.1487775748
0.18704138800000003
0.11666945850000002
0.12984573900000002
0.2969080035
0.6777657910000001
0.268049864
0.6975497715000001
0.2213930095
0.11955866500000001
0.102352368
0.1009724868
0.14159942890000002
0.622213894
0.201588114
0.21741247350000004
0.65169553
0.6160471775
0.29835990800000006
0.6327915350000002
0.6638326250000001
0.6983261020000001
0.8014000485
0.699237357
0.157746837
0.1278232045
0.14684926539999998
0.1490595295
0.241963473
0.24831659550000004
0.31674313000000004
0.23951229349999997
0.592877153
0.5821072095
0.289800464
0.24819957199999998
0.191578708
0.19740127400000002
0.166348716
0.18544507100000004
0.5912632580000002
0.5973246615000001
0.34046309
0.697274648
0.235263905
0.209457178
0.263250341
0.4093980055
0.7940744065
0.534317247
0.467290635
0.388565783
0.8180067405000001
0.8167285515
0.6542326610000001
0.5744289455
0.16011542899999998
0.10133662650000001
0.0884822905
0.10527289775000001
0.20500036900000002
0.14139750450000002
0.18691517000000002
0.8188282980000001
0.2433520435
0.13667603550000001
0.072555704
0.06154663945
0.06740147355
0.10057298950000002
0.06587081135
0.0737373271
0.1636530015
0.18561583599999998
0.836788074
0.893665675
0.1125755159
0.07522578530000001
0.07009916770000002
0.07548636980000001
0.10206712935
0.7198635850000001
0.08496313790000001
0.052645024
0.049222210075
0.05993474325
0.18492211200000003
0.9196691095
0.9446741575
0.9472067995
0.9488942069999999
0.9356829200000001
0.19397955100000003
0.05515777100000001
0.04399630945000001
0.04855096865000001
0.0762404438
0.6902940485000001
0.09720732920000001
0.10505831770000001
0.12187494465000001
0.12628972035
0.13175052329999998
0.866305354
0.798815418
0.804864668
0.898005098
0.814711841
0.181131154
0.093122253
0.06388320805
0.06335646535
0.10047620850000001
0.1527528465
0.8507750515
0.841729015
0.1715511951
0.15682641949999998
0.29251479049999995
0.45485985749999996
0.8657764665000001
0.8741262550000002
0.7403210845
0.13722752450000003
0.1160976596
0.07513191030000001
0.07375115485
0.1086731365
0.06811697095000001
0.0678916154
0.10061555300000001
0.7797939080000003
0.7874814179999999
0.79154745
0.10802010255
0.06215307690000001
0.0578895093
0.0619686252
0.065121986
0.06617167315000001
0.06410992060000001
0.0674481747
0.10170112785
0.7316347700000001
0.21030768800000002
0.7017955105
0.104144545
0.07517474850000001
0.096121473
0.8440942180000001
0.8839568690000001
0.942125015
0.9408017885
0.8887505094999999
0.08320363495000001
0.0642187129
0.08830254124999999
0.707485203
0.244591762
0.8654279825000001
0.9209881575000001
0.8506126740000001
0.0777245875
0.054781619700000006
0.05674602595000001
0.09566635059999999
0.11314197765
0.7984836354999999
0.19046514474999998
0.0838291961
0.08674287504999999
0.19188330200000003
0.8121892525
0.76695041
0.11163437725000001
0.07841277404999998
0.09560925285
0.7979469075000001
0.8922436650000001
0.8532971600000001
0.8863432410000002
0.16296940850000002
0.0857578404
0.09399786930000001
0.1679867035
0.207976915
0.8845139050000002
0.906513915
0.8616510995000001
0.1472169015
0.116034975
0.13956598770000003
0.13708022820000001
0.5624630445
0.18296284999999998
0.19748066000000003
0.419870309
0.7969468470000002
0.7114169049999999
0.7674516560000001
0.2677645565
0.287646647
0.3063597195
0.5729124215000001
0.32223963400000005
0.3611161965
0.284515031
0.41717680100000004
0.7851431059999999
0.7158421690000001
0.789559935
0.178984024
0.127610045
0.138866556
0.5675054350000001
0.10777184050000002
0.0846772185
0.09036549869999999
0.13097012900000002
0.312386557
0.902201833
0.9204105765000001
0.892318656
0.9116568545000001
0.8489863065000001
0.8699543970000001
0.0990958615
0.06848626755000001
0.0888599216
0.6742253530000001
0.0978497073
0.08936547905000002
0.06302118079999999
0.08194087900000001
0.8523477350000002
0.8811323830000001
0.9456011185000002
0.9498228870000001
0.9447185475000002
0.9185403050000002
0.0734518376
0.049017853
0.05558968195
0.0812850584
0.6675801435000001
0.0923902086
0.0776381927
0.1130175298
0.7915894065
0.8802507435000001
0.7868884025
0.7490888155000001
0.737929295
0.7245971160000001
0.710679505
0.7331157225000001
0.153533743
0.08688463
0.0697631125
0.07165180080000001
0.0794942091
0.0878510895
0.1210754455
0.18525878299999998
0.7964189030000001
0.4139570345
0.19629975000000005
0.18129263099999998
0.571985263
0.5732681135
0.1927096455
0.2101736825
0.2302724445
0.70850764
0.836083556
0.7830882600000001
0.778836742
0.8332484115000001
0.8909735685000001
0.8854394090000001
0.6253266430000001
0.35430410300000004
0.21587632050000002
0.5429819145000001
0.1458272685
0.125418439
0.1614068105
0.175819625
0.6264730079999999
0.6135353165
0.20553866399999998
0.1860133945
0.23525405750000003
0.18044424450000002
0.204459104
0.3626588485000001
0.740834208
0.1964433695
0.144958916
0.1437564745
0.1243120997
0.15108313750000002
0.1572131275
0.644673033
0.6607417935
0.22760097225
0.0975672915
0.0802573025
0.105926847
0.162211859
0.9026206715000001
0.934518493
0.9276606995000001
0.8064170180000001
0.06863271415000001
0.049456096899999996
0.057582432600000004
0.0471246902
0.054249534749999995
0.1311251257
0.34587792599999995
0.9163246695
0.9257827695000002
0.929027901
0.9396007900000002
0.936210593
0.917637777
0.9081619150000002
0.1169862145
0.0641591085
0.04876835
0.051657366100000005
0.0553627052
0.056376292050000006
0.08526773139999999
0.8408102550000001
0.9125415875
0.914692736
0.788838245
0.19341214
0.29668240800000006
0.6506678950000001
0.137215912
0.1319213595
0.2095861675
0.6828591919999999
0.6691084840000001
0.27588559200000007
0.38774166899999996
0.626347285
0.2274840935
0.2638841905
0.188603913
0.19766840550000003
0.5901438140000002
0.707834613
0.6020873999999999
0.2800149275
0.360020357
0.3306337555
0.24444380599999999
0.26696271050000003
0.248481719
0.6983699515000001
0.28442849750000004
0.19721517
0.206317682
0.18845154550000004
0.2432396325
0.626620191
0.74405268
0.32359040050000004
0.269170313
0.23759758750000004
0.20471415900000003
0.25089387199999996
0.802855031
0.809317171
0.64910395
0.616927218
0.1393687095
0.10629493279999999
0.111979525
0.1361251028
0.1456309575
0.23477032200000003
0.19873619850000002
0.6720080154999999
0.8096299330000001
0.7989762324999999
0.198560851
0.16076065699999997
0.10823391470000002
0.08992545900000001
0.09839531900000001
0.11973095800000001
0.1343080815
0.11958538099999999
0.11124527220000002
0.1225410305
0.11906359600000001
0.1374744825
0.2297957295
0.23060486750000003
0.136446847
0.15167321100000003
0.5970111920000001
0.14089461725000005
0.11969082600000001
0.15022885100000002
0.22778633300000004
0.572181777
0.565100965
0.6004900799999999
0.148294932
0.17360274550000002
0.12141442565000002
0.09507636400000002
0.1164408345
0.20165909250000003
0.8690632340000001
0.8819218870000001
0.4741674350000001
0.3567680025
0.8076807610000001
0.11933586294999998
0.0871295172
0.12942869295
0.11043136475
0.2747038950000001
0.892194485
0.9012247255
0.7571871440000001
0.2818862435
0.22217854450000002
0.904704748
0.9327743700000001
0.9146007325000001
0.07656034515
0.04695999465
0.04314468635000001
0.045528036
0.04805796749999999
0.05018342815000001
0.05376851175
0.07948900399999999
0.7842311570000001
0.2949398285
0.896369861
0.8949101450000001
0.8955183025000001
0.8992674720000001
0.9050358975
0.9179350635
0.9400578225
0.938691036
0.9195657355
0.07467073780000001
0.04512700375
0.042553176399999997
0.04801536355
0.05589265385
0.08244833730000001
0.7066995775000001
0.10909516920000001
0.11746730240000001
0.1191580406
0.823363731
0.8288518965000001
0.8876367944999999
0.22267836950000003
0.320994837
0.8691669455000001
0.15310342025
0.0666453088
0.06382233025
0.057770856849999996
0.06854389635000001
0.1357384704
0.17466912299999998
0.7738384975000001
0.09678014870000001
0.058577888200000004
0.058067221650000014
0.07186013975
0.144601898
0.287965594
0.863792762
0.2563593535
0.10330547965
0.07315987855
0.06828443415
0.07490175704999999
0.09439742910000001
0.14467228399999998
0.17369702430000003
0.2010811355
0.20256624950000002
0.48041512750000004
0.820135238
0.766994761
0.809227606
0.7306020470000001
0.665790004
0.6444267775000001
0.7227888785000001
0.319249608
0.302504309
0.275813964
0.5907863849999999
0.35310892800000004
0.21097022850000002
0.1909702665
0.21634335750000003
0.6879592635
0.2785147465
0.5719009625000001
0.26425605300000005
0.24416398
0.732833074
0.20809017300000002
0.1892409445
0.17179349800000002
0.6345214275000001
0.1796410095
0.230582661
0.09582048480000001
0.0708838028
0.0664893063
0.0772443902
0.14847293475
0.12280144450000001
0.2615437745
0.8160939730000001
0.910531228
0.9249494045000001
0.9267986820000002
0.9232750635000001
0.9113551320000001
0.8848663270000001
0.60240587
0.07213885075000001
0.07227387839999999
0.10345088315000002
0.10405934535000003
0.141787327
0.8266926050000001
0.8878547650000002
0.101340727
0.06418743265
0.06902908225
0.11948907860000002
0.8414096480000002
0.09300009700000002
0.052767839700000006
0.04775452517500001
0.05767714089999999
0.12190711500000001
0.9173589770000001
0.9439778265000002
0.94608767
0.944160017
0.8941872455000001
0.0766594847
0.06804460435000001
0.04848289505000001
0.0552931638
0.1106072258
0.8974826315
0.90111435
0.09227627975
0.05701844205000001
0.059720717750000006
0.111297056
0.8772086090000001
0.8405802500000001
0.828683676
0.16790922800000002
0.085985978
0.10127585615
0.1515049935
0.1559945467
0.8830622985000001
0.897064453
0.7811819760000001
0.7664346425000002
0.7739541280000001
0.792221038
0.16451229550000002
0.07981393549999999
0.08857542070000002
0.06908751885
0.06326737475000001
0.06327912649999999
0.07892102625000001
0.1086082758
0.1353131805
0.16894744250000002
0.34418356299999997
0.8041012310000001
0.187955843
0.18216171490000002
0.19528647699999996
0.8321959740000001
0.7019593905
0.08481060655
0.06039273960000001
0.058460098849999996
0.0782208973
0.39933807750000005
0.909811505
0.8995534170000001
0.8731448150000001
0.833861548
0.11987473700000002
0.06764657909999999
0.0543918784
0.06238076890000001
0.10150796700000002
0.7114023465
0.6784498040000001
0.136685529
0.200325668
0.10987357049999999
0.129934801
0.13447747
0.6215272785000001
0.1265646205
0.1053715331
0.1394890845
0.200753222
0.886846455
0.922945466
0.9198547840000001
0.860786011
0.8034319910000001
0.7809479475
0.8388076435
0.6845686185000001
0.1470570355
0.227464301
0.14220882750000002
0.1514219545
0.6480171195
0.6892514625
0.8081405429999999
0.7410026115
0.7795520430000001
0.8717601610000001
0.840329815
0.328197541
0.37786491
0.32446569650000007
0.5929184185
0.26146648499999997
0.3841924545
0.5819196975
0.2209900395
0.5782294985
0.16079885500000002
0.1306334145
0.1332368945
0.1630915065
0.19848880150000003
0.28809669200000004
0.23173601000000002
0.59455471
0.621939446
0.652284027
0.735680002
0.8440949505
0.836712186
0.8791987695
0.8613920015000001
0.6988492985000001
0.14949286880000004
0.11685079834999999
0.11467373970000001
0.18844948390000002
0.13301853399999997
0.1517518215
0.357224937
0.8413827875
0.31534750149999996
0.10555120479999999
0.09108066540000001
0.0786537499
0.1261226265
0.08972297830000003
0.1320914418
0.88375792
0.8991241050000001
0.790232303
0.885511128
0.7275599319999999
0.0817022664
0.068741405
0.10808609000000001
0.13051379925
0.1440233415
0.8798705955
0.864502635
0.8672907570000001
0.903950123
0.8840077480000001
0.9069373900000001
0.884356325
0.888945917
0.9164495800000001
0.92552543
0.9301757489999999
0.929228323
0.9136223450000001
0.8141654815
0.08624331639999999
0.09043894490000001
0.0942964535
0.08418147310000001
0.15842909600000002
0.737346611
0.10628341900000002
0.07736483300000001
0.09380817210000002
0.0729466634
0.08068637549999999
0.10037339775000001
0.23193629799999999
0.8107736635000001
0.24877230050000002
0.1642313289
0.184135184
0.6983737870000002
0.71720892
0.8222849510000001
0.26799449900000005
0.15303993200000002
0.13107834610000002
0.16922162180000003
0.7303534799999999
0.8464926764999999
0.7496016249999999
0.16707334949999997
0.1155384875
0.1001387965
0.09648754200000001
0.136404407
0.5985664245
0.22288402850000003
0.292250175
0.42104450500000007
0.31549970699999996
0.742978597
0.2592783715
0.247618545
0.21765865000000004
0.5766014265
0.344573787
0.2675993355
0.2053799635
0.206556386
0.5557916840000001
0.6198355555
0.714508229
0.8548999325
0.889364644
0.8832241325000001
0.8441492075000001
0.8366464345000001
0.8692408555000001
0.838912145
0.4175890185
0.34574427350000003
0.7585660285
0.24480932000000005
0.14489370650000002
0.12608284599999997
0.145060365
0.6664823525000001
0.7850282300000001
0.25249483800000005
0.3263027875
0.3048990035
0.28700257500000004
0.24738170420000002
0.16618175349999997
0.525701364
0.21833228450000003
0.6967368850000001
0.7751798560000002
0.9092846750000001
0.9212817825000001
0.9007371715000001
0.15282661749999998
0.10265434200000001
0.0961857114
0.05849354255
0.06025185665
0.09226688230000002
0.767876075
0.7580907
0.778653901
0.886613863
0.1551364405
0.0674247305
0.0641439108
0.10277331315
0.7313335050000002
0.15346293749999998
0.2239129165
0.759640927
0.08780956180000002
0.0547575362
0.0538014988
0.08277569495000002
0.8876426370000001
0.9347693994999999
0.949379035
0.9295376415000001
0.08020149045
0.05185538745
0.05704319265
0.1003859607
0.8040972424999999
0.1802961204
0.15884621829999998
0.811285829
0.1645614238
0.061290115850000014
0.054513460099999994
0.05550568015
0.05501722550000001
0.0529287778
0.054979363700000006
0.0689843371
0.13102441800000003
0.19917448950000002
0.847501444
0.906722588
0.7852217460000002
0.20771488100000002
0.7117002509999999
0.101414298
0.09033428520000002
0.0955831364
0.10830326500000001
0.1292082468
0.169748839
0.8595739450000001
0.8443671480000001
0.1602969885
0.1458293235
0.2043713895
0.36327846150000004
0.7740591375000001
0.308291342
0.36464697050000006
0.825012293
0.8290578150000001
0.837411902
0.73789641
0.6897451195000001
0.6903070095
0.6892675015
0.744602595
0.858265913
0.8923539790000001
0.87951372
0.8003180840000002
0.826663145
0.7100983599999999
0.17276327750000003
0.1243467815
0.1135580627
0.12211388400000002
0.144547435
0.12185378670000001
0.1314121915
0.17113366400000002
0.16760687550000003
0.592949213
0.158565613
0.13590428750000003
0.09968049550000001
0.1023892775
0.12035442750000001
0.23330588250000003
0.8713858305000001
0.9029492375000001
0.8795486950000001
0.6717762064999999
0.509445146
0.4705391075
0.4868983655000001
0.5594905655000001
0.613889815
0.758017229
0.667212137
0.7519392524999999
0.265069604
0.18894302600000004
0.185950742
0.28003341000000004
0.28917925250000004
0.20760065700000002
0.49709083450000013
0.5499251895
0.554538238
0.594985836
0.747750162
0.6146377100000001
0.5544447815000001
0.522184664
0.5538134615
0.5863171120000001
0.1644553875
0.125242396
0.11729180050000002
0.13336487630000002
0.21600804150000003
0.11966242750000002
0.107548052
0.164804414
0.28686072850000005
0.262924196
0.659469049
0.6449760335000001
0.141237706
0.096436979
0.0899655377
0.08170943080000001
0.10847919250000002
0.220425592
0.6599785949999999
0.14282175850000003
0.151716213
0.1283110695
0.6937229399999999
0.7100369405
0.7544114095
0.19587772800000003
0.12129871850000001
0.0731102815
0.06919769700000002
0.078330706
0.06852084325
0.09110290474999999
0.73950605
0.28324687100000007
0.805915128
0.7645199575
0.2396823155
0.506786976
0.897382917
0.8925743495
0.8629874945000001
0.8088078995000001
0.141994955
0.13493384800000002
0.6819664985
0.211795135
0.7163696675000001
0.08392406275000001
0.0563756799
0.060400860300000005
0.06150375780000002
0.057507343399999994
0.07275886469999998
0.110197864
0.826019902
0.8589803570000001
0.9297685845000001
0.9338641615
0.908612808
0.09600207320000001
0.0726739914
0.0620196615
0.0654618127
0.07234609225000002
0.1395821675
0.8500329660000001
0.7678261455000002
0.25150576
0.10542441300000001
0.08972600050000001
0.11341985
0.19261051850000002
0.1630877515
0.17211020200000002
0.09167878850000001
0.07653162400000002
0.0830897415
0.13011169370000003
0.1370206435
0.1264370549
0.70528835
0.15073251710000002
0.14590666000000002
0.73542535
0.10900798830000001
0.06171347915
0.05329030450000001
0.05279263544999999
0.06024434925
0.10808694850000002
0.8912377110000002
0.9324006050000001
0.8685658860000001
0.07723026294999999
0.0510103338
0.0477922517
0.05619290310000001
0.07212445735
0.15332376550000001
0.720208055
0.14978317500000002
0.2109471115
0.635862672
0.120178588
0.12323777440000001
0.14662190700000005
0.18285646
0.778394874
0.662604247
0.6103025495000001
0.6000171550000001
0.5768227805
0.5671199004999999
0.5658109190000001
0.30555002249999996
0.459170486
0.8230002120000001
0.8056503165000001
0.868628923
0.829756872
0.287688638
0.27224240050000004
0.690295768
0.8696443470000002
0.9008820335000001
0.8990346874999999
0.8693542350000002
0.7594577025
0.7819937580000001
0.6513398465000001
0.5742041225000001
0.23783382300000003
0.27477701449999997
0.803948906
0.475103386
0.18609208400000002
0.2798279795
0.08989443200000001
0.0679259388
0.06566837675000001
0.06972474619999999
0.08965445420000001
0.13059385050000002
0.0865432514
0.1149058623
0.7348220919999999
0.130375816
0.08129529960000001
0.1255600362
0.10880734490000002
0.0675969745
0.0726421085
0.08267552585
0.12294701624999999
0.7500764780000001
0.0927644084
0.0688796223
0.0953600788
0.06716689725000001
0.06389302015
0.08794716715
0.892602187
0.929133536
0.9401831150000002
0.9306995299999999
0.07191118530000001
0.043885146550000004
0.04109009210000001
0.050390201849999997
0.08215710420000001
0.09666441595000001
0.8301758490000002
0.8504866690000001
0.16930256200000002
0.12959053629999998
0.0948830567
0.06964658015000001
0.09526172265
0.7783179460000001
0.7482490100000001
0.7558150135
0.7734100500000001
0.1073365731
0.07124085095
0.0869208513
0.05891515855
0.06320496765
0.1197555029
0.8274350695000001
0.827390341
0.8404505560000001
0.8997009860000001
0.802006721
0.080977773
0.0550423619
0.0632893335
0.0654193072
0.0698763642
0.08234751349999998
0.08461444660000002
0.1074844825
0.1090008726
0.1516711875
0.771700075
0.1563798935
0.11803438050000002
0.17826370600000002
0.14308087000000003
0.6676732750000001
0.237469849
0.165067216
0.19923957550000002
0.149669486
0.07863180120000002
0.0761364498
0.0900327292
0.8004893585000001
0.8524999600000001
0.8847832475000001
0.901449876
0.8434253185
0.8157084390000002
0.8340567985
0.8592696580000001
0.1302951145
0.1350491547
0.12133673950000001
0.6364192800000001
0.1462772215
0.15785455400000004
0.21648894900000004
0.20067771550000002
0.6393092930000001
0.118589825
0.12079749400000002
0.1291090725
0.185627348
0.615262167
0.165645288
0.14790709500000002
0.1940330955
0.299341246
0.28696036449999995
0.295921207
0.780158394
0.37695966150000004
0.1612792945
0.1297569215
0.12434001520000001
0.1713587705
0.8118763874999999
0.7508966555000001
0.7926573415
0.891242442
0.9123094610000001
0.913414838
0.9053060415
0.875894607
0.7622191950000001
0.7170971170000001
0.8149695190000001
0.270381354
0.1998308165
0.208312853
0.12418195550000001
0.1392488085
0.7771572220000001
0.168131508
0.184382563
0.154624306
0.812158665
0.8593855575
0.891311073
0.853582115
0.7931942280000001
0.8030900485
0.8200992800000001
0.8577347430000002
0.91290093
0.9139457900000001
0.8696447545
0.7960360780000001
0.0922899092
0.07839464270000002
0.057238536300000004
0.05801900975
0.0744037921
0.13000494199999998
0.254848958
0.3547468905
0.751541912
0.777898253
0.8781226215000001
0.8549673685
0.17537789850000002
0.12118877500000001
0.11322087450000001
0.13664568300000002
0.26465800250000004
0.7979045745000002
0.71288393
0.7063963020000001
0.6901883900000001
0.18836521499999997
0.21860170900000003
0.1030468066
0.0877484585
0.11022900100000001
0.817132353
0.8893954049999999
0.8407426775000001
0.8884314295000001
0.7508513000000001
0.09493942720000001
0.07321564575
0.093770753
0.8309792375000001
0.8919696799999999
0.936147061
0.9168100415
0.1124909119
0.07344991325000001
0.10214420509999998
0.70126789
0.10155846700000001
0.075780875
0.0752288954
0.0859120351
0.09211227200000001
0.10166791
0.13523520300000003
0.1251026305
0.1684396025
0.6439273675
0.2064556345
0.219270739
0.18163134400000003
0.22905165500000005
0.25436264300000005
0.270742831
0.7335279170000001
0.8324273470000001
0.8334954139999999
0.8619363760000001
0.8477008085
0.7664093449999999
0.7110431400000001
0.7597381645000001
0.265513369
0.24549708200000003
0.2220118505
0.1793442475
0.185116938
0.2714036995
0.47467599950000006
0.175021953
0.17967924049999998
0.2741421935
0.208011191
0.311367402
0.22206683849999997
0.1762320685
0.2501437245
0.126713885
0.102136318
0.09931118120000001
0.1269914147
0.6975363305
0.8170570865000001
0.687124875
0.664545052
0.6504873145
0.121593239
0.09767254500000001
0.0742052402
0.0781053022
0.1317933985
0.8090669165000001
0.29573461100000004
0.8036501989999999
0.8730615315000001
0.188289363
0.14474940249999999
0.08387676630000002
0.09130760125000002
0.289901138
0.893180862
0.9000463815000002
0.9144336570000001
0.90217699
0.86247068
0.881266317
0.847697981
0.8545155335000002
0.863534542
0.8803910690000001
0.1218305615
0.06525879785000001
0.06441594640000001
0.09117068180000001
0.188189616
0.803677018
0.8532815500000002
0.35551523800000007
0.8031346800000001
0.1470721145
0.1527744805
0.6422345405000001
0.151178209
0.202976699
0.107982236
0.09246535150000001
0.1078182863
0.095918269
0.07121296235
0.069092556
0.1047517469
0.832670663
0.845347012
0.8158953705
0.10012462525
0.06496686110000001
0.063175538
0.08461582750000002
0.169020406
0.23011675850000002
0.765211489
0.8706865095000001
0.8540476900000001
0.7165289914999999
0.7121188910000001
0.8429435869999999
0.8666155385000001
0.8180783615
0.8433688309999999
0.484295841
0.433468997
0.3608490545
0.189711591
0.23145779200000002
0.696870825
0.10865816160000001
0.07263321660000002
0.07628125264999999
0.06261031905
0.05938731665000001
0.06215428450000001
0.07602554420000002
0.1021237474
0.8005628075000001
0.859123074
0.154095131
0.1379235015
0.67278843
0.19657850400000002
0.696463635
0.08075023575
0.051280703100000005
0.048960032800000004
0.0548312218
0.07322139460000002
0.14198406400000002
0.15217249885
0.8985603974999999
0.9311426440000001
0.9462295685000001
0.9240303504999999
0.1764693745
0.0981687185
0.1115169705
0.08463333999999999
0.05416202690000001
0.060478461600000005
0.0864012781
0.832460627
0.8410728075
0.7880789890000002
0.248282212
0.7408801025
0.15864015239999998
0.19101131600000001
0.888383881
0.9031126025000001
0.122203687
0.1275804318
0.07735795545
0.05476376695000001
0.057618520599999994
0.08216263609999999
0.06646784765000002
0.09378995175
0.8077652760000001
0.7966214875000001
0.8080373840000001
0.8608462530000001
0.11816034275000001
0.08394383535
0.103590045
0.11886764490000001
0.12708194700000003
0.6999182465
0.7175181395000001
0.837563068
0.741778941
0.7067490710000001
0.6969519375000001
0.1318020655
0.0901323649
0.0792011975
0.10449968075000002
0.16976783599999998
0.2148357135
0.2883255895
0.21927899350000002
0.1735095345
0.2031147945
0.1948430085
0.32852666650000006
0.7739250870000002
0.6890486365
0.6884892620000002
0.6902589125
0.7273071260000001
0.788744756
0.668516522
0.18155694199999997
0.13821927369999998
0.134755777
0.1786765695
0.247713394
0.8379945050000001
0.852745355
0.5838702549999999
0.8168705720000001
0.721534769
0.6682659660000001
0.6287229865
0.33385587600000005
0.7678588949999999
0.640071136
0.160590702
0.22486793950000003
0.13120194899999998
0.1245823655
0.1574856295
0.1745683135
0.18975659
0.168911879
0.251727576
0.187102891
0.1492465585
0.1889479005
0.1255498102
0.139781035
0.275763647
0.7744935865
0.8858501950000002
0.865130827
0.16854766850000003
0.15608394550000002
0.08497282800000001
0.08483814650000002
0.1345594815
0.7975638635000001
0.8542360785000002
0.916952627
0.931963253
0.9300621605000001
0.9111423439999999
0.7606999525000001
0.066019633
0.05218760035
0.06629031015
0.060918629200000005
0.10298331600000002
0.89190217
0.9054551295
0.9088687750000001
0.908942842
0.8987397415
0.887609128
0.0842475365
0.05958120365
0.07189328825
0.08957506995000002
0.12957567849999999
0.878396829
0.9026518400000001
0.834738567
0.8307144955
0.8770460575000001
0.7621244100000001
0.10680444550000001
0.0893362937
0.1160377175
0.13436907500000003
0.14322635350000001
0.6834717740000001
0.8210060975
0.7582986035000001
0.7755872275000001
0.8412143850000001
0.884460847
0.8864938120000001
0.8974059620000001
0.8931033595000001
0.870413164
0.8825116530000001
0.8674845260000001
0.7929539440000001
0.764438186
0.77866338
0.783875227
0.780049957
0.8350341150000001
0.7593344980000001
0.7097923209999999
0.143278721
0.12273352500000001
0.0826973542
0.0787075616
0.1063681732
0.12242980380000001
0.14815622
0.093293418
0.11014362350000001
0.1364878855
0.711115865
0.10823123230000001
0.0820426943
0.12077135000000001
0.86973162
0.8667069270000002
0.9043856724999999
0.8331149720000001
0.892382334
0.75513372
0.07730301725
0.06379748340000001
0.08824989925
0.1492688335
0.8686413065000002
0.902572492
0.8706800830000002
0.8253897299999999
0.8353782
0.838144803
0.840412602
0.8461689585
0.23617967699999998
0.1635602535
0.0964698325
0.11085647770000001
0.7847899170000001
0.821273111
0.88773676
0.7853206765
0.09736287600000001
0.08012082570000001
0.10730581565
0.7300195100000001
0.407627222
0.502263031
0.8482741024999999
0.148291889
0.12252176149999999
0.10405107570000001
0.18520042650000001
0.0970991061
0.10754614650000001
0.24462752299999999
0.18451513649999998
0.169933124
0.10619371550000002
0.1001558647
0.13530128925
0.133464642
0.185865748
0.7727201115
0.264352977
0.1734228775
0.17415782900000001
0.247504751
0.8301230925
0.8510857675000002
0.883579888
0.8658869080000001
0.8015617260000001
0.7999967975000002
0.85797122
0.8797015545000001
0.866629004
0.865172801
0.8283205140000001
0.8353773145000001
0.8695176530000001
0.861722195
0.899810241
0.9049482450000002
0.8743905755000001
0.16637337950000003
0.11297567600000001
0.08827610350000001
0.1095709668
0.0627771761
0.0616588381
0.07413232449999999
0.09370060350000001
0.1754801325
0.8577194725000001
0.9195359945000002
0.8577547900000001
0.894286336
0.08289896840000001
0.0488862273
0.04402993495
0.0509177544
0.0931028405
0.8519274035000001
0.329259347
0.9012916645
0.932085206
0.9393554460000001
0.8744043400000001
0.07089217790000002
0.047354355550000005
0.04168985495000001
0.044896990600000006
0.05482512735
0.104981656
0.8597096395000001
0.7796151939999999
0.745358645
0.7406772055
0.844990875
0.163115261
0.109002308
0.13426761020000003
0.1019966352
0.15730136050000004
0.7683885680000001
0.230494593
0.17769547100000002
0.27377822350000003
0.2819776605
0.827754638
0.8509412275
0.8239524500000001
0.27218465700000005
0.14575838100000002
0.1149406425
0.114314971
0.14701113500000001
0.17541285099999998
0.185318176
0.6298115995
0.63588702
0.176139649
0.15647789250000002
0.10870870070000001
0.09010027525
0.0815838435
0.0804689242
0.10594744290000001
0.7220192685000001
0.710493429
0.27434773100000004
0.10828150700000001
0.0845748905
0.103822033
0.7120972590000001
0.713057137
0.716077535
0.6768259875000001
0.10293207
0.08063447725
0.0920259685
0.14637068
0.724622536
0.823402308
0.647468335
0.55317632
0.5570212640000001
0.6244982889999998
0.6878405595000001
0.8507809775000001
0.7354933360000001
0.0907577695
0.0627985927
0.06881250480000001
0.08143182245000001
0.09113016430000001
0.097603358
0.06822966359999999
0.05874807985000001
0.053380195449999994
0.05072152715
0.05109373154999999
0.06781364499999999
0.453405787
0.9234648799999999
0.9398049610000001
0.9290862750000001
0.9390982755000001
0.90930838
0.91435135
0.08997211915
0.04818552525
0.0424527404
0.046488461200000004
0.058976390350000005
0.10225115600000001
0.7320488240000002
0.1163658055
0.11440381900000002
0.18875274600000003
0.7829440485
0.7753723475000001
0.8691475660000001
0.750470225
0.213547607
0.1765153445
0.1253068685
0.17264660650000002
0.7274411420000001
0.743536068
0.7923621550000001
0.887708391
0.784515901
0.08605064650000001
0.0545932062
0.05010643575
0.05188890460000001
0.05295556285
0.05835552499999999
0.0821030221
0.8430919805000002
0.8806745420000002
0.9029205250000002
0.9126611405
0.9159912215000001
0.920468973
0.8470961225
0.08629143330000001
0.0906324958
0.05954187670000001
0.0606140619
0.09591485930000002
0.66126506
0.1273432291
0.125742674
0.7242843675
0.7142975605
0.6978042449999999
0.11893763439999999
0.09940338620000001
0.1820074115
0.686085583
0.135983301
0.11912633325000001
0.1923577535
0.164893022
0.668793227
0.6258436930000001
0.24317212350000003
0.3711918345
0.390827645
0.400866975
0.76202263
0.24745940200000002
0.22796670049999998
0.35672768000000005
0.6356571430000001
0.6379951235
0.576504988
0.1506561125
0.1377904827
0.1044194689
0.1093894203
0.18287547
0.8770123415000001
0.90769211
0.88089323
0.7141359850000001
0.705842836
0.8131423314999999
0.6894413300000001
0.6764834605
0.1978351065
0.17025250700000003
0.181931786
0.1268045375
0.16907640950000002
0.7751886275000001
0.742851064
0.1493744165
0.1387543295
0.7708854159999999
0.8545800044999999
0.89680934
0.883559627
0.869955255
0.8514522925000001
0.151751205
0.14560735300000002
0.6998637475
0.7230350675000001
0.20063407
0.1350223515
0.1651986845
0.23224870000000003
0.3430629295
0.7791414815000002
0.8227512619999999
0.8626877025
0.7906859745
0.762402949
0.841547958
0.7662045155
0.7012714749999999
0.149862507
0.12877237
0.142247574
0.2386824685
0.22618702700000004
0.7365243950000001
0.8307102120000001
0.7675781549999999
0.749832075
0.8339038690000001
0.811377282
0.8149678245
0.8377939655000001
0.7756907440000002
0.7795082170000002
0.8691241965000001
0.8715262934999999
0.7836379609999999
0.7070404025000001
0.1814765565
0.1188018225
0.101193559
0.14329256499999998
0.281320393
0.213959625
0.646388068
0.2547294215
0.3679385135
0.190031527
0.17759073400000003
0.2564649155
0.139355438
0.130764242
0.127694889
0.1441599473
0.5518272205000001
0.6270505370000001
0.7374349570000001
0.875503755
0.9022703300000001
0.8874899600000001
0.8167360269999999
0.817711171
0.7238807835
0.6821771454999999
0.6787750425000001
0.6685705980000001
0.6794097070000001
0.718414659
0.796061168
0.8911073920000001
0.904500554
0.873408771
0.28910913250000003
0.13423655475
0.12457695450000002
0.1562209435
0.7820732685
0.16025869850000005
0.1005023595
0.12728868100000001
0.09580544175
0.10712670725000001
0.67900851
0.24492693050000003
0.759275977
0.762035693
0.132941742
0.061975203250000006
0.0553389445
0.05648026695
0.05921275985
0.06209539425
0.075532824
0.159062082
0.12562918550000002
0.06141759274999999
0.059943283850000015
0.09861648985000002
0.897952851
0.93816341
0.9224066330000001
0.85650546
0.1121051272
0.11419310200000002
0.7334365544999999
0.08260709555000001
0.060065935449999996
0.06011341185
0.060350157800000005
0.06916027285000001
0.12341932570000001
0.8311676455000002
0.10583735080000001
0.06503003165
0.0677985385
0.11412419830000001
0.7426744495
0.6866083365000001
0.355709657
0.706376073
0.72150008
0.712964007
0.16527999999999998
0.20118269970000002
0.15648486550000001
0.138048473
0.24915452300000002
0.672723029
0.6522064705000001
0.139402825
0.1150370869
0.132494082
0.2338016975
0.5968257309999999
0.15659211850000002
0.128583052
0.132481988
0.1715453945
0.6627782084999999
0.7022865535
0.7294600125000001
0.8140053850000001
0.337749599
0.239867005
0.22692674950000005
0.13071427100000002
0.13032909825
0.708566762
0.8575634400000001
0.8479982349999999
0.8953674625000001
0.881841804
0.7686935920000001
0.7713708470000001
0.8506553970000001
0.7367693925000001
0.116111707
0.10543974025
0.158963302
0.24217762850000005
0.30635446950000006
0.6747640500000001
0.657763838
0.1502486465
0.108016425
0.10359130600000001
0.154377324
0.2078008535
0.1730939732
0.16335317250000003
0.212910408
0.2713263695
0.20888305900000004
0.24943464750000002
0.27788195300000007
0.6115933
0.619375338
0.634746883
0.6394771565
0.6258442005000001
0.6256146300000001
0.6065377194999999
0.2016876965
0.18228889399999998
0.137569848
0.1384500035
0.1915835655
0.7585229320000001
0.5034531750000001
0.788489364
0.24074483100000005
0.129474944
0.10974566899999999
0.134695503
0.689521834
0.7880546620000001
0.2070613175
0.18190400950000002
0.644566728
0.6630532969999999
0.6686122835000001
0.650089904
0.5727700924999999
0.17766929950000002
0.20514947350000004
0.793193252
0.7803938485
0.8545605025
0.7975193065000001
0.8853362515000001
0.9034407
0.886079632
0.7636669970000001
0.7303808814999999
0.680825992
0.08234987825000001
0.0672630422
0.09977961700000001
0.08274225050000002
0.071946523
0.05740880255
0.057289977500000006
0.08642571035
0.09344883030000001
0.8700303920000001
0.899877136
0.932620479
0.9365055525
0.927974523
0.9296820295000001
0.903843904
0.8476444580000001
0.07052510765
0.05545825070000001
0.05084338745
0.06427109975
0.15777643700000002
0.8037825525000001
0.239544076
0.103208216
0.07254375069999999
0.06570286955000001
0.0671371382
0.07790299010000001
0.1276505098
0.1347128205
0.8445755580000001
0.8925539370000001
0.8846925255
0.8818639720000001
0.785359165
0.6964235390000002
0.26092394150000003
0.775119368
0.18817219899999998
0.1309851045
0.16822112050000002
0.8198553110000001
0.8331776915000001
0.19202619900000004
0.2034430635
0.829952528
0.28341022849999997
0.14465787400000002
0.14398061650000005
0.077338524
0.05565444900000001
0.0523491248
0.0634894351
0.14866959649999997
0.902068975
0.8996068885
0.8910259165000001
0.891147994
0.8863251925000001
0.8292406390000001
0.07028217675000001
0.04653388325
0.04659854695000001
0.05098860250000001
0.0601366368
0.07930064479999999
0.1270012862
0.1436444495
0.6742834685000001
0.146977019
0.1606163255
0.8187170495
0.758858601
0.7716601869999999
0.8494087095000001
0.16117255
0.17850171750000002
0.14323111200000002
0.091508327
0.07407135575
0.1141013545
0.8743097465000002
0.8592157870000001
0.8312313825000001
0.7854077885000001
0.08046111
0.05769538315
0.064202246
0.130043109
0.907443966
0.9195615370000001
0.8750038750000001
0.0908258307
0.0551808231
0.053757102200000004
0.0572406849
0.0592028043
0.06319752149999999
0.07531335460000001
0.0817403254
0.0882716302
0.10559069979999999
0.733915096
0.7196053325000001
0.7300828485000002
0.7710799670000001
0.7912175300000001
0.789539772
0.7515531980000001
0.13766551000000002
0.12808092180000002
0.189219098
0.3270286215
0.7271709920000001
0.1353879395
0.0938744733
0.0973764785
0.1282280325
0.23841152200000001
0.189125567
0.643423779
0.6217175495000001
0.6229287830000002
0.6686718469999999
0.7115518975000001
0.7789316540000001
0.882572114
0.905169024
0.8873844495000001
0.5451215325000001
0.32138898900000007
0.18803525399999999
0.20570100500000002
0.251865715
0.15522143400000002
0.177753675
0.3040313815000001
0.602926795
0.189527739
0.178135819
0.2658621895
0.2312405405
0.3999716115
0.686337962
0.7942598095
0.45474430000000005
0.27885169900000006
0.56310258
0.5656702485
0.3771150905
0.31806529450000004
0.5397097260000001
0.7863205350000001
0.26411535
0.2926204115
0.17150263500000001
0.184390221
0.1930126645
0.18473884450000003
0.6321820705
0.7310373360000001
0.22520701550000002
0.23937991150000001
0.25244168400000006
0.328387568
0.8184965175
0.4944395980000001
0.3377414819999999
0.8372245800000001
0.7875445465
0.70636562
0.6301501345
0.20467347100000002
0.3221679895
0.826660393
0.508722407
0.43667591850000004
0.3616998375
0.224461608
0.5694786095
0.2200672945
0.17401116900000002
0.183744398
0.3554167415
0.8777363870000001
0.910597151
0.8807372849999999
