0.8378745265000002
0.8603754339999999
0.8824067954999999
0.864645493
0.8621890190000002
0.627145845
0.2357656395
0.22471138400000001
0.3312441535
0.4494970735
0.703188739
0.781928253
0.8620796200000002
0.8486212725
0.865269608
0.7989703495000001
0.723784486
0.2799635735
0.21585211550000002
0.186316756
0.151071974
0.1934151365
0.582431609
0.730214193
0.2019312635
0.15694157100000003
0.14102551900000002
0.15113347500000002
0.5611292095
0.1428630095
0.10989958500000001
0.10542432500000001
0.13159386950000002
0.63934263
0.647730438
0.6703421
0.728588305
0.8480179250000001
0.7156930385
0.15838504550000002
0.133241974
0.16490074650000003
0.165719912
0.598679665
0.5896577995000001
0.22547827400000003
0.146472409
0.1358271435
0.169305771
0.698158689
0.8440693760000001
0.8582853989999999
0.8056121620000001
0.18518355050000002
0.143516569
0.1612466455
0.309279723
0.635562066
0.633131485
0.161732852
0.120776836
0.113389526
0.123681712
0.177045686
0.7597856835
0.6112302805000002
0.6207817409999999
0.6177945585000001
0.6232958700000001
0.6180972875000001
0.1859296445
0.15680204720000002
0.16785683950000002
0.148237904
0.1559051858
0.604757996
0.2909521775
0.189249045
0.2054017035
0.686424635
0.7967963105000001
0.7061982450000002
0.6627930580000001
0.6334663975000001
0.637317233
0.6520214405000001
0.6586646985
0.7941062715
0.7917339855000001
0.16173282200000005
0.1142657225
0.1033029535
0.10636774600000001
0.11399861550000001
0.1423326185
0.11867799799999999
0.139165482
0.6743915865000001
0.6835448420000001
0.706492615
0.7444672265000001
0.8468119035000001
0.8388398349999999
0.6954829125
0.603038634
0.6097890070000002
0.6309158175
0.7551120095000001
0.6708450880000001
0.6632482180000001
0.7605734325000001
0.292522972
0.201266615
0.2625513455
0.23792980450000006
0.2597761205
0.864821312
0.9011506050000001
0.8751530475000001
0.122537897
0.08798470149999998
0.06134507025
0.0632051248
0.11072805100000002
0.10042890325
0.10442050600000001
0.7871760415
0.785919575
0.861266447
0.9034757675000001
0.8938425850000001
0.9019534860000001
0.882475206
0.8811851490000002
0.9034906890000001
0.9017119915
0.8575791500000001
0.7922213035000001
0.7904452950000002
0.7648756820000001
0.118540629
0.1363598135
0.09924474900000001
0.07599641530000001
0.0854301745
0.14042577350000002
0.13290852
0.661957745
0.7082977815000001
0.7888587150000002
0.346678831
0.6695962485000001
0.3445473025
0.22415698300000003
0.169649642
0.19928169750000002
0.126779255
0.1203691365
0.138181489
0.20673714200000004
0.8217575850000001
0.8388332195000001
0.263675865
0.16743700674999998
0.1691927885
0.34112023550000004
0.8387946025000002
0.7468471435000001
0.8243922115
0.1193878795
0.08276293090000002
0.09799804550000002
0.6788327135000001
0.7149773435000001
0.871676048
0.1898502665
0.07450350349999998
0.06248514655000001
0.06506358085000001
0.10623596150000002
0.7205372660000001
0.090779743
0.06463430790000001
0.08205436325000001
0.179218033
0.9083982570000001
0.918744945
0.9180672445
0.926002565
0.9400022825000001
0.9245209985
0.08335419375
0.06037811860000001
0.042094695300000005
0.04371659860000001
0.04612813955
0.046529128249999996
0.047529178000000005
0.052990211100000004
0.09145127400000001
0.86783799
0.9293697765000001
0.937140877
0.9078987980000001
0.1215226965
0.0964550529
0.15153144600000001
0.8198606785
0.721660086
0.682576834
0.163277781
0.11297681150000001
0.12195968725
0.23944487400000003
0.6575847205000002
0.6529813865
0.65134924
0.587520119
0.14121022
0.11488861650000001
0.1264318385
0.1790066115
0.7573110900000001
0.682599748
0.709018202
0.8004445630000001
0.261360666
0.2450079625
0.7624536960000001
0.1325761152
0.09320701700000003
0.11575037380000001
0.6573965895
0.1611369325
0.1105060985
0.0820335317
0.11575751400000002
0.1137862858
0.140761105
0.837144642
0.83759322
0.879085065
0.9090010265
0.8982262370000001
0.901759696
0.9131107089999999
0.908725799
0.32673653399999997
0.16461458799999998
0.11158393750000001
0.08535722800000001
0.12208313600000001
0.11904268350000001
0.67281674
0.109379058
0.085495936
0.08644192500000002
0.09943477880000001
0.1468790435
0.7482491040000001
0.8656159350000001
0.8849378550000001
0.8501784800000002
0.87626378
0.870029237
0.817298654
0.8096124400000001
0.808732405
0.8027807170000001
0.821229863
0.2563870965
0.19174970600000002
0.23452703700000002
0.141945551
0.11519764920000002
0.109074014
0.1255096012
0.1976159005
0.565290299
0.5392409014999999
0.31057957700000005
0.364897162
0.279201368
0.22953130400000005
0.2556294955
0.2952010175
0.2286340975
0.273735478
0.6154715529999999
0.637291002
0.6494981105000001
0.757874963
0.63497694
0.1614966265
0.16235315850000004
0.1478627495
0.1215233324
0.15808374399999997
0.544684274
0.6279110695000001
0.6653733119999999
0.7517015575000001
0.8837672825
0.889604005
0.33745352599999995
0.1624458785
0.23716808100000003
0.21820844550000001
0.1134188525
0.0884040615
0.0784096895
0.0796017135
0.1103927695
0.6488153210000001
0.11115909
0.0918396675
0.1364876346
0.8128622850000001
0.9029169915
0.8534184550000001
0.8248602720000001
0.247656853
0.11581875380000001
0.12198189660000001
0.617072342
0.1072476909
0.0804916573
0.0781731953
0.10197793830000002
0.6356793915
0.6336311429999999
0.3754779920000001
0.3204913195
0.180252195
0.165532963
0.591520547
0.6248039175
0.6250846190000001
0.6581754365000001
0.770356988
0.15164661150000003
0.1254390372
0.17895195600000002
0.27285423400000003
0.8372679995000001
0.7456168425
0.1843057995
0.1017687787
0.0752651054
0.0680484344
0.082909125
0.1503820935
0.174745847
0.87890839
0.8785944390000001
0.8806455665
0.8907401520000001
0.8734273500000002
0.8768906925000001
0.8960069350000001
0.8849984920000001
0.8326102475
0.7947157070000002
0.8289677375
0.8876772825
0.900139881
0.879836755
0.8756705265000002
0.904565141
0.9113638135
0.9013420450000001
0.8587251765
0.8680274320000001
0.7694214085000001
0.70669469
0.6839437009999999
0.6622706690000001
0.141002607
0.13162163400000002
0.10602309560000002
0.1149407383
0.5860948994999999
0.17470115
0.19045543800000003
0.35879617449999995
0.818394013
0.6649114830000001
0.11662621
0.098731251
0.07716500400000001
0.0745954413
0.09657046300000001
0.8178062850000001
0.912621077
0.9122588544999999
0.7471358735000001
0.10825206825
0.11045015830000002
0.10486721150000002
0.186433117
0.20668152100000003
0.6772216850000002
0.7804176380000001
0.652028282
0.6463196880000001
0.6852458135
0.8002489810000001
0.165462067
0.1521540275
0.1668663475
0.08798733275000001
0.08549494629999999
0.09466910330000002
0.7130571649999999
0.34840714600000006
0.8777615185000001
0.8910226240000001
0.92751623
0.9327159850000001
0.9225129655000001
0.866724534
0.7657301355
0.173870227
0.686724077
0.0754117888
0.064284909
0.07187601800000001
0.1256604188
0.244725213
0.1436785045
0.2361445835
0.14970830550000003
0.1875514165
0.22893436650000004
0.144553223
0.145947994
0.194681933
0.25783846800000004
0.80782924
0.7972140775000001
0.8303877270000002
0.753232407
0.6895454565000001
0.7115091870000001
0.822014627
0.843678234
0.77039332
0.684095929
0.638001397
0.2951653695
0.214362363
0.1382141102
0.11564171520000001
0.11218165050000002
0.132496731
0.184538094
0.2226873565
0.5864029049999999
0.582540072
0.6022390085000001
0.6115771860000001
0.393238484
0.8026235070000001
0.8034684095000001
0.146375526
0.10186012450000001
0.1199054047
0.21206028200000002
0.15520253
0.123954551
0.09278768800000001
0.07620271800000002
0.0716506145
0.08859399050000001
0.17307717600000003
0.1855988245
0.8130178130000001
0.31464381799999996
0.6987341269999999
0.620106472
0.2277651395
0.721119371
0.7457436470000001
0.7900943660000002
0.7665518415000001
0.39215810900000003
0.8855610330000001
0.900152506
0.25458459899999997
0.13041142649999998
0.10072677650000002
0.074477784
0.07416922025000001
0.097480945
0.63572687
0.6243625150000001
0.645760077
0.6694334619999999
0.7890269705000001
0.6893023745000001
0.729501893
0.8375903550000001
0.8207131340000001
0.842150252
0.7861113665
0.753973106
0.7273522500000001
0.7180293845000001
0.6991687135000001
0.7483713045
0.7930982910000001
0.827143013
0.855344475
0.789180482
0.6854979170000001
0.1416855055
0.17141355549999998
0.1026720822
0.11878025680000001
0.6620004325000001
0.11481298350000002
0.10208850450000001
0.06709581375000001
0.06469976620000001
0.094266451
0.7779699010000001
0.7653070385
0.755975747
0.09684502165000002
0.05692235735
0.0537098931
0.07707179765
0.8559499930000001
0.9025791525
0.945511085
0.9406076394999999
0.938452466
0.8695171855000001
0.0644381384
0.0446223919
0.046800258250000004
0.06410635070000001
0.06308381405
0.06317063125
0.0707594555
0.08026587774999999
0.10830182860000001
0.6740334855000001
0.12008822600000002
0.09910017620000001
0.1322624958
0.18642542250000002
0.8467104375000001
0.8524732195
0.7110297970000001
0.718451265
0.7706189124999999
0.8718802234999999
0.8993263175000001
0.901109435
0.8830630935000001
0.813537495
0.8043861830000001
0.8739359600000001
0.8759133365
0.44620084700000007
0.13535784750000002
0.1057634211
0.11044237225
0.21217793750000002
0.709934391
0.734045154
0.7727360545
0.18011985700000002
0.06844467715000001
0.05740008655
0.0782643003
0.05681760025000001
0.0578853291
0.05867039715000001
0.10257265850000001
0.882199379
0.9191536149999999
0.94753297
0.94724196
0.9299980525000001
0.1839381595
0.07083120035000001
0.08790277165
0.09254852690000001
0.6716922700000001
0.10921626629999999
0.07145509914999999
0.07814666625000001
0.14420767725
0.716975611
0.7217484289999999
0.7228022115000001
0.7317921215000001
0.8198937825
0.2203641245
0.12468705
0.10579684875
0.12055367
0.22392493500000002
0.785043582
0.7016539825
0.6516313970000001
0.247470391
0.260971244
0.1479667055
0.1345492463
0.146337394
0.21298187899999999
0.6688859819999999
0.7821969599999999
0.554931014
0.7943641084999999
0.70906292
0.6512526190000001
0.6396947000000001
0.6547643100000001
0.6858486275000001
0.790863045
0.7346509099999999
0.6965765149999998
0.6524031645
0.20538618600000003
0.20247888800000002
0.1792836283
0.5600003760000001
0.603322718
0.21310848500000001
0.15640327150000002
0.21011909950000002
0.15558697829999998
0.27054455850000003
0.670848018
0.6766131935
0.6558581849999999
0.103192666
0.0740873651
0.07645337005000001
0.1299437905
0.7165153135000001
0.71998318
0.12899723600000002
0.07339842849999999
0.069832807
0.10300586889999999
0.7392838700000001
0.756805929
0.1138121121
0.120488031
0.10433409290000001
0.06777343279999999
0.07065415350000001
0.10802629125
0.09874228750000003
0.0650372279
0.05891243994999999
0.05562856755000001
0.051845229750000006
0.0523446209
0.0721911439
0.40593606
0.930561937
0.931282719
0.9340394110000001
0.1339044245
0.0588097151
0.04565278390000001
0.05047876165000001
0.07807667135
0.122334712
0.7810283625
0.09221555665
0.06150399835
0.059641656849999995
0.077450774
0.8225753235000001
0.855515672
0.9077807325000001
0.9450827825000001
0.9412055650000001
0.8694321540000001
0.07101010225
0.056621736150000004
0.05080413215000001
0.043265475250000004
0.04405070740000001
0.04809812140000001
0.06528454715000001
0.23096438200000005
0.9181215899999999
0.9330984070000001
0.9142217185000001
0.23679512100000003
0.08952999075000001
0.08070268055000002
0.1051261668
0.614111786
0.7230102745000001
0.79488296
0.876051122
0.8441862140000002
0.808600313
0.766050551
0.713158451
0.2074523815
0.1431009576
0.1699606035
0.176184363
0.3781505315
0.8317629935
0.8250974730000001
0.23483746300000002
0.24422799
0.14375628250000003
0.12786596025000002
0.152674865
0.14777859550000003
0.18683532600000002
0.7422054380000002
0.3435518960000001
0.3116791005
0.596831216
0.230321348
0.3144043095000001
0.6384154045000001
0.6362816775000001
0.21492766400000002
0.2110906925
0.1875074545
0.24075796600000002
0.3871279040000001
0.9077141275
0.9191332175000001
0.8105151820000001
0.1035329165
0.05954608535000001
0.0519886841
0.05913477705000001
0.086870055
0.6848436745
0.09328964925
0.07330163599999999
0.10951503075
0.808074776
0.7980140040000001
0.1634267025
0.13131132950000002
0.4593771245
0.9261078880000001
0.9463376179999999
0.9276289730000001
0.89936524
0.09408267415000002
0.05474842965
0.05675945660000001
0.0545085617
0.06320018934999999
0.098038286
0.7129024749999999
0.08778764445000001
0.06205973330000001
0.05972125595
0.06952295590000002
0.14580747549999998
0.7990606859999999
0.7665000235000001
0.8602828469999999
0.231486422
0.188628485
0.20702368650000003
0.19691715850000002
0.26164593
0.6893103700000001
0.6612502514999999
0.2513370345
0.2118048835
0.6387798325000001
0.431267457
0.5043173765000001
0.778120388
0.21907160250000002
0.1893094495
0.26594411949999996
0.300630708
0.6456101810000001
0.6530077
0.7241450425000001
0.2221977015
0.2000975825
0.262815045
0.39207894600000004
0.8525965550000001
0.8685189350000001
0.39247347850000003
0.16776311000000002
0.18771992470000004
0.625811668
0.6339964615
0.0900982325
0.0649537971
0.0732440215
0.1342506295
0.901000342
0.9193206700000001
0.7804852955000001
0.0764866532
0.06005211785000001
0.09395149930000002
0.111545479
0.0718234976
0.05919025060000001
0.05826980325
0.0537840725
0.052883801450000004
0.0544257314
0.086229538
0.8805464090000001
0.937979193
0.9458816210000001
0.9153112415
0.836148928
0.123583117
0.16508870850000001
0.8643971375
0.1841814455
0.059178953750000006
0.05529183550000001
0.04889708335
0.0540650458
0.07355412580000001
0.1525195305
0.887513485
0.7910284514999999
0.0949185156
0.0738730427
0.07252879055000001
0.0968529455
0.893361154
0.9375729010000001
0.926439895
0.11257677800000002
0.1050710007
0.08762674980000001
0.0544863998
0.057109865149999994
0.12336161600000001
0.9062294249999999
0.9234317974999999
0.8011533200000001
0.07993840724999998
0.056874463099999994
0.0637640638
0.09903770370000001
0.7715303425000001
0.8664392780000001
0.294228443
0.14125054799999998
0.17123454649999997
0.644739327
0.28086395350000004
0.24284251650000002
0.1582765805
0.196722177
0.6147629705
0.2620141475
0.14081299400000002
0.14202539100000003
0.263980151
0.664599033
0.649165134
0.6410390830000001
0.668824422
0.7185605770000001
0.833961725
0.19685072750000002
0.110794334
0.0902304763
0.09583955740000002
0.0787197735
0.08290336680000002
0.0919153105
0.1362753325
0.8220253080000001
0.34362640499999997
0.18031556150000003
0.273404812
0.874749387
0.87701057
0.9016575725
0.8698753520000001
0.8476248970000001
0.8425211595000001
0.8831803285000001
0.2802364560000001
0.09191276749999999
0.09378653220000002
0.07431090630000001
0.06887440705
0.08108162449999999
0.1319639955
0.695029022
0.806183378
0.6951580470000002
0.6368226140000001
0.6604424649999999
0.726273321
0.79676552
0.8709508425000001
0.8713387385
0.91016185
0.9137692850000001
0.8876122175000001
0.21497490900000002
0.10714244415000002
0.13390087334999998
0.08243247779999999
0.08733534250000001
0.119381352
0.875119742
0.85610381
0.853210024
0.8779757615
0.920276025
0.9103478345000001
0.7857835350000001
0.09585086400000001
0.13152448949999998
0.0783481082
0.0940360283
0.127556937
0.3206115405
0.885022576
0.8841835690000002
0.7735793875
0.8214708499999999
0.6660361430000001
0.2530053385
0.6131151395000001
0.6047116659999999
0.13988629
0.1064585687
0.098135359
0.10583361900000002
0.183776713
0.274249615
0.8353699690000002
0.830517513
0.356848385
0.4421789885000001
0.3522961315
0.23516269850000004
0.1680741665
0.16857399750000002
0.21376529900000002
0.5445185995000001
0.5828453345000001
0.37904849500000004
0.7264966065000001
0.607855487
0.5688634730000001
0.5270760834999999
0.2469500995
0.2153936285
0.29042408700000005
0.27579376
0.197611332
0.27458294
0.24158955050000003
0.275394636
0.8732798255000002
0.9058860750000001
0.8804227460000001
0.7169134950000001
0.1983229975
0.1520807175
0.255859882
0.6938488020000001
0.714129872
0.745537654
0.8480000569999999
0.76417633
0.21079908949999998
0.16678718800000003
0.292152091
0.739726573
0.8713158900000001
0.8569930880000001
0.17904169599999997
0.1887748415
0.1381404025
0.1090795571
0.1308848695
0.157477996
0.18312111550000001
0.38385183600000006
0.8240053285
0.8147375155000001
0.21237978400000002
0.1412552575
0.11560827790000001
0.11437955980000002
0.142232771
0.639012953
0.1256272145
0.08855111900000001
0.09242710525000002
0.10477877560000001
0.103539859
0.10134865850000001
0.17550731850000004
0.20432869450000002
0.232048167
0.6778986905000001
0.140133677
0.13599015150000002
0.799130705
0.8657274830000001
0.9272183930000001
0.919119505
0.14206211900000004
0.058918057700000005
0.04945152655000001
0.056878251500000004
0.08268910609999999
0.6940170505000001
0.10048540030000001
0.0817262814
0.18489252020000002
0.862053262
0.874067314
0.9179671720000001
0.9363531355000001
0.9184902645000002
0.15426583500000002
0.08227221930000002
0.10624773300000001
0.778765455
0.7954428539999999
0.252215869
0.7811562350000002
0.16076380525000003
0.071825419
0.0688162617
0.10890850855
0.7613641070000002
0.745918916
0.7442295090000001
0.09734905420000002
0.06950862320000001
0.08217857880000001
0.09981127425
0.09700004050000001
0.0779336835
0.076598731
0.08301370599999999
0.12039693500000001
0.7082922549999999
0.34553483
0.14580864480000003
0.09442826870000001
0.08308717250000001
0.0813470495
0.1004907785
0.652077527
0.17917432300000002
0.7634394434999999
0.828049832
0.8973545250000001
0.8783810040000001
0.911255586
0.878198896
0.21323433400000003
0.5750160985
0.10311413450000002
0.13987981
0.11757246100000002
0.12103984599999999
0.19177174600000002
0.229955015
0.7324139400000002
0.8239637645
0.6881951550000001
0.6922028
0.8203580750000001
0.683527449
0.10851965949999999
0.07620854155
0.06278404795
0.0687231063
0.0930178314
0.776372179
0.8258739239999999
0.857207111
0.8493500100000001
0.7860693915
0.10102116600000002
0.06673864110000001
0.0656444288
0.07072048149999999
0.11388593350000001
0.6494266390000001
0.6888554959999998
0.7972820049999999
0.747256182
0.853353186
0.8660385385
0.8175520325000001
0.8728188640000001
0.8858107895
0.8679994400000001
0.876974048
0.8208876730000002
0.7596739439999999
0.12198034749999999
0.09047668330000001
0.10632481230000002
0.1148140363
0.14504798700000002
0.08474785230000001
0.0609844214
0.057648991200000006
0.050574837000000004
0.0492593375
0.056024717200000004
0.10936315865
0.917980782
0.927252039
0.9195255715000001
0.869106149
0.0713614796
0.04547865355
0.044655160400000005
0.051778155799999996
0.052616697600000005
0.0537212057
0.06174008005000001
0.10187299899999999
0.2113628614
0.7197619505
0.6855804285
0.6949355405000001
0.23769755200000003
0.112456868
0.090658213
0.0951775222
0.08116389525000002
0.07127707305000001
0.0693908532
0.097679329
0.16980287200000002
0.84406904
0.9057420115
0.904838358
0.8433370730000002
0.777650026
0.7643851215
0.85229878
0.8276001755
0.8226716625000001
0.8589613720000001
0.7447678495000002
0.6787109975
0.6805516005
0.14822122600000004
0.128185494
0.6527191325
0.08392652549999999
0.06465267590000001
0.0867497905
0.07171786370000001
0.0647865974
0.11366948360000002
0.863642184
0.8762619700000001
0.9069350775000001
0.9143824200000001
0.9212941950000001
0.216568995
0.07335858670000002
0.08466827275000001
0.06603921335
0.0705604757
0.1223153471
0.8291862530000002
0.15328636650000002
0.1772541305
0.1530889055
0.07482118450000001
0.069002273
0.078706683
0.12023913300000001
0.29616258300000003
0.8166679250000001
0.704250387
0.701493541
0.6979418175
0.72055134
0.816865032
0.1385179035
0.0880416655
0.08404209135
0.15259138179999998
0.17827385850000002
0.14270483800000003
0.1711157145
0.72883443
0.09861070050000001
0.0681361883
0.0610352998
0.060668473050000005
0.06355674395
0.07935107365
0.06513649925000001
0.0820330435
0.057474856100000006
0.06722770170000002
0.0982966321
0.8826160015
0.928796079
0.9357874310000001
0.9140792335000001
0.9214590845000001
0.9338714530000001
0.9041303230000001
0.8495364150000001
0.06588619210000002
0.04899605160000001
0.05033154455
0.06859854974999999
0.13211524749999998
0.8060499139999999
0.1080191454
0.06558374000000002
0.059507922000000005
0.05950839965000001
0.06863550530000001
0.10073395550000001
0.7002932295000001
0.14676289125
0.1858375405
0.178931733
0.26021112
0.834177187
0.143069448
0.102414616
0.16192592800000002
0.785941855
0.19061540249999998
0.20501832299999997
0.6451792255
0.121017122
0.08504793790000001
0.0993824015
0.11154934320000003
0.20327042450000002
0.7775996065
0.706093253
0.7421493465
0.8634772990000001
0.8708270255000002
0.622624811
0.35805574900000003
0.16202919100000002
0.131596696
0.12558972670000002
0.14778756599999998
0.30273000099999997
0.3564517535
0.5553199165
0.21567005350000001
0.22777766700000002
0.23929608900000002
0.258111935
0.43456203600000004
0.7746958685
0.645863038
0.22045446625000004
0.17333526670000002
0.11920469500000001
0.11353584150000003
0.14287207749999997
0.2000422415
0.11993899250000002
0.1122233443
0.180994751
0.7817298575
0.3909668170000001
0.840802547
0.8232649595
0.243771636
0.2983882135
0.5140735865
0.13077376229999998
0.12940776240000001
0.22176551
0.22568616850000003
0.656468095
0.6407139470000001
0.6315551785
0.1328889995
0.09081551075000002
0.08563423345000001
0.12355419630000002
0.6283652530000001
0.37215926050000003
0.809876735
0.7032997670000001
0.6942247180000001
0.797973132
0.6576682810000001
0.5703827375
0.584349035
0.5918576820000001
0.64159939
0.6819121205
0.1831425932
0.09498459170000001
0.07290746489999998
0.06483477295000001
0.06387394615000001
0.07132129615
0.0902489677
0.20785245900000002
0.7699301780000001
0.8614177825000001
0.721040725
0.7246302000000001
0.83908209
0.12327454380000001
0.09365012875
0.11119424170000002
0.7020077475000001
0.10062219025
0.09316238674999999
0.06991077300000001
0.06971564745
0.06883424055
0.06423821860000001
0.06831924025
0.10898932775
0.7516464945000001
0.1279363175
0.142670519
0.126966262
0.8430771865000001
0.914518762
0.912281987
0.9221761720000001
0.8765716265000001
0.8666192425000001
0.8670186285
0.8464979330000001
0.8093864815
0.1061198345
0.10308305550000002
0.1623535075
0.813519527
0.09503699650000001
0.05982582360000001
0.0601469586
0.07826496039999999
0.06240012985
0.05846432495000001
0.0605150895
0.06248206215000001
0.08588480840000003
0.172128284
0.17623328325
0.911243304
0.919078172
0.148840068
0.06362852415
0.048282842150000005
0.04934341165
0.0503936615
0.05488635840000001
0.07810811749999999
0.2077572142
0.8284194525
0.8996809889999999
0.9015468070000001
0.8228256210000001
0.7706547880000001
0.7299907885
0.7387626685
0.7383997255000001
0.7142792385
0.43016008099999997
0.6986920875
0.11338772340000002
0.09939062950000001
0.12293888265
0.1079077064
0.22851313
0.15097535299999998
0.09911059870000001
0.10911014180000002
0.17698373830000003
0.201947359
0.8052843040000001
0.1447009572
0.0957453285
0.10163934250000001
0.14628287850000002
0.183837338
0.24179441950000002
0.124356161
0.1466665895
0.2596531185
0.2912634145
0.6087516055000001
0.23288197849999998
0.1884021055
0.3176644725
0.34881885799999995
0.31774275350000003
0.8280357495
0.8240232249999999
0.30581173850000004
0.43704127750000005
0.6476226715000002
0.616672901
0.1219562444
0.1180833408
0.10264015300000001
0.14763190099999998
0.8140915220000001
0.879954702
0.9231689930000001
0.909021118
0.3170135085
0.1474432085
0.2192215285
0.20699169550000002
0.7880678869999999
0.665977488
0.3311116290000001
0.339712041
0.82803741
0.8432573615
0.7426461480000001
0.8194115395
0.732477245
0.695058256
0.7074522325000001
0.8170730125
0.12398165500000001
0.0820229015
0.07894566580000001
0.06224885660000001
0.06858119500000001
0.06322060550000001
0.08577349250000002
0.82848528
0.8542450750000001
0.8791505960000001
0.8735477050000002
0.84522238
0.0857389797
0.051342162250000004
0.056609922400000005
0.06142570875000001
0.06569241475
0.0664296671
0.07484412225
0.100214131
0.130422269
0.21403044550000003
0.7030180970000002
0.130302609
0.09900542700000001
0.09181277630000001
0.1022546205
0.13954781300000002
0.2068693855
0.1529637455
0.1344096555
0.206683148
0.1651301505
0.16673894450000004
0.8264824455
0.770382784
0.7570239165
0.7414062615000001
0.688421378
0.6766521815000001
0.6992670705
0.7055886455
0.72630975
0.80493404
0.20102769650000002
0.23820626550000001
0.18185939950000002
0.15670468950000002
0.24306771900000004
0.252705229
0.6429451725
0.6934578915
0.833122695
0.8325150000000001
0.703615965
0.6880416770000001
0.6730111435
0.6436190155
0.617933446
0.208280662
0.28632365400000004
0.288574227
0.22952454700000002
0.22029456650000004
0.843783527
0.8355784940000001
0.802811755
0.7724894525000001
0.7462086775000001
0.7272237765000001
0.1006117326
0.07889899025
0.110910954
0.13104891550000003
0.100665373
0.1072449585
0.125914788
0.1114742925
0.11182003700000001
0.14242050400000003
0.6556586615000001
0.253768366
0.1702871865
0.1578357465
0.204179636
0.7505214750000001
0.6406337355
0.634726966
0.27645292600000004
0.202451786
0.21337279550000005
0.35667638399999996
0.5950534510000001
0.192179034
0.1576853805
0.164334683
0.2071828155
0.7219423620000001
0.6250308375
0.61956454
0.29318985799999997
0.2610154995
0.26660284349999996
0.17343567175000002
0.19394354300000002
0.20409291799999998
0.19809263000000002
0.6997760335
0.7950116850000002
0.269982404
0.28650127050000007
0.651139667
0.6521958550000001
0.225641012
0.11192291045000001
0.1016852022
0.138881476
0.6916678775
0.831553698
0.1645561798
0.09560880890000001
0.1089704641
0.7161647635
0.75480017
0.23165575550000003
0.14787141450000002
0.6944110430000001
0.0835156715
0.054715867200000004
0.05381712570000001
0.06502245029999999
0.09896651729999999
0.8366030470000001
0.8457940725
0.813367325
0.14033740570000003
0.15070823300000002
0.8315193755000001
0.08487622735
0.050021173375000005
0.046380783950000004
0.0598294341
0.11303394615000001
0.8957342935
0.9156039375
0.9297760195000001
0.93172404
0.93571689
0.283547277
0.10364970100000001
0.048551381500000004
0.047344916800000005
0.051958950000000004
0.05688531877500001
0.05983868685000001
0.0629355835
0.07192326184999999
0.06363186725
0.06816730735
0.1195908085
0.8384338539999999
0.160634537
0.17027651750000003
0.731189743
0.11545600845000001
0.09390865945000001
0.1973509837
0.8572405270000001
0.9278807350000001
0.920349095
0.22896418600000001
0.07789332565000001
0.07739761600000002
0.12215014059999998
0.7435119700000001
0.24367148749999998
0.16312941980000004
0.67255438
0.6516787010000001
0.16708633950000001
0.2404770745
0.21835572475
0.1550907623
0.20898193000000004
0.3173988958
0.510298891
0.7972433125
