0.16988318655
0.0847106411
0.07562236135000001
0.09724813100000002
0.0924066129
0.07769733814999999
0.12939842615000002
0.1264290994
0.23650902750000002
0.870649628
0.9304296910000001
0.9201517320000001
0.10492763869999999
0.05205620880000001
0.04799193260000001
0.06452384640000002
0.12290834770000002
0.20393997000000003
0.8791153100000001
0.88390894
0.9309211400000001
0.9234555415000001
0.9325361150000001
0.9021609690000002
0.8407240790000001
0.8227274320000002
0.827675683
0.090607634
0.055708054550000004
0.043023638200000006
0.04535210980000001
0.0553170563
0.1127586605
0.7646299885000001
0.769202922
0.7801974150000002
0.7909859025000001
0.7980423609999999
0.8265790565000002
0.8965283380000002
0.79668572
0.10946156910000002
0.13355563405
0.10113300260000001
0.06426577205
0.08319271355000002
0.09093578450000002
0.872003995
0.9110010319999999
0.927919359
0.9388401065
0.9468992159999999
0.9434451660000001
0.9213102705
0.073874611
0.05238438265
0.0449031524
0.057387289300000005
0.07586139005
0.115358268
0.8760826225
0.7912396630000001
0.18626419600000002
0.19911036325000003
0.12722039424999998
0.10126009340000001
0.17888105640000002
0.18386967235
0.12733264555
0.16315338915000002
0.2227987548
