0.8365413020000001
0.858826241
0.873314539
0.8490157370000001
0.818847059
0.8271441000000002
0.880970345
0.894714164
0.8676221159999999
0.8152534250000001
0.7707131775000001
0.7203326575
0.1941974965
0.15948078599999999
0.1490309005
0.1686784565
0.09686699625
0.0664874845
0.0594844896
0.05954136875
0.06832082060000001
0.113225544
0.14418951500000002
0.8485982575000001
0.10519489345000001
0.06306533920000001
0.06481328705
0.15094911785
0.8487477560000001
0.8698861990000001
0.8659895569999999
0.836729668
0.8226733525000001
0.8085851225
0.09605741500000001
0.0615140853
0.06076069465000001
0.1016762495
0.7095806000000001
0.09641153585000001
0.07552286270000001
0.07465105370000001
0.07918703020000001
0.0765770865
0.0871946215
0.14000677350000001
0.12520986660000002
0.1350564407
0.21230811500000002
0.2520666875
0.6124499475
0.6201201925000001
0.609291292
0.19426206399999996
0.17847377749999999
0.28947262100000004
0.12624415700000002
0.10590325650000001
0.08961074975
0.0974158363
0.089121107
0.0791110985
0.07630767565000002
0.1057592978
0.711462026
0.7080294060000001
0.743332347
0.858190999
0.733315179
0.7191280960000002
0.7137369645000001
0.6953739345000001
0.084883679
0.0629317976
0.06647525995
0.0676247104
0.07678065484999999
0.07919759175
0.07701248725
0.07289638790000001
0.0737493285
0.0724704649
0.0706097396
0.09402126875
0.06255537765000001
0.0645625168
0.10804595884999998
0.8815813345000001
0.884267011
0.8504275785000001
0.07829286745
0.0500157313
0.0457425533
0.051991187450000004
0.0616254242
0.11504611790000001
0.14205322235000004
0.7847697100000001
0.7548351115
0.7492072350000002
0.7304728950000001
0.14558512725000003
0.15728150124999998
0.0969467957
0.1185370889
0.6962185350000001
0.7023512399999999
0.1033036595
0.0729945192
0.0803206335
0.07885495399999999
0.0811269402
0.0737334367
0.07390017230000001
0.0888554475
0.160368084
0.8670780345000001
0.7886892195
0.7530541040000001
0.723207553
0.68821799
0.09368616110000001
0.07448561799999999
0.06715221380000001
0.07347468375
0.1054476475
0.67881743
0.7201105600000001
0.8375089099999999
0.8457647350000002
0.6893716950000001
0.21832720950000004
0.249401263
0.18693793600000005
0.17312281300000001
0.1473773049
0.19802885350000005
0.869653305
0.9136533085
0.9125320430000001
0.881195911
0.311155849
0.1273261584
0.11351059515
0.15917364280000001
0.640204015
0.7912665050000001
0.6335917830000001
0.609402452
0.6779982915
0.8788442865
0.9204538230000001
0.9258425280000001
0.9162242620000001
0.881154575
0.11989512930000001
0.07486956260000001
0.0723445748
0.09590967060000002
0.7174123780000001
0.7465136505000001
0.7716028475
0.7559814625000001
0.09337753350000001
0.05607737540000001
0.051239240949999994
0.05975916020000001
0.06610042485
0.09629201849999999
0.10093045070000001
0.20541048400000003
0.8776581360000001
0.7934834420000001
0.762311542
0.8654810100000001
0.22917183050000003
0.130066083
0.1772450455
0.175424317
0.7892993165000001
0.63773855
0.23537133
0.338800414
0.4283027475000001
0.8077156150000001
0.410611908
0.8402623485
0.801413078
0.908729904
0.9201453380000001
0.896100561
0.707574894
0.166269919
0.6378963950000001
0.1303350262
0.110563033
0.10902296269999999
0.151766573
0.09172047625
0.08283115705
0.11043604200000001
0.10818670970000001
0.1222865105
0.188129525
0.13067037399999998
0.151710971
0.13367888400000003
0.1795991315
0.14785331850000002
0.1264962725
0.1218788314
0.14408351749999998
0.6035424185
0.5892618725
0.5633369020000001
0.163252393
0.1342501047
0.16089195550000002
0.23393258300000003
0.8414018165
0.8554324430000001
0.6885392040000001
0.602432386
0.17249384939999998
0.15996554100000002
0.2825169205
0.6569692229999999
0.6979731090000001
0.848994542
0.37185847850000003
0.2190457665
0.1111892913
0.0700906558
0.069826317
0.10916120040000002
0.10859916760000002
0.7860081030000001
0.866047092
0.0982704585
0.0594885414
0.06377275615000001
0.085719269
0.32878316750000003
0.9050267445000001
0.9031940360000001
0.9157499970000001
0.8941324355
0.8747615915
0.8560432250000001
0.8179088480000001
0.1328038423
0.0967812432
0.1754244545
0.653082661
0.12279304649999999
0.12258080600000001
0.7469107245000001
0.8839874569999999
0.7846095225
0.0995009619
0.10462780580000001
0.0627601735
0.049371944200000004
0.0480554075
0.05384722100000001
0.078050202
0.8402868245
0.879888087
0.913501573
0.9432099680000001
0.912110135
0.8589855885
0.07356194565
0.0631646918
0.0516679381
0.05394676785000001
0.0639646428
0.0730960204
0.07994936320000001
0.0741341013
0.07608442554999999
0.11350060275
0.701980483
0.10516040980000001
0.0777852765
0.0994367377
0.770073215
0.759201155
0.738024633
0.7438759245000001
0.7860294390000001
0.8025113785
0.8103334925000001
0.853356298
0.910145553
0.906086054
0.922452155
0.8831608800000001
0.8205598750000002
0.09858417620000001
0.0715343705
0.0975867135
0.632965289
0.10187499524999999
0.09380498550000002
0.1439475735
0.872529508
0.905195087
0.864151975
0.8932396925
0.786436533
0.7137976905
0.69118128
0.1299819025
0.12978262750000003
0.1230439276
0.114513766
0.185884229
0.18055245849999998
0.2200895295
0.6947453935
0.7875450115000001
0.24509621450000002
0.17495579790000002
0.20506550500000004
0.7509625689999999
0.877489241
0.8635368830000001
0.1645117935
0.11294506
0.11084447250000001
0.1317502848
0.6190104820000001
0.14839874050000001
0.11372604730000002
0.1136448461
0.13854154725
0.23596816099999998
0.8486822480000001
0.8860359630000001
0.8768839950000001
0.7793154115
0.711771506
0.3622574989999999
0.17775739
0.16248034960000002
0.2054337355
0.7938730080000002
0.6689016815000001
0.14040786000000002
0.10662777090000003
0.12202594924999999
0.6553742215000001
0.6645019425
0.6829175845000001
0.7362649929999999
0.8543572450000001
0.7172546540000001
0.127273444
0.0969491225
0.11194330675000001
0.6314375400000001
0.6183884325
0.1639339375
0.1280173235
0.128826404
0.18363774450000003
0.7140281855
0.8614509665000001
0.8788631150000001
0.8367280280000001
0.21658875250000004
0.1666882875
0.17946805350000003
0.7033375005
0.8533539050000001
0.8094972709999999
0.833636632
0.20573794700000003
0.1478236625
0.161995515
0.48914455000000007
0.5777090105
0.63093157
0.6874097089999999
0.786599718
0.6248683070000001
0.2487024395
0.2420785215
0.332051137
0.85275364
0.903859107
0.8946545770000001
0.820604096
0.7796388630000001
0.8229719080000001
0.7286438945
0.6895268259999999
0.646180835
0.12532937155
0.10246433099999999
0.10097160499999999
0.09962436925000001
0.1217642785
0.171729015
0.197433823
0.7447892525
0.8518691375
0.7667663575
0.6935524029999999
0.6571412400000001
0.6179214769999999
0.15603991520000002
0.1235496185
0.13150333400000003
0.22277569599999997
0.8180709380000001
0.847701087
0.8159466705000001
0.3069053655
0.29081234300000003
0.2811928535
0.7410247615000001
0.1767738455
0.1227842125
0.10335706069999999
0.1287319195
0.185320914
0.683976753
0.804344573
0.646642814
0.13174914969999998
0.09483361010000001
0.09800850789999999
0.174743498
0.8843576495
0.9210844010000001
0.9097198805000002
0.7668888985
0.71386004
0.6761692760000001
0.07969573225
0.06851738110000001
0.0651680838
0.0678533788
0.0854197913
0.11289475400000001
0.6152583309999999
0.1402307375
0.1337479013
0.27615856450000004
0.8202059500000001
0.883645068
0.838734475
0.783002471
0.7392353150000001
0.7639765725
0.7695829095000001
0.7453913795000001
0.18339095449999998
0.1155569577
0.12155922350000002
0.49010144850000004
0.16981815450000004
0.21269301800000004
0.8097400700000001
0.8478148580000001
0.7654156520000001
0.8217622000000002
0.228840844
0.133715074
0.139723557
0.6671437095
0.706226208
0.7370078335
0.145035151
0.06845175664999999
0.05530485540000001
0.06008471555
0.1132623995
0.89695453
0.9227306150000001
0.9157711550000001
0.9264596365
0.9165353865000001
0.9296101615000001
0.925101607
0.8936601080000001
0.07855486185
0.052959563050000005
0.0597741543
0.10052857590000001
0.20742447600000002
0.6473767575
0.17412275600000002
0.18049238750000002
0.3473769205
0.78411677
0.6618073320000001
0.6043658009999999
0.5568234630000001
0.5538039520000001
0.2461372905
0.22245743800000004
0.21833127000000002
0.21730570200000002
0.2347119355
0.8210506010000002
0.7821818730000001
0.712877505
0.6767571295
0.60036315
0.1775032905
0.24903936450000003
0.29880026049999997
0.36616355600000006
0.4857585655000001
0.8199528779999999
0.688510338
0.6383496305
0.116916293
0.0826185932
0.08067010975
0.12896674900000002
0.6821944430000001
0.35093198099999995
0.41541631400000006
0.8083455015
0.8984997000000001
0.7753299900000002
0.0772845432
0.050095949150000006
0.04741694640000001
0.053143493150000005
0.06262351040000001
0.11630114980000002
0.8425001835
0.1014734443
0.0637607199
0.07859000985
0.380775515
0.919778527
0.9348511814999999
0.944110263
0.93133192
0.9163818320000001
0.9178373060000001
0.10584274370000002
0.0509131235
0.04418431345
0.0474538305
0.05385048975000001
0.06952753074999998
0.130791879
0.839617515
0.11414349460000002
0.0751436345
0.09719395200000001
0.127624162
0.17824267600000002
0.7077253799999998
0.110804804
0.075177928
0.07073636725000002
0.10234451280000001
0.722298455
0.7252164150000001
0.7651020255
0.8258762825
0.8984199975
0.90112495
0.40373918500000006
0.1302049655
0.0949448605
0.0764292182
0.09673039450000001
0.12236852650000002
0.30682221000000004
0.20035116050000001
0.650418205
0.606277784
0.2257790275
0.268239736
0.7629159635
0.227461238
0.2414529825
0.1948744675
0.130990875
0.101340594
0.117056648
0.145995947
0.1307292865
0.165642417
0.6996427375000001
0.8065095865
0.898991175
0.8954205850000001
