0.90176503
0.786958975
0.1638993895
0.110746658
0.126147383
0.21359590500000003
0.23304363450000004
0.264619837
0.1763425925
0.096633175
0.06482009335
0.059236045349999995
0.07442278835
0.05775163785
0.032788728600000004
0.02687923815
0.031160093699999995
0.0606010192
0.15297253049999998
0.95200048
0.9635970770000001
0.9688884230000001
0.9514294784999999
0.127946745
0.05513108139999999
0.0276570608
0.024308617650000003
0.028836859799999996
0.03650045355
0.05383135644999999
0.1081094167
0.896299666
0.9165437845
0.087002108
0.05139188409999999
0.0323582459
0.0364729961
0.0896827147
0.209485406
0.954523679
0.964479855
0.957553235
0.23966508
0.0956524713
0.0454291202
0.04228062640000001
0.05329446435
0.066509417
0.7894229365000001
0.7674922820000001
0.7664006860000001
0.755857695
0.8767703645
0.9000151775
0.8451882655
0.89506546
0.9016181514999999
0.841805464
0.0580921966
0.0367114991
0.05073048795
0.04824141679999999
0.0300358035
0.03056862305
0.045195180599999996
0.09532399649999998
0.947605546
0.9637949485
0.97174425
0.9637549219999999
0.119645585
0.054930802650000006
0.03002033195
0.02742399265
0.0403758309
0.06431258965
0.07631090745
0.0817363745
0.85430191
0.8513914174999999
0.882661915
0.888186739
0.8668270775
0.8335818930000001
0.82832938
0.8440475445000001
0.8576470169999999
0.8558688139999999
0.8296989435000001
0.8198089989999999
0.7878710565
0.1044686962
0.0823210485
0.12395677375
0.1723236515
0.1918993195
0.16721188099999998
0.12083160399999998
0.1591714965
0.16945161250000002
0.6456923514999999
0.6490584465
0.6585402235
0.349245021
0.30777166600000005
0.3044872905
0.322779996
0.37287771999999997
0.7679649525000001
0.7724810135
0.758129415
0.07948543015000001
0.055671680900000006
0.0673984451
0.09492170030000001
0.1167842365
0.1255872577
0.669973428
0.10588373849999999
0.15914107500000002
0.911813598
0.93279752
0.91850871
0.898892675
0.121914234
0.1271720298
0.8314557655
0.1630877245
0.132307604
0.10582011150000001
0.0657938555
0.06546350005
0.1251854605
0.7515707935
0.7463107200000001
0.26149725450000005
0.2070251445
0.1623952185
0.211623747
0.28095735499999996
0.7360267945000001
0.757205408
0.754127495
0.7651021179999999
0.7693678915
0.7412909380000001
0.33167227750000006
0.2670677615
0.2176200205
0.158474611
0.1755671365
0.189856992
0.2157970385
0.268899948
0.761718645
0.7638822035000001
0.776955929
0.7781651430000001
0.7637720415
0.7576610105
0.766033913
0.0872776118
0.06687986355
0.03986061415
0.0334530128
0.0455131082
0.101682663
0.87279421
0.9280128550000001
0.94499072
0.9401567264999999
0.8899207155
0.050981678399999994
0.029866313400000004
0.02807712695
0.0376611881
0.06822063775000001
0.09509753060000001
0.8402266665
0.8887078850000001
0.8887444885
0.8187481105
0.7768216435
0.35639748000000004
0.30851397300000005
0.2011685675
0.10998083549999998
0.11907675470000001
0.180112771
0.1936067965
0.169552263
0.6311107545
0.627695885
0.4536692465
0.3797549295
0.25646458549999995
0.25492528200000003
0.19117114949999997
0.236300454
0.5372188795
0.5303235700000001
0.237525334
0.25583178650000005
0.48039928100000007
0.214672256
0.2435639855
0.5066901065
0.2762787085
0.373508411
0.409616798
0.43048994749999997
0.7082892354999999
0.299154328
0.2453385925
0.194076229
0.25146331450000003
0.310991967
0.37167758300000003
0.407583602
0.7983391049999999
0.3035832635
0.22926252
0.1677172313
0.108365355
0.119296132
0.21254389350000003
0.2430961665
0.7238203400000001
0.2608344985
0.159601737
0.147232845
0.643436255
0.09116505925
0.0759698049
0.0751221728
0.100017624
0.18403580949999998
0.24516878800000003
0.762766348
0.14298697775000002
0.0794591326
0.07403406305
0.0994476215
0.1328858558
0.10909555559999999
0.0851366036
0.0771396521
0.1039414005
0.1745953772
0.209991014
0.738763262
0.625630495
0.1274916155
0.1331529035
0.71152375
0.7294640485000001
0.095698591
0.0860590255
0.09295121045000002
0.158269472
0.7783735675000001
0.770693388
0.7793768000000001
0.1439552555
0.07034039545000001
0.06159077895
0.0936918348
0.728949343
0.13936698050000002
0.11116858530000001
0.191156261
0.815648616
0.0768782765
0.046988160099999995
0.03640332665
0.041062250300000006
0.08094007339999999
0.917494723
0.9504328020000001
0.951368148
0.0764853113
0.0435450112
0.04879546645
0.06883529355
0.09342080555
0.8307623635000001
0.115015713
0.08501597995
0.13754539375
0.8683898715
0.855787089
0.07440884610000001
0.05527862445000001
0.08373131785
0.1378452295
0.873445136
0.8654289500000001
0.87716647
0.851895037
0.87238463
0.15487935175
0.080733313
0.0971687945
0.126363007
0.783979185
0.08002215734999998
0.06809169225
0.07307699665
0.06816527405000002
0.05245752345
0.05130743800000001
0.0791128903
0.793868639
0.11025786625
0.1335836815
0.2424075785
0.8396299700000001
0.08008397095
0.050901472700000006
0.050481683449999995
0.06838004695
0.0814035386
0.07818281865000001
0.09492584309999999
0.140221847
0.18121032199999998
0.6870353
0.6563795775
0.11156610530000002
0.1023715455
0.18978563650000002
0.72817348
0.23207696499999997
0.2305653335
0.20842496200000002
0.175260507
0.2188488335
0.259955124
0.318080775
0.6925462635
0.6836583465
0.29137692000000004
0.2340821465
0.303268472
0.42111591000000004
0.8243991635
0.814231928
0.796947587
0.8301098145
0.8332516784999999
0.8043315179999999
0.791819117
0.39741639800000006
0.32709315299999997
0.2750777835
0.333721542
0.7265261250000001
0.7547601655
0.7678960915
0.796452008
0.8318771485
0.8343105475000001
0.795165667
0.09014624485
0.0744473906
0.04128664845
0.04179462675
0.0697822783
0.1529819045
0.9213402880000001
0.927666833
0.929270218
0.915526431
0.8915910115000001
0.15007853300000001
0.053881311200000004
0.037347522349999995
0.045758530400000004
0.0786400596
0.0988709253
0.1468619845
0.213876804
0.26838782800000005
0.24530618700000004
0.19688409
0.186808887
0.200228809
0.735853892
0.656769203
0.676091358
0.3666147795
0.2703311935
0.308850888
0.258666118
0.5533770505
0.21610888499999997
0.2326947705
0.5514750319999999
0.5678632225
0.2559991425
0.263196253
0.2842691265
0.27362697150000004
0.40193382450000004
0.815191665
0.7671559665000001
0.168875779
0.1583472945
0.188913169
0.8287060405
0.8246258360000001
0.278206017
0.691301072
0.7660423064999999
0.0963978567
0.0893580302
0.1258452712
0.11782995569999999
0.08139183950000001
0.05664192725
0.0432694488
0.0449391352
0.064068547
0.0860643993
0.8412283935
0.8067579835
0.08514346349999999
0.0690737344
0.089326324
0.836733669
0.1530138035
0.0661532846
0.08233393150000001
0.916505905
0.9520697284999999
0.9565318550000002
0.902800522
0.8907090200000001
0.04730926955
0.0318264883
0.037056098899999994
0.0392167107
0.053254438
0.0492223004
0.04698228015
0.051925513
0.0526936201
0.055279616950000006
0.10306934100000001
0.8295958130000001
0.16062716100000002
0.11047056825000001
0.075829613
0.05624790675000001
0.08603271925
0.7080305520000001
0.1999470605
0.728829503
0.8391565245
0.1774877553
0.19392291749999999
0.1780595285
0.7802127565
0.848793828
0.18888956299999998
0.130568197
0.1517178715
0.1642695763
0.13013305649999998
0.20770925349999997
0.296206299
0.2272658595
0.5094239875000001
0.504757974
0.172864668
0.1457971179
0.177547238
0.2038954155
0.7414841415
0.279247063
0.361096481
0.6815730015
0.2380853665
0.28975420949999997
0.32485679850000004
0.7523936370000002
0.1136449075
0.12756747100000002
0.07340430184999999
0.06560112639999999
0.08374855865
0.0899137096
0.7472292039999999
0.7242973964999999
0.741027122
0.8741411729999999
0.896311409
0.4722547545
0.3343495995
0.900729017
0.9224918820000001
0.9074179490000001
0.176537595
0.0835253436
0.09667924369999999
0.0776890437
0.109043531
0.757144271
0.778043396
0.09330462415
0.045624760550000004
0.0387295032
0.05318334175
0.0739410976
0.06340585495
0.10709432279999999
0.1272940902
0.8482607765000001
0.9026077750000001
0.085097848
0.052388235650000003
0.08243244959999999
0.12079809
0.8441943105
0.0568930465
0.03471084885
0.0396570579
0.051882675
0.0658225507
0.08088404490000001
0.9124086135
0.9078194395000001
0.9355424859999999
0.935833134
0.9326712829999999
0.934027272
0.9328683875
0.9338147130000001
0.9410409894999999
0.929267963
0.88124193
0.8552312854999999
0.054750560749999996
0.0285166944
0.025641932549999996
0.031109253700000002
0.026890468499999997
0.027657101500000003
0.03321048905
0.03584565515
0.03855068725
0.0715587608
0.900905065
0.915579344
0.82577308
0.8147396625000001
0.0831425259
0.0528735729
0.04401440985
0.0588979164
0.08565334885
0.04508197159999999
0.04466423209999999
0.08045559715000002
0.051962224
0.0489746836
0.06000963549999999
0.06198576200000001
0.1109911495
0.0629865506
0.07742463675
0.07031447335
0.10026940435
0.057974224299999995
0.06032709085
0.09860857644999999
0.13457740099999999
0.15079743550000002
0.13279735325
0.1208419727
0.685930438
0.12473554675
0.0909055225
0.09746928290000001
0.16331258650000002
0.22262845550000002
0.3368484255
0.694706229
0.7295372550000001
0.19527028325
0.1813921142
0.14930718050000003
0.12574133095
0.1630604472
0.2306774425
0.296191466
0.26897868950000003
0.757671112
0.1448488388
0.1334669087
0.25165628650000005
0.721898948
0.16129596750000003
0.0877372643
0.07912601115000001
0.1060069395
0.8749230210000001
0.8737904000000001
0.7944801749999999
0.7814125464999999
0.900367317
0.85056703
0.929947815
0.93597837
0.9318577095
0.909149274
0.8956029285
0.9273384705000001
0.9314574870000001
0.921413844
0.876050893
0.8890852075
0.83310619
0.8309401869999999
0.43026061299999996
0.7988608189999999
0.22884962200000003
0.23024221700000003
0.35260725150000005
0.717674605
0.2828848475
0.2010790685
0.2309471045
0.677771155
0.239873777
0.2523231035
0.2982446995
0.198392352
0.177761617
0.184161238
0.14330062450000003
0.13947191400000003
0.1389453805
0.2374307115
0.7862057005
0.855218928
0.8682196185
0.824844665
0.817208588
0.4129108535
0.272455675
0.154962088
0.13992554100000001
0.23426959549999998
0.57929089
0.5544757109999999
0.26567485949999997
0.23982201649999998
0.5196518075000001
0.528652839
0.32588153649999996
0.3347042095
0.427223595
0.361451188
0.3932236225
0.3849356895
0.6737644565
0.852969855
0.925545836
