0.8710561455000001
0.782007915
0.2236236445
0.200499487
0.27166420550000003
0.29459776449999997
0.279269033
0.256591703
0.563990023
0.615908898
0.6605237635000001
0.696132231
0.7306578180000001
0.6753254479999999
0.635015135
0.6858655924999999
0.2178743695
0.2761423825
0.308127609
0.29330653100000004
0.2529520205
0.28269284
0.5822578900000001
0.581702933
0.4416104225
0.40630293549999996
0.4622098175
0.4619522475
0.42662972450000003
0.3432851125
0.2360229822
0.23613653350000002
0.34402552200000003
0.366712157
0.306105968
0.4833598235
0.3078554185
0.3871713605
0.47391652250000005
0.625617672
0.5403461495
0.3957076785
0.395547214
0.370109723
0.48458297
0.638599922
0.4052740610000001
0.2515141925
0.2550892857
0.3517665985
0.32223270000000004
0.2026055678
0.17338875
0.2026701475
0.5081818935
0.4452103595
0.538389305
0.5608307379999999
0.688284586
0.6537557725
0.352382375
0.25427545
0.1400799325
0.12125248100000001
0.20743042550000002
0.6225472679999999
0.57114968
0.6431902429999999
0.6739836610000001
0.741344117
0.68003287
0.226096211
0.1559791265
0.178402779
0.2366357127
0.2749497525
0.6166739495
0.681711005
0.20099560149999998
0.2355688265
0.254718239
0.2532609955
0.24736655750000003
0.221700429
0.17085538099999997
0.65718298
0.663649377
0.68983152
0.10475401949999999
0.07367508015
0.0718496683
0.11282311419999999
0.21542543050000001
0.832630588
0.797343132
0.13022599569999999
0.06217669690000001
0.05931966695
0.09069097500000001
0.09375597150000001
0.0776931692
0.108905959
0.8818670655
0.8195287605000001
0.895325312
0.08261126199999999
0.041730277100000004
0.04024799325
0.0718597344
0.0944819615
0.1497793745
0.877086535
0.1536117397
0.0819980061
0.0416680873
0.04290965
0.07360473910000001
0.8750257485000001
0.907239251
0.91590328
0.9039766435
0.273934885
0.1645355055
0.1652721775
0.8849963035
0.9121353300000001
0.919675727
0.886462525
0.875513636
0.0803153387
0.06297552205
0.11873288300000001
0.8026997039999999
0.058291657350000005
0.0364954923
0.039537286799999995
0.0712284768
0.1582326912
0.8918138649999999
0.881254746
0.1286914145
0.0632970434
0.0669952445
0.06704008215
0.053277409799999995
0.04769127865
0.051009942399999994
0.0640297612
0.0946620797
0.09839369569999999
0.07384070580000002
0.09054881619999999
0.159835639
0.8017542229999999
0.797721814
0.8027359224999999
0.7872979950000001
0.7550157545
0.7256506775
0.658002097
0.16865689350000002
0.18902770600000002
0.1641798625
0.8133956050000001
0.8669137170000001
0.876608667
0.855878605
0.8144709780000001
0.154111539
0.12364269975
0.087154562
0.0946748743
0.0674649352
0.06402271165000001
0.0641937467
0.12278842949999999
0.786735092
0.7938414279999999
0.8029665695
0.23650920250000002
0.2746904045
0.2721161775
0.2711226845
0.2790868005
0.275171529
0.287171808
0.7980777185000001
0.806985888
0.828145853
0.8084033420000001
0.716110436
0.645677305
0.3478381935
0.336102334
0.395711711
0.7996804155
0.8741038970000001
0.885477219
0.8719471985
0.80692523
0.358991171
0.36444883400000005
0.3236698515
0.6981355525
0.6198842835
0.1460911505
0.119515551
0.17490290819999998
0.278980452
0.32991818500000003
0.28337421100000004
0.635698266
0.24798381400000002
0.135611251
0.14923700900000003
0.24762828399999998
0.704051148
0.7075583985
0.726256085
0.722909782
0.7274366395
0.7495578755000001
0.27087347
0.1921416065
0.0934893095
0.0637252068
0.06946046405
0.099872478
0.1104491574
0.1711358955
0.78408436
0.786944759
0.816386034
0.7882359375000001
0.772456618
0.233359128
0.1551577215
0.0929103163
0.12640508720000002
0.172065386
0.728271115
0.10074922175
0.09114073040000001
0.1229889177
0.15973461249999998
0.20181954150000003
0.8274682315
0.813622234
0.762707869
0.8240658310000001
0.8233117120000001
0.777666795
0.7836219265
0.7816281125
0.13871609995
0.13825838515
0.12405542080000001
0.10343095050000001
0.1877040922
0.8146293675
0.802649919
0.7361314425000001
0.7790018599999999
0.21456765
0.16049321970000002
0.1274007078
0.116947306
0.1142721312
0.8166343035
0.8329848505
0.866026221
0.8715213470000001
0.8680894240000001
0.822346286
0.8562176459999999
0.22531270599999997
0.152280461
0.132220436
0.10977323065
0.12689504100000001
0.1625732355
0.18710301899999998
0.1918311935
0.157971676
0.0980268769
0.137399246
0.263400952
0.6752781430000001
0.1590270105
0.221316228
0.20451738400000002
0.1412029532
0.167183123
0.26041832
0.551755641
0.592660275
0.5818189515
0.20313787650000004
0.16965308974999999
0.2050741395
0.5870259225
0.6456648135
0.6682918440000001
0.6405235635
0.6970994055
0.679494589
0.255611994
0.2262589345
0.256427466
0.6129250900000001
0.6996972675
0.7739024190000001
0.806017325
0.8115163084999999
0.8008343135
0.7727495525000001
0.767442408
0.7576387075
0.769086758
0.7535782835
0.797820736
0.781812528
0.7965068584999999
0.80182929
0.788874403
0.7626536230000001
0.6975719204999999
0.1599462265
0.14006048100000001
0.15628726399999998
0.1674227425
0.1805623745
0.1897449425
0.5869704570000001
0.6451990675
0.7256476679999999
0.7490100550000001
0.816115605
0.810838937
0.134853384
0.0839272365
0.0583841551
0.05247510725
0.0483308122
0.03459316365
0.03308399345
0.036703868550000004
0.03186662655
0.0448536569
0.054221047499999994
0.140826094
0.956996861
0.9677756430000001
0.9703266825
0.964893929
0.14417607000000002
0.04492776305
0.03598821595
0.033294315250000005
0.03115638335
0.02958309085
0.03439672675
0.05368447615
0.051415476
0.04573245620000001
0.08303230715000001
0.14662885474999998
0.9067585805
0.9312429595
0.928511908
0.8917320049999999
0.8994374090000001
0.8924438450000001
0.1693631995
0.0973917595
0.0911173895
0.0580860037
0.0491639515
0.0632442194
0.14022612650000002
0.22507851950000002
0.291226089
0.59419709
0.1641976425
0.1539824415
0.2621903765
0.302494458
0.282299463
0.2273984867
0.19589539849999998
0.23502762800000002
0.5186826225000001
0.58108809
0.5443153235
0.588865206
0.5504622945
0.41304787349999994
0.261484048
0.215304777
0.4170481535
0.23210523450000003
0.2522735025
0.265610379
0.267795915
0.30041044299999997
0.4393138135
0.612567251
0.788482037
0.785734028
0.7346043105
0.619147517
0.5578473975
0.39447637299999994
0.438837912
0.498033322
0.6593546094999999
0.7106431799999999
0.720134917
0.70549237
0.7117818100000001
0.6964890054999999
0.46943774399999993
0.415509328
0.3028181795
0.2433702535
0.20032814200000001
0.1259103345
0.1304042865
0.1609982425
0.2674936535
0.8106074759999999
0.43482190000000004
0.798136312
0.8338000745
0.843306932
0.8402967699999999
0.8381147
0.832545138
0.8353364715000001
0.8174198025000001
0.807738445
0.7356004835000001
0.25172592800000004
0.6821728415
0.182691752
0.09413077025000001
0.07994460579999998
0.1146085515
0.20620743200000002
0.308834406
0.7807875400000001
0.7666342260000001
0.75762976
0.778364438
0.7853242149999999
0.788748266
0.721901244
0.14729501025
0.15202193049999999
0.147716513
0.14385116779999998
0.141011641
0.7114096700000001
0.11406888324999999
0.0646507301
0.061175416249999996
0.06270063525
0.0576900868
0.04735739605
0.038507699099999994
0.0819344375
0.1681685585
0.9370174175
0.952886215
0.9587861200000001
0.9473583635
0.923967105
0.139265103
0.08123577530000001
0.0611341274
0.0591823045
0.067782273
0.069365434
0.06482974875
0.04932738715
0.0545745975
0.056640537250000005
0.0938730015
0.13704688195
0.16763996050000002
0.19137351600000002
0.7826504670000001
0.7727011105
0.7545873140000001
0.76177963
0.773566159
0.7930290074999999
0.8250779400000001
0.8471782185000001
0.8223534415
0.13861030775
0.054144485650000004
0.05186355270000001
0.045760946
0.0620699056
0.06905539720000001
0.07168369
0.08026180625000001
0.10741602
0.1900771295
0.9219616045000001
0.9393943935000001
0.9251163965
0.0796391565
0.035386674650000005
0.0288778293
0.0340982806
0.051430349
0.0425779453
0.03308260165
0.033940594
0.059409327250000005
0.1589707005
0.836601783
0.9058325505
0.9068545939999999
0.851700881
0.8809893865
0.8695643425
0.747756329
0.09018695945
0.05364970720000001
0.0495378423
0.0689005215
0.1034332935
0.1070462537
0.111562308
0.134437142
0.767404752
0.269162876
0.7434162295
0.42168512950000003
0.879118362
0.858710577
0.1064061605
0.050179693049999995
0.030694510699999997
0.03494971895
0.03149831905
0.0373937661
0.046311932199999996
0.0345408377
0.05029476670000001
0.1368529757
0.9462475585
0.9660081165
0.94434335
0.10761422799999999
0.0369253317
0.025726739649999997
0.0245552867
0.026039286050000002
0.028684649399999998
0.03715446925
0.05423043325
0.09114009449999999
0.1349116227
0.8942854875
0.7962323335
0.389457021
0.7832429030000001
0.507116933
0.8901078225000001
0.323069867
0.217842963
0.154703424
0.0863328462
0.055385830750000004
0.0618333469
0.13016306649999998
0.3029018105
0.8813239110000001
0.20612679699999997
0.08130564925
0.05345568995
0.03568906915
0.033249613425
0.04611343375
0.0394683463
0.05939383255
0.1261410175
0.2240231365
0.9394155420000001
0.9433628730000001
0.0701914985
0.0362656086
0.02443096585
0.0239993177
0.022363409049999998
0.023256224550000003
0.02631856975
0.054584961249999994
0.937528037
0.9307154799999999
0.9665343064999999
0.9744305820000001
0.9655470500000001
0.9552012025000001
0.08943901185
0.03044461355
0.0270712533
0.02209633955
0.026525729350000003
0.028618247049999997
0.0460425911
0.09401451
0.9242456405000001
0.8868123335
0.33754867
0.328418643
0.8578742564999999
0.1169800115
0.05750513895
0.05344136515
0.05133170039999999
0.0500289607
0.06600568365000001
0.06381974615
0.13000786279999998
0.8096827120000001
0.806877868
0.8722462200000001
0.846351772
0.270957491
0.2243689405
0.12143419789999998
0.07383279200000001
0.06944611825
0.03757716035
0.0360293259
0.03784988875
0.0325562911
0.03736000415
0.045270134999999996
0.030219692800000003
0.03288453535
0.03772059595
0.08026976
0.12454320225000001
0.94843337
0.959562343
0.969728724
0.971132857
0.9613719105
0.0849646149
0.03488133335
0.02316884305
0.026458230199999995
0.024225112535
0.0324376428
0.04799545525
0.039641329749999996
0.07041021430000001
0.09268806149999999
0.9042168565
0.824469458
0.867498005
0.15056099899999997
0.0991515362
0.06030396800000001
0.04760756135000001
0.0608893484
0.08220734445
0.18916888599999998
0.21616672800000003
0.22197157550000002
0.8202898825
0.2001537645
0.10150273269999999
0.10554532409999999
0.07681928190000001
0.06012194075
0.0991117348
0.1573301592
0.881224496
0.8338773635
0.08199275
0.0584497057
0.051406412400000004
0.04476609025
0.0470467155
0.0475725394
0.0454758045
0.057791669350000005
0.057251481449999995
0.08374719
0.857312195
0.1094707462
0.0653716966
0.0994486015
0.1584436885
0.275931701
0.9510180180000001
0.9619816875
0.955540235
0.21985843849999998
0.0902038658
0.052136828950000005
0.0404683156
0.07809987609999999
0.854833265
0.06160862285
0.0435188879
0.035548922000000004
0.03360982409999999
0.04348294455
0.0639739144
0.89584931
0.875939119
0.8608884495
0.08431967825
0.08031184920000001
0.06879189154999998
0.051312928599999995
0.08086416445000001
0.08730484150000001
0.076733383
0.10092163800000001
0.0974293183
0.07962689125
0.15385944550000002
0.7005629200000001
0.222775567
0.3156070475
0.47294767699999996
0.8283154024999999
0.7969072515
0.7321490070000001
0.6839742335000001
0.706831741
0.6768380279999999
0.717104328
0.6978905995
0.79063529
0.830281175
0.711453758
0.2777880815
0.25253856350000004
0.7734500885
0.1368231795
0.0774296803
0.056865352699999996
0.064887159
0.07664219550000001
0.084302778
0.126016454
0.1043275177
0.10932038559999999
0.80775822
0.797834218
0.06621270580000001
0.0538915817
0.0393762239
0.04407200775
0.0531654595
0.0710861613
0.8796784285000001
0.839874143
0.9465108010000001
0.9393062780000001
0.1788837215
0.0465815371
0.037323372449999996
0.0796330143
0.936744621
0.9533116865
0.9656236439999999
0.9506528675
0.09054179570000001
0.037943747050000004
0.04823503445
0.14465641070000002
0.918294826
0.8950438300000001
0.06711844665
0.061390764300000004
0.06952279
0.0805432251
0.10964704850000001
0.16257665650000003
0.9124120155
0.8265905545
0.08298454425
0.0665132285
0.0463095957
0.05029940100000001
0.0923664027
0.09658602969999999
0.0546288501
0.057162662850000004
0.14822811750000003
0.862352336
0.13765931550000002
0.126418218
0.1400893365
0.095589386
0.12611980125
0.8475550185
0.32299990100000003
0.4121848845
0.905571017
0.8734426475
0.8402387935
0.2289988685
0.0901051711
0.059499617049999995
0.0709396205
0.1428715385
0.6470858245
0.5994357379999999
0.5930139590000001
0.611099155
0.377787671
0.34253868899999995
0.321935841
0.44880886500000006
0.8990062415
0.933474359
