0.92184729
0.869353759
0.817862928
0.796588785
0.8593755384999999
0.6136728899999999
0.2623544315
0.19350795999999998
0.15341504
0.5343014460000001
0.564994163
0.1670937315
0.13662893050000002
0.183255944
0.1503629037
0.17107671400000002
0.359779253
0.171035677
0.1338546975
0.14933881100000002
0.2867541538
0.47319100000000003
0.8781735565
0.873666826
0.48336083399999996
0.54009117
0.382460267
0.710226715
0.28870579399999996
0.22290349050000002
0.22258229899999998
0.8013831220000001
0.81428026
0.22994828250000005
0.1508841945
0.1290711725
0.59724946
0.3875385695
0.547199103
0.144416006
0.206197699
0.7076017585000001
0.8251580999999999
0.19470414549999998
0.1856617925
0.1502684675
0.1120053348
0.0727575933
0.0705971038
0.0734258595
0.0856648247
0.1004977676
0.837334037
0.8624192130000001
0.8585167945000001
0.8384710129999999
0.068763211
0.049928656249999995
0.04303884245
0.05757713460000001
0.1090414285
0.1523535552
0.805194228
0.874087445
0.7151822750000001
0.16562721
0.1214628355
0.30767357800000006
0.5909308200000001
0.1430824712
0.27749903500000006
0.5918329965
0.248781677
0.6215818470000001
0.291894682
0.30669293
0.21170866200000002
0.5032977005
0.49643460100000003
0.4983268905
0.499092967
0.559061876
0.6508117195
0.6398050200000001
0.685341409
0.87004204
0.8860139149999999
0.7037188095
0.12968248875
0.0727304359
0.0672470953
0.085888729
0.1245597155
0.11026450100000001
0.1358604705
0.9017383800000001
0.8981885515000001
0.24318231
0.15937076
0.6873663645
0.7160622595000001
0.7432344325
0.0838426554
0.06629618415
0.0572064013
0.04910625710000001
0.0598567049
0.10485889750000002
0.06414757145000001
0.047003112699999995
0.051285378150000005
0.04519217025
0.0451260881
0.0651935882
0.1403665785
0.9109275125
0.805064945
0.9438616790000001
0.9433500874999999
0.0740663752
0.03519688865
0.02686983965
0.025416102949999998
0.02648865245
0.04675784575
0.9419706620000001
0.9678274679999999
0.970642086
0.958600307
0.050534547
0.0280846315
0.02825975955
0.02623271895
0.028844795799999996
0.0492002025
0.8522854695
0.7890288860000001
0.9458783355000001
0.9450284385000001
0.8590211425000001
0.9120673825000001
0.0876790261
0.054054705700000004
0.0715827504
0.796039646
0.9152273930000001
0.883432445
0.9199252375
0.7952174359999999
0.8447419255
0.0543477557
0.03163012875
0.0287564613
0.038181628849999996
0.057002588
0.05259158935
0.863389421
0.8227934295
0.8833823630000001
0.944547268
0.9265905575
0.9628481720000001
0.954694795
0.9400549839999999
0.0672810543
0.0352150793
0.03290216145
0.0311769165
0.038696065700000004
0.06488595075
0.84817436
0.9176836230000001
0.8438761525
0.81274577
0.7615900645
0.7105510030000001
0.1186064351
0.1019984907
0.138675268
0.85283173
0.09969462500000001
0.07207652654999999
0.10191462219999999
0.13975444625
0.844795697
0.08535337050000001
0.05402454085
0.047311403249999995
0.07437046505
0.11088358170000001
0.0881518836
0.0776336082
0.12640142
0.13937005200000002
0.860194228
0.7110954199999999
0.1766695385
0.253932359
0.7363229975
0.07783668029999999
0.07000839495
0.1022692752
0.1354969263
0.0883278433
0.0721062205
0.0677552456
0.0617016264
0.05832824525
0.0677648578
0.1160847995
0.12412908909999999
0.16969179350000002
0.8669012920000001
0.0888934583
0.06691771785
0.12864341625
0.8910978350000001
0.855102464
0.0816041392
0.070140952
0.0351606239
0.027021878399999998
0.024298587049999997
0.02407094535
0.025148852000000003
0.0397978374
0.87298326
0.7323701485
0.9662048365
0.970663593
0.9382369349999999
0.8825011355000001
0.882978391
0.040485832
0.028336109899999996
0.02798907505
0.04244473725
0.0308312461
0.0305551024
0.038151996199999996
0.05777061995
0.04442710800000001
0.04196595735
0.06687018775
0.8561858515
0.9084724745
0.84380519
0.128913982
0.11893144750000001
0.07112928204999999
0.05060824975
0.0581762044
0.13276738300000002
0.7546428300000001
0.8986936249999999
0.25125863600000004
0.082503458
0.0562271046
0.04377805505
0.0377923282
0.042063244
0.05786902734999999
0.82691315
0.8881432204999999
0.9321524885
0.91406442
0.9166889795
0.862506413
0.861444073
0.8928203185
0.80971407
0.09712412170000001
0.1067416015
0.0631817916
0.05431706284999999
0.082682901
0.07354184700000001
0.1104962065
0.75230177
0.831335352
0.7419793880000001
0.8445958735
0.08828980089999999
0.0676851939
0.0674350105
0.08980040750000001
0.806974263
0.3703754295
0.06092929755
0.04930623545
0.0745252494
0.938968346
0.9521603815
0.9655875710000001
0.9381258619999999
0.940828319
0.04401704005
0.027189719675
0.0240435496
0.025829065170000002
0.032946957
0.05145544835
0.09632639765
0.1451368415
0.8905507534999999
0.1022650415
0.06356643740000001
0.05328129215
0.07670224335
0.896989497
0.9381566875
0.899117227
0.8284775820000001
0.0797647872
0.08254690925
0.11273067599999999
0.1212163252
0.6400397785
0.6322322005000001
0.7593201169999999
0.29430247249999997
0.195565965
0.37221559299999996
0.270481475
0.1842223752
0.23971018800000002
0.439729222
0.3078589555
0.406101668
0.8932440340000001
0.9061541
0.8334552435000001
0.881471057
0.6598745859999999
0.120104013
0.0748775866
0.0786631348
0.15907422925
0.8366424795
0.941492319
0.9353461565000001
0.2157663795
0.0436937156
0.0257430779
0.025798425349999998
0.044729037049999996
0.9408074245
0.9682749885
0.9704437020000001
0.9550353755000001
0.054430695599999995
0.02669063035
0.02583661845
0.03800046695
0.162731646
0.8847031575000001
0.12401909895000002
0.06811453149999999
0.07092337765000001
0.10864797050000001
0.1015566882
0.117277541
0.248000498
0.760228618
0.3129520805
0.1910844015
0.1133614795
0.115590011
0.1479211785
0.13871135750000002
0.5859007205
0.5412658795
0.2429647365
0.203743332
0.235468194
0.19163191350000003
0.2197346165
0.3283659165
0.3815860325
0.40227115750000003
0.56197509
0.8280494270000001
0.7175893280000001
0.6494290085000001
0.15193438269999998
0.106931054
0.143619695
0.157562519
0.16798112650000002
0.5943787385000001
0.6455588590000001
0.719846789
0.651452189
0.616919287
0.634502551
0.680861138
0.840153755
0.901904018
0.881867071
0.192212022
0.13625617569999998
0.2118740265
0.1737021
0.737659482
0.7599444255000001
0.8098045265
0.910972667
0.9090942925000001
0.1056188364
0.0709432036
0.061102355
0.049909193899999996
0.06436428955000001
0.8147753125
0.860180215
0.2692278805
0.819634872
0.9191469925
0.1256973515
0.034816825999999995
0.024561595399999997
0.02350892332
0.024548853525
0.0311592042
0.026765525199999994
0.03264650499999999
0.060964731499999994
0.061650611650000006
0.05794924639999999
0.9420471415
0.9460588349999999
0.973443258
0.9757886899999999
0.9717730725
0.9652704895
0.9406261929999999
0.03622270599999999
0.02545096915
0.02286058899
0.02185688652
0.023011145900000002
0.024912620820000002
0.026131371599999998
0.0331286818
0.043306288
0.0547830453
0.0822681212
0.8848874375
0.898942605
0.2759584515
0.8376036
0.8472212050000001
0.8646622740000001
0.918097781
0.0810686193
0.06667728865
0.114085937
0.136793092
0.151403566
0.8570572625
0.2018372135
0.22188665000000002
0.285238751
0.8847136655000001
0.913537252
0.250525569
0.09508627450000001
0.107502127
0.8928797470000001
0.8707145759999999
0.8359731020000001
0.7925626175
0.086883874
0.0934709425
0.2152448875
0.925081375
0.9292865299999999
0.8632603075
0.149381785
0.102693482
0.06693887725
0.0608970675
0.07733820975
0.0773673639
0.11671672834999999
0.8551193175
