0.8926132805
0.760162929
0.255022804
0.169277232
0.15417058700000003
0.1978840825
0.5332986805
0.643790497
0.843154245
0.904026833
0.8675912525
0.31305209450000004
0.24432119600000002
0.460499809
0.48922102850000004
0.577518135
0.6750821505
0.61763981
0.6243745464999999
0.696728507
0.541229024
0.21229422650000002
0.28228537750000005
0.567536365
0.5745710125
0.5602195940000001
0.24372256450000002
0.35185085600000005
0.1878863858
0.166467066
0.1917902345
0.1423347055
0.14643391050000001
0.575872258
0.2226902085
0.2084284895
0.17687586319999998
0.1587259765
0.12519793150000003
0.10027723270000001
0.1226681748
0.20723041299999997
0.41584868799999997
0.6073453085
0.543507615
0.526927907
0.536596316
0.205221186
0.16194398050000003
0.1645503245
0.20453821850000004
0.2598187745
0.6659307165000001
0.1831525375
0.13544620375
0.180787087
0.22815457450000004
0.29789939200000004
0.7187731150000001
0.1999230925
0.19977072
0.14733277174999998
0.13099576000000002
0.24435897950000002
0.2598308365
0.13184783049999999
0.12267723400000001
0.11284053625000001
0.150844322
0.2484818865
0.2125611515
0.1362271271
0.5966138995000001
0.5929652080000001
0.6440424855000001
0.7100656865
0.8441032749999999
0.791422995
0.8699735905000001
0.8532998725000001
0.18720760000000003
0.1528497415
0.13990077900000003
0.134362645
0.26516316900000003
0.5662511065
0.140768113
0.172976362
0.193233072
0.58879552
0.57173152
0.15791842350000002
0.1201414257
0.11751909399999999
0.10817430050000001
0.126733697
0.21444411800000002
0.785272136
0.1808625115
0.11547480575000002
0.0977282225
0.1223858465
0.703774509
0.24239223799999998
0.1291107005
0.09130045650000002
0.0847777232
0.11136596450000001
0.7015613165000001
0.2671597785
0.1525236465
0.159388566
0.6575051625
0.683133628
0.7959228135
0.6999614885000001
0.6787924940000001
0.696342349
0.8207609010000001
0.6991815299999999
0.108642155
0.0841979985
0.12050824100000002
0.8225126840000001
0.298866503
0.10898370574999999
0.07940077525000001
0.111728992
0.7747701805
0.889189384
0.10057002570000001
0.05804401405
0.05671202705
0.08120742675
0.14169607820000002
0.902846547
0.9081280865000001
0.2439172585
0.263328502
0.7653413365000001
0.3743194925
0.892832872
0.8901621740000001
0.8730439560000001
0.817022655
0.2873633125
0.796405993
0.28837442550000003
0.22034894800000002
0.83043829
0.833601279
0.1119223436
0.08694769025000001
0.068299631
0.07665037329999999
0.143648398
0.874525391
0.26837069950000003
0.09104116849999999
0.0627240338
0.06881183405
0.07122191725
0.06514539955000001
0.0644391744
0.06568775275
0.0687264063
0.07218458629999999
0.06395527370000001
0.06474473755
0.0725094225
0.086868796
0.143936002
0.7054505405
0.09210700024999999
0.0727554373
0.08601875640000001
0.16196493850000004
0.823905755
0.128375635
0.1003459732
0.0963091697
0.1111544343
0.1022286265
0.1345142565
0.65185351
0.6561767535
0.7592882730000001
0.67167559
0.1805011955
0.190420935
0.10326064950000001
0.079592572
0.0803333077
0.11552698380000001
0.1461977719
0.878538619
0.827495395
0.813920742
0.8048305720000001
0.851127148
0.09872488500000001
0.0594602995
0.047543830349999996
0.04995432645
0.0700117156
0.11483464160000001
0.14383973239999998
0.6340719050000001
0.683808623
0.5786822625
0.217020086
0.13360015249999999
0.12890926460000002
0.17855550050000002
0.192025141
0.174881483
0.258098791
0.603612706
0.607250587
0.5841096434999999
0.1436618185
0.1414089305
0.27106932250000004
0.8156234819999999
0.77662517
0.720142488
0.672633013
0.6237001765
0.610078675
0.1953980895
0.13482293950000002
0.19687805750000004
0.7503023129999999
0.725943725
0.8138816130000001
0.30807341350000006
0.22598539650000002
0.27085312100000003
0.2506432455
0.144597097
0.1224629045
0.214266157
0.490373029
0.28239785250000005
0.37368228400000003
0.284809365
0.280575825
0.3675483085
0.555425294
0.554405405
0.532587346
0.311252757
0.3429515885
0.36341879350000006
0.38782060500000004
0.524614957
0.74730969
0.660017238
0.381438323
0.176666076
0.1187835785
0.125284355
0.128573534
0.1885907127
0.33456631600000003
0.189088785
0.111849224
0.0875419345
0.10088117220000001
0.15691346550000002
0.26753806350000003
0.8344400350000001
0.12426301725
0.0664535115
0.05051207684999999
0.04791619585
0.06616867215
0.0860824576
0.05696380335000001
0.059450242800000004
0.1030977528
0.7790579870000001
0.263376642
0.8943825785
0.08201432485
0.04402159675
0.042965232699999995
0.036835394
0.04174236285
0.03587193585
0.05109226295
0.1762441245
0.943502304
0.9565158284999999
0.9554614084999999
0.1137727476
0.04121906095
0.034580896300000004
0.033978981650000004
0.0344620616
0.039947243400000006
0.0500263033
0.09183839099999999
0.916871776
0.9146768725
0.28315212349999996
0.8106127885000001
0.11679582900000002
0.0814403445
0.1989379915
0.8611675375
0.10302273025
0.055730349
0.05381419650000001
0.087527085
0.8907334835
0.884611595
0.780409303
0.7936057725
0.9028650579999999
0.8445168725000001
0.9267642045
0.9209469950000001
0.8480209400000001
0.8840052475
0.08684251400000001
0.0576427848
0.0576198986
0.079827655
0.0895443595
0.08261571725
0.09436758995000001
0.616792826
0.608011446
0.629005315
0.526035383
0.4958997005
0.5136756150000001
0.6407005315000001
0.824071343
0.8278028370000001
0.356055249
0.26874245750000003
0.20654806400000003
0.17881273000000003
0.5387097270000001
0.37140235
0.2234321065
0.16020552125
0.116835725
0.1233899125
0.302228486
0.743720615
0.6216648920000001
0.7361638850000001
0.2215023035
0.186922536
0.1368250175
0.15913219
0.16383625970000001
0.15825688100000002
0.19460815050000002
0.294208096
0.8097214054999999
0.5165666095
0.294677838
0.370727072
0.23819459050000003
0.2663738955
0.7924819304999999
0.14853378550000002
0.08560050050000001
0.09614273649999999
0.0980953368
0.06422990440000001
0.060929927200000004
0.14612003950000002
0.83476453
0.9314658005
0.9286520555000001
0.7977610510000002
0.13261824249999998
0.10062154725
0.11294992925000001
0.7685015595
0.15761620250000002
0.0990225927
0.13154007420000002
0.2108932965
0.5283285555
0.5368743165000001
0.5330048709999999
0.5477770605
0.7275402755
0.7263572250000001
0.35793922750000007
0.5219308915
0.62747524
0.2855166925
0.28046830100000003
0.617509581
0.19653890400000001
0.16476078875
0.1638246705
0.219468153
0.48840333
0.8155352220000001
0.49731894249999997
0.58818643
0.6392796199999999
0.561222568
0.17283888300000003
0.1590935598
0.1281996845
0.10322848500000001
0.0929719037
0.10532659080000001
0.1762129195
0.811289974
0.74178527
0.884602312
0.869592967
0.13439097975
0.0756950113
0.07515704599999999
0.08311461475000001
0.684896236
0.81859058
0.186417353
0.2096067095
0.33761503150000005
0.8171477315
0.9226425115000001
0.9066854565
0.7951649525
0.2618199885
0.280647391
0.253266342
0.88792344
0.8947033625
0.1782491935
0.1840454365
0.12010894999999999
0.11216325199999999
0.635096545
0.7488663400000001
0.6904372325
0.852891405
0.8574584820000001
0.1575501755
0.10781343050000002
0.11189181100000001
0.12078024510000002
0.7399718355
0.86977561
0.785191798
0.8660945875
0.6991156755000001
0.191858943
0.2836934475
0.19949168050000002
0.1643476035
0.09931631900000001
0.07629039900000001
0.08970553
0.1995901525
0.8166797490000001
0.7444250350000001
0.8603999465000001
0.8349021325
0.6303307205
0.582314585
0.70525762
0.2358010205
0.26965206350000004
0.27826753000000004
0.2782307755
0.8775427435
0.8587620570000001
0.162998019
0.13621882600000002
0.586410816
0.246933868
0.7996227899999999
0.742902148
0.7652442749999999
0.881230398
0.8306305285000001
0.2564990875
0.533948532
0.21342377099999998
0.310849014
0.8805708250000001
0.8851370485000001
0.160282903
0.1614500525
0.17753592350000003
0.21171901250000003
0.8476000625
0.8639528750000001
0.7600441915
0.8253850604999999
0.6650727415000001
0.5743171395
0.129498549
0.129149765
0.12697057300000003
0.171144239
0.7164769520000001
0.683989602
0.84620494
0.8618357155
0.68909425
0.317929786
0.177643308
0.1411436234
0.172306866
0.8369866325
0.763031928
0.100097414
0.1093072838
0.0632118503
0.0532846545
0.058009744599999996
0.0741855153
0.09838226925000002
0.100245449
0.7247070885
0.11462977199999999
0.12615982185
0.764497842
0.7818728745
0.90924375
0.0981084105
0.050030121999999996
0.04275122245
0.04538482865
0.06706041435
0.8310037635
0.8338741650000001
0.8631541110000001
0.9225503645
0.891115068
0.892233066
0.930611965
0.896078353
0.863066503
0.9079501945
0.07021751000000001
0.047864589
0.0619690604
0.0518614448
0.07783815399999999
0.8828885065000001
0.8263871970000001
0.919238394
0.44397957450000003
0.270199937
0.8721884985
0.0917089325
0.0647255275
0.0434940608
0.0430700334
0.0661190885
0.14404111120000002
0.11855381050000002
0.10527025970000001
0.7526760765
0.7428324195
0.11057662200000001
0.1736429785
0.242886647
0.14787502000000002
0.10991952675
0.074151962
0.0589896577
0.07493335955
0.13198000075000002
0.239260836
0.207659035
0.183116792
0.18801826100000002
0.583728793
0.2139956925
0.169949656
0.137474577
0.1750598935
0.194246651
0.503245881
0.2003306785
0.2154384785
0.6106045955
0.7330734265000001
0.564564404
0.844124072
0.8316306725
0.662618768
0.638214025
0.743338774
0.681194833
0.6957350585
0.758076818
0.260997776
0.2100620125
0.21701673000000002
0.194294631
0.21546193550000003
0.48981384099999997
0.2767457085
0.395623285
0.257280036
0.27122940000000006
0.6302841220000001
0.5007387864999999
0.41700547499999996
0.46139411900000005
0.208117877
0.1326494215
0.12077172950000001
0.102248555
0.14281129874999998
0.2008536445
0.2318809175
0.3441150805
0.371699714
0.26420370699999995
0.28352772400000004
0.827693949
0.835631475
0.6716169125
0.200621088
0.22997689899999998
0.143961713
0.08751006625000002
0.0797731965
0.1367130485
0.895035775
0.9042147285
0.79763863
0.7779902655000001
0.836200222
0.823579898
0.8765214880000001
0.8204008115000001
0.670554545
0.5747493635
0.1058285937
0.08582660950000001
0.1377015533
0.2850802115
0.27899139000000006
0.2962111085
0.7193285845
0.634741466
0.49977620899999997
0.3667083785
0.28270994920000003
0.214764375
0.1767199155
0.1703269845
0.13003474199999998
0.193347992
0.46739842200000004
0.436868103
0.22908740400000002
0.30483037300000004
0.3614535835
0.430439299
0.32390732499999997
0.5228392205
0.213499822
0.15376189350000002
0.26332317
0.256999488
0.426789564
0.752121235
0.508238794
0.17095451350000002
0.1822971358
0.1262291895
0.143109847
0.18729498700000002
0.127764172
0.1322845765
0.18483447074999998
0.181100904
0.21590779650000003
0.7388298175000001
0.335916792
0.31406862
0.43719664
0.193002447
0.181696702
0.5190448755
0.2417748335
0.28975777599999997
0.21836180549999998
0.1687315302
0.1598207213
0.357969107
0.287196853
0.61833616
0.6540247990000001
0.69847581
0.3441910865
0.4285838225
0.6574032275
0.2611364945
0.18392633549999998
0.259579025
0.585554071
0.6695745235
0.7697990285
0.722662196
0.8410011985000001
0.777952596
0.680130975
0.6728209220000001
0.716278776
0.89956832
