0.891618534
0.787636312
0.30796687500000003
0.21090369400000003
0.17405984800000002
0.18125300100000002
0.1752387165
0.204738439
0.65180207
0.851110869
0.877086087
0.5967952799999999
0.3995647925
0.5875538265000001
0.67111041
0.6167861845
0.684327475
0.6033263759999999
0.598469516
0.6807510400000001
0.52601008
0.227058973
0.292786651
0.6312033935
0.23277784699999998
0.191347979
0.1378144845
0.2089975175
0.08767249125
0.0686705044
0.0774007418
0.0645692015
0.060079922550000005
0.06022286425
0.05789355225
0.06023316205
0.0887036501
0.7862182500000001
0.7917676215
0.825660838
0.08909820225000001
0.07105619219999999
0.11101414470000001
0.07461664935
0.05178495265
0.05217170200000001
0.06716431480000001
0.0718926328
0.076505627
0.0852815445
0.1481052445
0.23292262025
0.28973978300000003
0.20400917770000002
0.14374749809999998
0.1460802585
0.16740842500000003
0.157719797
0.169874255
0.09396788150000002
0.1287450045
0.642652236
0.1219953857
0.12490805399999999
0.203805065
0.6953381160000001
0.7144753355
0.6913531115
0.189078319
0.2344283405
0.19120650500000003
0.1353079245
0.669663237
0.657567792
0.7045497920000001
0.7846289865
0.898506912
0.865478953
0.9006438590000001
0.8871396225000001
0.1471122937
0.1144735935
0.105924265
0.09084175850000001
0.09942313150000001
0.09400833550000001
0.13715616400000002
0.6952307200000001
0.1478908965
0.1127173758
0.108841889
0.09216586400000001
0.09200693400000001
0.1020255675
0.096744748
0.1336140565
0.6399529100000001
0.34955237
0.199933586
0.14461849380000003
0.1124505992
0.1160707218
0.22838989600000004
0.7812103840000001
0.154170343
0.100145215
0.0877536656
0.108230875
0.7165391935000001
0.8152554359999999
0.699577392
0.15216417999999998
0.1242955785
0.15543967150000004
0.7839612425
0.7198537895
0.70973493
0.7286106324999999
0.812012395
0.67460534
0.1285581985
0.12525408300000002
0.1881485173
0.8173427010000001
0.2772103665
0.1195408321
0.08826664000000001
0.1153668075
0.7708653894999999
0.885450459
0.0952609323
0.0542779203
0.053539906500000005
0.0780090749
0.1309425705
0.9024453375000001
0.905291615
0.21164246600000003
0.256979191
0.7766064665000001
0.38245554700000006
0.8977579130000001
0.8945720355
0.8730143400000001
0.8106580735
0.267926672
0.7962985995
0.296048671
0.2347654205
0.836366685
0.8541018525
0.10745094800000002
0.08072987649999999
0.05753227785000001
0.0646511207
0.13045355349999999
0.877459976
0.26499022000000005
0.0933488229
0.0682417865
0.078795262
0.0744705706
0.0731378377
0.077949761
0.1194671053
0.7121375520000001
0.147960909
0.107232412
0.09057356750000001
0.0924765128
0.10992599400000003
0.1576242515
0.510120175
0.16366374449999999
0.188154129
0.25245808799999997
0.339042396
0.766378733
0.2598643905
0.1735115835
0.14859337835
0.140127824
0.10857172600000001
0.1020394275
0.1461048459
0.6828380185
0.817287557
0.7369806300000001
0.1348597532
0.1511021225
0.06674118185
0.051406639100000005
0.0570008886
0.09251040945
0.128357625
0.89459996
0.8431993935000001
0.8274879900000001
0.8118918125000001
0.8720613675
0.09238789950000001
0.056386467700000005
0.04574343475
0.048024225250000004
0.05993856885
0.08963071489999999
0.12867073
0.7049421870000001
0.7802784935
0.6712376369999999
0.13721271470000002
0.0858517368
0.0740689155
0.1091705645
0.1503413915
0.17940407300000002
0.830978514
0.1439636585
0.10760762770000001
0.2128421465
0.72834807
0.0995287956
0.101398891
0.12941936225
0.0722552362
0.06089605715
0.0629238793
0.0899533277
0.7934572900000001
0.869781329
0.7746829550000001
0.760891489
0.8505582955000001
0.1546321425
0.154340649
0.1315207565
0.13912939600000002
0.8844995179999999
0.8872593820000001
0.7475047
0.7340582600000001
0.8730898899999999
0.089413935
0.06280189335
0.13673669500000002
0.8066187680000001
0.0763330039
0.058825224100000004
0.048264870550000005
0.08077650950000001
0.1399918555
0.922636297
0.939512624
0.925868293
0.9306637985
0.1923977285
0.08709321360000001
0.04215431115
0.0393049696
0.0404071275
0.043665818950000004
0.0427097782
0.041058345700000005
0.04541200255
0.061880301
0.05721988565000001
0.0783154289
0.8404538585000001
0.836415467
0.8431236130000002
0.839975742
0.8860967909999999
0.07965145575000002
0.0471530353
0.042875009650000004
0.0548553657
0.08629928619999999
0.15053851699999998
0.1163915685
0.7205700070000001
0.1232407257
0.10271473449999999
0.1415278095
0.8174791299999999
0.12319196400000001
0.09609844299999999
0.127077284
0.07993489150000001
0.07893368025
0.15843648500000002
0.7059764074999999
0.836086949
0.12622541925
0.10047938059999999
0.16557537049999999
0.11875461450000001
0.09933259285
0.7168499510000002
0.1363017805
0.08884161415
0.1453606295
0.899583545
0.9371433165
0.94750383
0.9276778560000001
0.09808878200000001
0.0730463165
0.1385742103
0.715070321
0.11297012275000001
0.13692886625
0.09640053465000001
0.0806826045
0.10342438500000001
0.7183786325
0.8733465600000001
0.8803900499999999
0.762108292
0.7699058525
0.8487908495
0.80329703
0.8707078065
0.8514655535
0.77321578
0.28354015850000003
0.12905922
0.145742889
0.242098423
0.17179280200000002
0.126135608
0.13169211679999998
0.548936649
0.15907488600000003
0.19623564300000002
0.2340714765
0.18247073349999998
0.6001963175
0.6128158100000001
0.7345974529999999
0.8260942
0.792268671
0.6702621485
0.2033372315
0.1705949
0.143662085
0.269856494
0.737943322
0.22813369850000004
0.1670722325
0.130474198
0.1132976323
0.301915074
0.393494475
0.2819464905
0.38570857700000005
0.198621765
0.158896422
0.2016138575
0.24371862800000002
0.454391122
0.29052064000000005
0.349169658
0.6597452565
0.8307767205000001
0.8270640149999999
0.6835670950000001
0.7228343175
0.3398214815
0.2955976965
0.35001198600000005
0.2518202195
0.2188934395
0.50155803
0.6028071975
0.2270539225
0.18524590300000002
0.251019526
0.610055964
0.783732595
0.520598317
0.26663665420000005
0.16609575750000002
0.12834213225000002
0.1480009725
0.3319427775
0.4933807605
0.46707182
0.2615294025
0.34115691000000004
0.23207790700000003
0.28690750600000003
0.5544132555
0.5770500820000001
0.787816216
0.77497344
0.319826794
0.2934241845
0.6607405930000001
0.21536500549999998
0.203717044
0.260291365
0.1271841435
0.1383442895
0.16843068700000002
0.2654002775
0.8498244865
0.8633362135
0.7110278895000001
0.792896418
0.5896613785
0.479306365
0.442290368
0.1738894765
0.1354460035
0.11504811475
0.10898695450000001
0.13333383599999998
0.598599575
0.79664655
0.7291155380000001
0.884106853
0.8621793665
0.14229252250000002
0.07836458425000001
0.07905678165
0.0882226393
0.6896483149999999
0.814081853
0.18353521350000002
0.209286168
0.33591723000000007
0.8157604775
0.9200803280000001
0.9032742425
0.79069893
0.27088516250000005
0.291149339
0.2670769135
0.885127077
0.8899147860000001
0.19314320000000001
0.20603076850000002
0.12500243449999998
0.11301845840000001
0.6232601425000001
0.7703789400000001
0.6931946755
0.8763003954999999
0.8688043075
0.145707265
0.10067376525000002
0.10730315580000001
0.118843412
0.7578616180000001
0.8825056425
0.79481648
0.881658691
0.712030637
0.1773102265
0.298609122
0.191866013
0.1451193005
0.090336758
0.07169652300000001
0.08535593050000001
0.191567953
0.85828635
0.8013287474999999
0.905690965
0.875853862
0.6957407325
0.6615398800000001
0.7711340449999999
0.7568294955
0.878341876
0.8852804030000001
0.8286188624999999
0.9083390725
0.8719146795000001
0.1660234875
0.140968628
0.13707510550000002
0.1594528515
0.7154687915
0.6217699400000001
0.5919188385
0.45175881700000003
0.3630642235
0.259217827
0.51495284
0.5344916575
0.637163365
0.8129829049999999
0.7969551240000001
0.3144285265
0.330521249
0.38672652800000007
0.5928774649999999
0.7971737135
0.8189245275000001
0.733122485
0.7979214075000001
0.6849075
0.6368432335
0.1211168056
0.0876762932
0.0765037905
0.09458958349999999
0.220866128
0.2332063485
0.88974766
0.886520526
0.17255411399999998
0.16664906165
0.10656402920000001
0.0894177018
0.13843741465
0.873977995
0.789335305
0.0949612175
0.08867845365000002
0.05308544245
0.0486864997
0.05104201729999999
0.06301943835
0.076843464
0.0561576136
0.050240597
0.062223977
0.0953042825
0.80986334
0.8033007935
0.917414196
0.09965483325
0.0487205438
0.04053311805
0.043208696
0.06521882970000001
0.855142845
0.855967406
0.8771781675
0.934646785
0.9060670625
0.90666426
0.9424283250000001
0.9176155285
0.885874547
0.916747057
0.0672787511
0.043173679300000004
0.054801737399999995
0.0490549106
0.07928738434999999
0.9042003295000001
0.859571935
0.9254423605000001
0.2526708515
0.09598032449999999
0.1187267515
0.06226817800000001
0.059784865500000006
0.050429555800000005
0.05178397580000001
0.0722596867
0.136909966
0.1058951295
0.097172636
0.7213200200000001
0.707787671
0.09802800950000001
0.12352033949999999
0.17429727550000002
0.143807343
0.1256722795
0.654641002
0.6647045115
0.6740060299999999
0.6807838230000001
0.7012314930000001
0.1932801775
0.1540595889
0.1132329
0.0924628827
0.146639034
0.1632307455
0.6704819365000001
0.6443035145
0.1618029775
0.11479050974999999
0.10430698599999999
0.1183122965
0.2129944615
0.776390065
0.7428318125
0.85910327
0.8413132350000001
0.728779764
0.7241074700000001
0.7762796729999999
0.74524473
0.7566740700000001
0.7780456499999999
0.23124057850000002
0.18767130850000002
0.184687296
0.1602317013
0.176100256
0.1733672635
0.2295442695
0.709449785
0.278003916
0.2621780265
0.631255298
0.395694912
0.251220384
0.227761394
0.2076273925
0.20369761749999998
0.165486889
0.121650057
0.12973607199999998
0.1748436572
0.238910097
0.661645935
0.43140493199999996
0.299216959
0.300844329
0.7715811699999999
0.7775313420000001
0.637780305
0.32326992649999997
0.37908307799999996
0.232185492
0.175693131
0.1830756805
0.585168572
0.7339105190000001
0.5476751664999999
0.41495339500000006
0.6269273264999999
0.476154156
0.4590049055
0.8833920295000001
0.292975502
0.071903279
0.04098196385
0.036649358699999995
0.034750755450000004
0.0389955649
0.0663707474
0.0491634306
0.09382613290000001
0.937605985
0.947800625
0.957286591
0.8873870500000001
0.07803343680000001
0.039786779700000004
0.03468396165
0.0368766405
0.0419901439
0.05073981705
0.06040385050000001
0.07121338175
0.0941892845
0.1224332005
0.12695557799999999
0.1483467615
0.0840907458
0.05899394640000001
0.049462982999999995
0.0426173394
0.059311169799999994
0.0998651296
0.8901935765
0.925299441
0.8572179670000001
0.8328924145
0.0727884181
0.0517430548
0.0747291408
0.7782716365
0.0663687573
0.04749875885
0.0333912873
0.0363263735
0.0836534029
0.9472385649999999
0.9616240650000001
0.9625032649999999
0.952218434
0.0542784027
0.02857007055
0.025785190700000002
0.028138297650000005
0.032690484675
0.033116929975
0.0382982929
0.07622215815
0.917276475
0.8376369690000001
0.8310231
0.868017955
0.121681463
0.0490110725
0.04912135175
0.0652675265
0.0465083057
0.04658016785000001
0.0644585454
0.07882212315
0.175670659
0.910879938
0.8126842304999999
0.927923806
0.9142900585
0.84510091
0.8526739350000001
0.9240135635
0.904769666
