0.8962113360000001
0.795753272
0.709178035
0.6783688725
0.6804595550000001
0.7033680419999999
0.715872033
0.7363243684999999
0.8555344085000001
0.904464818
0.8962238880000001
0.472282564
0.24042909199999998
0.1800017645
0.1598454715
0.6613372750000002
0.303125726
0.23366923950000001
0.24815367849999997
0.81493545
0.13361658519999997
0.06976979350000001
0.0683329515
0.0771193542
0.07678932605
0.08060755150000001
0.0861782905
0.1066800125
0.0726257951
0.0673897244
0.1202668355
0.7496331315
0.08285969665000001
0.0704806385
0.06233791935
0.08732608800000001
0.7965172785
0.7995696210000001
0.06719571055
0.041995100900000006
0.03966878825
0.0533325088
0.126992235
0.1851018
0.9155941475
0.9307825735
0.8836068829999999
0.8478952765000001
0.0777817534
0.0541141698
0.06603342865
0.15123967849999997
0.8635461529999999
0.1215377103
0.10628275270000001
0.734376948
0.8131704855
0.0952979595
0.0741992809
0.0543662625
0.1119602222
0.6993420985000001
0.12307876175000002
0.229326042
0.894459728
0.8376792075
0.0997421097
0.0668913636
0.08438775270000001
0.139263805
0.13220937825
0.06998408265
0.060717540699999996
0.0589741409
0.0823813949
0.6945887500000001
0.8105974695
0.767506867
0.862613331
0.8607121
0.7392451375
0.6699983169999999
0.1537053365
0.09691344400000002
0.08795501275
0.06566238315
0.06518379045
0.0955724326
0.7104912035000001
0.7972906155000001
0.864725414
0.777339145
0.09903782759999999
0.1264975655
0.1500814777
0.2537390325
0.322080366
0.3506348845
0.1844784035
0.11683648500000002
0.0770702593
0.06385388715000001
0.1133127892
0.148859322
0.083021438
0.0658152252
0.08677756140000001
0.708270722
0.7578599985000001
0.8630678599999999
0.767029884
0.10531506355
0.06792178680000001
0.07642879324999999
0.19338264100000002
0.820934389
0.0998745077
0.08434399890000001
0.10688292325
0.048395355550000005
0.0405527297
0.0420091193
0.0576838562
0.1015485985
0.08758894549999999
0.04815305895
0.049874896700000004
0.09041107649999999
0.8295336074999999
0.9191772650000001
0.0795961149
0.04195893665
0.0387421785
0.0521762413
0.102677321
0.8770594595000001
0.2109879255
0.115584403
0.149757687
0.860554188
0.899240051
0.9462159370000001
0.929960725
0.92252175
0.8966358985
0.8654554670000001
0.8666589729999999
0.17272366900000002
0.10489020574999999
0.18959725100000002
0.8731629395
0.07903631790000001
0.051984780050000005
0.03951721
0.0463971192
0.1022620015
0.8977763885000001
0.173063601
0.05730129865
0.04349341595
0.05391050775
0.0643704791
0.04899160105
0.0414496893
0.041522148450000004
0.048038814400000004
0.05096657110000001
0.048842169250000005
0.07328414130000001
0.8132909859999999
0.8406846595
0.11344019875
0.0504493043
0.04344368625
0.0674298604
0.904232699
0.9424350530000001
0.94462778
0.07550582480000001
0.0449792916
0.04336371925
0.05299385615
0.05307602545
0.0650622793
0.10430285125000001
0.7649273329999999
0.853245345
0.211503799
0.22060621150000004
0.7916488910000001
0.686629688
0.141162458
0.13073598849999998
0.166719408
0.6301344474999999
0.22996850200000002
0.1683065572
0.21385466775
0.34541610300000003
0.82380646
0.178440652
0.1008161125
0.06805562564999999
0.06132279235
0.0633799826
0.0636407111
0.06938661324999999
0.09322716975
0.825778597
0.7272611600000001
0.107834948
0.0673508259
0.0795451454
0.8474515025
0.89570346
0.90361474
0.927111648
0.099805466
0.06809789825
0.1405223715
0.7476199480000001
0.0852951945
0.0986197765
0.1696017352
0.0995915033
0.07505770675000001
0.07276802900000001
0.089631916
0.14651653650000002
0.7708212000000001
0.598949428
0.3908935685
0.4901864705000001
0.438370574
0.705605445
0.4967093295
0.457121312
0.7210265805
0.6865865449999999
0.243373436
0.2149885875
0.298063616
0.2106470185
0.219918224
0.6182012944999999
0.5320035999999999
0.2560866605
0.324379046
0.24860822000000005
0.29264721000000005
0.305518045
0.6008024974999999
0.629073518
0.647008413
0.6687455965000001
0.42590139000000005
0.37497378550000005
0.2243495205
0.178643558
0.1533281695
0.215318536
0.164206401
0.18660007100000003
0.2817512578
0.430358591
0.331921802
0.214867302
0.433955322
0.1965679475
0.25065153770000004
0.3143343865
0.36070454350000003
0.21631743000000003
0.171697243
0.1751248815
0.43980696199999997
0.5233190435
0.7085140400000001
0.353218092
0.2583306285
0.200208074
0.1747742915
0.2062809265
0.7032985265
0.166997285
0.127049283
0.12712266179999998
0.09043238875000001
0.085365148
0.054792447749999994
0.08221535
0.2419024215
0.8566085419999999
0.8486331595000001
0.901129926
0.19778434649999999
0.107721929
0.105836702
0.0921395377
0.0849670363
0.1129891455
0.14646911350000003
0.194398854
0.801807221
0.774065642
0.31735315249999996
0.336340696
0.6220132570000001
0.26648946650000005
0.629554276
0.760814052
0.19886472900000002
0.13245483149999998
0.1151303495
0.138311974
0.841660834
0.866407358
0.6971395800000001
0.68990028
0.7973353750000001
0.714972085
0.8341168035
0.8230535635
0.41859218500000006
0.753426632
0.1720621335
0.19054030300000002
0.34217555
0.6563384995
0.798533143
0.24104722199999998
0.1610117445
0.1696251385
0.1663696613
0.2011750255
0.14639903399999998
0.0929707265
0.075025181
0.0918164912
0.1706079155
0.15014670400000002
0.08093848719999999
0.0634697165
0.06928570475
0.0949070535
0.8021497025000001
0.8879039420000001
0.7743563179999999
0.1034083793
0.07020170619999999
0.08439874489999999
0.7945428565
0.893617498
0.819916775
0.8937871125
0.7872147174999999
0.0694046614
0.040776145800000003
0.03776834755
0.053552883350000004
0.874888763
0.854759228
0.946512978
0.960142314
0.9430048475000001
0.06790699165
0.05774789625
0.0520480194
0.082862081
0.8836621520000001
0.7727310479999999
0.744487043
0.763567335
0.8673424435
0.09067972529999999
0.05820856895
0.0962395193
0.8782080395
0.9250518365
0.921126105
0.09156041000000001
0.04455514375
0.047282497
0.08275133595
0.8689622000000001
0.154362196
0.0991869875
0.088507876
0.09570701365
0.06905420949999999
0.09243035185000001
0.1243019384
0.1619596815
0.8335141420000001
0.8253468225
0.1411918285
0.107411323
0.12455782130000001
0.11387310380000001
0.70577606
0.125454268
0.06375987795000002
0.054434339649999997
0.07426002065
0.7889052150000001
0.9127608700000001
0.2170963165
0.10331667850000001
0.09590262100000001
0.0542534224
0.03654284495
0.0256014588
0.024611695785
0.024927429
0.03689404455
0.7778502
0.9068850085
0.941976035
0.9703064275000001
0.9680911985
0.9708631075
0.9552827770000001
0.8972117129999999
0.033058228800000006
0.022491326649999997
0.020790400174999998
0.023044030449999996
0.028613247850000002
0.02980162375
0.04393572525
0.094463243
0.1550736952
0.9361190935000001
0.9229239229999999
0.15166303350000002
0.1568652305
0.226590795
0.29753113249999996
0.9119827295
0.9007206915
0.156850698
0.12062510350000001
0.0922291818
0.100791187
0.64202551
0.763481894
0.7234135079999999
0.8746299390000001
0.8678895380000001
0.1322696705
0.0899128297
0.0883800092
0.10277719169999999
0.769617188
0.8723245855
0.822711252
0.860462401
0.6973289619999999
0.206442801
0.284620682
0.20756057299999997
0.157119895
0.09043318050000002
0.090253573
0.176575975
0.7399542375
0.8322079495
0.7749579315
0.850763355
0.43199168099999996
0.266666069
0.2378979055
0.6952404335
0.658837635
0.83593078
0.8376635605
0.7338321080000001
0.88119439
0.8712368675
0.12625219399999998
0.07967600955
0.08696246865
0.692842059
0.1742662723
0.09013464565
0.062170122200000004
0.08573687225
0.0798448497
0.0663610356
0.8207332305000001
0.8287786264999999
0.913507276
0.951888077
0.9355743224999999
0.140148158
0.13705817850000002
0.169816991
0.861240308
0.900943268
0.898114533
0.1303950565
0.14590843250000002
0.09999950800000001
0.0721864361
0.05870484240000001
0.060273858400000005
0.07300915625
0.12115159880000001
0.267195097
0.256387272
0.4665804720000001
0.835192277
0.7353817570000001
0.76242919
0.6968874999999999
0.659689595
0.659465763
0.1740556495
0.102137225
0.10699159489999999
0.178354965
0.18140709050000003
0.7696344879999999
0.07198827995
0.0446789888
0.03916191795
0.03962175105
0.0633289806
0.06381996095
0.10264058449999999
0.9025879475
0.9154396425
0.9436043590000001
0.103596827
0.0523495086
0.0467802759
0.0514091894
0.046890595949999996
0.04351753905
0.0673354019
0.7018876380000001
0.17938943899999998
0.152430635
0.1926786545
0.801253286
0.3057331345
0.39301955200000005
0.8498959189999999
0.745069171
0.14429121900000003
0.1312472072
0.08338542400000001
0.083251448
0.1445860545
0.163690844
0.860964455
0.32939613749999996
0.19138814599999998
0.270239512
0.7890605505
0.7708625330000001
0.775718934
0.0998099945
0.08625263805
0.1266666055
0.128961891
0.14042020900000002
0.7752657375
0.719300658
0.6948903075
0.10344888569999999
0.1263330675
0.10798858049999999
0.0805455925
0.0971750967
0.752943456
0.732029158
0.7534832025
0.22318237000000002
0.12580092650000002
0.15145291300000002
0.6746091695
0.099336886
0.10365190575000001
0.085229327
0.0819142319
0.1118347847
0.1282234883
0.174059728
0.17755365620000002
0.1796368495
0.22068941400000003
0.801847754
0.7683022475
0.8450985275
0.863957292
0.32542352399999996
0.2363375405
0.256075949
0.26054547650000004
0.30294046550000003
0.8262561525000001
0.747784118
0.7381146860000001
0.712347239
0.09066050445
0.0740203177
0.0792324573
0.1365649702
0.8621635825
0.1340165965
0.087478761
0.0894941434
0.1289790795
0.1398457277
0.868722692
0.79949833
0.807424706
0.7824528749999999
0.781060855
0.7929320630000001
0.06778753065
0.05979078345
0.07063471430000001
0.09398248470000001
0.1168827675
0.8659030285
0.9115675905
0.9167990185000001
0.10071767370000001
0.0749795938
0.118504578
0.1160174813
0.7669401090000001
0.7366675235
0.7845947085
0.29815370350000003
0.24147978850000001
0.184924015
0.181963956
0.2617063705
0.785290802
0.895579583
0.854226312
0.6506243494999999
0.10529050775
0.1217504113
0.125640518
0.190042009
0.739279305
0.60352875
0.6290329610000001
0.7418811599999999
0.6948155655
0.8055055925000001
0.196266194
0.1102354935
0.07471864750000001
0.06546286785
0.06692450785000001
0.057022786799999996
0.06289746389999999
0.0649585542
0.0505313314
0.055590461699999996
0.10440574745
0.8397381804999999
0.1323278195
0.07425282350000001
0.07118003965
0.1065916817
0.87552434
0.897599856
0.8745305649999999
0.1865536075
0.11861056900000001
0.0693914283
0.09661876725
0.81269251
0.0772988008
0.073415745
0.0584379477
0.0551728395
0.07478564065
0.1015701975
0.7583315835
0.10496590500000001
0.1663753255
0.13956804979999998
0.1624290175
0.1919898045
0.10285269450000001
0.0846988135
0.10563479170000001
0.1217309815
0.1592890515
0.16844675
0.16191554149999998
0.20213522250000002
0.394512471
0.2833028525
0.307561807
0.360093805
0.6981338935
0.280491726
0.38010684800000005
0.657104157
0.24645160600000005
0.158202135
0.207305075
0.3527686015
0.416691838
0.7647744919999999
0.481640961
0.6256337735
0.669810273
0.409657147
0.37953598899999996
0.4676463125
0.8883169865
