0.8860282730000001
0.790704149
0.7206249865000001
0.675307146
0.6486103395
0.679211385
0.683379982
0.713763761
0.882481125
0.925419104
0.911570312
0.842418165
0.7018459545
0.6663545350000001
0.7108110785
0.6965748815
0.7378437075000001
0.30358111600000004
0.283777034
0.31702575099999997
0.17910947100000002
0.132976469
0.1636686255
0.19103683100000002
0.188942962
0.17250140199999997
0.14404923
0.229888994
0.09051627000000001
0.0664469074
0.0695997817
0.05782858590000001
0.05417493200000001
0.05538494940000001
0.0558509877
0.057721252699999996
0.08457500845
0.7718299
0.7728283684999999
0.81722726
0.09128189210000001
0.076692529
0.11907544320000002
0.0794434496
0.05484707475
0.0546272275
0.06953548885
0.07618018630000001
0.08284783000000001
0.1046787378
0.20010034299999999
0.7079680799999999
0.798609132
0.19304195350000003
0.117318605
0.11889783975000001
0.13136206350000001
0.131171973
0.1456819895
0.08338643474999999
0.124572281
0.64457411
0.116085046
0.12188185925000002
0.201774803
0.7061408
0.7297761325000001
0.6982441450000001
0.199700818
0.255154832
0.2086818875
0.142813834
0.6723793925000001
0.6609957
0.70812812
0.7866438435
0.898007247
0.8590287925000001
0.8972771150000001
0.8903949529999999
0.14803070725
0.10670331129999999
0.0981718635
0.08427858465
0.0970382214
0.09243085100000001
0.13906528425
0.68449825
0.1440775005
0.11456594450000002
0.1042480925
0.0863112222
0.0921887608
0.10392087150000001
0.09571655770000001
0.116957623
0.6419020799999999
0.7478232865000001
0.22498328950000002
0.1674819235
0.1301121885
0.139323052
0.668389785
0.25747246749999997
0.151483192
0.10975238000000001
0.096267114
0.113282822
0.679432895
0.769473095
0.6531038710000001
0.612437055
0.6114045225
0.644890116
0.7716065599999999
0.6900703640000001
0.6963560010000001
0.7352495330000001
0.223018453
0.0901885623
0.0597543084
0.0545655642
0.0722987253
0.12022480900000002
0.1117513442
0.0638639114
0.0622102838
0.10593903099999999
0.820394445
0.9130692970000001
0.08281511065000001
0.044071753699999994
0.041250151900000004
0.0573410385
0.10885439999999999
0.86007199
0.217808153
0.11073569999999999
0.1640213385
0.814091481
0.331098819
0.9188014625
0.93306345
0.9173063020000001
0.8775684615000001
0.26586060499999997
0.8292265400000001
0.18235326340000002
0.11690307325000002
0.17935015850000002
0.863196302
0.09993790890000001
0.06156352465000001
0.046093194649999995
0.05449244390000001
0.1192588845
0.886066263
0.214372349
0.070026351
0.052776643750000005
0.06786834815
0.0821837775
0.066681035
0.060085316650000005
0.0627082094
0.0736315443
0.0786921495
0.0704777069
0.07135516750000001
0.0790876475
0.09215186875
0.1554660415
0.6543772365
0.1100221395
0.1005653385
0.121899061
0.181136982
0.7521141865000001
0.6647349810000001
0.22727385100000003
0.1896614855
0.1733137601
0.1370323275
0.14199039149999998
0.5941755264999999
0.645404406
0.734790372
0.667415085
0.6455430424999999
0.726463944
0.20469560050000002
0.15008190300000002
0.143525392
0.1849645814
0.6075373900000001
0.7406925795
0.688880605
0.7128665300000001
0.7524492125
0.8429260815
0.7577693780000001
0.0790400645
0.046344729550000005
0.041818115950000005
0.046451196550000004
0.0565916229
0.07186988820000001
0.1297485305
0.882461875
0.8321414030000001
0.0765288006
0.04429445285
0.04018272390000001
0.045576150800000007
0.049195830200000006
0.04529173634999999
0.050570516850000004
0.03691521960000001
0.03380246965
0.0314071507
0.03510777435
0.06662011555
0.938257807
0.9628495815
0.957273756
0.9306838365000001
0.0628965741
0.0351663786
0.03269250185
0.04879323520000001
0.0728153087
0.9264774790000001
0.9526006680000001
0.9314649515000001
0.925515403
0.105733645
0.0516126906
0.0722892111
0.07105819155000001
0.0446159134
0.04643869875
0.0598922888
0.051208129799999995
0.05457773165
0.0690900941
0.056364671549999995
0.0583257739
0.07469036515
0.07178136310000001
0.10577268850000002
0.166326825
0.9290853285
0.938856811
0.9358552675
0.9223449255
0.245315531
0.114858826
0.061904180200000006
0.0608539998
0.08082414160000001
0.715938903
0.09396619080000002
0.08020569494999999
0.1330646665
0.813768021
0.7483480250000001
0.6775149575000001
0.667892744
0.6630868725
0.6550317700000001
0.6663100435
0.226313423
0.130575961
0.09826379225000001
0.116436732
0.6248905695
0.6858931260000001
0.765451962
0.6889178499999999
0.6380203925000001
0.5792527075
0.16123456399999997
0.1642089545
0.221926685
0.2111698195
0.251501251
0.7106570700000001
0.257880423
0.32064948300000007
0.61341741
0.6387826780000001
0.170633701
0.08951266145
0.08323123195000001
0.1257359765
0.10257852949999999
0.0950211485
0.6887002365000001
0.1376861104
0.1101971846
0.20535127800000003
0.8990942670000001
0.9245733629999999
0.937364217
0.9111098215000001
0.0993214896
0.0725343972
0.130672261
0.727225528
0.09512076750000001
0.0955161133
0.07863522515
0.07144154024999999
0.093041284
0.1825284195
0.8646067925
0.8520968245
0.519763113
0.5378292675
0.8076370150000001
0.784562243
0.842266105
0.8486151120000001
0.7406598950000001
0.25729821100000005
0.13628434725
0.12335591300000001
0.104378164
0.137933426
0.5860492945
0.1258285154
0.1042570052
0.1472681545
0.703289152
0.7975853449999999
0.13182039335
0.09915220640000001
0.1350568745
0.221646345
0.8911970955
0.8910246589999999
0.7465262655
0.120757855
0.08764272985
0.07795340615
0.0709752218
0.0910228125
0.0633993027
0.07746440575
0.7168897320000001
0.6328956575000001
0.15229373400000001
0.20777467300000002
0.22620760850000002
0.870609843
0.107564402
0.06653816935000001
0.055220273
0.0726334005
0.10581268700000002
0.836271495
0.8527162970000002
0.8684723540000001
0.9355953450000001
0.919809349
0.2833968315
0.1916828945
0.8037647454999999
0.858865685
0.92351397
0.887813058
0.8960330910000001
0.22800866900000002
0.233317421
0.7763358585
0.7846777875000001
0.7540946165
0.832039985
0.1696542925
0.10869413820000001
0.05888773074999999
0.049509203200000004
0.07455882735
0.7845014625000001
0.20166603450000004
0.1328862295
0.1277922965
0.8256788
0.898733153
0.09229538635000001
0.07258771485
0.06455001655
0.0585385523
0.11533996900000001
0.1227788829
0.11571888925000001
0.8025083325
0.13480834900000002
0.0577172738
0.04985634829999999
0.0784268507
0.0629011498
0.07410570859999999
0.9046153650000001
0.9429069235
0.9608172135000002
0.9487384785
0.11150723875
0.1103806702
0.0657648572
0.04375157545
0.0469950031
0.09537276835
0.750126641
0.0830140015
0.060175431599999996
0.06390896915
0.1259219137
0.873909077
0.791853055
0.8848681285
0.3406209195
0.1387161861
0.12887752624999999
0.631075818
0.12002923700000001
0.11905060380000002
0.159530594
0.153131057
0.29685178850000005
0.830332053
0.7620803785
0.8452392814999999
0.8369917470000001
0.7266695320000001
0.7372460625
0.8070954315000001
0.7431241660000001
0.861601815
0.887136613
0.165589823
0.12426045400000002
0.051557062099999995
0.0387890297
0.0429478031
0.07451181625
0.0696928201
0.0896348475
0.08163512925
0.05835521835000001
0.06910243475
0.8892849115
0.925409527
0.9145103815
0.9452962460000001
0.08772395825000001
0.08157146370000001
0.0568331734
0.05907540829999999
0.08342754875000001
0.05803046320000001
0.0470180875
0.042865986
0.050960059050000006
0.10857358725
0.20367678
0.8917222
0.83336237
0.8975557439999999
0.8289771880000001
0.661844895
0.617248637
0.7213867435000001
0.759824815
0.8831992465
0.8785953065
0.821866273
0.9008971350000001
0.8497823605000001
0.2525109065
0.6454996875000001
0.0886450342
0.0734384503
0.1006509378
0.07021546215
0.05605494335
0.0871481812
0.085734754
0.07665441995000001
0.8305374045
0.8510708770000001
0.9228222755
0.952079473
0.931366585
0.15928264450000001
0.1776573515
0.23345205000000002
0.8717983505
0.9161842665
0.895085827
0.15087827550000002
0.1564277095
0.12652912900000002
0.07930453500000001
0.0855802814
0.5660313525
0.20823632450000001
0.6561660025
0.7929224450000001
0.762683065
0.8731214660000001
0.890368847
0.8471559610000001
0.826913461
0.7211979225
0.6500639345
0.647130171
0.6984180879999999
0.6084002070000001
0.224946674
0.3169516155
0.18702828
0.15040850620000001
0.128317267
0.142641023
0.193475362
0.20026062649999998
0.201405371
0.2005356737
0.210699988
0.188788861
0.231259772
0.35626414900000003
0.20942991149999998
0.20723250250000003
0.23913038650000001
0.4448721085
0.421994501
0.4646787655
0.2474556565
0.292943108
0.65237291
0.320120886
0.32697746650000004
0.4439149615
0.4529237945
0.49371932550000003
0.8150972495
0.7174518365
0.705257506
0.1848626905
0.07071138145
0.0582227634
0.08728982240000001
0.07656609745000001
0.13048658925
0.1408128535
0.10793952775000001
0.18836355100000002
0.8500062545
0.8296905800000001
0.0693940689
0.0452334941
0.052537452750000005
0.08728902700000002
0.08716700869999999
0.1070287805
0.8195798475
0.769077316
0.8080669655000001
0.0991546702
0.0883033835
0.07139283799999999
0.054977859850000005
0.0533152046
0.0833286372
0.799239501
0.7983430499999999
0.13803245849999998
0.07135241535
0.0820480176
0.08815730375
0.07442367855
0.084310299
0.07218420210000001
0.071594584
0.0874285115
0.0861218968
0.08611572149999999
0.08871405025000001
0.12541633475
0.10210710649999999
0.19185847700000003
0.223534324
0.365126082
0.88058726
0.8098878825
0.8011775569999999
0.852561558
0.765484447
0.19337554750000002
0.16658019400000001
0.1094631858
0.08053914705
0.10236655550000001
0.142191479
0.7872081185
0.200577092
0.21780267250000002
0.8124014130000001
0.153864455
0.0982462455
0.08761897169999999
0.1254844909
0.08696760625
0.125499385
0.07346327275
0.08355512715
0.09713193349999999
0.7613572500000001
0.08419852050000001
0.0646255692
0.0805831336
0.10274152815000001
0.840451245
0.1410773635
0.1402382805
0.9004276200000001
0.903985235
0.12841198875
0.13155297500000002
0.876571314
0.0821447635
0.039524632299999994
0.0374691678
0.0710047258
0.08853573875
0.0851876811
0.07724982215
0.8777299565000001
0.942515266
0.875167177
0.94054694
0.1469174055
0.03530484275
0.026552070975
0.027045171620000003
0.028515095600000002
0.0312564037
0.04529299945
0.0379484903
0.08034766635000001
0.9507960165
0.964566985
0.967005145
0.9392604840000001
0.05030501105
0.02902076175
0.02743940285
0.029232942149999996
0.03206556435
0.034982735225
0.037598742350000006
0.04112100525000001
0.07444504669999999
0.8579913315000001
0.8427927369999999
0.919990635
0.100284926
0.0687715388
0.0761670465
0.0807649875
0.10592379670000002
0.8070389465
0.11074196150000001
0.09532236399999999
0.06158692935
0.084848032
0.7965242210000001
0.7828151725000001
0.8120009775
0.07929606925
0.043159334800000004
0.0369082943
0.0416319458
0.05011403550000001
0.10361870749999999
0.892011557
0.7835684385
0.11737750420000001
0.16796014250000002
0.06573394285
0.06749581034999999
0.06105295100000001
0.0664647551
0.06653575440000001
0.05663343915000001
0.058477082
0.09099727285000002
0.16523843135
0.11894326485000001
0.12305631465000001
0.1872813075
0.8402905525
0.13675489875
0.14230212550000002
0.18250524820000003
0.09261095765
0.07510909290000001
0.10284099525000001
0.1348789333
0.181449419
0.265327366
0.2662113255
0.8819116550000001
0.8553041480000001
0.7541299865
0.76452898
0.827543457
0.903538618
