0.9017633015
0.7869592525
0.1638923825
0.110741647
0.126132861
0.213563523
0.23302152799999998
0.2645993445
0.176324683
0.09661820100000001
0.06480731495
0.05923473955
0.07442725075
0.05775392879999999
0.03278940025
0.02687969655
0.0311606818
0.0606024872
0.152973275
0.951999167
0.963595389
0.9688872030000001
0.9514287465
0.12795232
0.05513016999999999
0.027656694699999998
0.0243086185
0.02883769215
0.036501072499999995
0.0538315323
0.1081086715
0.8963010680000001
0.916543946
0.0870032195
0.05139309885
0.0323584492
0.03647283935
0.08968060945
0.20947731449999998
0.9545237520000001
0.964479426
0.9575528385000001
0.2396541155
0.0956392279
0.04542433805
0.04227710725
0.0532916166
0.06650943449999999
0.7894232375
0.767491485
0.7664036350000001
0.7558677729999999
0.8767792895
0.900018968
0.84518825
0.89507021
0.901622176
0.841803525
0.0580891306
0.0367104424
0.05072889845
0.0482394195
0.0300331499
0.030564514350000002
0.045190911449999996
0.09532128425
0.9476081359999999
0.9637965239999999
0.971745225
0.9637555069999999
0.11963967090000001
0.054927773750000006
0.030018742600000002
0.027422736750000003
0.040373869500000006
0.0643089527
0.0763074343
0.0817348306
0.854302424
0.851389219
0.882664165
0.8881855919999999
0.8668232300000001
0.8335750070000001
0.828327285
0.8440568075
0.857662837
0.8558914055
0.8297230630000001
0.8198442505
0.7879012249999999
0.10445648760000001
0.082314631
0.12394726049999999
0.1723068267
0.191874678
0.167183653
0.12080335750000001
0.15909771350000002
0.16939062650000003
0.645615659
0.6489294955
0.658353738
0.34917393249999995
0.307783947
0.304473156
0.3228625365
0.37294795849999995
0.7679445329999999
0.772452212
0.7581067699999999
0.07944328505
0.055622699100000006
0.06735395635
0.09488402325
0.11674424400000001
0.1255032995
0.669849476
0.1058193435
0.15909500299999998
0.911831425
0.9328206099999999
0.9184686870000001
0.8988599399999999
0.1218827517
0.127194366
0.8315025505
0.16304380749999997
0.13224434229999998
0.1058056438
0.06580170529999999
0.0654665924
0.125144943
0.75148738
0.74613771
0.26101216000000005
0.20669343350000002
0.162237172
0.21153217900000001
0.28096706400000004
0.7365239585000001
0.757819638
0.7546654515
0.7654231805
0.7694764025
0.741069714
0.33161831399999997
0.2670222585
0.2176644595
0.158585101
0.1757814105
0.1901778845
0.2161916785
0.269333706
0.761364687
0.7634996869999999
0.7764564965
0.7771347765000001
0.762495763
0.757071671
0.7650917395
0.0873216668
0.06704091209999999
0.0399634882
0.03348239625
0.04532522605
0.10228358439999999
0.872404289
0.9275434395
0.94442537
0.93983567
0.8886327624999999
0.050984360400000005
0.029891281899999997
0.028095366599999998
0.0377375759
0.06840472140000001
0.09532733330000001
0.839660318
0.88854285
0.8880820300000001
0.81734896
0.7754143495000001
0.35639218699999997
0.30704844800000003
0.20220844450000003
0.11088995930000001
0.1169503317
0.1774750382
0.192700468
0.17014904749999998
0.6294475555
0.6251630779999999
0.4507908665
0.377202807
0.254927257
0.252440927
0.18894789299999998
0.23282032400000002
0.5349586315
0.529554275
0.23701307900000002
0.2531715965
0.479074349
0.2159269525
0.24316761050000002
0.5066201539999999
0.279538022
0.375501521
0.4111344045
0.432765657
0.7071588645
0.300324969
0.2480604505
0.19729703850000002
0.2554795355
0.3165915935
0.376492114
0.413544714
0.7987071525
0.305162358
0.227328561
0.166572993
0.1097032585
0.1212090055
0.21154745600000002
0.2373495625
0.720969218
0.25989750850000004
0.1564966935
0.1460755335
0.6445484960000001
0.0910241188
0.07577258815000001
0.07581960295
0.101876573
0.18640581350000002
0.2466803615
0.761863518
0.1422700535
0.07961486614999999
0.0742740596
0.09956385155
0.13430879224999998
0.10933364475
0.0849944228
0.07717023825
0.1035736973
0.17511345550000001
0.2095521985
0.737174073
0.6249323205
0.1262028745
0.1298692316
0.707683311
0.7265325515
0.09543890999999999
0.0843290226
0.0908319008
0.1540740995
0.779220774
0.7750080075000001
0.779814676
0.1462915072
0.07261994585
0.0627870401
0.09320507425000002
0.722176374
0.139109021
0.1162084907
0.2001207985
0.8202788205
0.08434217150000001
0.0513077276
0.03980399445
0.042701584550000005
0.07763172825
0.8932091520000001
0.9128060855
0.940313175
0.0837153118
0.0495823234
0.0570735135
0.0803323426
0.09991934890000001
0.826953335
0.114489116
0.08500992589999999
0.139939706
0.8649024329999999
0.851455778
0.07516957169999999
0.05587448575000001
0.0832771511
0.1370086947
0.86921662
0.8627081285
0.8751730255
0.850466193
0.8703475789999999
0.15436564275
0.0816119262
0.09781342105000002
0.12450283329999999
0.7821700005000001
0.08026760675
0.06851487315
0.07348075315000001
0.06857715045
0.0528216949
0.05123303755
0.07940242215
0.792279367
0.11100699730000002
0.13557364300000002
0.24542631199999998
0.8387017750000001
0.0800770249
0.050833566999999996
0.050678343099999995
0.06851371210000001
0.08191885210000001
0.0782655663
0.09427913900000001
0.139144197
0.1809410808
0.689577265
0.6565978320000001
0.11104941469999999
0.10161043450000001
0.18799360650000002
0.7273633645
0.231317678
0.230678528
0.208908644
0.1763148145
0.2194606462
0.26033774800000004
0.317481854
0.6915057385
0.6822234309999999
0.2917110505
0.23466379750000002
0.3034017025
0.42075577
0.8236075
0.813683894
0.796498688
0.8302151215
0.8333303329999999
0.8043569620000001
0.7917550369999999
0.397016292
0.326849667
0.27501669500000003
0.3334900805
0.7263992834999999
0.7543021755
0.767306153
0.7960945675
0.8314650690000001
0.8335397885
0.79352639
0.0902778635
0.07454574105
0.04126041325
0.041675645850000005
0.06960667445
0.15294944375
0.921323225
0.9277549575
0.9293983650000001
0.915701994
0.8918515485
0.14944170299999998
0.053767647749999994
0.037298578900000004
0.0457169672
0.0785642335
0.0986601913
0.14707367899999998
0.21477796899999999
0.26944234050000004
0.24612878900000001
0.197686636
0.18746329450000002
0.200484561
0.735065732
0.6557397819999999
0.675305225
0.368598592
0.27181999749999997
0.3107360595
0.259431179
0.552240531
0.2162674645
0.2327476445
0.5514368395
0.5682867620000001
0.256475169
0.2635581385
0.284507425
0.2738044245
0.4014385065
0.815491297
0.767368354
0.16880009899999998
0.1581063285
0.188556796
0.8285252425
0.8244159125
0.27815830399999997
0.6915411475000001
0.766066545
0.096408625
0.0891923729
0.12561737080000002
0.1176528735
0.0813035
0.056610049399999994
0.043262485850000004
0.0449282145
0.0640160733
0.085980428
0.841226453
0.8066627745
0.0852094503
0.06907760704999999
0.08931033515
0.836688808
0.15319476250000003
0.06620081855
0.08232695855
0.9164789659999999
0.9520792170000001
0.9565381180000001
0.9027672
0.890783727
0.047317328
0.0318133718
0.037035209
0.0391949394
0.053227458400000004
0.049187301700000005
0.0469605988
0.0519085039
0.052673691200000004
0.05524340359999999
0.10292173730000001
0.82962896
0.16063879050000002
0.1103493045
0.0756968524
0.056146868700000005
0.0858268592
0.708183963
0.20008851300000002
0.729389445
0.839363503
0.1775907865
0.19390543649999997
0.1779569545
0.7804048800000001
0.84880355
0.18877637249999998
0.13042317150000002
0.151593174
0.16420397175
0.1300405408
0.20754061699999998
0.296190538
0.22692745399999997
0.509682931
0.5047580185
0.17274524975
0.145638938
0.17744178
0.2035016255
0.741652239
0.2788500535
0.360411303
0.681128862
0.23785685499999998
0.289405696
0.32423572300000003
0.7525482905
0.1135758765
0.1273947065
0.07330534895
0.06552767715
0.0836565907
0.0897992059
0.7473948800000001
0.7245217375
0.741894092
0.8740312605
0.8964588325
0.4727366835
0.3344341735
0.9007801085
0.9225974299999999
0.9075208585000001
0.176461683
0.08354791185
0.0966747522
0.07764680775
0.10901149125000001
0.7570706495
0.7778859714999999
0.0934299865
0.0456709216
0.03877063695
0.05322899075
0.07397554915
0.06343456430000001
0.1070883762
0.12716570219999998
0.848205565
0.9026318765000001
0.0851603793
0.05238915105
0.08239788914999999
0.12071469100000001
0.8442673545000001
0.0569169042
0.0347149339
0.03965223125
0.051875599999999994
0.06582439595
0.0808857397
0.9123230385
0.907768518
0.9355771860000001
0.9358232025
0.9327506635
0.9342158995000001
0.9330115614999999
0.933810732
0.9411465700000001
0.929055594
0.8814278835
0.855321964
0.0547278816
0.028543895299999997
0.025631116249999995
0.031077671649999996
0.026879915325
0.0276451874
0.0332057137
0.0358680207
0.0385792156
0.0716544503
0.9009309585
0.9158335
0.8261868055
0.8151198345
0.08311745770000001
0.0529106315
0.044054910249999996
0.058944684149999996
0.0857094164
0.0451253408
0.044719568200000004
0.0805407271
0.05206263955
0.0490420054
0.060052219149999995
0.06202120535
0.1110213555
0.06301123495000001
0.07745404575
0.07036150665
0.1003129228
0.057994224750000004
0.0603502987
0.09868075400000001
0.134675829
0.15086142425
0.13282252900000002
0.12086746500000001
0.686102421
0.1246354432
0.09084532945
0.0974040577
0.163239773
0.22259264875
0.3370805105
0.695344011
0.7307083860000001
0.195084533
0.18122765019999998
0.14914770975000002
0.12555918065
0.16285709599999998
0.2305253585
0.29612010850000003
0.2690096905
0.758206617
0.14474031650000002
0.13345068770000001
0.251602226
0.7221463079999999
0.1610778275
0.08759378500000001
0.0789691156
0.10580919275
0.874984421
0.874131475
0.7947696025
0.7816162325
0.9007829700000001
0.8508710799999999
0.930127387
0.9360799515
0.9319504064999999
0.9093671569999999
0.8959954635
0.927403596
0.93156726
0.9215942540000001
0.876837125
0.8897521585
0.833893164
0.8316923325000001
0.43033770299999996
0.799137881
0.228846524
0.2303118725
0.3526718215
0.7183297900000001
0.28303228199999997
0.2010951775
0.23096483950000002
0.6788132275
0.24007092800000002
0.25252911050000004
0.298588082
0.1985051778
0.17762886649999998
0.18389071850000002
0.1429941325
0.13923822000000002
0.1388350455
0.237424779
0.7870256575000001
0.8560745405000001
0.869325121
0.826452965
0.818777242
0.413603768
0.272416862
0.1547858095
0.13973735800000003
0.2340381925
0.579512755
0.554883513
0.2656901605
0.23977805800000002
0.519806345
0.528957008
0.32618720100000004
0.33508495700000007
0.42769279800000004
0.362023516
0.3938465405
0.38533763400000004
0.673345696
0.853355342
0.9256504619999999
