0.927423079
0.9401723550000001
0.9350941935
0.9183886349999999
0.9148264454999999
0.923310167
0.8888111409999999
0.8466080235
0.18357330230000002
0.0851974585
0.05058324685
0.0409164741
0.0462527308
0.0899238685
0.906446245
0.8235424465000001
0.9175548935
0.09623442089999999
0.0449979825
0.031118650400000003
0.03455888455
0.040273415349999994
0.03137083005
0.03297659445
0.0550318735
0.0794794074
0.9113641195
0.91616606
0.9271692304999999
0.9458051500000001
0.0706519205
0.034832247499999996
0.02838850045
0.0332814313
0.03666857745
0.0363027483
0.0446319166
0.08395867950000001
0.127140565
0.7985614125
0.7833943990000001
0.764815579
0.215759784
0.7449551674999999
0.08467423670000002
0.0596549358
0.0693129907
0.123676551
0.0892599837
0.0632706689
0.0568737874
0.07350838405000001
0.07431452465
0.0625129133
0.0772862252
0.098041867
0.8338411575
0.9105240895
0.905109824
0.7912227549999999
0.125816789
0.123875016
0.21582346000000002
0.8321298175
0.8279528665
0.807871215
0.7964911885
0.776310947
0.1517242125
0.200091309
0.7782220565
0.10349087300000001
0.09262453875
0.119996322
0.858496436
0.8742743115
0.888248505
0.8807319600000001
0.883727758
0.8860465815
0.909578538
0.9313433915
0.927856998
0.3248444445
0.20022185400000003
0.17059125400000003
0.80428492
0.2238158925
0.19506672749999998
0.8856939530000001
0.9450963225
0.9541923385
0.93292953
0.9085616990000001
0.887025205
0.1808179215
0.0954181265
0.10947900299999999
0.81638191
0.870751443
0.09326097515000001
0.06710211665
0.077334227
0.17013448099999998
0.784797185
0.19921048900000002
0.11881877490000002
0.15727278775
