0.9448592395000001
0.922652341
0.950951449
0.9015489165
0.8775162005
0.850331411
0.917080865
0.1028840399
0.05959482535
0.0443484244
0.03560266375
0.0333274507
0.04226933645
0.0791750575
0.881251036
0.12475339300000002
0.04347596785
0.03072485185
0.028164457849999998
0.027703377899999996
0.03195221195
0.053212254949999996
0.893200676
0.9145746885
0.945418278
0.9323750544999999
0.9558135665
0.0476642433
0.02580801755
0.023400814800000003
0.02332898875
0.02493948675
0.02848341085
0.0547275039
0.898592601
0.9370193100000002
0.875528372
0.9339381965
0.878704938
0.054751527999999994
0.0340184522
0.03676659435
0.0313668746
0.029440809999999998
0.0345713959
0.072646401
0.939194125
0.9369300425
0.918121908
0.0772415091
0.035203018399999994
0.027073999499999998
0.02767133075
0.0307083581
0.03593037885
0.06248435595
0.8818238494999999
0.920423234
0.07337411560000001
0.049135232249999994
0.06809270925
0.12285054730000002
0.8989608885
0.7754836375
0.8085314939999999
0.9216853475
0.9180319835
0.098489292
0.06834869255
0.0945832225
0.871308306
0.9248565780000001
0.811158447
0.0583925793
0.03418516265
0.0332336607
0.05002958575
0.895532758
0.8672795655000001
0.9191161050000001
0.9589573320000001
0.890621721
0.87449994
0.0460255793
0.030531683499999997
0.03638909805
0.0604166501
0.85193688
0.8687628570000001
0.933368822
0.1832671025
0.0751370365
0.052977913099999996
0.06454665725
0.095378164
0.0742139555
0.05161321855
0.045756922299999996
0.046237182050000006
0.0666402284
0.835966897
0.8644041499999999
0.8935502235
0.929924502
0.8505103295
0.0788749119
0.0523514967
0.053927274000000004
0.1026122023
0.9143007169999999
0.904287293
0.916128606
