0.92638896
0.935562142
0.940451547
0.9400011345000001
0.935665827
0.916512479
0.855352994
0.8535848315
0.8857077550000001
0.9079574825
0.87552518
0.8419186700000001
0.11714567475
0.1004865182
0.08721708935
0.10075852745
0.05576555309999999
0.0573652572
0.0789968725
0.8092427090000001
0.10395640704999999
0.08274024329999999
0.13528403919999998
0.2024778385
0.8784419275
0.9069891335
0.8610059754999999
0.840082158
0.0891675447
0.055709979
0.03963863945
0.04129672735
0.05418562365
0.03870186865
0.0460751455
0.10224363880000001
0.8352005755
0.8194544545
0.828263356
0.1747356385
0.18581856400000002
0.8127347865000001
0.08430927245
0.05324880715
0.0608472275
0.852804291
0.882596697
0.950904181
0.9389718924999999
0.962191975
0.9600478495000001
0.951403877
0.9286316269999999
0.08957905929999999
0.08090103330000001
0.1265866975
0.875669917
0.8903360875
0.9054724650000001
0.20476142549999998
0.1597080355
0.1525227375
0.925784197
0.9418340605
0.922499838
0.912851179
0.92602116
0.9405398330000001
0.9184171969999999
0.918651475
0.0852515838
0.05401612035
0.07482641914999999
0.8119808045
0.22654619850000002
0.19096118350000002
0.835915358
0.8435247450000001
0.904184103
0.17171506949999998
0.0919694729
0.09755292265
0.1890338715
0.9082086885
0.8773449980000001
0.9159627484999999
0.8519443915
0.808174289
0.79292967
0.10891836399999999
0.08268084495
0.1208913805
0.839377478
0.16147486300000002
0.0722020605
0.05155840855
0.055011085900000006
0.0656601111
0.048944983899999996
0.044358757900000004
0.058946946300000004
0.1308222525
0.8296839635
0.8621783199999999
0.1558405003
0.179912871
0.1681570955
0.857814675
0.8601363925000001
0.8132547525
0.8186198215
0.1127300143
0.11557831724999998
0.12902162849999999
0.85677862
0.8976654740000001
0.887195062
0.868296512
0.0885416609
0.06570280495
0.0646527645
0.08011870775
0.190485937
0.9201508684999999
0.93797374
0.9370271105000001
0.9453208470000001
0.93431972
0.9229555425
0.919808603
0.922561282
0.929845934
0.9334967649999999
