0.9127759
0.9172089370000001
0.94039791
0.9368192125
0.942681045
0.9448900855
0.9458746650000001
0.94495518
0.9362827385
0.872651209
0.8723736630000001
0.876966373
0.81534222
0.7496024
0.325833019
0.347750747
0.8586420685
0.270678273
0.10009934300000001
0.0785410785
0.0722107467
0.0905680215
0.1622601735
0.9217999775000001
0.942147273
0.9247268435
0.785340886
0.8855779960000001
0.08710138945000001
0.06593889309999999
0.06370115795
0.06694151325
0.0869206599
0.8853791915
0.948398738
0.947780002
0.8544607590000001
0.8370279515
0.1092723677
0.0788827235
0.112699157
0.139848049
0.1456677295
0.855035261
0.7340106980000001
0.7446498945
0.868099321
0.7471139755
0.0972556635
0.0793165267
0.1658589975
0.787344162
0.21745536799999998
0.1412145945
0.31113595
0.9363161550000001
0.95443294
0.9537094829999999
0.9332497770000001
0.237296064
0.08990195240000001
0.103443544
0.836293547
0.89703522
0.8480998815
0.787246855
0.7999700729999999
0.6981966945
0.103752173
0.14255871920000002
0.213626545
0.911383485
0.916860209
0.779352195
0.12092482600000001
0.1015188925
0.1184466052
0.735650467
0.11612467900000001
0.09660741125
0.11333965900000001
0.7767852255000001
0.0733261468
0.04641567795
0.0448161461
0.0453627365
0.040426017475
0.04204811495000001
0.0408942814
0.03789195175
0.0364395381
0.0640359804
0.932196368
0.912209292
0.9605843835000001
0.947025845
0.963970666
0.961872088
0.918181395
0.893710242
0.0430838902
0.028125859399999998
0.02917363645
0.043719559250000005
0.03373668645
0.035658047000000005
0.05700428010000001
0.0414752799
0.050988749099999994
0.0966606965
0.8975358885
0.77106534
0.9272199640000001
0.9259057400000001
0.1725881365
0.0654384007
0.0560570746
0.048317391249999994
0.0425875664
0.0728495802
0.9326768940000001
0.9538071269999999
0.962542698
0.9625980365
0.952623518
0.8722546635
0.822007505
0.832582265
0.04669676195
0.030750816050000004
0.0324640999
0.038116608850000004
0.0573538649
0.1505430365
0.7721946150000001
0.8064295800000001
0.9364514
0.95655646
0.9552402345
0.9151852325000001
0.7768801075
0.08486151119999999
0.06029941879999999
0.0465811368
0.0484043365
0.0718745383
0.10535349275
0.134006602
0.37827595950000004
0.85326272
