0.3397588935
0.316381389
0.36691982
0.574700498
0.769547615
0.8039230509999999
0.7104465675
0.6497921135
0.44354908300000007
0.472432597
0.5124566294999999
0.8409194010000001
0.853779803
0.838720132
0.820027888
0.7920330440000001
0.7771308935
0.77432155
0.7919274085000001
0.7440157455
0.748936874
0.837852735
0.3081349115
0.2196407755
0.18043857950000003
0.09475577199999999
0.0909182755
0.07443788085
0.09239414225
0.11042729590000001
0.11680863999999999
0.066403904
0.0583431403
0.0705752433
0.054889454500000004
0.0751093865
0.07936516400000002
0.19305179499999997
0.9280969285
0.9276676159999999
0.86846122
0.10294849824999999
0.05069477095
0.05379826075
0.07109093025
0.0748517916
0.8591934050000001
0.9172055050000001
0.05918225315
0.0328195933
0.0274942007
0.033907488349999994
0.0483985224
0.12100474830000002
0.9380375919999999
0.9190177525000001
0.899220128
0.946997305
0.9343774089999999
0.9133648485
0.9311466709999999
0.12312076549999998
0.04156968465
0.04269323155
0.044560914
0.07757357
0.12102007420000001
0.9036827935
0.911691151
0.0721203716
0.043171634599999995
0.049139645950000005
0.05249579235
0.108120963
0.8386137185
0.0884164448
0.038536197599999995
0.04518783315
0.0787026538
0.11774725045000001
0.945316341
0.952270285
0.9170266615
0.07682366434999999
0.046704860449999996
0.049526226849999994
0.03589749365
0.05025756345
0.053307389
0.05587794135
0.053031932
0.0492024757
0.0460675965
0.04379849675
0.04461652275
0.05221405950000001
0.060436558
0.108674862
0.1626055985
0.810261326
0.8017455174999999
0.847080927
0.2640455965
0.14143329100000002
0.1385863815
0.15145304399999998
0.292427408
0.829772366
0.20110511250000002
0.0938450777
0.07154723009999998
0.08145139879999999
0.056067469800000005
0.0682647063
0.1416418095
0.23316009000000001
0.8526715765
0.8506478855
0.827663467
0.819322195
0.2173512605
0.128319699
0.068205774
0.0661860146
0.06461370315
0.06031894189999999
0.08896013775
0.2191254515
0.816542667
0.774523817
0.812217537
0.2566913385
0.121377017
0.0749817468
0.07693953049999999
0.122329264
0.09428853244999999
0.1019447552
0.1050949775
0.10354043700000001
0.09612222650000002
0.089190096
0.088555317
0.1706789835
0.8376203980000001
0.1178658772
0.11039660305
0.10218852005
0.1858661285
0.8488652250000001
0.28527883000000004
0.2779037045
0.36464449750000005
0.8974409350000001
0.901606916
0.0997045057
0.0530456024
0.0499755627
0.0750215697
0.7406872395
0.8854325905
0.9088890235
0.9282219620000001
0.912120853
0.9202533535
0.3154882845
0.184678612
0.6575333925
0.1329301285
0.180885742
0.831411718
0.8787995150000001
0.2156770275
0.159322591
0.13388230620000002
0.6845986800000001
0.1284786543
0.10712308
0.18900514625000003
0.7007353825
0.287557678
0.8518289485000001
0.26643113949999997
0.17753479249999998
0.185589365
0.166753427
0.1475576475
0.19348644325000003
0.2466676002
0.2500593555
0.258588387
0.2617321305
0.25523753000000005
0.23887392699999999
0.221417941
0.8483323635
0.807389956
0.786470227
0.7999160935
0.8436557835
0.830096731
0.767013562
0.804902595
0.816235277
0.17670711100000003
0.18386766599999999
0.1971597165
0.20297031999999998
0.203191664
0.17527624100000003
0.1566926685
0.6388942950000001
0.720619105
0.7180559985
0.774802306
0.7600790895
0.654093085
0.674714652
0.697659236
0.814735565
0.891630249
0.904021433
0.85399928
0.8939088749999999
0.906147368
0.9016242395
0.890754152
0.8635722315000001
0.8406569335
0.861223032
0.814129655
0.87912262
0.912124926
0.917217811
0.910073599
0.8496097034999999
0.303946483
0.1658714595
0.1254012955
0.11751091799999999
0.10219510700000001
0.1065335116
0.144142329
0.209790731
0.8840879830000001
0.8613956155
0.8858960520000001
0.8749759955
0.8491345
0.804098958
0.837681368
0.8174333119999999
0.803008311
0.2160787248
0.14332772500000002
0.0763765855
0.0632709115
0.089215718
0.0922343675
0.1238114505
0.21859909700000002
0.7257375255
0.741933297
0.7355992385000001
0.7301351295
0.747603833
0.774633555
0.756449458
0.7380350725
0.723092625
0.7081871945
0.700853119
0.71040779
0.768266946
0.772502845
0.463435995
0.3737574025
0.303187509
0.27686313549999997
0.234182737
0.2156620715
0.2131193065
0.17416601450000002
0.16670276774999998
0.19882822
0.194251401
0.812576891
0.7365993540000001
0.728923848
0.7568257514999999
0.820125795
0.80055009
0.818142043
0.87909802
0.9099220665000001
0.9122716350000001
0.8889106025
0.7938495465
0.750744388
0.849492997
0.878453122
0.142181123
0.10579121925
0.174147227
0.196659435
0.1635769615
0.844144322
0.760689057
0.0645956794
0.0429289187
0.0412423491
0.06917347165
0.0839312585
0.10657106749999999
0.15692839349999999
0.90509749
0.10260846900000001
0.047285292250000006
0.0322146273
0.044932938400000004
0.0499239364
0.0443653031
0.1194388465
0.9379729655000001
0.956381365
0.9579264375000001
0.9500770920000001
0.943224015
0.1074347583
0.055970979149999996
0.041484287999999994
0.0363935643
0.04181111655
0.0768014103
0.1387323
0.917906122
0.925915818
0.1744173168
0.0778226787
0.0452467351
0.0439924485
0.055488536000000005
0.08805104265
0.10923462405
0.8752023015
0.1034900092
0.08176596629999999
0.07163455855
0.06527099865000001
0.093850993
0.79329211
0.7316797615
0.8332629275
0.774476355
0.716643895
0.7120994735
0.7195917565
0.09085200399999999
0.0637468296
0.0804647595
0.694124713
0.10697195400000001
0.064842135
0.07336984985
0.06424916235
0.073136268
0.19591625799999998
0.94020956
0.9562054710000001
0.9520194500000001
0.95830354
0.9506821985
0.905289555
0.9178325035
0.11463276275
0.0495620016
0.039122542499999996
0.0438520608
0.06441797525000001
0.1441278798
0.810961126
0.752487772
0.0886683394
0.052784964000000004
0.0563060329
0.0843026952
0.0917682581
0.0673459727
0.060368150149999994
0.0754784652
0.09334782065000001
0.16970145930000002
0.179725637
0.22003898
0.17957435200000002
0.13683959
0.08659427405
0.0827112165
0.1048029845
0.097419076
0.11653889549999999
0.189131176
0.2685844205
0.5929580034999999
0.68658434
0.6265595175
0.685766222
0.6358397895000001
0.6268695280000001
0.24465466549999998
0.22064391099999997
0.2465116765
0.220877228
0.18593919949999999
0.14043174120000002
0.08829275049999999
0.10187613969999999
0.1082023465
0.7134227685
0.7952471650000001
0.18170139800000001
0.226046113
0.25796077
0.300139094
0.8056854555
0.185030152
0.22107389050000004
0.7695013585
0.8004363335
0.17288946049999998
0.1073643285
0.059279240750000003
0.045083109499999996
0.0632759632
0.8613582915
0.915951957
0.934726025
0.933048573
0.9299871319999999
0.1101412597
0.0825275768
0.057015551100000006
0.08350655150000001
0.138963462
0.8204898089999999
0.7897550870000001
0.6696466750000001
0.6962890765
0.7659998125
0.3021010735
0.259361769
0.7621278199999999
0.276568882
0.242882402
0.202089337
0.151866168
0.74138199
0.721584198
0.15414159300000002
0.133120232
0.1218737395
0.1188234402
0.10305894500000001
0.1518710167
0.17042704250000001
0.1624474102
0.298037712
0.801203377
0.794278622
0.7157380799999999
0.6161434195000001
0.6683082204999999
0.6631440315000001
0.6215563040000001
0.2434302805
0.2526417165
0.2644604365
0.27689604749999996
0.333804844
0.36960881900000003
0.37615462750000006
0.39529978200000004
0.36565955800000005
0.665072729
0.63094731
0.6195045610000001
0.61788465
0.6156936275
0.5599586965
0.189841127
0.22767332099999998
0.670143197
0.2059602365
0.1980230375
0.1615231492
0.21664119250000002
0.742397869
0.2069446675
0.07909970019999998
0.05812579365
0.047372266249999996
0.0484688761
0.07100685845000002
0.1530273785
0.8565105445000001
0.10747475725
0.10741861094999999
0.100867656
0.0876851412
0.096197371
0.18277413650000002
0.9245708269999999
0.9247543870000001
0.9102021630000001
0.905621522
0.138479254
0.0512610587
0.0384330376
0.04598227035
0.05554458229999999
0.0783445773
0.75180665
0.09538720149999999
0.0656794051
0.1117127629
0.22621275899999999
0.8020649070000001
0.13446986
0.05874937414999999
0.0419950943
0.040454131500000004
0.0366448957
0.038768591049999995
0.057425616
0.0819263985
0.8692722445000001
0.8886942090000001
0.8891361870000001
0.06867784430000001
0.038514538249999994
0.02804495915
0.030328365599999997
0.04549524864999999
0.05443533785
0.0681809313
0.11234236479999998
0.89660671
0.9181084749999999
0.9371194895000001
0.9404346400000001
0.9118136475
0.910089966
0.8622459215
0.0656748763
0.06229184825
0.055539674100000005
0.051289996399999996
0.04182776295
0.035284871149999994
0.06725479805000001
0.9334746334999999
0.9533294645
0.923080815
0.06523103915
0.039580260799999996
0.05891208705
0.08632969995
0.09073613494999999
0.0674978103
0.047700629050000005
0.0446178528
0.0634218651
0.1857443345
0.8279149565
0.22458042350000001
0.179597186
0.13317475100000004
0.0811100465
0.0767709325
0.1463707595
0.7528342379999999
0.7786370495
0.8099438495
0.790533365
0.7071821699999999
0.6100825545
0.1586221135
0.194280196
0.2531492985
0.24964833600000003
0.22259177700000002
0.1872372095
0.5128017709999999
0.24873727099999998
0.20906458500000002
0.322602062
0.653375723
0.7141221465
0.670162996
0.7133110305
0.678120855
0.7216019660000002
0.6932010820000001
0.779261172
0.8100144730000001
0.737868433
0.11657478450000001
0.10675109505
0.088268366
0.0654969273
0.08167339929999999
0.1145225745
0.8879855569999999
0.92327298
0.8721900874999999
0.09582514925
0.08183335615000001
0.06659627350000001
0.1123521818
0.14296422620000002
0.1587815065
0.7851492099999999
0.866763446
0.895538147
0.4341898615
0.34039607149999995
0.303182598
0.2757956595
0.2178907517
0.167830839
0.732466463
0.6820054299999999
0.6532522919999999
0.618182636
0.667815633
0.7235489989999999
0.8193284985
0.81633285
0.775819015
0.2493043955
0.2820180755
0.31351863
0.35286473900000004
0.3722758655
0.441885787
0.8201196150000001
0.787651457
0.703134051
0.6548711054999999
0.32565637900000005
0.297721217
0.26069674
0.473792568
0.5643389665
0.6668526610000001
0.6001547705000001
0.3271783715
0.23923696500000002
0.21261528100000002
0.2422281305
0.744444567
0.8692789075
0.9122207680000001
0.928806232
0.9336971215000001
0.9222056599999999
