0.327902523
0.293820509
0.335321141
0.547901408
0.76537239
0.812885665
0.7194092965
0.6549148760000001
0.407626862
0.44491703
0.477835365
0.8514476870000001
0.8672949165
0.8531488899999999
0.831619463
0.8019638075000001
0.7891527260000001
0.78948265
0.811026518
0.7537061890000001
0.751483064
0.8437887165
0.3186387875
0.2168185875
0.18814720299999999
0.09509406425
0.0936109135
0.0765775725
0.096886964
0.11420683925
0.12976345150000002
0.0697312876
0.062299942600000005
0.08357527825
0.06094549735
0.08901374975000001
0.08421921185
0.21520747250000002
0.923217985
0.9252014515
0.852463795
0.10191153875
0.0534189338
0.05852906805000001
0.08098390999999999
0.08475727250000001
0.8517934360000001
0.911779358
0.06445990225
0.036573358025
0.0309970176
0.0373634021
0.0502015123
0.128927271
0.931675083
0.919205455
0.9025248925
0.944940384
0.9352716320000001
0.9162570250000001
0.929635055
0.136213193
0.04575135725
0.0488827027
0.048896603250000004
0.0837088066
0.1297104925
0.899425048
0.90980129
0.0808084862
0.050675076150000005
0.058294509300000005
0.056919575199999996
0.11396738949999999
0.8112708770000001
0.09353851334999999
0.0450330979
0.0523702781
0.09399276110000002
0.13202086000000002
0.9390669650000001
0.9519586584999999
0.9165346595
0.08142691899999999
0.0528129967
0.0613003137
0.04244342040000001
0.06072867444999999
0.0592840285
0.0608302535
0.057409190699999994
0.0521550185
0.050189183400000004
0.0465893502
0.04785193260000001
0.05860463715
0.0669844221
0.1272294273
0.182478369
0.7968520450000001
0.7897229670000001
0.8426109805
0.296190416
0.15363228750000002
0.15231419899999998
0.15322404750000002
0.297816833
0.8177098014999999
0.19817121999999998
0.099894868
0.07823620455
0.0955295281
0.06536334685
0.07580474770000001
0.151851741
0.24476705
0.830709396
0.830861009
0.8156099165
0.810229318
0.235502133
0.147212901
0.0780852975
0.08707697019999999
0.088682549
0.07517086705
0.10340556954999999
0.217333251
0.766868425
0.482749047
0.4437366685
0.3783554535
0.5487966935
0.505097235
0.13204074240000002
0.15680511200000002
0.1430172598
0.19467912649999997
0.25275537000000003
0.706503855
0.7039133909999999
0.6754565415
0.1557130935
0.16139795350000002
0.1763773615
0.1809464155
0.8253556950000001
0.8370282865
0.8705934525000001
0.8853525595
0.8626075905
0.8548742945000001
0.8911873260000001
0.891488862
0.8509201135
0.7786896585
0.7163055165000001
0.1165728283
0.099875394
0.07895737359999999
0.12025182525
0.6846027619999999
0.7116329175
0.7430790540000001
0.3767152825000001
0.2803071225
0.188455855
0.1692177775
0.15263898060000003
0.6078216965000001
0.721092203
0.4892347815
0.440472137
0.423370499
0.5476025525
0.5278045055
0.1892746835
0.1367896495
0.1549492445
0.17167083500000002
0.188219588
0.33699233700000003
0.8286667635
0.787289111
0.8507472110000001
0.838835926
0.75455905
0.8331399865
0.1767680265
0.1903475865
0.19067306950000001
0.1905157725
0.19389356750000003
0.185009943
0.17049399040000002
0.8455975235
0.8146563750000001
0.8266278950000001
0.8576280555
0.8892779500000001
0.8800893459999999
0.842371464
0.8571668130000001
0.856579406
0.1117235705
0.1115084898
0.1306486675
0.1463176055
0.15240829785
0.1369408081
0.12357110425000001
0.753526104
0.819937234
0.8037209030000001
0.8313112014999999
0.806440914
0.6851582425
0.3214098000000001
0.29162751600000003
0.38393284250000004
0.5151041915000001
0.8267396819999999
0.5289574455
0.6537028625
0.890459782
0.8993596690000001
0.8920632230000001
0.8672550780000001
0.847332243
0.8617216894999999
0.84202502
0.8776162220000001
0.9108195429999999
0.91620894
0.911492952
0.8488617380000001
0.35254394200000005
0.18327111699999998
0.1416775577
0.13915520650000002
0.11484884449999999
0.113376924
0.154102338
0.232277055
0.8611946265
0.8425282199999999
0.8714012945
0.8677861635
0.8503975055
0.8194737235
0.8550548
0.8377587385
0.8166563505000001
0.229244793
0.153005016
0.0829482023
0.06750664470000001
0.0925374697
0.094695582
0.1289092905
0.22033828500000002
0.7056609425
0.7317107235
0.7380326484999999
0.748168648
0.752691943
0.740793436
0.701547768
0.6600250725000001
0.508141715
0.454738631
0.48202069599999997
0.6566561280000001
0.6764296615000001
0.702299493
0.7242872404999999
0.735101903
0.717258481
0.5921315425
0.4908960965
0.4947696515
0.661581183
0.3711391745
0.338016735
0.37928899000000005
0.324777231
0.63619437
0.5698841735
0.310309716
0.317509185
0.38693332550000004
0.41297799300000004
0.692349913
0.773298856
0.50332922
0.456086669
0.41756097049999996
0.3555649115
0.35244781700000005
0.7723010210000001
0.74326515
0.17218853950000002
0.15797763650000002
0.24941725750000002
0.26609046450000007
0.200295808
0.777093194
0.701075113
0.07492929815
0.0583750893
0.055682858
0.09096733005000002
0.11408688855
0.15063825949999998
0.208344053
0.870372019
0.12626486239999998
0.061265949599999994
0.041050844249999996
0.0575233518
0.06027775245
0.051680927550000005
0.1376491285
0.9194514225
0.9490151840000001
0.956316492
0.9564655310000001
0.937140155
0.11852792849999999
0.0690927003
0.051313377
0.04399837785
0.047494998000000004
0.08075291935000001
0.140747061
0.8874452820000001
0.9034231145
0.208520786
0.100146316
0.0596257575
0.061747431150000004
0.0725930638
0.13124211600000002
0.1521190195
0.8005674075
0.171631166
0.17000308549999998
0.1425023445
0.10697704535
0.1353540037
0.662727669
0.3260149435
0.415346918
0.323893224
0.203081715
0.2070216895
0.53865496
0.153560352
0.11476628550000001
0.14340439775000002
0.5989358189999999
0.2211721885
0.169521337
0.1913901735
0.187427082
0.19695382649999998
0.34389380199999997
0.8637914
0.8741709925000001
0.8374637565
0.8689510395000001
0.861992065
0.7880281325
0.817046655
0.1884563325
0.09039476785
0.0704701173
0.0896932755
0.1227755895
0.24939714899999998
0.686465997
0.6537162879999999
0.1569642505
0.134064855
0.1635790775
0.20076342550000004
0.17208062400000002
0.1064164185
0.07528043300000001
0.08099527790000001
0.142954926
0.804940306
0.8072580600000001
0.849135134
0.785944491
0.723835878
0.6447467100000001
0.636263302
0.14510017349999998
0.08637631500000001
0.0895198113
0.153505371
0.2090750835
0.21319592550000002
0.673908012
0.5928014484999999
0.6866294115
0.627538575
0.6183233
0.24424307700000003
0.2060063255
0.2388499075
0.21323688100000004
0.18158328825000003
0.13984589549999998
0.0859910472
0.09944875575
0.1059108457
0.7109468265000001
0.8023622825000001
0.1878827945
0.224074875
0.24863981500000001
0.294107461
0.806505343
0.18131600450000002
0.213920137
0.781131875
0.8106790575
0.1713060525
0.1054750428
0.0610006349
0.04825679225
0.06851842875
0.8579637275
0.9147216705000001
0.933594445
0.934760504
0.9289179145
0.1107364018
0.081619475
0.057362170500000004
0.0812992585
0.1352405185
0.8230187175
0.7994835629999999
0.6944350910000001
0.710357731
0.77584901
0.306204234
0.252109128
0.759260254
0.2710873835
0.23392997899999998
0.196778664
0.153031377
0.7423364365
0.7207818845
0.1494414115
0.140068967
0.11741490700000001
0.12612980629999998
0.10338482460000001
0.1438128715
0.154212671
0.15296766850000001
0.29976681650000003
0.80703694
0.815540819
0.44075174500000003
0.317904783
0.409925507
0.640008302
0.6080402765
0.5132695085000001
0.5106937859999999
0.3092404615
0.2972230975
0.456287059
0.7479671585000001
0.76219317
0.8029419705
0.37129052650000005
0.37146775
0.3008220835
0.6813794935
0.697776888
0.167775186
0.12098570050000002
0.0716407705
0.0760087432
0.11660694699999999
0.1140838659
0.1544273437
0.720477724
0.7648748925
0.799093837
0.8449531475000001
0.7380303615000001
0.7300831160000001
0.0675459125
0.044915523650000004
0.05403406775
0.12234318799999999
0.8573281305
0.1202320153
0.10985055500000002
0.10271998900000001
0.0865811267
0.09280707560000001
0.1857703325
0.9325467199999999
0.94328168
0.927274535
0.917552677
0.13108056875000001
0.04619697515
0.03599909355
0.04385740915
0.053119167800000006
0.0772902506
0.75778137
0.1001477939
0.055898066999999996
0.07304770960000001
0.1609183525
0.8789954205
0.86886934
0.0866274249
0.04830065915000001
0.04759927355
0.04765013575000001
0.05781589945
0.0746044637
0.059535794850000004
0.0621675733
0.083976559
0.1099730635
0.7935407750000001
0.726985756
0.11973409599999998
0.1043395815
0.1616688235
0.1974322515
0.30385998700000005
0.8306877320000001
0.79606439
0.851975468
0.87734071
0.872546045
0.8175603945000001
0.8420345200000001
0.1350561875
0.08786793700000001
0.1128728967
0.089340531
0.07888925050000001
0.06453599980000001
0.0533161214
0.109005453
0.8998269350000001
0.927709825
0.894807334
0.0800734273
0.061474704500000005
0.09824615025
0.1303530245
0.147618352
0.138042213
0.0727088865
0.08031192200000001
0.7106286049999999
0.7162285185
0.7484406205
0.7574816765000001
0.7256863130000001
0.6855674060000001
0.229463306
0.19951217919999997
0.24519047100000002
0.307830679
0.3908764225
0.7060199685
0.44432460250000005
0.32877893599999997
0.24065326650000005
0.23832248150000002
0.5532636765000001
0.6454144785
0.364823901
0.302496878
0.230842104
0.21511443130000002
0.2652431045
0.21903766550000003
0.294157133
0.6070135560000001
0.668999443
0.6226110135
0.6777952605
0.6335943475000001
0.6984296825
0.4180410015
0.497674343
0.504435158
0.661830615
0.13921992449999998
0.122350176
0.1023908285
0.0782232845
0.0935740635
0.12820346300000002
0.8520463555
0.9031231390000001
0.8484895375
0.11941570845
0.10590216350000001
0.08206566495
0.1322555457
0.16985867100000002
0.182898654
0.7172542705
0.8179461665000001
0.8707932380000001
0.45560922200000004
0.33776932400000004
0.2898373775
0.253324464
0.2002678615
0.16411923949999999
0.7192540785
0.705803789
0.6855765300000001
0.6602461924999999
0.6943189734999999
0.7437130700000001
0.8036654030000001
0.812923814
0.780655476
0.247447563
0.277470274
0.30422447500000005
0.3311221985
0.35161657150000003
0.447586009
0.84253632
0.8184266720000001
0.733070528
0.6847962465
0.307615675
0.2840615655
0.2503002835
0.5067104600000001
0.5884253975
0.690336709
0.61896874
0.3040394535
0.215346842
0.1925108975
0.2281032885
0.7563037340000001
0.8728541400000001
0.9127768785000001
0.929817055
0.9384215665
0.919515423
