0.797624678
0.8140642725
0.216397997
0.1399792565
0.17781950800000002
0.267573145
0.4088199105
0.8911919205000001
0.9170802419999999
0.8650649650000001
0.716824245
0.702849763
0.7781207750000001
0.272097206
0.14041539050000001
0.086285546
0.10153477470000001
0.097075399
0.6261774905
0.631915105
0.67992951
0.78668607
0.7009997084999999
0.23100112849999999
0.20084634750000002
0.2768644063
0.2934707148
0.38420685400000004
0.1697125765
0.11378432050000001
0.07248343600000001
0.052694610350000004
0.0530402275
0.056424042
0.09699038305
0.0835795742
0.841746193
0.9258732975
0.846175779
0.8323481575
0.906461994
0.0789725277
0.0561766697
0.05050519635
0.1026195755
0.05902859070000001
0.05430163695000001
0.0821605035
0.1027766162
0.15710065480000002
0.1579966845
0.160935282
0.631703017
0.12649600535
0.13513934500000002
0.7783484785000001
0.894996342
0.899747807
0.7426066010000001
0.29630034650000003
0.33064997399999996
0.880504982
0.8956094755
0.3125369565
0.14588035400000002
0.12698693
0.4636389785
0.495478848
0.5727429895
0.8982290475000001
0.9203345350000001
0.8952101185000001
0.622953962
0.1928060455
0.138679792
0.1163932245
0.09245801000000001
0.115765237
0.145789307
0.09032820930000002
0.105716118
0.1540253095
0.58986008
0.577751484
0.643619182
0.7971275195
0.555617516
0.4499807920000001
0.44764589450000003
0.8026108335
0.6476141400000001
0.64761793
0.14960798349999999
0.09817407050000002
0.078699093
0.11494956510000001
0.127154149
0.2723780635
0.2588878215
0.12921169500000002
0.080141865
0.089224978
0.6584270515
0.710624079
0.8517691825
0.3683709895
0.274610633
0.133822423
0.13753050520000001
0.17933363149999998
0.9168574650000001
0.9358661995
0.923830365
0.8161307525000001
0.082041649
0.092635048
0.0977852642
0.0679487101
0.0608502675
0.05846593455
0.049041854600000004
0.04841765469999999
0.0834567628
0.772013405
0.664690636
0.22077438
0.764354371
0.1768750775
0.1016965865
0.1198495423
0.8452213319999999
0.0903907128
0.06742670175
0.13299159700000002
0.14023754175
0.920026575
0.9450150825000001
0.904152192
0.9175940855
0.8049168130000001
0.06388299080000001
0.0500565697
0.09249241600000001
0.18316390850000003
0.8897406285
0.775481917
0.087564367
0.05891105195
0.110029763
0.777192258
0.0684896649
0.051585171299999996
0.0492816662
0.0493843871
0.0630757641
0.10088442820000001
0.9389891075000001
0.955389181
0.922817277
0.871750833
0.0543819923
0.0367553868
0.046377092300000006
0.0426592107
0.08695002160000001
0.9148608005000001
0.9501553065
0.9409015075
0.06496847405
0.036891549
0.03123261465
0.03804234965
0.08156004250000001
0.83830326
0.93353585
0.935319225
0.32941346850000003
0.21662212000000003
0.1894354195
0.192557533
0.821714762
0.16991423100000003
0.092645009
0.10528985469999999
0.6878741225
0.722747785
0.8230585930000001
0.6991955485000001
0.13624060999999998
0.26202021200000003
0.34101567
0.7442236265000001
0.8647572075000001
0.10334744450000001
0.07038504100000001
0.12287909250000001
0.13541523900000002
0.207764514
0.9087378340000001
0.8558709715
0.853233076
0.262456884
0.1851764185
0.13404464700000002
0.08196267230000001
0.08722149900000001
0.696960423
0.174339924
0.1162529105
0.10516468870000001
0.1209567925
0.18065714650000003
0.7891142360000001
0.8563867470000001
0.7538156695
0.39209476600000004
0.8183226185000001
0.123581105
0.106664591
0.14196137250000002
0.14179681300000002
0.1177216665
0.115452686
0.653839495
0.617046738
0.256155857
0.3568904495
0.2993344295
0.8045098610000001
0.7603368225
0.1911964115
0.14101912130000002
0.2222063655
0.6821620495
0.7406185750000001
0.723522183
0.28562040200000005
0.172355201
0.1366324425
0.1175044167
0.17055252950000002
0.16594031250000002
0.140465447
0.18404408049999998
0.16360292200000004
0.312944126
0.20512570800000002
0.161012073
0.11584416025
0.11247499400000001
0.687954323
0.7571568505
0.852914152
0.8670753449999999
0.8858654914999999
