0.1494229118
0.099092021
0.08530184465
0.08985648085
0.10549354935
0.0659070088
0.0472495421
0.0536714908
0.09177859869999999
0.8888919925000001
0.871057656
0.948195186
0.950578365
0.9273324390000001
0.872931014
0.843607262
0.8805870199999999
0.8643707
0.8360422970000001
0.857492365
0.907234486
0.9046745835
0.913055335
0.886427261
0.8574080480000001
0.8385791975000001
0.0863392655
0.055479632
0.051324665500000005
0.05519749365
0.06010827465
0.055245692750000006
0.0549397717
0.0734369825
0.1437049235
0.8671026035
0.891781672
0.871353686
0.8398979845
0.820980193
0.8551403715000001
0.8653544195
0.8594640370000001
0.8499160345000001
0.8240457255
0.77680609
0.739045448
0.701202868
0.702129228
0.17897405549999998
0.1463162535
0.1116306255
0.1172163387
0.600734645
0.174878354
0.18647064149999998
0.745164093
0.1378420842
0.1305997303
0.22018600675000002
0.893146674
0.884722132
0.253399559
0.688619478
0.07370986139999999
0.06349989419999999
0.0837100938
0.11365939450000001
0.18953713049999998
0.2847085735
0.915373296
0.8602327569999999
0.900196655
0.7994058395000001
0.7465788135
0.7234879299999999
0.741771932
0.7399174040000001
0.08792311725
0.0706446624
0.10374522050000001
0.801426509
0.7930448375000001
0.8131191385000001
0.0752288102
0.06338340619999999
0.06169886640000001
0.11256177079999999
0.906816507
0.07867058185
0.04905283020000001
0.0301366926
0.03188136185
0.0528445951
0.939781615
0.9632596680000001
0.9687582349999999
0.956053965
0.047844705550000005
0.026861363650000004
0.02551608365
0.03727874915
0.1249820013
0.9376560380000001
0.9370464889999999
0.16310828225000001
0.05090953139999999
0.0541717807
0.0828577361
0.929817363
0.9308226150000001
0.15016092939999998
0.07308947360000001
0.108549643
0.923760245
0.934339899
0.10798458899999999
0.06274010345
0.05725768805
0.0732552585
0.05370481740000001
0.1016876081
0.8165062725000001
0.08574393699999999
0.06274842095
0.05898476465
0.0559649797
0.0665293616
0.1045630487
0.6901831979999999
0.11007606945
0.1105693329
0.18524859449999997
0.208282673
0.8308684980000001
0.3259481375
0.16488916050000002
0.13994140400000002
0.6440911199999999
0.1044733877
0.09779021425000001
0.13657138900000002
0.769237536
0.1568189055
0.07039537825
0.057856701399999995
0.11123383220000001
0.12357495370000002
0.785255181
0.06491598125
0.0391827118
0.035140342549999995
0.0439701138
0.07431073
0.1421335985
0.9362487049999999
0.935522273
0.1416724255
0.04780869
0.0369230884
0.060529406249999994
0.878597789
0.0971167768
0.1034858668
0.9386229435
0.9607403615000001
0.9540781815
0.060063148499999996
0.030872051600000006
0.0267306357
0.0347884493
0.060617009750000006
0.06734956515
0.0530551718
0.090481734
0.09085708284999999
0.0666637823
0.1024346975
0.8261726140000001
0.8363325750000001
0.8931365009999999
0.7998134775
0.753175289
0.7462357395
0.728236401
0.6974424749999999
0.685858785
0.6795364020000001
0.682563051
0.6792954120000001
0.7634512305000001
0.9161948555000001
0.9296433854999999
0.245802325
0.0850822343
0.040513650750000005
0.031976604
0.042128799599999996
0.06178357925
0.0458618696
0.04518944945
0.08486323309999999
0.925347054
0.842508178
0.936755722
0.0668969181
0.03151266925
0.02362190765
0.024550009299999998
0.0297040529
0.0643866366
0.952503425
0.9699501795
0.9713888574999998
0.960212078
0.04330155395
0.02452231665
0.02904609405
0.0378197358
0.0643113773
0.0921189755
0.9029249880000001
0.876096875
0.0922181857
0.036462913400000005
0.03284269335
0.05360009289999999
0.936084283
0.9616406295
0.9700374279999999
0.9601020175
0.04709157705
0.02567381355
0.02554982275
0.03460214674999999
0.0311515608
0.03317102545
0.041019548100000004
0.050987169150000004
0.07092296049999999
0.06545048249999999
0.08127176864999999
0.13318796049999998
0.131603709
0.2028945505
0.810491622
0.099007841
0.0737812763
0.0720657963
0.0705511137
0.156526316
0.706389859
0.1553862273
0.232400997
0.2467702095
0.650328217
0.13649291149999998
0.1133797725
0.1999319545
0.669545964
0.6904923385
0.697974498
0.7899917075
0.8465393215000001
