0.9167045050000001
0.9083787255
0.887354387
0.723836696
0.542974879
0.533662797
0.560976043
0.5924027425
0.749525824
0.7906256255
0.7783839450000001
0.7635234799999999
0.7791363440000001
0.259123661
0.12099165249999999
0.122511932
0.16394573480000002
0.21133026530000004
0.25338664749999995
0.77397959
0.24476892700000003
0.21948013800000002
0.584886046
0.119993985
0.1367980085
0.19812427100000002
0.2740946785
0.7513155819999999
0.281740573
0.7204415885000001
0.2191728965
0.1896736618
0.275267189
0.796773112
0.8027285289999999
0.8072517480000001
0.23575077200000003
0.1685395365
0.2593439295
0.773556315
0.284294333
0.724709998
0.218040948
0.17134492950000002
0.1222535885
0.1167875585
0.6132096125
0.279377476
0.29094303350000006
0.8064923285
0.8042533869999999
0.7911421820000001
0.7651562199999999
0.7302233170000001
0.7688899355000001
0.70259485
0.5929250075
0.597226676
0.701666905
0.858528704
0.8869355999999999
0.857041669
0.8342576305
0.8385743715
0.770680574
0.8870308949999999
0.290927591
0.139880516
0.06783378575
0.07575391445
0.7473698315
0.1284554097
0.051732017400000004
0.053378941299999996
0.099120817
0.921812905
0.940328525
0.953019167
0.1642855125
0.05153441715
0.03375683125
0.03210444475
0.03478329995
0.0466654739
0.08702741689999999
0.180029361
0.88639982
0.11541852245
0.09938629675
0.06697741709999999
0.064759263
0.09371925080000001
0.22435642949999998
0.801246152
0.7369585275
0.7720103035000001
0.762014244
0.7374494229999999
0.6987728065000001
0.6447675565000001
0.6229156229999999
0.13744451900000001
0.0931525795
0.11148693395
0.16109591380000002
0.15713378
0.12316983549999999
0.13200306850000001
0.1245001775
0.1137274655
0.7309820475000001
0.7416582789999999
0.247297619
0.194879853
0.317436834
0.8608502935
0.8846088329999999
0.8628580750000001
0.8187289340000001
0.7954007665
0.7406101860000001
0.74496181
0.8364195765
0.31055777800000006
0.2223864663
0.2543565075
0.700567864
0.667318109
0.20536828899999998
0.2157627775
0.2185702625
0.207769996
0.268945861
0.7878442705
0.8118845084999999
0.8303900209999999
0.8411533925
0.8322117895
0.785297438
0.7986203654999999
0.805147497
0.757997687
0.695930325
0.6662752969999999
0.2623128325
0.16169985850000002
0.1695543435
0.2302760285
0.6399682325
0.6575172
0.27487683150000003
0.1834379565
0.206868349
0.1754608427
0.147970329
0.662476819
0.09565530024999999
0.08541198955000001
0.11357440120000001
0.0985077087
0.07706693225
0.1038565145
0.10955201
0.1896429195
0.8455983675000001
0.8183615115
0.803138685
0.7713850005
0.7322291750000001
0.7804113614999999
0.1206877325
0.11058099700000001
0.185368439
0.319541625
0.874936323
0.8704092735
0.8613447129999999
0.84986542
0.838483745
0.8001073645
0.7478072935
0.176127417
0.1220638413
0.0828005324
0.1096883953
0.7927370635000001
0.7376458029999999
0.7754350195
0.8222193535
0.7531008845
0.0783720041
0.0768643554
0.1183894063
0.16292848950000002
0.25549949650000003
0.8240468350000001
0.8003500619999999
0.1395279885
0.11588026950000001
0.1006011649
0.1007994239
0.11206088950000001
0.141534881
0.214457807
0.9329697880000001
0.9321867915
0.9211101150000001
0.22124306850000003
0.16008202300000002
0.1288877475
0.11756701550000001
0.11506637
0.09942872650000001
0.0683984703
0.0665706308
0.060813544250000004
0.11673041470000001
0.729137424
0.16393315600000002
0.201228387
0.21077395399999999
0.219406701
0.32657275750000003
0.7881329085
0.793397649
0.7862023965
0.777244278
0.7708147654999999
0.7540849755000001
0.727627726
0.760392956
0.8077493870000001
0.8367231470000001
0.864595169
0.8677413250000001
0.3746262015
0.22648299349999995
0.1671341105
0.1190274828
0.1211085415
0.13250590150000002
0.10863942799999998
0.7469772100000001
0.742743412
0.861830954
0.9061653000000001
0.9093080200000001
0.844861635
0.178971506
0.08826528625
0.08006928399999999
0.0717529823
0.09505322434999999
0.062218183999999996
0.07784951125
0.1263068355
0.805416633
0.7529170140000001
0.1258626055
0.141449442
0.14067797
0.11119240550000001
0.1642547315
0.8525406015000001
0.7426271019999999
0.7733936505000001
0.815578726
0.864831586
0.852318519
0.8419493124999999
0.8566807900000001
0.8951620330000001
0.8647423025000001
0.901945802
0.8957240675
0.15658486049999998
0.1382747325
0.128025067
0.243328075
0.9224757935
0.9396674635
0.9308114350000001
0.878331859
0.851727772
0.8748947250000001
0.293092946
0.3728832615
0.8791302855
0.9099766525
0.900661881
0.8897795175
0.880010722
0.42378843250000003
0.3268532085
0.873796875
0.886060487
0.88001146
0.8728623740000001
0.86393823
0.8704401690000001
0.16426459000000002
0.07389933185
0.08814519585
0.0909378798
0.0953546995
0.1032726803
0.103181992
0.1019736685
0.10781007949999999
0.8052663449999999
0.8294180760000001
0.1300679505
0.06777864089999999
0.0694987853
0.0640126832
0.05626262864999999
0.07627209455000002
0.05536264135
0.07177546255
0.08700812835
0.09948300735
0.1125229836
0.09308003414999999
0.125531497
0.1366359415
0.2941067545
0.887738685
0.8266994025000001
0.8425783795
0.754621588
0.320498054
0.19474427249999998
0.136187813
0.11782813875
0.1732329211
0.771180211
0.899321912
