0.7287605934999999
0.2750709605
0.19220924400000003
0.163932066
0.15251176300000002
0.166784486
0.511184435
0.668093919
0.71461704
0.8681758605000001
0.881820579
0.7337614800000001
0.11871875274999999
0.063347313
0.062636541
0.0874843645
0.14381596725
0.1491837415
0.20108533200000003
0.17869484200000002
0.8937510820000001
0.88745686
0.27580356500000003
0.191297881
0.751373387
0.8620100420000001
0.7906213714999999
0.09352942850000001
0.07939291400000001
0.07255744
0.056196433
0.07219529364999999
0.0979496263
0.053333958599999995
0.049500648550000005
0.0409210925
0.03840685515
0.04608849875
0.0880317115
0.790145468
0.9106003475
0.20559677050000003
0.14643127350000001
0.10682205
0.728906217
0.06778108299999999
0.0565206283
0.0642280613
0.08735261355000001
0.15865874100000002
0.9337898520000001
0.959686775
0.9599814575000001
0.9476479950000001
0.07791099935
0.0407821216
0.05179964720000001
0.06359042105
0.0840154172
0.876764643
0.21655975100000002
0.190828536
0.311855698
0.915761465
0.8478840475
0.0641150615
0.04007095215
0.0420492707
0.06099605485000001
0.1194852365
0.889310053
0.867676008
0.89774954
0.7925174450000001
0.782456619
0.0722913577
0.0627115797
0.064981004
0.1192446763
0.886158639
0.92713014
0.07457170425000001
0.0435953307
0.031072419650000002
0.0343548586
0.05407481605
0.915470282
0.9541829800000001
0.963003925
0.9343698014999999
0.047078645800000006
0.02929150925
0.0293574241
0.0472277334
0.0931462046
0.8856146735000001
0.8819280825
0.1081804468
0.05317578135
0.0618664785
0.07275640660000002
0.8929665625000001
0.9430119
0.9487855840000001
0.9314411010000001
0.145665141
0.136416449
0.8221148175
0.824877439
0.8763077935
0.0662991217
0.0398099692
0.03717759625
0.05599219045
0.09895121579999999
0.09522763995
0.13803013375
0.15091055180000001
0.14367961540000002
0.869764367
0.7521776609999999
0.11820530175
0.12936039295
0.08362254710000001
0.10344868230000001
0.13895485324999998
0.09744934035
0.06226689690000001
0.05458377465
0.0746108938
0.09673344780000001
0.1064033168
0.08983394285
0.1005192746
0.124926766
0.0901089747
0.079416141
0.08117936999999999
0.05268797705
0.07063512445
0.1153726893
0.778798425
0.8223102529999999
0.0734963175
0.04222155009999999
0.03318170255
0.0308121301
0.02967658365
0.02861112524
0.032199628875
0.05106654495
0.8951733765
0.8114762370000002
0.9634191125
0.9660941064999999
0.944130381
0.887125114
0.8751026399999999
0.05161024235
0.0479695311
0.0331209422
0.04807602025
0.03454288585
0.036834599850000004
0.057828459799999996
0.0642887669
0.048180935700000004
0.0606520061
0.0517858707
0.08112861105
0.17880505400000002
0.80871841
0.78449813
0.1527854705
0.1127054355
0.136919701
0.13272322
0.21701740649999998
0.822856088
0.903660382
0.0872616475
0.045589160749999996
0.03828364805
0.0345140241
0.031710079200000005
0.03188980425
0.0385518071
0.0765884968
0.9182190185
0.95041343
0.9278678530000001
0.9460009315
0.841050753
0.0649281055
0.0463136076
0.0536349573
0.11783438099999999
0.885480598
0.737608792
0.68656932
0.08044409220000001
0.061291858500000004
0.0715843865
0.1414590457
0.833060003
0.7617924900000002
0.8548361915
0.09666575214999999
0.0693260303
0.0518214488
0.0535256673
0.0978192759
0.870510075
0.0892090732
0.0715003457
0.0889100386
0.9270733475
0.9286372940000001
0.9578840824999999
0.92931695
0.9383197125
0.049423045150000004
0.031575448750000006
0.0315289391
0.05232935385
0.04012666670000001
0.0520678291
0.11584997525000001
0.1329673072
0.8627471065000001
0.12046120375
0.0972899893
0.07897508775
0.10093512190000002
0.84451419
0.910980677
0.835386936
0.778128829
0.0861897825
0.074434417
0.1071306022
0.113549844
0.6208007575000001
0.632847738
0.7640414950000001
0.27448009650000005
0.246937643
0.758468355
0.188794063
0.1642933775
0.23796916550000002
0.790966694
0.2628717555
0.27400809550000005
0.908928618
0.921392252
0.8393983015
0.9158940705
0.10178154285
0.054706152800000005
0.0460629947
0.053503782150000005
0.1325226705
0.920545352
0.9528654315
0.943548697
0.12108971
0.04032377075
0.03227523135
0.040903516550000005
0.05927068455
0.9294131919999999
0.952181596
0.963038274
0.949280322
0.05553068385
0.0348002668
0.0333302631
0.052256446700000014
0.1895364125
0.9011730225000001
0.100656155
0.04449252255
0.042392548700000005
0.06510519484999999
0.05864205285
0.063077451
0.145660703
0.867535055
0.17553267849999998
0.11115746274999999
0.1077212485
0.6316739680000001
0.134011826
0.1241050838
0.6302504205
0.62552027
0.11735056599999999
0.0995836903
0.1548457865
0.1682086825
0.8421000949999999
0.932175098
0.9355113675
0.863531117
0.22476044
0.13061850800000002
0.6841410205
0.07034099025000001
0.04529571410000001
0.0473194927
0.08531716360000001
0.9048746870000001
0.9347470625
0.85574167
0.0764430378
0.045462892549999995
0.04830633470000001
0.10181342005
0.78069707
0.23437935250000003
0.30851950950000007
0.9240012315
0.9403947300000002
0.90874895
0.14352152299999998
0.10609967975000001
0.08622585499999999
0.0943894445
0.7836602020000001
0.8121796240000001
0.842169511
0.8666294265000001
0.9133614449999999
0.883760836
0.871470563
0.746823817
0.7487796790000001
0.682927641
0.708487264
0.8526729675
0.8674311615
0.8098814350000001
0.924669409
0.938923495
0.9045771760000001
0.41876456900000003
0.38088930899999995
0.295949809
0.32149450749999997
0.5556003575
