0.92519974
0.9204146049999999
0.840374408
0.8382007145000001
0.9025028625
0.863599478
0.24643877350000004
0.1647443785
0.127976912
0.19558309750000002
0.5762625215
0.1421948525
0.108494858
0.1410257097
0.12485654774999999
0.16226039575
0.35093650099999996
0.1819890105
0.13180333449999998
0.143690712
0.25906412
0.42466442149999994
0.874068907
0.864936182
0.44720519900000005
0.509704993
0.355436137
0.7059895085000001
0.2833647695
0.2101517715
0.21772537800000002
0.7837787
0.7897483265
0.5043408285
0.455934967
0.4524770065
0.547116636
0.785303335
0.7883219349999999
0.598947361
0.6008341020000001
0.3609624415
0.3080725635
0.173160117
0.11039061450000001
0.10888536700000001
0.640833633
0.6479028375
0.6482522890000001
0.6331899695000001
0.136126323
0.095563818
0.1466955185
0.25007828600000004
0.339171112
0.7573087000000001
0.31715572200000003
0.26226895950000007
0.58617611
0.1344216835
0.0876174425
0.1033500485
0.10680191250000001
0.269856173
0.65195532
0.653437405
0.654501733
0.6504464165
0.13845280399999998
0.10704202130000001
0.09650104970000001
0.220854573
0.3234045145
0.8486587800000001
0.5605544230000001
0.310617401
0.1127013194
0.0643609829
0.0643192393
0.06794952
0.06886011385
0.087059881
0.140834697
0.9000404209999999
0.8984238449999999
0.1395085892
0.0864740551
0.09723279025000002
0.11946258240000002
0.7402684100000001
0.09423960879999999
0.0621048768
0.05573752045000001
0.06050800145000001
0.05269432100000001
0.0467514761
0.0439452827
0.04953260400000001
0.050017808399999995
0.044123576000000005
0.0575435331
0.1168633914
0.9242157
0.9419773275
0.833611835
0.942562407
0.9356976680000001
0.069508923
0.04616304125
0.03331269965
0.0374817591
0.055309250049999995
0.136592669
0.9408181469999999
0.9622282775
0.962740106
0.950929924
0.07673213965
0.0343229628
0.0351277266
0.0300953726
0.035446994700000005
0.05168105840000001
0.886148492
0.806947454
0.9521616135
0.953745825
0.8934364185
0.9188245500000001
0.0656178147
0.040367786700000005
0.04854300415
0.0939425283
0.8725117425000001
0.795519105
0.08512102665
0.082542355
0.0652596119
0.06260713940000001
0.126808804
0.8751321650000001
0.8532771975000001
0.23527917250000002
0.14897059550000002
0.766307625
0.7942400550000001
0.8288351545000001
0.8613382949999999
0.8836493000000001
0.9169395300000001
0.9220062075
0.9048813499999999
0.2021748405
0.24024995050000003
0.840946805
0.168973009
0.1328746185
0.14221830575
0.07940861115
0.04961259145000001
0.041915881200000005
0.0399095701
0.0427393389
0.05707797369999999
0.100058736
0.06183596015
0.06807446860000001
0.1369413445
0.869276982
0.1687324515
0.079773509
0.05784602750000001
0.051912054650000004
0.050438496250000006
0.05308874255
0.05497166465
0.05963894265
0.05961103395
0.0769117879
0.1031826717
0.13168646339999998
0.08033908120000001
0.0798056046
0.1313021808
0.13544250600000002
0.18544809099999998
0.839495456
0.10744234329999999
0.08352343774999998
0.15177803350000002
0.8865645475
0.8308217760000001
0.07263901075000001
0.0439833689
0.03571268405
0.03208428465
0.029728163999999998
0.028785635850000005
0.030355438749999998
0.04793464010000001
0.8901707030000001
0.7520567425
0.9628873795000001
0.9681211625
0.9633910430000001
0.901027695
0.877516955
0.041943355749999994
0.029512517774999997
0.03486195265
0.06529999915
0.03617350225
0.036807285599999996
0.06118537555
0.06445825055
0.04638741315
0.04582993215
0.0722096281
0.8402453655
0.8966778535
0.827129467
0.127397471
0.123537625
0.077438452
0.05675769035
0.06917841125
0.14890043000000003
0.7865169980000001
0.8811154830000001
0.0926251997
0.05052209115
0.0474103738
0.04409943405
0.04039336955
0.04458767970000001
0.06240147840000001
0.8239180370000001
0.8913522375
0.93584165
0.916345158
0.926037204
0.866652357
0.8648189475000001
0.9034026845
0.826403915
0.10416184075000001
0.1088504135
0.06471162785000001
0.0537952845
0.0838292467
0.0639039126
0.0780295045
0.75406259
0.8377739280000001
0.7817525080000001
0.8733854560000001
0.09086803985000001
0.0609422093
0.044271213250000004
0.043286897000000005
0.0841868984
0.8639519275
0.08064668665
0.06214962090000001
0.10074472750000002
0.9378072015000001
0.956218488
0.9655410979999999
0.9483028984999999
0.946181738
0.04826849785
0.028214785675
0.0249859483
0.026849310015
0.031635370175000004
0.0445749003
0.083154829
0.1271746185
0.88795559
0.095909461
0.06212010975
0.054352371
0.08275424640000001
0.9116153065
0.94436491
0.9085658545
0.8335439535
0.0733177915
0.0671622742
0.0921442254
0.10975185800000001
0.688926255
0.6911592200000001
0.8023760200000001
0.266450081
0.178169766
0.32715560050000003
0.2341709865
0.165118502
0.21579728600000003
0.46474483
0.275119607
0.3481389985
0.8983911450000001
0.9115180465
0.823654655
0.8898701920000001
0.6713584400000001
0.12335618950000002
0.0824086904
0.08793467125000001
0.16885530680000002
0.872536013
0.9420098130000001
0.93115762
0.1997140125
0.047427403199999996
0.0311023135
0.031942991850000005
0.05446544105
0.932181673
0.962490225
0.965046477
0.9492803835000001
0.060017083799999996
0.03172286735
0.031137883
0.0459155411
0.21103330400000003
0.8909489495
0.114228342
0.06068798635
0.0598055435
0.09938279500000001
0.135203254
0.2102158675
0.5552191075
0.8572993435
0.3063786955
0.20925719980000002
0.106452135
0.0928577237
0.126827344
0.1254180295
0.6058836080000001
0.5881304515
0.66287416
0.477479125
0.345604813
0.305514838
0.39702063600000004
0.756254422
0.6763376080000001
0.761464862
0.915427357
0.935960738
0.9095439625
