0.9012808910000001
0.9173789555
0.932937416
0.9247299915
0.85967938
0.7375310055000001
0.175631652
0.15128717000000003
0.634833737
0.6081210985000001
0.09102345049999999
0.0764018845
0.100910467
0.1989121975
0.8946983525
0.9040524679999999
0.900378267
0.9044457265000001
0.84348601
0.7683293825
0.8167623590000002
0.1145219385
0.09302039000000001
0.113236523
0.184127938
0.839915289
0.845109208
0.2879792215
0.29072688599999996
0.761330735
0.848180623
0.901419253
0.917981538
0.915299787
0.8951687290000001
0.822963348
0.7457870449999999
0.7350099800000001
0.785174718
0.8108108350000001
0.6092887035000001
0.318855318
0.305508255
0.6246724315
0.600946795
0.60232379
0.3513405155
0.27027340349999995
0.3329884515
0.22216028075
0.1602191885
0.158198216
0.509593835
0.216147264
0.26647992800000003
0.26365459350000003
0.288677164
0.3279202607
0.4223338625
0.631250098
0.6095206405
0.400165011
0.663308644
0.29599812400000003
0.2751998777
0.3136682555
0.32181548249999997
0.24003875080000003
0.263937856
0.16950381520000002
0.1797582225
0.635086557
0.2653300175
0.5850541225
0.5917215135
0.6053656115
0.568434886
0.646776789
0.693317341
0.7182242839999999
0.7622984675
0.8339111915
0.8126686555
0.28294813750000003
0.2132731595
0.176652092
0.13366113575
0.1372406115
0.815439338
0.8304319625000001
0.840857835
0.847840574
0.83711504
0.8148808215000001
0.77976377
0.77091796
0.1308423353
0.0839888696
0.1279114465
0.1692380185
0.1901471085
0.2035837505
0.7698591370000001
0.19706745590000002
0.1864322815
0.213188465
0.228378523
0.6920795
0.666333912
0.6444686
0.296017276
0.28055574299999997
0.2906043735
0.274817177
0.2683878998
0.25832335
0.23533717950000002
0.14217446649999999
0.16270721999999999
0.19630613470000002
0.253679557
0.29820553250000004
0.314506348
0.677352637
0.6869584350000001
0.534055901
0.5027443380000001
0.225963242
0.253363435
0.532688593
0.606118521
0.7624980960000001
0.34692464900000003
0.3051491805
0.210908875
0.19707526150000002
0.5900947705
0.5991642500000001
0.581977977
0.532242895
0.14003171
0.10978267800000001
0.12302347200000001
0.204441004
0.8499525594999999
0.8607387424999999
0.102760144
0.0697868073
0.08206131125
0.09219323600000001
0.1184111129
0.0995510055
0.138926137
0.861513014
0.7490172800000001
0.866465505
0.15990440350000001
0.07711347465
0.10162295785
0.0877443659
0.0527611003
0.0526082645
0.08846767475
0.0896905657
0.10468759999999999
0.151437965
0.8876283300000001
0.09012010675
0.0569840122
0.0551099247
0.11442809200000001
0.822656455
0.8682222150000001
0.88915027
0.932042547
0.9444048740000001
0.9422410965000001
0.9266569375
0.8905248725000001
0.917775585
0.90648879
0.90018997
0.8832466999999999
0.9063018725
0.1349011015
0.06597655350000001
0.07718206595
0.0769930662
0.10431187175000001
0.13257753320000001
0.1625367075
0.19509504249999998
0.8632089780000001
0.11886974425000002
0.0928604955
0.1392144025
0.7922759990000001
0.8256630795
0.7055484900000001
0.6957949325
0.173167627
0.15549942849999998
0.34295713400000005
0.828062571
0.136407346
0.0934084481
0.1034235639
0.11934026149999999
0.7244762550000001
0.21985700600000002
0.12801314560000002
0.133625747
0.6586478250000001
0.676212382
0.20714309300000003
0.13495697550000002
0.180673748
0.3333149955
0.81125647
0.688003669
0.64514889
0.12001618250000001
0.0984017054
0.13101749699999998
0.2240886165
0.29067111
0.322752582
0.877325204
0.868925135
0.38498546850000004
0.20976817650000001
0.1258022775
0.08598797550000001
0.07735221675000001
0.0993156875
0.201211898
0.364513175
0.6995958195
0.787883324
0.7932856214999999
0.6916946315
0.28533076749999997
0.21949715250000001
0.173951676
0.20206757150000001
0.3296527845
0.816529598
0.8725281665
0.865115947
0.343955978
0.268530663
0.21800099950000001
0.2621997865
0.3566844885
0.7662835800000001
0.848541427
0.8374528375
0.8659592255
0.8269497625
0.69404633
0.695586818
0.83473859
0.8888880514999999
0.8620952995
0.344120981
0.310757745
0.246163277
0.3319462955
0.8413900635
0.79429779
0.8152407195
0.697401095
0.6464678479999999
0.68762291
0.8550520105000001
0.8895536635000001
0.8484096200000001
0.900140782
0.8755232450000001
0.4056975645
0.2097537815
0.21898428150000002
0.246346699
0.7407959735
0.6364641485
0.353634088
0.39908732199999997
0.3532451405
0.21977496875000002
0.1974412265
0.4432232605
0.1413351515
0.1546674025
0.21751712750000002
0.199653773
0.208894818
0.2337240365
0.801129241
0.6826758925
0.1761888955
0.18412376700000002
0.157688652
0.200492103
0.9077427185
0.9411391815000001
0.9451154930000001
0.9315103385
0.8612674085
0.7261892355
0.7310623600000001
0.8508130150000001
0.23845237550000004
0.144105655
0.18626507949999999
0.262778592
0.733249366
0.8084912639999999
0.217353933
0.23884293950000002
0.1729201015
0.164633191
0.13799285900000002
0.18087388599999998
0.717918012
0.6776305215
0.6788348
0.6934639275000001
0.7277853615000001
0.7912656025000001
0.79684297
0.7316411555000001
0.4738643295
0.4371539790000001
0.2557881525
0.195342967
0.39976135850000005
0.219041241
0.45368962300000004
0.2273290295
0.25333002050000003
0.24163703600000003
0.275014137
0.36232836
0.1937414645
0.11595362350000002
0.09824207400000001
0.177907212
0.72327236
0.848886225
0.8039343175
0.854739269
0.7907055350000001
0.812604302
0.6886961735000001
0.21135265670000003
0.14745263225
0.1276280025
0.12979925650000002
0.1388541207
0.16359961920000002
0.20816647200000002
0.23998904150000003
0.42778247900000005
0.5952623374999999
0.3048042645
0.30715310700000004
0.397516242
0.7383479705
0.9214584349999999
0.9340818535
