0.7680432825
0.714052463
0.637794869
0.299096139
0.35159052150000003
0.9115801775
0.9269459550000001
0.195996482
0.08019492215
0.0579900822
0.0447077348
0.03740630315
0.04854454300000001
0.1361699898
0.889717642
0.953793863
0.94630909
0.200206065
0.0473059722
0.02710003415
0.02719138615
0.04424023825
0.93083077
0.958048985
0.9679403885
0.9552579245
0.0459701329
0.0279141847
0.029218980899999997
0.05045213135000001
0.184629126
0.8938766380000001
0.10463985850000002
0.062002174800000004
0.0549390102
0.1104982809
0.11958716650000001
0.697360755
0.216443954
0.297577333
0.674707299
0.6286703745
0.110682958
0.10562863225
0.1729700515
0.1846268015
0.618466143
0.31244544399999996
0.661738963
0.433451845
0.1983902185
0.15688062675000003
0.2993395675
0.7400169645000001
0.5929501275
0.6860444480000001
0.9053245025000001
0.8956097670000001
0.19433197624999998
0.087616341
0.06706043235
0.08612834265000001
0.727979827
0.7298990700000001
0.754827413
0.7541986
0.1274976198
0.08634801915000001
0.06571848585000001
0.0665528187
0.1910604882
0.28322533250000004
0.911521225
0.9170238325
0.304546607
0.10578894820000001
0.06587714530000001
0.08827361865
0.714347813
0.11509636475
0.089754932
0.079318909
0.0834031733
0.827693214
0.900126419
0.081762946
0.0487745756
0.0507948761
0.0918046193
0.8612464805
0.3224617235
0.177991942
0.780578939
0.91417186
0.8052029225
0.9461366285
0.944998042
0.864206898
0.879146803
0.897218177
0.773313084
0.759593065
0.178921421
0.21898487499999997
0.870043854
0.07071234935
0.04462527395
0.0523774617
0.0758741415
0.80753427
0.883713228
0.206842954
0.228572092
0.248564507
0.27270853700000003
0.872092602
0.31684717149999997
0.145896252
0.0858570732
0.11201426849999999
0.556657598
0.5081059985
0.5114147800000001
0.1756003485
0.1882205315
0.6649406025
0.9042241695
0.912384811
0.198838133
0.15625986425
0.1827870215
0.0796078534
0.05745928845000001
0.05375879335
0.047027852999999994
0.050348511549999996
0.08632585599999999
0.87654696
0.1321645905
0.12763724275
0.8727473875
0.08325321660000001
0.053059111000000006
0.0749466936
0.775897971
0.05116948909999999
0.032534326625
0.030888761499999997
0.040183588250000006
0.0835469791
0.1054792965
0.12028374349999998
0.9000381385
0.09468203
0.09545321470000001
0.842905392
0.927367998
0.0559071423
0.026581891450000002
0.0228440682
0.03032420635
0.033118211300000006
0.0761394445
0.955601933
0.96770767
0.937003602
0.9198160435
0.0595050055
0.03081559665
0.02838609065
0.031952109699999995
0.030275848299999998
0.02992418145
0.03350783365
0.06138020214999999
0.871150843
0.9337159435
0.07464794785
0.044618123600000004
0.0482360927
0.060495295850000005
0.03205858455
0.029964809125000002
0.028370737725
0.02666181055
0.02580452975
0.027976794200000002
0.0479550361
0.11532403529999999
0.9434694699999999
0.95270064
0.9354864125
0.41807221000000006
0.8923333920000001
0.0886798468
0.05465779885000001
0.04308658395
0.0372381765
0.06045506165
0.0880443197
0.1571373005
0.1821420065
0.7035948665
0.0848457827
0.06691716575000001
0.05549974065
0.06033123835
0.0635007236
0.0610089305
0.05611299615
0.05376800975
0.10240416624999998
0.2292608765
0.9164062930000001
0.8398331635
0.0699392768
0.037233089750000004
0.026747394100000002
0.025359374150000003
0.02450197195
0.0252366516
0.0298192974
0.0578982594
0.8760434935
0.9643029575
0.971818295
0.9617882550000001
0.152241599
0.031110321899999998
0.022068573100000002
0.01985867635
0.019840528075000002
0.0202247793
0.0232608151
0.0434120474
0.950543737
0.967089361
0.975485508
0.9753000535
0.9642621705
0.04381714495
0.0234720819
0.02058863725
0.0223098389
0.027560860399999998
0.0327710237
0.03899689615
0.06909582075000001
0.8693756964999999
0.7892995650000001
0.0636882702
0.030253769799999997
0.026537135750000003
0.025016850525
0.026905387649999998
0.0415622675
0.08940358289999999
0.15430454119999998
0.872610671
0.914022886
0.8453840545000001
0.10082830050000001
0.05741386465
0.04463157435
0.055031006150000006
0.0977475045
0.10384010365
0.06417252074999999
0.05594403785
0.0987356057
0.254312637
0.748518668
0.23517326
0.11657815630000001
0.080129374
0.0657452458
0.058349492899999994
0.06442165555
0.0873386162
0.8618170970000001
0.9411890405
0.9512386150000001
0.9403744665
0.07354308194999999
0.036392805300000004
0.032175701450000004
0.06081125955
0.040606810199999996
0.0359677961
0.05158561565
0.825565324
0.296690989
0.94061421
0.947057475
0.0937633795
0.0379379363
0.0279099106
0.027997908475
0.03165758575
0.0346070094
0.0321785354
0.03260774085
0.044096080950000005
0.08683552739999999
0.9035021645
0.0662451464
0.0400089124
0.0552035748
0.905385419
0.9174657835
0.950143329
0.9706975449999999
0.972447328
0.9687781249999999
0.94078564
0.8959024605
0.05438860865
0.052409588300000004
0.08181349065000001
0.929660251
0.930813126
0.078073115
0.045481131949999996
0.059420113549999994
0.033809855550000004
0.027934810435000002
0.035338013375000005
0.0310160189
0.03590106015
0.049005108699999994
0.06961591355
0.8830703535
0.927425145
0.289732887
0.07797680045
0.0957668842
0.050722613699999995
0.0721435955
0.88420761
0.8865604650000001
0.86691577
0.0746132123
0.043609538850000004
0.039626112000000005
0.06760740500000001
0.10739885325
0.92950752
0.8927874739999999
0.9156695235000001
0.250405996
0.8243981
0.057302038900000005
0.0368006753
0.0453066974
0.0511333022
0.050926325499999994
0.050312790999999996
0.1222653857
0.909689015
0.8588549649999999
0.896588838
0.1022040251
0.093949672
0.19702764849999999
0.22161143449999998
0.39563059599999995
0.8581242490000001
0.19902526150000002
0.22968437249999998
0.7777603135
0.8198959665000001
0.1268473935
0.10802332049999999
0.0880227997
0.168697211
0.736453979
0.5217669840000001
0.66085711
0.1571521385
0.12778595799999998
0.21807071349999999
0.214849668
0.37386676
0.914185193
0.9255594779999999
0.8542405065
0.62439635
0.148982062
0.2278911395
0.2794512255
0.8104353275
