0.9154379145
0.9002615439999999
0.23680976650000002
0.14783028600000003
0.17365835100000002
0.2762105935
0.7480254989999999
0.8024373525
0.63595238
0.621433
0.708203008
0.8796519075
0.3106533675
0.1458535715
0.1185920905
0.1185112315
0.8679171400000001
0.07942699105
0.04343191510000001
0.0425934614
0.0549923675
0.0451308018
0.07651458145000001
0.8661174315
0.09750771170000001
0.09253953435
0.08614935600000001
0.8917790345000001
0.9481204695000001
0.958879979
0.9604192465000001
0.9595892125000001
0.9589861275
0.9587096450000001
0.954642348
0.926809083
0.874895945
0.9352245
0.0529945066
0.0329823941
0.025577784200000002
0.02595472985
0.02950722941
0.0406378798
0.06611049525000001
0.04887640105
0.08850997620000002
0.9144710600000001
0.912859095
0.1711657
0.20468762299999999
0.2187690745
0.245597332
0.8028488300000001
0.9110475820000001
0.9004105405
0.239191843
0.1208275756
0.12376722635
0.2000245475
0.8775918880000001
0.9191003255000001
0.901028035
0.8444052950000001
0.688498875
0.6004261980000001
0.14153470210000002
0.105557253
0.202239273
0.2523226165
0.33602609699999997
0.14896065925000002
0.0787486114
0.0941034045
0.10762705850000001
0.0610515106
0.069954301
0.1275161781
0.9129578030000001
0.945355841
0.9466461770000001
0.929003662
0.8321723350000001
0.7504955474999999
0.7094076370000001
0.07791564374999999
0.0638382158
0.10710384
0.1495743415
0.2169805955
0.6520881385
0.8389934950000001
0.8659163750000001
0.825566772
0.698231335
0.6809623825
0.7698393035
0.6504267850000001
0.1503313805
0.1398217209
0.122459777
0.09030467225
0.137312959
0.6912982750000001
0.0839344042
0.066563223
0.070435213
0.0696311142
0.070663588
0.201115125
0.830979865
0.917173385
0.8785086950000001
0.929913223
0.9173552905
0.8662713495
0.8729973
0.7939810115000001
0.76401155
0.0969917212
0.10948742149999999
0.15156321820000002
0.16726217799999998
0.143936711
0.16104994450000001
0.796881127
0.13345302609999998
0.1280096665
0.201353606
0.25653717400000003
0.26810775550000004
0.7930467725
0.7717381775
0.305725123
0.539707586
0.1343996875
0.119004382
0.214711539
0.8105777465
0.2347044265
0.1911467115
0.1814148155
0.0865678464
0.06335440419999999
0.1038792855
0.808365711
0.880964415
0.7903380765000001
0.7513353685
0.6890863815000001
0.1021309256
0.059627353550000005
0.0632664943
0.12862125000000002
0.24002936700000002
0.212567154
0.2120443195
0.135016064
0.12280992010000003
0.62835364
0.29363288249999997
0.791250271
0.11458675400000001
0.0646286535
0.0502268677
0.052107412500000005
0.080786987
0.14626663550000002
0.9108745950000001
0.8278501035000001
0.932913408
0.917514924
0.07402237225
0.03791566340000001
0.03582848465
0.05124946529999999
0.144994954
0.9016142950000001
0.087017166
0.04507251705
0.0400487145
0.038892832849999996
0.0375412106
0.0355984374
0.035078128575
0.03791257405
0.062125481600000004
0.8879101300000001
0.900991202
0.938619936
0.9401673580000001
0.95760453
0.9226833225000001
0.8626641
0.0563057322
0.0400463875
0.052762545900000006
0.0663584653
0.12164681175
0.91605813
0.844269705
0.07075466065
0.0390225388
0.0349645155
0.03727106825
0.04505000425
0.06496604725
0.0458175788
0.04997061475
0.09962462350000001
0.802590102
0.790796959
0.9004778830000001
0.14994606
0.141932666
0.0956412047
0.106174825
0.6672994114999999
0.1896040575
0.2298637315
0.8868312985
0.895259644
0.8243161165
0.920859828
0.926712152
0.904799082
0.854191655
0.911637126
0.921320635
0.915345795
0.8850840480000001
0.845866081
0.8969023785000001
0.8600745875
0.150189509
0.0936430255
0.10116058350000001
0.09029853875
0.114082783
0.19948414150000002
0.41555973449999994
0.8516925025
0.725121196
0.18134996949999999
0.174179576
0.09727109725000001
0.09128204770000001
0.1840690265
0.702719037
0.11733846610000001
0.1311920515
0.18979561499999997
0.871008198
0.1144049825
0.04938026445
0.0472348925
0.048705879800000004
0.06219066345
0.0621350311
0.128585749
0.9249156485000001
0.9526283865
0.9456835925
0.9432157565000001
0.910679996
0.0829354408
0.036516383900000005
0.0375571452
0.0560017134
0.057035060900000004
0.041653842600000004
0.05620138835
0.054324346200000005
0.10049028880000001
0.13508125720000003
0.907584043
0.9102593725
0.213236318
0.0962006115
0.061192411999999995
0.08038632365000001
0.09116608250000001
0.0753542979
0.06930223065
0.09945876549999999
0.14075431575
0.20996773800000001
0.3555533055
0.8380334260000001
0.224033165
0.218670413
0.3277336735
0.7516538675
0.8253748375000001
0.761186449
0.821292437
0.6843638535
0.1838858565
0.145678988
0.656433412
0.34131745150000004
0.30173195799999997
0.816130483
0.7091157349999999
0.7670394420000001
0.9052140865
0.880157573
0.6696533600000001
0.159985647
0.2575724125
0.6505383250000001
0.30696660200000003
0.415930097
0.92479395
0.9414829849999999
0.910992015
0.7008524725
0.171257142
0.14057276700000002
0.15560786999999998
0.8036404100000001
0.32770594200000003
0.366924114
0.30514125750000004
0.27413136250000003
0.134717891
0.0966103565
0.1457772765
0.18277390500000001
0.11783761375000001
0.097751513
0.10585581890000001
0.17826116600000003
0.9242744334999999
0.950083785
0.9546204595000001
0.9467198175
0.912372514
0.171588237
0.0981037418
0.12468397600000002
0.9180519850000001
0.9486887964999999
0.9544619599999999
0.9539240560000001
0.9516450425
0.9448738675000001
0.910563059
0.936286525
0.9137208300000002
0.15092298199999998
0.099309096
0.054685639900000006
0.0661262553
0.8882660649999999
0.931770623
0.95295555
0.935950469
0.06436378450000001
0.0405028071
0.05101109525
0.08476756665
0.8590330640000001
0.2850756505
0.0722224372
0.05825866230000001
0.1273257945
0.93643678
0.9566737565
0.9517158434999999
0.9583577375000001
0.940896465
0.8477056350000001
0.0551828974
0.04303162740000001
0.0525923682
0.162594468
0.9201425975
0.9187275450000001
0.728972878
0.10275642169999999
0.0868694156
0.119823776
0.7643610015
0.775475455
0.879614436
0.278190235
0.24701209400000002
0.11445010320000001
0.09963771990000002
0.1385266855
0.2112891385
0.6977195685
0.692696492
0.757694972
0.902359662
0.883636477
