0.17998129
0.09646912
0.05505302
0.047961302
0.052404396
0.07802147
0.13811079
0.92082745
0.84727806
0.936113
0.9217965
0.12904917
0.048180047
0.113507554
0.21008995
0.7675507
0.66102177
0.6563334
0.32658976
0.20005757
0.15133816
0.25901675
0.20518251
0.17056587
0.12295916
0.11296816
0.11494778
0.14015949
0.22795202
0.7976119
0.9030892
0.27034324
0.16089305
0.119551
0.102904275
0.72454894
0.24855648
0.21948084
0.8121555
0.16809529
0.0859542
0.1088054
0.051161867
0.036138482
0.031142263
0.033141337
0.042733695
0.062589824
0.8160875
0.94183576
0.93923956
0.16058621
0.15012899
0.88913095
0.8680705
0.9410159
0.888333
0.86922437
0.8478529
0.09413579
0.09597726
0.7667099
0.04130605
0.028977046
0.030723186
0.09543482
0.92020905
0.9362996
0.052724652
0.03000729
0.029185785
0.06263017
0.09976633
0.8650931
0.0785076
0.047014736
0.056697138
0.08415696
0.1335655
0.1580682
0.19461821
0.15344743
0.1137867
0.09306846
0.062450215
0.07757744
0.8705782
0.92008084
0.9440032
0.9365736
0.10749598
0.10416255
0.092895806
0.09596744
0.1198647
0.18562983
0.75639737
0.2692079
0.20529218
0.2027091
0.6255077
0.8052387
0.8589095
0.8293228
0.33366576
0.3569077
0.33621448
0.7182206
0.69901854
0.70020574
0.725661
0.65928125
0.6488938
0.5022505
0.46760052
0.57526046
0.41168267
0.24584949
0.23746233
0.21402158
0.2103914
0.23397778
0.25951776
0.45796058
0.64004844
0.55784583
0.4510596
0.41636392
0.28022665
0.3064379
0.25368637
0.54106945
0.2137455
0.17360613
0.16933936
0.222106
0.27228653
0.14853583
0.11597538
0.09180281
0.10277671
0.103975125
0.08568557
0.06410193
0.055910744
0.07399496
0.76086175
0.7636427
0.839278
0.89342827
0.13667776
0.100098275
0.11488928
0.6578658
0.64130527
0.75386345
0.18090004
0.08173165
0.090993926
0.77245474
0.78226954
0.92307913
0.90778756
0.72124696
0.66026837
0.07679654
0.09598924
0.18203856
0.89147246
0.8465051
0.91414285
0.19618528
0.06364849
0.064898096
0.07314975
0.0518255
0.05022841
0.7343217
0.75779563
0.8992744
0.91787565
0.80283666
0.088757716
0.04791503
0.044256996
0.05248571
0.0834263
0.07580069
0.076153584
0.07428356
0.11526845
0.1386621
0.12554856
0.10758808
0.79860085
0.7855901
0.69603944
0.12363799
0.15146019
0.79981875
0.6992929
0.1246145
0.21352036
0.21118465
0.7102338
0.74541324
0.8157844
0.8924651
0.88667345
0.7850693
0.22395742
0.13086498
0.12295749
0.6363801
0.16814421
0.2252841
0.8058373
0.7124744
0.697176
0.14721851
0.16219048
0.19341484
0.13110034
0.09224316
0.6592773
0.6753008
0.81809276
0.8279151
0.24809581
0.2540646
0.5925808
0.6076763
0.17704663
0.20851396
0.24256754
0.15692192
0.70746744
0.7106002
0.8237643
0.8463866
0.2802417
0.23499265
0.28890866
0.24327895
0.7679535
0.6484509
0.34396285
0.2738884
0.7199553
0.80166596
0.8039973
0.22025971
0.16538888
0.109266914
0.15751225
0.13887553
0.15532951
0.25752535
0.77661383
0.31476992
0.36224297
0.34287497
0.17251663
0.21678732
0.5113398
0.3539162
0.58364165
0.6240921
0.77110183
0.5712755
0.30973873
0.36558247
0.24271388
0.2378917
0.4511795
0.33190414
0.56546676
0.11685697
0.09176276
0.11130683
0.20925692
0.38862032
0.74994576
0.87280595
0.7621171
0.63883454
0.582144
0.5744422
0.5749793
0.16054627
0.12300474
0.11414762
0.112102754
0.09739093
0.37435347
0.5221393
0.4209228
0.7703023
0.38422486
0.43500805
0.21641745
0.18214276
0.13957183
0.13857001
0.14684246
0.30553257
0.79433995
0.7370836
0.8636676
0.836438
0.6554625
0.075861685
0.045880757
0.035822023
0.04673723
0.10304897
0.20291854
0.22246675
0.9052197
0.7600812
0.8678588
0.8241847
0.19336556
0.08548039
0.07466683
0.6802097
0.63935816
0.8685086
0.15601666
0.1233673
0.75211453
0.90291613
0.108913645
0.08878732
0.07681591
0.06876109
0.7963826
0.74139297
0.8526428
0.89859605
0.14654386
0.24915487
0.20116258
0.14387663
0.6899346
0.54710037
0.159745
0.18509285
0.8423039
0.8888969
0.9018017
0.34842548
0.25264665
0.27870962
0.83459085
0.781857
0.8870478
0.9184153
0.90512717
0.8686263
0.32779825
0.21461847
0.15515205
0.14396644
0.19371732
0.22010197
0.263209
0.66461563
0.75182307
0.19939043
0.09779718
0.08213937
0.06513145
0.047532115
0.055377826
0.10667737
0.9220565
0.83093387
0.053469967
0.028615568
0.02611276
0.047732513
0.0326061
0.03454385
0.045035955
0.8974674
0.82959926
0.8555533
0.96538305
0.96464044
0.9238504
0.8772724
0.9049999
0.03965123
0.031466305
0.020846559
0.021149008
0.019730913
0.02044893
0.040116403
0.8076894
0.846754
0.916473
0.8849266
0.7556553
0.104689606
0.08746671
0.09066212
0.103519686
0.17309235
0.17177977
0.19825676
0.5904329
0.16238973
0.1539129
0.33891135
0.75768363
0.3808432
0.43148032
0.52672064
0.8709155
0.18148261
0.070721455
0.05549149
0.0782655
0.8412905
0.14333996
0.20189212
0.1054034
0.07442151
0.18084939
0.82950914
0.8344082
0.85795194
0.91992533
0.1517701
0.08520064
0.060437843
0.055290986
0.09249874
0.6334316
0.6060661
0.1765186
0.1283244
0.3518174
0.48506126
0.8973949
0.49989352
0.54964423
0.359117
0.8162135
