0.80038464
0.65442944
0.555447
0.29167864
0.2641343
0.19836254
0.16143812
0.15121551
0.16628319
0.2747984
0.3896367
0.67624503
0.7722158
0.8747795
0.88279706
0.8314904
0.30900112
0.27014104
0.3633307
0.6539013
0.68909204
0.7823848
0.46969983
0.14653726
0.10759332
0.17609693
0.2442196
0.79991364
0.8532206
0.5383339
0.49981508
0.8355257
0.2771977
0.13970092
0.11613498
0.13162352
0.72230077
0.8790732
0.25659978
0.0885836
0.07517776
0.108638495
0.05429087
0.04225521
0.056877557
0.86240965
0.86756355
0.9008209
0.83881867
0.83467597
0.05631822
0.034812592
0.03169619
0.035686783
0.040646385
0.065500885
0.14015982
0.8586895
0.11777494
0.054280393
0.046812393
0.08096923
0.10720173
0.85053074
0.91647583
0.092205234
0.03946331
0.029052336
0.03239908
0.060645185
0.8752063
0.8421364
0.20626538
0.042410493
0.025407106
0.026814692
0.07741118
0.92932326
0.9654827
0.95017695
0.93607366
0.049486138
0.020556217
0.017423052
0.023548076
0.059065405
0.84606904
0.06145272
0.027807243
0.02150692
0.022804387
0.038103223
0.811648
0.8678675
0.9259281
0.083524294
0.047620278
0.03612215
0.03222247
0.045509078
0.71889853
0.7156436
0.7512838
0.78522897
0.045493443
0.033339147
0.027410757
0.025546845
0.032116644
0.06374011
0.91997397
0.06199277
0.020474076
0.01763183
0.03354991
0.06494427
0.9637275
0.94514626
0.9456705
0.8891818
0.8924092
0.047532007
0.032312874
0.019190636
0.016867686
0.019539064
0.051656194
0.085416876
0.07197099
0.054164503
0.05261216
0.14367813
0.8129751
0.22855945
0.069488645
0.08330762
0.16613457
0.86287373
0.20844205
0.15973207
0.076763086
0.045509085
0.079966426
0.12220351
0.699171
0.682623
0.7755229
0.6427782
0.6187236
0.16432932
0.15299182
0.1666163
0.17069463
0.25630757
0.40906718
0.16799611
0.13274059
0.4365781
0.62534815
0.82949007
0.90402657
0.86545664
0.6608663
0.6917239
0.43891123
0.16565485
0.14891101
0.16945714
0.6412236
0.7990279
0.8414373
0.20090997
0.1774177
0.24649106
0.15656182
0.10951319
0.06481836
0.06797788
0.10064974
0.7006358
0.10749625
0.093166724
0.700503
0.84784025
0.120561555
0.07994487
0.10286324
0.08501556
0.8210096
0.9416464
0.96515155
0.07777995
0.02060807
0.015142073
0.015352598
0.014368532
0.015340788
0.035472356
0.95639825
0.9804333
0.98085624
0.96946317
0.046324026
0.018036032
0.014859901
0.01590134
0.020308321
0.025204802
0.037692275
0.8797054
0.8447403
0.88829887
0.80427563
0.09918024
0.043284934
0.036860473
0.052690048
0.79548264
0.77688015
0.93012464
0.1427826
0.06034227
0.03636647
0.037126206
0.035653237
0.033580907
0.030574063
0.029436894
0.03432596
0.044527482
0.03223064
0.046889808
0.87294656
0.8095625
0.2261337
0.9393864
0.9619001
0.95704377
0.8896608
0.828146
0.24429138
0.8759598
0.7832396
0.04386707
0.030797744
0.023211665
0.024421934
0.041656967
0.0707319
0.1119149
0.08789878
0.05943868
0.08709352
0.14582144
0.12675565
0.13054882
0.13567065
0.41447416
0.3014467
0.46165606
0.25243932
0.11853174
0.10260532
0.111512855
0.61746395
0.31995916
0.44892228
0.5170276
0.51990485
0.77862763
0.85347104
0.7432641
0.7485551
0.8905066
0.8768192
0.7599328
0.73632723
0.11542867
0.16161574
0.14705835
0.09514407
0.10135549
0.19411215
0.831591
0.26262185
0.3545246
0.8585856
0.769931
0.75716877
0.31170404
0.17035457
0.71282995
0.119463585
0.09800214
0.095973305
0.12486114
0.15983982
0.1788676
0.60906464
0.58717495
0.584367
0.57620794
0.5996006
0.6853221
0.84221137
0.8345301
0.6073815
0.2573623
0.23782408
0.212253
0.18079
0.16961098
0.20473333
0.24687761
0.1963471
0.24576548
0.23623095
0.64321965
0.79393566
0.7507279
0.81671286
0.5947773
0.12299163
0.14801253
0.19414814
0.15710406
0.115296535
0.17222396
0.11328991
0.1147853
0.14787026
0.27559626
0.2056156
0.4036823
0.3536122
0.4252222
0.21869685
0.29727298
0.79265237
0.8526131
0.08232199
0.084014535
0.1027855
0.071311586
0.049057703
0.048548285
0.046678297
0.062480185
0.09766071
0.06318135
0.05524522
0.06323124
0.08700168
0.8387195
0.084909305
0.14578241
0.14919797
0.11906351
0.081906326
0.77498233
0.7759391
0.91770697
0.9433938
0.18729383
0.1041492
0.15584053
0.88228434
0.84267604
0.9194337
0.8715854
0.09862964
0.049552593
0.06814069
0.8774267
0.9356539
0.07445448
0.027483804
0.0203009
0.018420545
0.017898777
0.018473882
0.020273114
0.026070314
0.16796124
0.9770783
0.9789956
0.97383255
0.0529429
0.020384286
0.016595326
0.015696663
0.015716916
0.01593021
0.01663694
0.017942904
0.01781822
0.018655123
0.024419194
0.06680519
0.94070923
0.9105935
0.88084567
0.89192563
0.17340542
0.17151693
0.24630377
0.9180867
0.9169934
0.063279286
0.05758009
0.07665186
0.12031047
0.18590468
0.9246384
0.9110074
0.11284212
0.052777886
0.047035255
0.0627217
0.048876483
0.071147196
0.101731345
0.1335692
0.29619756
0.9219697
0.101706944
0.044218685
0.03449324
0.033264663
0.040808734
0.038235806
0.03759066
0.05135238
0.04895325
0.033268705
0.043955885
0.09145765
0.14489628
0.9376575
0.9521105
0.90472186
0.90308094
0.09156864
0.061495773
0.054217774
0.06580098
0.85378367
0.20648731
0.15841009
0.058061812
0.038145807
0.05289785
0.11489039
0.11565303
0.1091422
0.1013894
0.07751063
0.089728534
0.09517591
0.18262036
0.7747668
0.93004245
0.3703627
0.401221
