0.88536036
0.7414256
0.20226009
0.16074032
0.19919868
0.22433099
0.22524221
0.23014425
0.5302809
0.6473581
0.723994
0.78243226
0.82910967
0.7790192
0.70525205
0.7871634
0.16371311
0.1849848
0.22656445
0.24049896
0.23274784
0.2785727
0.6348749
0.6106473
0.44910428
0.4528746
0.46087727
0.48588368
0.45870858
0.3789376
0.2631492
0.25596353
0.3441589
0.3830235
0.34838703
0.48450625
0.37017858
0.46250284
0.5713226
0.6897203
0.56531686
0.44873607
0.4486978
0.45800653
0.54555404
0.6932201
0.43844917
0.25152674
0.22677542
0.33196515
0.314044
0.21372432
0.19247809
0.21144877
0.5746165
0.487319
0.6220179
0.6401084
0.7608793
0.73538715
0.25215617
0.1711741
0.08921784
0.07691046
0.13262227
0.72030556
0.5930566
0.73774076
0.79063135
0.854482
0.7887879
0.16101994
0.08433497
0.07757716
0.10597254
0.17108752
0.7294288
0.7772057
0.16413589
0.16077916
0.13817954
0.13404147
0.12936033
0.124407426
0.103876345
0.7572627
0.73943156
0.8113441
0.08118215
0.05201728
0.041037854
0.04888876
0.083551936
0.14576483
0.8465066
0.12960118
0.05381693
0.043024335
0.0722369
0.06952981
0.05120596
0.08848079
0.90106124
0.8622867
0.92518187
0.06342098
0.03341519
0.044389337
0.08019828
0.114884295
0.14620143
0.89939964
0.17878556
0.115851216
0.049354162
0.054619737
0.10990202
0.8505419
0.8870739
0.87204355
0.9028023
0.22020409
0.151858
0.16178405
0.8729996
0.86320686
0.89902663
0.86656004
0.8646129
0.10795548
0.093940385
0.13652217
0.7730197
0.06742449
0.037455015
0.039580252
0.085522026
0.16250814
0.8902852
0.84403497
0.13970067
0.07499717
0.06959228
0.07329387
0.06937931
0.054765407
0.05240762
0.08815071
0.11548302
0.103180304
0.08039341
0.12096774
0.18619421
0.827627
0.8132727
0.81537515
0.7943696
0.7767891
0.76042944
0.6364836
0.7184
0.71868396
0.65897727
0.78683156
0.81427944
0.8363508
0.84156173
0.83081025
0.8245834
0.83029884
0.27774182
0.22970262
0.106912345
0.08165104
0.068545796
0.11941671
0.7747161
0.79295754
0.808732
0.25192353
0.2188755
0.2355382
0.24007916
0.23204213
0.25673497
0.2896712
0.7887491
0.8234324
0.86706084
0.81633544
0.6472271
0.5821516
0.22261609
0.22133826
0.27752462
0.8253915
0.900761
0.91687924
0.89323765
0.81853133
0.32698718
0.33852294
0.31985173
0.75942075
0.6722184
0.110721976
0.074174255
0.08758379
0.2660664
0.30433044
0.1996723
0.7486639
0.2701901
0.08882675
0.07543812
0.19216475
0.7928082
0.80226743
0.82497066
0.805494
0.8142003
0.8409823
0.18788408
0.1375711
0.07102851
0.04892493
0.049874794
0.06607468
0.08572251
0.13636664
0.85239106
0.8627051
0.89897037
0.86934924
0.8472124
0.19628413
0.13944732
0.080190696
0.10240115
0.13768063
0.8755096
0.06748465
0.050507326
0.08611263
0.10248877
0.10437003
0.90799224
0.8671402
0.8162378
0.883896
0.8812824
0.86001635
0.852688
0.878431
0.09471623
0.081338026
0.073419884
0.06702714
0.10523674
0.8781513
0.85065085
0.81240886
0.85676235
0.21962251
0.13910118
0.08616683
0.080153726
0.07533137
0.8418013
0.83404285
0.8889548
0.8905897
0.86284435
0.80444324
0.8316705
0.15657254
0.11274562
0.08544673
0.06271907
0.070703015
0.10448217
0.14810637
0.16590564
0.14029677
0.09028969
0.10220712
0.15709686
0.7814134
0.14616077
0.1327108
0.12911236
0.10393633
0.118198395
0.17974584
0.632054
0.6793361
0.6720278
0.14189075
0.09447617
0.110299215
0.6520582
0.6632437
0.71756035
0.75610775
0.8512947
0.85731626
0.16782469
0.13163781
0.15431002
0.6023755
0.6447488
0.71074337
0.7441365
0.7496894
0.735212
0.7154973
0.7241836
0.74008375
0.7543403
0.73478496
0.7445807
0.70976126
0.7229859
0.73737633
0.7410931
0.74352026
0.7043703
0.19199057
0.1837743
0.2361509
0.28914478
0.3196454
0.28480014
0.56991774
0.6314682
0.68178475
0.7101563
0.7791047
0.7728445
0.21920417
0.16311209
0.1191009
0.11549977
0.106231794
0.055119254
0.04441807
0.06721284
0.05937277
0.066050775
0.073503
0.12897094
0.95855874
0.9245403
0.9374505
0.95061165
0.19932982
0.07726922
0.08579942
0.103043824
0.10240685
0.10171113
0.12705997
0.26059803
0.21828242
0.18969616
0.30685875
0.36346257
0.78967273
0.83714056
0.82925195
0.7597818
0.784794
0.72783786
0.3785426
0.29043603
0.27148986
0.17352647
0.13782544
0.14334054
0.2735176
0.36747387
0.3760794
0.5381252
0.22217433
0.18589315
0.29087007
0.35003677
0.3184503
0.24042854
0.17270611
0.234314
0.48153248
0.55244255
0.60075194
0.63803583
0.59190446
0.37939382
0.23955823
0.21302813
0.38501325
0.29366723
0.32810083
0.354465
0.35715997
0.41091216
0.5612966
0.65086335
0.8321536
0.82356673
0.7484819
0.5629803
0.46521658
0.33704826
0.4139117
0.48718625
0.6936172
0.7218632
0.68016446
0.6597934
0.6887746
0.71423155
0.41585964
0.37035283
0.20851532
0.15357625
0.13544852
0.090086624
0.097252496
0.12538932
0.20446272
0.8892174
0.41021925
0.800735
0.8488798
0.8759535
0.8583251
0.8398488
0.8097178
0.7856862
0.7716728
0.7750797
0.72078305
0.28902426
0.70824707
0.17360558
0.103983894
0.07736419
0.09832562
0.15269741
0.28389916
0.8506063
0.8229504
0.83228225
0.8627409
0.8365821
0.7737751
0.7418718
0.07903869
0.08587774
0.091415025
0.096962415
0.1145185
0.7522025
0.068213634
0.058276072
0.04753521
0.049505934
0.058841284
0.04755513
0.030807903
0.062125396
0.094631314
0.9611021
0.95934886
0.941209
0.91138154
0.91525614
0.1134046
0.075873755
0.0634577
0.062282063
0.07994549
0.10846339
0.10261925
0.06965781
0.06868521
0.072889715
0.089996055
0.10926581
0.111378856
0.1324437
0.79797345
0.76744616
0.7767535
0.77622473
0.8006599
0.8267185
0.85280776
0.84421873
0.8086951
0.12075634
0.038957715
0.03983624
0.04660152
0.05042955
0.07021251
0.07145235
0.05592738
0.059045617
0.119702555
0.93461114
0.9308891
0.95171875
0.08704723
0.030099787
0.024113826
0.039113026
0.05653936
0.049531225
0.035252932
0.0300892
0.040165465
0.14121453
0.83342975
0.9325158
0.9332321
0.8545164
0.88984877
0.8590395
0.61659014
0.044037364
0.030284988
0.027367668
0.036268562
0.059045054
0.06907893
0.07312275
0.09050836
0.84115684
0.25193676
0.79527825
0.39548892
0.9299495
0.91720456
0.0976357
0.038598657
0.022926548
0.025569372
0.02042428
0.021656085
0.026295613
0.02228014
0.027919373
0.09255399
0.9625673
0.97568345
0.9500416
0.122343875
0.032650623
0.02359662
0.022443902
0.026650814
0.031576965
0.04835692
0.09106972
0.13687278
0.15984167
0.88628477
0.68882203
0.36413902
0.74208146
0.4995601
0.8959257
0.3462576
0.2934423
0.19553088
0.10839715
0.078958526
0.078003645
0.17329557
0.38057846
0.91724044
0.12280526
0.057158735
0.035468474
0.033450566
0.029998949
0.035083346
0.037966125
0.047378074
0.19345094
0.29496777
0.9663931
0.965054
0.06334414
0.027208287
0.014652972
0.012687138
0.012154794
0.0129246805
0.01382139
0.031521477
0.95900494
0.8818427
0.9655456
0.97974694
0.9593718
0.9549829
0.051584627
0.020979833
0.016926946
0.015453248
0.015717233
0.017883353
0.04072415
0.09029801
0.91553783
0.8382893
0.30271143
0.2581686
0.86641777
0.12145547
0.07226362
0.051285826
0.05317039
0.057961874
0.045957528
0.047343835
0.08584711
0.8655314
0.8576824
0.9197418
0.91328484
0.09721734
0.07607305
0.036688186
0.02795064
0.030233562
0.020406451
0.018659279
0.017783629
0.017204141
0.021498328
0.03461131
0.023649907
0.024515532
0.032048423
0.06814234
0.076195575
0.9603756
0.92642766
0.9452809
0.9525522
0.95250005
0.09653295
0.053545456
0.02862466
0.025067432
0.023516875
0.030400228
0.064611346
0.05032799
0.08363427
0.11212127
0.88750243
0.7436712
0.84225845
0.10428594
0.08266399
0.0859595
0.084917784
0.088400036
0.22766094
0.15186287
0.20006286
0.24814379
0.8756165
0.30724755
0.10258995
0.14569487
0.108513735
0.08822545
0.10552413
0.14432633
0.908479
0.87621117
0.058074106
0.04528071
0.04356108
0.03975847
0.045925394
0.04984379
0.048096355
0.05477033
0.059416346
0.06729229
0.9092646
0.102653004
0.047632314
0.07809134
0.1563497
0.2726374
0.9740621
0.97243315
0.9726648
0.2485224
0.0952868
0.049448572
0.03823076
0.070577234
0.8828396
0.060091525
0.04493292
0.032673407
0.04138142
0.06145455
0.060213126
0.8930224
0.8493707
0.86637765
0.09436235
0.0787922
0.07074401
0.07374811
0.10768813
0.11860659
0.10111538
0.13577197
0.12788431
0.10809298
0.13561478
0.76324636
0.25807744
0.32273513
0.39128286
0.81143355
0.7915599
0.75735134
0.72031385
0.7518826
0.730462
0.77820486
0.7638979
0.8292038
0.8363674
0.73552847
0.28548577
0.2617981
0.82782817
0.11463545
0.076761104
0.06352158
0.06382459
0.07474167
0.08602829
0.14759886
0.1274164
0.10660777
0.8433756
0.8358496
0.075433254
0.07807913
0.06334723
0.07908531
0.09816461
0.095927805
0.88434887
0.85194236
0.92647135
0.9473437
0.15426031
0.04332283
0.037418697
0.08238157
0.92687416
0.90926373
0.95347315
0.95151615
0.1422193
0.051088966
0.065684624
0.15279374
0.9089595
0.8294387
0.05964766
0.07205866
0.07921077
0.09526859
0.12147028
0.15876624
0.9091247
0.83216065
0.08422984
0.06299056
0.058182474
0.108997725
0.17722805
0.17239553
0.09799754
0.09618617
0.27191713
0.8386559
0.15546489
0.17923035
0.20278017
0.12818213
0.2108079
0.84571594
0.34781924
0.4574471
0.85698104
0.7655179
0.7497055
0.32962215
0.117024906
0.080412775
0.11513158
0.1540337
0.53735846
0.49591464
0.5328677
0.5797773
0.3376659
0.30168253
0.29843798
0.3406236
0.913649
0.95277756
