0.8550366
0.6576032
0.58128357
0.57645655
0.6168322
0.79473513
0.8034621
0.6981918
0.70596683
0.8406056
0.853277
0.7769905
0.40784025
0.49429852
0.1785086
0.45824483
0.73082536
0.62892264
0.6061016
0.24378385
0.11732481
0.08153316
0.13115233
0.73359126
0.75172776
0.1763624
0.11826226
0.14002134
0.060157806
0.03925376
0.029507918
0.025887506
0.025297845
0.024931053
0.023857016
0.026369873
0.05150799
0.9378712
0.8945714
0.93756133
0.043424726
0.022809548
0.026952904
0.02088849
0.018836865
0.019532416
0.024544466
0.031802732
0.0320032
0.03010834
0.04976015
0.07193104
0.08731568
0.057964128
0.04844796
0.0933356
0.6753978
0.69987965
0.7051175
0.16402398
0.18414438
0.35140932
0.17182171
0.49214098
0.4674123
0.33132035
0.43448195
0.38623294
0.45172256
0.69236606
0.5558157
0.29531163
0.22169708
0.18491359
0.19004953
0.27914712
0.61114126
0.4993441
0.61151564
0.69532067
0.40041396
0.352612
0.3231541
0.31312755
0.37366948
0.24630694
0.3413249
0.2723705
0.2834641
0.35265273
0.443847
0.23850754
0.17581241
0.18742466
0.17456861
0.18545875
0.31649315
0.6109174
0.42826363
0.21811882
0.19543412
0.20557795
0.30867174
0.64550596
0.27755833
0.21426494
0.20404834
0.23788266
0.50968635
0.7303938
0.59883726
0.26607755
0.28456905
0.3766393
0.74320954
0.6800764
0.6873503
0.6912125
0.72385144
0.59086114
0.18192978
0.1555335
0.2272351
0.68886834
0.7097707
0.3863474
0.36304572
0.38497755
0.3819614
0.64274216
0.54608405
0.5085052
0.50606036
0.37617525
0.31330508
0.3790293
0.38907555
0.28788278
0.33753428
0.34663525
0.36071742
0.31228343
0.3061649
0.29144305
0.27164054
0.4194413
0.6035814
0.7408695
0.67837983
0.24439187
0.19730748
0.14887604
0.12766558
0.06399215
0.04403682
0.079130456
0.25518727
0.88609743
0.7238525
0.7709783
0.11899638
0.04915919
0.04837188
0.07224357
0.085259005
0.08514019
0.10811823
0.13543351
0.6112054
0.5828766
0.58399713
0.39559624
0.25030488
0.19830163
0.247346
0.28614023
0.3562202
0.38672054
0.38417667
0.3709547
0.47231367
0.45380944
0.27505124
0.25898808
0.31843597
0.3389305
0.62125736
0.41093332
0.4282669
0.6333503
0.32010353
0.25041637
0.23979197
0.23797283
0.2506873
0.33830485
0.51921433
0.37246853
0.47098693
0.7609192
0.6709959
0.16895239
0.09478566
0.07777427
0.078551196
0.0680399
0.07006344
0.111722134
0.81028247
0.74298954
0.12526809
0.058549337
0.0680161
0.090013765
0.09263445
0.0977981
0.13580361
0.6355904
0.7637106
0.7496999
0.10755497
0.11576349
0.2362574
0.8591859
0.83212745
0.8192203
0.78421146
0.73311293
0.72823244
0.16290893
0.08348922
0.111877345
0.82200277
0.79243237
0.85886514
0.14180717
0.13119034
0.14615734
0.14800394
0.09156856
0.079027355
0.13277517
0.104674414
0.09787283
0.12436899
0.10122955
0.12804681
0.7613885
0.19548772
0.2260986
0.60019386
0.59630334
0.6125244
0.62771785
0.6619163
0.7627372
0.77577215
0.681184
0.76882666
0.63878506
0.09186479
0.08226388
0.073341
0.111776695
0.80203927
0.7005113
0.1536781
0.060584664
0.044007868
0.055443116
0.13944863
0.8794222
0.14499335
0.058350008
0.04167394
0.03546286
0.069239475
0.12443405
0.06319078
0.06539658
0.08435063
0.7967526
0.19876415
0.89639586
0.07847256
0.043542724
0.05626261
0.046973288
0.058647845
0.035521887
0.058941536
0.18273643
0.96252096
0.9141751
0.9615298
0.16164881
0.046479482
0.050524823
0.045945574
0.04552674
0.06758116
0.085669205
0.1055613
0.8959121
0.79269576
0.25442183
0.7804294
0.20468558
0.10311361
0.18233494
0.8512141
0.15104447
0.08577711
0.062116303
0.07959393
0.83871967
0.8445195
0.80604124
0.82595354
0.8772461
0.83765525
0.88798267
0.87700075
0.79527366
0.8581397
0.11623254
0.0695966
0.062231507
0.08887584
0.09593019
0.088668495
0.08783576
0.71591765
0.7517392
0.79636186
0.1916119
0.13912986
0.12092917
0.30847186
0.79758507
0.43199873
0.30588925
0.567013
0.2451774
0.21047686
0.6248308
0.38165495
0.25765297
0.18467355
0.16804491
0.19806392
0.32583484
0.7290441
0.3787542
0.51296717
0.25095838
0.21053845
0.39646086
0.38545203
0.26366675
0.24699546
0.27387303
0.63081235
0.8212485
0.83928347
0.2168953
0.14620234
0.65429777
0.22188115
0.29035345
0.118545294
0.07479685
0.11000341
0.15007494
0.06936197
0.05627103
0.12384479
0.89679426
0.9566948
0.9359186
0.7955647
0.05814064
0.04217313
0.059099797
0.81623876
0.128918
0.05873695
0.07215338
0.12911375
0.68088156
0.6533023
0.32233557
0.32164437
0.86301583
0.8627668
0.24030563
0.18836993
0.14167523
0.09782996
0.10390107
0.17259198
0.07860926
0.0661876
0.81982535
0.79323745
0.9370795
0.9360093
0.13857219
0.16914779
0.091846004
0.06976137
0.068852775
0.094263315
0.13504335
0.12521788
0.11182251
0.10472023
0.20264478
0.5637835
0.769505
0.8965239
0.8802121
0.15977123
0.08321282
0.09001586
0.13476644
0.7344246
0.8549162
0.25042742
0.22250052
0.38263986
0.8379725
0.9231407
0.91069716
0.79340833
0.28147575
0.2956214
0.2716155
0.8445648
0.79028946
0.25815177
0.24423541
0.15402487
0.17485477
0.6308803
0.78776556
0.7631049
0.8706775
0.8576209
0.20964597
0.13378705
0.12985785
0.14960223
0.75678325
0.8839901
0.83216256
0.8813893
0.74210095
0.27707633
0.31727538
0.23852201
0.19209541
0.10233359
0.09033868
0.120747216
0.28202727
0.85673016
0.7600233
0.8851501
0.87658876
0.66215265
0.64049304
0.7793103
0.7278624
0.8554805
0.85722286
0.7342841
0.8248013
0.7576142
0.2051916
0.19157976
0.16759908
0.1922217
0.6838034
0.5906562
0.5786103
0.6877763
0.5266579
0.29816562
0.23644939
0.2205858
0.38868278
0.52165747
0.498761
0.33792046
0.34001988
0.35246655
0.39524072
0.5768921
0.7127003
0.59029925
0.65965515
0.48643413
0.37372813
0.21771416
0.22418194
0.23482202
0.29879382
0.668768
0.6248854
0.78707206
0.78162026
0.60848624
0.67368716
0.52792805
0.49243754
0.5535967
0.6850927
0.3730946
0.3738995
0.82302684
0.14433716
0.11303526
0.09930394
0.090739176
0.24029452
0.13045178
0.08859131
0.7747805
0.7199827
0.79189944
0.76660043
0.87243706
0.11278676
0.044694938
0.06559745
0.12653056
0.58702844
0.080726415
0.08979121
0.20861343
0.74866176
0.24476773
0.2575134
0.74818003
0.7051177
0.73479533
0.85567963
0.71115786
0.15971264
0.15774544
0.08009569
0.067399815
0.17939638
0.23843016
0.93336153
0.9267615
0.17621498
0.16911367
0.11050044
0.79231244
0.06087414
0.04049566
0.06469694
0.12799574
0.107504174
0.09183862
0.85955703
0.8138918
0.81197554
0.14356193
0.13637818
0.09296495
0.06833474
0.047044683
0.06003384
0.7743839
0.7376579
0.77153814
0.17866963
0.092474915
0.08911915
0.077816054
0.099733144
0.12343625
0.12357717
0.15000452
0.18271935
0.6008456
0.56081593
0.5858298
0.27486694
0.3547512
0.3262366
0.46087825
0.8609618
0.75028425
0.7323805
0.7916216
0.74922657
0.7440254
0.76930994
0.63984317
0.5932167
0.2504094
0.1785465
0.19134662
0.24266425
0.63191503
0.75265795
0.70884657
0.20111117
0.1971391
0.29328385
0.22550686
0.25342277
0.13918184
0.09599701
0.091122925
0.0850904
0.10999973
0.7963175
0.27199003
0.18387857
0.19780119
0.7280583
0.7701196
0.8725263
0.8609912
0.22038694
0.18605384
0.838006
0.07676505
0.048662793
0.057584412
0.11354172
0.8791426
0.8957378
0.79811156
0.7998704
0.8481145
0.8092747
0.8702161
0.8285908
0.30986464
0.6625276
0.14630495
0.14619438
0.20507477
0.8399751
0.105537035
0.12526368
0.19250973
0.17693828
0.2890255
0.72589654
0.2014204
0.17326523
0.14084847
0.18953453
0.16294399
0.2233888
0.62444353
0.22786716
0.23484251
0.32099083
0.36049223
0.6670841
0.3819083
0.31196827
0.3134572
0.2606374
0.47613144
0.35115305
0.4819779
0.6348589
0.32030046
0.261759
0.398904
0.34266898
0.25589967
0.32646957
0.20539063
0.20300546
0.30532238
0.42913508
0.32698393
0.6616761
0.48907146
0.4479197
0.54096234
0.32648063
0.36839044
0.24552311
0.26187086
0.2960129
0.25696498
0.25599465
0.26560733
0.6709426
0.4340286
0.4127959
0.5207884
0.6183224
0.45168394
0.43403554
0.6089806
0.29560584
0.20998085
0.25944555
0.38338116
0.4348562
0.7371902
0.5056071
0.6283105
0.7369676
0.49011245
0.46258286
0.65030134
0.91634053
