0.34727055
0.35982352
0.44736803
0.58550537
0.79954845
0.82004946
0.7363458
0.6855537
0.5219211
0.53978425
0.580698
0.8065153
0.84182316
0.8316856
0.78796524
0.7452143
0.72578126
0.7238009
0.72280514
0.68310225
0.6933636
0.72623116
0.40969506
0.36720747
0.29023588
0.18364333
0.15069793
0.12781632
0.13715744
0.16475077
0.17238538
0.1147881
0.09810531
0.09324809
0.08077956
0.09066067
0.121586435
0.2250164
0.93368363
0.93467116
0.8785598
0.10783971
0.050953105
0.047099486
0.058460917
0.070934676
0.8742017
0.91643083
0.07736168
0.0333842
0.022428969
0.02479155
0.038900226
0.103008345
0.9506287
0.88959605
0.8565731
0.9569426
0.89996094
0.8904389
0.9227504
0.086229995
0.033367764
0.026386684
0.025263453
0.04828418
0.08125495
0.8941371
0.88120294
0.058161557
0.03283767
0.04430438
0.057366885
0.12391351
0.85947055
0.10838204
0.038110882
0.035221163
0.06572729
0.093567885
0.9608223
0.9445189
0.91821885
0.05086408
0.025060315
0.024965625
0.023275157
0.030097734
0.041383184
0.050253343
0.05297484
0.052906808
0.046017133
0.05332351
0.048423458
0.041626737
0.05000521
0.07312503
0.113514125
0.8452791
0.8375441
0.8589982
0.15059556
0.08705652
0.08035098
0.11306491
0.20720418
0.81208587
0.2431319
0.09795298
0.08132288
0.087000005
0.052267265
0.06802009
0.1527199
0.2552298
0.8773875
0.837829
0.81396455
0.8131576
0.22239491
0.14736961
0.07620466
0.06772152
0.065227285
0.04968539
0.06881874
0.16510764
0.84921664
0.8207351
0.8322382
0.21699858
0.09811263
0.054152817
0.052641694
0.07907281
0.083387725
0.07600437
0.084857784
0.09354047
0.09245676
0.08556154
0.09017706
0.12412036
0.8412911
0.10003826
0.106229685
0.1096276
0.19693209
0.903898
0.39571148
0.38686448
0.423699
0.9257767
0.9242117
0.08573436
0.03287296
0.030061468
0.044811096
0.78184503
0.8879287
0.9096125
0.91414565
0.90767443
0.92274433
0.2416338
0.1622282
0.75551707
0.14033364
0.20369884
0.89772594
0.92319065
0.21015531
0.16734397
0.11524116
0.7482312
0.0986434
0.08807865
0.12456869
0.7355241
0.3156037
0.89091974
0.18055029
0.0961751
0.09147099
0.0933557
0.08720511
0.1146352
0.24545892
0.26006597
0.30648336
0.32561266
0.3197981
0.3050302
0.24674217
0.87220085
0.76082826
0.73661494
0.7765272
0.8689353
0.88076097
0.80499893
0.8551617
0.8629634
0.1630931
0.14502871
0.16081761
0.18030182
0.1922942
0.18561897
0.15948297
0.75405735
0.7308221
0.8021396
0.81498724
0.8452839
0.68295276
0.75502485
0.7561367
0.8037929
0.877053
0.8835394
0.87016463
0.8526469
0.8783807
0.8643498
0.8709263
0.86041665
0.8744588
0.8557328
0.87314737
0.88148683
0.9019988
0.8993209
0.86409557
0.83758223
0.2570842
0.19936861
0.16317107
0.1369214
0.13282925
0.14277917
0.17206106
0.23279652
0.88285804
0.86815065
0.90328264
0.8996629
0.8466327
0.7158458
0.77442664
0.746617
0.7203537
0.29642075
0.2285398
0.13748388
0.111633986
0.11717048
0.12321127
0.13327724
0.19740129
0.6953933
0.692949
0.7181222
0.74685013
0.7559975
0.7058254
0.6459331
0.6060294
0.58475554
0.57311076
0.60432374
0.669836
0.70089823
0.7858166
0.34629405
0.29007953
0.24549508
0.19721629
0.17563577
0.15787785
0.13941757
0.099500395
0.09969049
0.12612474
0.123579025
0.8773142
0.81467813
0.7985349
0.80584645
0.8509916
0.8481657
0.84091437
0.88513184
0.9110218
0.9126136
0.8874826
0.8068213
0.80865914
0.86125356
0.8860873
0.13011417
0.086783506
0.19979705
0.24199826
0.2020767
0.85939527
0.77344733
0.05513017
0.031876266
0.03330498
0.08879556
0.10613845
0.12094891
0.1404925
0.931784
0.12849085
0.058787715
0.02987245
0.04647747
0.04897192
0.033400178
0.06391723
0.96457344
0.96051383
0.9639497
0.9506961
0.9567464
0.083136916
0.054120187
0.043683745
0.03252395
0.031814396
0.05303107
0.08963271
0.92389274
0.92275316
0.17767319
0.09657075
0.054351334
0.048075624
0.08804119
0.12974305
0.1248932
0.84235007
0.12631288
0.120632015
0.123051874
0.11596389
0.12898964
0.7899438
0.7041526
0.8038387
0.67825073
0.55259246
0.55812097
0.58772504
0.11905406
0.09117441
0.108572
0.67959756
0.17742395
0.14009653
0.16546631
0.130703
0.13369742
0.2340451
0.9340154
0.91796243
0.87335837
0.9092268
0.894902
0.8189809
0.81664985
0.15911727
0.07892025
0.06489861
0.07014792
0.13932778
0.28154802
0.7131036
0.67744505
0.16790533
0.101325825
0.13632151
0.2038487
0.24566945
0.23895812
0.20199789
0.19075182
0.346774
0.46464333
0.46126416
0.52133566
0.38156834
0.29541403
0.19729915
0.15382142
0.16855708
0.16610494
0.16515225
0.26027116
0.3919191
0.5932862
0.69702834
0.6074153
0.7023799
0.55523956
0.58193004
0.09706966
0.12634608
0.1560668
0.14710423
0.14867109
0.13687304
0.092167065
0.08174848
0.09640712
0.78874964
0.83344316
0.21121237
0.37835228
0.45137733
0.49961302
0.90274256
0.19783956
0.23859698
0.83968043
0.86007416
0.22334883
0.13940853
0.050757546
0.035821732
0.041612834
0.9154455
0.9256119
0.9457817
0.93490195
0.9471504
0.06343367
0.04745812
0.034604006
0.07907992
0.15268141
0.87406445
0.81344354
0.6463906
0.72208816
0.7698975
0.28745967
0.20829542
0.7958242
0.20157842
0.17714573
0.14923818
0.11173252
0.7739116
0.75056714
0.16990508
0.12532721
0.116062224
0.09576657
0.092032164
0.09640924
0.11034091
0.12195369
0.18813716
0.88181895
0.84032303
0.7758117
0.60391486
0.7111404
0.69428384
0.6759529
0.121460475
0.1292471
0.12713364
0.17931776
0.20465478
0.28602266
0.35013452
0.35191837
0.3388571
0.7832043
0.7186357
0.67976296
0.64910966
0.65774196
0.5724189
0.12965302
0.14843437
0.7703498
0.10996208
0.086688034
0.08462613
0.119460076
0.7603988
0.21704352
0.063519865
0.042644814
0.03920838
0.039977763
0.057018455
0.10213916
0.92737114
0.08364025
0.101645485
0.09402292
0.06411946
0.051337823
0.09520336
0.950397
0.9270855
0.9236755
0.9325413
0.106022246
0.03000256
0.02075093
0.021361385
0.03260725
0.05357319
0.8384024
0.14130986
0.043210056
0.05481876
0.13727175
0.8495372
0.17102528
0.056668587
0.03490206
0.030605214
0.028352883
0.029350324
0.06203814
0.07973082
0.90935916
0.844613
0.89023435
0.04409609
0.028632615
0.021724906
0.02307766
0.05496361
0.07184733
0.08300253
0.1126218
0.8666301
0.90177166
0.9247544
0.91550654
0.8694134
0.8532778
0.8148561
0.10678143
0.1108113
0.115373194
0.11866202
0.09091758
0.046685647
0.09858397
0.9207143
0.9477692
0.9401559
0.057643156
0.03226357
0.08321695
0.12141027
0.12604512
0.090664595
0.05981287
0.049454454
0.07602694
0.15484908
0.85211545
0.28161955
0.19805275
0.15447205
0.099825956
0.101079874
0.17880589
0.77495635
0.80371124
0.86982787
0.8231208
0.6996964
0.61483425
0.14219926
0.14640357
0.24185035
0.21944608
0.20412509
0.20760755
0.6372194
0.26928556
0.23153582
0.276074
0.68171984
0.76325655
0.6598339
0.7540407
0.6684772
0.7651158
0.7076609
0.84126836
0.8376263
0.7451831
0.117325865
0.105800204
0.09280383
0.082193874
0.094792426
0.1289771
0.8508587
0.8966846
0.84919244
0.16486436
0.12656823
0.13579927
0.201816
0.22926193
0.18405494
0.7059467
0.82702345
0.88991994
0.5639264
0.5509241
0.47740784
0.40336445
0.33625588
0.26089624
0.78123283
0.6983478
0.65704614
0.525072
0.5609219
0.6488006
0.82602936
0.82473975
0.6619738
0.30242816
0.35196888
0.36044767
0.40062225
0.4532011
0.49740666
0.8253041
0.7966036
0.7179659
0.69377196
0.32372966
0.29590505
0.2608264
0.53005147
0.6107499
0.74607354
0.64836496
0.37524834
0.24162185
0.19036812
0.22095226
0.82581884
0.90294135
0.93006027
0.9092455
0.8486892
0.89874625
