0.9272143
0.7263326
0.10427348
0.111260794
0.12979159
0.13809325
0.12519853
0.77223974
0.6977947
0.1970396
0.13913263
0.078600794
0.060905136
0.05251313
0.0451512
0.040475808
0.03736462
0.034265507
0.037307598
0.0519435
0.047242906
0.061673194
0.12521042
0.89453906
0.9223221
0.76689583
0.8792141
0.12959768
0.05917157
0.061973628
0.82109696
0.92534816
0.9618368
0.9248561
0.9590675
0.93213177
0.9092241
0.06489571
0.07753906
0.12611003
0.87460816
0.8864655
0.8191295
0.8411654
0.12298337
0.102057196
0.139493
0.80888397
0.06795831
0.042745624
0.03472819
0.04011432
0.064764716
0.0876634
0.0980183
0.10210178
0.111049175
0.11606813
0.120058805
0.77289414
0.7941373
0.22738549
0.17001481
0.14472942
0.13708444
0.13399364
0.83702487
0.3377326
0.3590502
0.34486535
0.7743531
0.73781633
0.23551974
0.1519744
0.08035173
0.093059056
0.7272932
0.7938601
0.24412991
0.1546098
0.17363133
0.17888333
0.15033361
0.75794256
0.7215355
0.76765
0.7907886
0.7501231
0.7475396
0.76423097
0.73171484
0.72487706
0.80616856
0.83258873
0.22923133
0.22942798
0.13642247
0.16787253
0.18938722
0.6943346
0.7328269
0.8010386
0.86587495
0.8198939
0.8663825
0.18331267
0.14753975
0.11696683
0.13582213
0.19237363
0.8241807
0.15195505
0.16641036
0.2273813
0.25145417
0.28488362
0.7430628
0.12912527
0.13945664
0.25066653
0.28386056
0.75799733
0.7433107
0.35200703
0.29856622
0.2598854
0.693766
0.7709624
0.23962256
0.29699066
0.30237105
0.3427811
0.35757223
0.7545934
0.72479945
0.7596607
0.8054758
0.26340893
0.22209668
0.18828864
0.21361497
0.231805
0.9125551
