0.78391963
0.72810245
0.53288317
0.5519712
0.3361933
0.61683196
0.37212026
0.6520106
0.7611744
0.25733766
0.18415709
0.16018607
0.7975104
0.2918842
0.21952161
0.8190709
0.1553065
0.06485591
0.047949366
0.03859726
0.050407756
0.10537526
0.9408068
0.96631783
0.9327101
0.9113232
0.12554418
0.053036097
0.028113574
0.025753709
0.04306141
0.09069109
0.9090204
0.888027
0.6890461
0.109088905
0.040875427
0.031378116
0.035691854
0.8898557
0.9464605
0.96502423
0.9547252
0.06666184
0.027593808
0.035989087
0.0777223
0.77730566
0.24526761
0.08268766
0.1198656
0.75718296
0.21326941
0.0880391
0.07597748
0.80984086
0.885404
0.79290575
0.10419525
0.0648643
0.12006322
0.7133924
0.072331116
0.103525236
0.09087291
0.12464268
0.15302773
0.13654777
0.10852041
0.8463809
0.88857
0.8198628
0.85024595
0.14650574
0.04672674
0.033782948
0.026730035
0.028682053
0.048491117
0.8349014
0.85479635
0.844456
0.85121363
0.059756637
0.038538262
0.03613485
0.050802447
0.07921182
0.13442564
0.94378954
0.9321753
0.9272159
0.1395578
0.11426061
0.13605638
0.18413506
0.78905183
0.17381895
0.12306754
0.09251403
0.060242645
0.039227296
0.036104664
0.05070442
0.087066635
0.110891454
0.8650405
0.9353913
0.92289853
0.82488674
0.920749
0.930635
0.8808665
0.93006647
0.9316333
0.9197772
0.87093073
0.85463715
0.8946278
0.81498724
0.8191995
0.8349343
0.81739724
0.90811294
0.15105686
0.1008743
0.06045818
0.07750097
0.082157515
0.08549752
0.12209199
0.21968886
0.2978739
0.8619069
0.8986477
0.84806657
0.63762426
0.666779
0.7882759
0.7048284
0.6989864
0.13941784
0.110606864
0.17899144
0.6578812
0.8794717
0.9027558
0.79389215
0.7292329
0.68932956
0.6408181
0.5948019
0.5968079
0.16277057
0.14877652
0.23238839
0.7103999
0.32438156
0.32740825
0.7109741
0.28234795
0.19006108
0.20346099
0.44429526
0.2240947
0.48938662
0.3583405
0.40167978
0.5494141
0.9270355
0.9196347
