0.34727073
0.3598236
0.44736794
0.5855051
0.79954815
0.8200493
0.7363455
0.6855533
0.5219208
0.539784
0.58069783
0.8065151
0.8418231
0.83168554
0.78796506
0.7452139
0.7257808
0.7238005
0.72280467
0.68310165
0.6933631
0.7262307
0.40969524
0.3672077
0.29023626
0.18364364
0.15069818
0.1278167
0.13715784
0.16475114
0.17238577
0.114788406
0.09810557
0.093248315
0.08077972
0.090660796
0.12158654
0.22501661
0.9336836
0.93467116
0.87855965
0.107839845
0.050953217
0.0470996
0.05846102
0.07093477
0.8742017
0.9164307
0.077361785
0.033384245
0.02242899
0.024791563
0.038900238
0.10300832
0.9506287
0.88959605
0.8565731
0.9569426
0.8999609
0.89043885
0.92275035
0.08623003
0.03336779
0.026386706
0.02526347
0.04828424
0.081255004
0.89413697
0.88120276
0.05816161
0.032837715
0.04430447
0.057366982
0.12391362
0.85947037
0.10838217
0.038110953
0.03522124
0.065727375
0.093567885
0.9608223
0.9445189
0.9182188
0.050864093
0.025060324
0.024965657
0.023275176
0.030097775
0.04138325
0.050253436
0.052974936
0.052906916
0.046017203
0.053323608
0.048423555
0.04162679
0.0500053
0.07312514
0.11351422
0.84527886
0.83754385
0.85899794
0.15059581
0.0870567
0.08035118
0.11306512
0.20720465
0.81208545
0.24313265
0.097953424
0.08132328
0.08700037
0.052267514
0.06802033
0.1527204
0.25523043
0.8773869
0.83782846
0.813964
0.8131571
0.22239539
0.14736995
0.07620488
0.067721754
0.06522748
0.049685504
0.068818845
0.16510789
0.84921634
0.82073474
0.83223796
0.2169992
0.0981131
0.054153096
0.05264191
0.07907315
0.083388105
0.07600473
0.08485815
0.09354085
0.09245708
0.0855618
0.09017725
0.12412045
0.8412909
0.10003853
0.106229976
0.10962781
0.19693221
0.9038979
0.39571163
0.38686457
0.42369893
0.9257767
0.92421156
0.08573451
0.032872986
0.030061508
0.04481114
0.7818449
0.88792855
0.90961224
0.9141454
0.9076743
0.92274433
0.24163406
0.1622284
0.755517
0.1403338
0.203699
0.8977259
0.9231906
0.21015573
0.16734432
0.115241334
0.7482308
0.098643586
0.088078834
0.124568835
0.7355237
0.31560376
0.8909196
0.18055075
0.09617541
0.0914713
0.09335594
0.08720536
0.114635475
0.24545932
0.26006645
0.3064839
0.32561326
0.31979868
0.3050307
0.24674246
0.87220067
0.76082784
0.73661464
0.776527
0.86893517
0.8807608
0.80499864
0.85516155
0.8629632
0.16309336
0.14502895
0.16081788
0.18030205
0.1922944
0.18561912
0.15948308
0.7540571
0.7308219
0.8021394
0.81498706
0.84528375
0.6829526
0.7550247
0.75613654
0.8037929
0.877053
0.88353926
0.8701645
0.8526468
0.8783807
0.8643497
0.8709262
0.86041653
0.87445873
0.8557326
0.8731473
0.8814868
0.9019987
0.8993208
0.8640955
0.8375819
0.2570846
0.19936897
0.16317134
0.13692161
0.13282943
0.14277937
0.17206123
0.2327968
0.88285786
0.86815053
0.9032825
0.8996628
0.8466325
0.7158456
0.7744264
0.74661684
0.72035354
0.29642096
0.22854002
0.137484
0.111634046
0.11717055
0.12321131
0.13327725
0.19740136
0.69539326
0.6929489
0.71812207
0.74684995
0.7559973
0.7058252
0.6459329
0.60602915
0.5847552
0.57311034
0.6043232
0.6698354
0.7008976
0.78581595
0.34629497
0.29008043
0.24549598
0.19721697
0.17563634
0.15787828
0.13941798
0.09950075
0.099690825
0.12612501
0.1235792
0.8773139
0.81467783
0.7985345
0.80584604
0.8509912
0.8481653
0.8409139
0.8851316
0.91102153
0.9126133
0.8874822
0.80682063
0.8086585
0.86125314
0.8860868
0.1301148
0.086783975
0.19979797
0.24199933
0.20207743
0.8593947
0.7734463
0.05513054
0.031876504
0.0333053
0.08879643
0.10613946
0.12094996
0.14049347
0.9317834
0.1284919
0.058788706
0.029873064
0.046478268
0.048972588
0.03340062
0.0639178
0.9645728
0.9605128
0.96394897
0.9506956
0.956746
0.083137326
0.054120637
0.043684185
0.032524306
0.031814743
0.053031474
0.0896331
0.9238923
0.92275286
0.17767392
0.09657137
0.054351747
0.04807592
0.088041514
0.12974337
0.124893345
0.84234923
0.1263136
0.12063264
0.12305227
0.11596412
0.1289897
0.7899433
0.70415175
0.80383795
0.6782498
0.5525915
0.5581201
0.58772415
0.11905504
0.09117528
0.10857283
0.67959666
0.17742595
0.14009799
0.1654677
0.13070373
0.13369808
0.23404579
0.9340151
0.9179621
0.873358
0.9092262
0.8949015
0.8189802
0.8166489
0.15911794
0.078920856
0.06489921
0.070148475
0.13932836
0.28154874
0.713103
0.6774439
0.1679069
0.1013272
0.13632323
0.20385106
0.2456722
0.23896086
0.20200089
0.19075485
0.3467759
0.46464416
0.4612659
0.52133566
0.38157248
0.29541853
0.19730315
0.15382618
0.16856252
0.16611022
0.16515866
0.26027766
0.39192078
0.59327453
0.6970162
0.60739845
0.7023635
0.55521625
0.5819024
0.09708502
0.12636238
0.15608658
0.14712238
0.14868605
0.13688509
0.09217564
0.08175225
0.09640863
0.7887371
0.833431
0.211221
0.37835643
0.4513758
0.49961272
0.90273875
0.19784681
0.23860535
0.8396711
0.86006165
0.22335926
0.1394182
0.050760865
0.035823576
0.041614503
0.915442
0.9256092
0.9457802
0.9349015
0.94714963
0.063435964
0.04745979
0.03460485
0.07908071
0.15268086
0.874069
0.81344944
0.6463987
0.72210073
0.76990795
0.28746173
0.20830038
0.79583925
0.20157528
0.17714338
0.14923821
0.11173013
0.7739399
0.75059855
0.16990995
0.12531905
0.11608413
0.0957771
0.09205061
0.096442714
0.1103928
0.121964544
0.1881294
0.88179034
0.8403142
0.7758256
0.60379076
0.7110865
0.69427764
0.6758577
0.12170845
0.12951797
0.12740153
0.17968509
0.20498528
0.2865667
0.35084078
0.35251978
0.3395088
0.7830581
0.7186693
0.6797145
0.6490148
0.65760046
0.5723083
0.12972869
0.14851712
0.77018934
0.1100699
0.08675409
0.084690064
0.11952759
0.76035064
0.21712048
0.06355563
0.042661633
0.03922102
0.039988
0.057036024
0.10218318
0.9273686
0.083688565
0.101683594
0.09404251
0.06412247
0.051350534
0.09519568
0.9504065
0.9270935
0.9236689
0.9325439
0.10599292
0.029998207
0.020749241
0.021359928
0.032606546
0.05357894
0.8383692
0.14128798
0.043222282
0.054873154
0.13738026
0.8495363
0.17101842
0.056638565
0.03486488
0.03055999
0.028313326
0.02933437
0.06203021
0.07973918
0.90943587
0.8447025
0.89026016
0.044082846
0.028607106
0.021704955
0.023057358
0.054916758
0.071795866
0.08294398
0.11256201
0.8666085
0.9018427
0.92481005
0.9155435
0.86944455
0.85330236
0.81485635
0.106787086
0.11080862
0.115365736
0.11864324
0.09086636
0.04665743
0.09856534
0.9207816
0.94778544
0.9400409
0.05743553
0.03217502
0.082892485
0.121084824
0.12580007
0.09053707
0.059766863
0.0494211
0.07593269
0.15472148
0.85207003
0.28148913
0.19775724
0.1543419
0.09979582
0.101045564
0.17875609
0.77445126
0.80320185
0.86957127
0.8226975
0.69897366
0.61410284
0.14227162
0.1464119
0.24235108
0.2194598
0.20436881
0.20811951
0.6362746
0.27136856
0.23346533
0.27704787
0.6777901
0.76015043
0.65497786
0.75095445
0.6647618
0.76368386
0.7062705
0.8397811
0.836259
0.74266386
0.11754796
0.106016375
0.09360046
0.082812786
0.09553758
0.12783134
0.846874
0.8949205
0.84601617
0.16889201
0.13105002
0.13912453
0.20847018
0.23536423
0.18555072
0.69983345
0.82265353
0.8860448
0.5656737
0.55150855
0.47752157
0.4039519
0.3380089
0.26418722
0.771284
0.68584496
0.6426025
0.52497256
0.5904927
0.6859418
0.8476747
0.8258776
0.6531146
0.29498792
0.34449667
0.3544071
0.3953172
0.44833902
0.49181294
0.8233345
0.7946394
0.7157678
0.69205445
0.32207564
0.29371372
0.2592566
0.5277228
0.6087302
0.743896
0.6456028
0.37351137
0.24080685
0.19006464
0.22058193
0.82511944
0.9024982
0.92966986
0.9088548
0.8480693
0.898371
