0.858474
0.80645484
0.7695582
0.8119965
0.78668016
0.8873676
0.7924482
0.76386595
0.06971917
0.080479145
0.056827158
0.045715004
0.04538961
0.0570354
0.06576799
0.086476855
0.10304978
0.19055425
0.9364046
0.81312484
0.056311987
0.03240865
0.03668541
0.029944453
0.037880894
0.029212946
0.027496513
0.03649002
0.08237414
0.93068796
0.95167166
0.9638121
0.8833145
0.8292057
0.90714985
0.04844676
0.023637317
0.016772572
0.015889494
0.016232822
0.028898869
0.9436081
0.9391337
0.9729523
0.9730598
0.9543699
0.920244
0.03444461
0.018877616
0.016097004
0.016865576
0.020740382
0.06357301
0.9439327
0.9193142
0.8498834
0.044329695
0.02273903
0.018991234
0.023660053
0.027666587
0.026988968
0.028143335
0.05360758
0.12853396
0.9587972
0.9351431
0.8476924
0.09620233
0.04080275
0.032782923
0.036563545
0.048462845
0.07826402
0.069274254
0.0573043
0.080161035
0.15229155
0.7590267
0.1743949
0.101352505
0.090001374
0.17954387
0.15541919
0.08734958
0.084718116
0.118744396
0.85835755
0.81937605
0.13833995
0.102809146
0.12009584
0.20237991
0.9318652
0.93320566
0.10955995
0.047065772
0.06188181
0.8540672
0.9449888
0.96111214
0.09788455
0.03115848
0.02089391
0.01902019
0.018731857
0.018641124
0.019522656
0.02257527
0.03305389
0.07270821
0.93446934
0.8585141
0.44555157
0.8341812
0.30897892
0.8957119
0.8234248
0.95393145
0.95796204
0.9549927
0.9168026
0.8335518
0.23780239
0.8685666
0.33593363
0.92613363
0.9233482
0.06576956
0.03687752
0.03458513
0.027731968
0.026457392
0.028004833
0.027838627
0.02955162
0.035595026
0.05624779
0.9087673
0.9562977
0.957397
0.13682184
0.17803983
0.13257988
0.7939086
0.08603826
0.057185512
0.06709393
0.79912204
0.083325915
0.06423174
0.85939306
0.96156055
0.96320707
0.88390064
0.08103408
0.0756291
0.8472644
0.08364927
0.03733063
0.041898716
0.06072886
0.06837034
0.07049389
0.09654808
0.79716295
0.69115216
0.061504614
0.05030322
0.08148582
0.14756028
0.8943527
0.20384854
0.15766194
0.1077591
0.13803062
0.76677793
0.84470356
0.7502758
0.07366062
0.05005084
0.0818281
0.17049268
0.9092448
0.8604763
0.22348045
0.046752512
0.03458265
0.040168803
0.9258787
0.96879923
0.9723442
0.9548217
0.07667036
0.030777426
0.05087434
0.05842288
0.7793343
0.7347992
0.7595625
0.19416688
0.30249405
0.21168827
0.20770213
0.89449775
0.9447575
0.94052434
0.7986656
0.9302767
