0.2640518
0.12725936
0.10652033
0.11195781
0.1042013
0.8566136
0.95449924
0.9676646
0.09734273
0.031901035
0.021439437
0.02001029
0.020345159
0.022124752
0.034962855
0.88768435
0.053852785
0.023970181
0.01918525
0.01933925
0.028360117
0.9352695
0.9347331
0.95750386
0.9815123
0.9755637
0.92290324
0.94751394
0.034238424
0.027776428
0.02044805
0.023142051
0.04417273
0.92215246
0.919446
0.07050564
0.03695323
0.045637805
0.8284981
0.12533914
0.041743543
0.029499747
0.08773556
0.7472131
0.94694895
0.95987153
0.9284155
0.74482805
0.060659084
0.02941274
0.03181009
0.062162492
0.7901749
0.80963546
0.8526272
0.10115565
0.064429834
0.08044289
0.114557914
0.24557914
0.1348898
0.09306662
0.09669511
0.18896832
0.8647364
0.6732251
0.09009386
0.1173078
0.6331975
0.6103754
0.7783724
0.90711296
0.916761
0.1485986
0.17693198
0.69871366
0.6745769
0.085018136
0.13110948
0.12803634
0.14337197
0.1808252
0.9217545
0.8952168
0.76522124
0.80936396
0.10966335
0.063197926
0.046114974
0.05912827
0.078325845
0.11543563
0.79148734
0.9359829
0.9514186
0.104039915
0.05146827
0.05089196
0.07089404
0.80537826
0.056339286
0.036954686
0.03426503
0.0401605
0.07092207
0.041093964
0.036296956
0.035926186
0.034985043
0.034481913
0.03490518
0.03973372
0.061521098
0.7847154
0.9445928
0.9305877
0.15931082
0.15197662
0.11276175
0.86544055
0.056352224
0.027899437
0.02188731
0.022429531
0.044988174
0.9501221
0.97640944
0.97570693
0.9634902
0.03793567
0.018658962
0.017335257
0.020929335
0.04721809
0.897492
0.24335016
0.22910495
0.31252685
0.94058025
0.8570456
0.910938
0.052882046
0.029376201
0.03825263
0.05364901
0.11047691
0.1549383
0.8896664
0.7221938
0.71668494
0.1605975
0.058654264
0.05887274
0.09715251
0.124265365
0.85408705
0.84450257
0.86518973
0.88666725
0.2982498
0.3040295
0.21614254
0.87988156
0.8381309
0.8419886
0.8196163
0.10141452
0.05371252
0.042665914
0.050654136
0.050655458
0.07239574
0.07773889
0.060052834
0.10270343
0.1669241
0.35082486
0.4168164
0.9177033
0.7513644
0.7581275
0.85533714
0.20414785
0.1438653
0.09539416
0.09464952
0.67835367
0.099148914
0.07558364
0.12369481
0.2119726
0.14803718
0.13943696
0.23756987
0.8337033
0.21746792
0.19821553
0.14236481
0.12126728
0.09339208
0.13537255
0.16749737
0.18850708
0.13022697
0.17154855
0.1566896
0.12959093
0.13371302
0.18828331
0.3527297
0.8477158
0.83938026
0.69686484
0.62431145
0.7243231
0.58251536
0.060260363
0.05842161
0.10955575
0.69814885
0.82244825
0.0699179
0.049979664
0.03650344
0.026388498
0.021057943
0.020120047
0.01964718
0.029066954
0.92076397
0.7304829
0.9787988
0.9752828
0.90477216
0.8624486
0.83668983
0.03330285
0.02566776
0.03030387
0.060362987
0.042630732
0.05893314
0.1397309
0.17958255
0.13409191
0.107272975
0.104863636
0.7957215
0.83403385
0.71103114
0.7467334
0.8384276
0.64287513
0.652845
0.6619563
0.724725
0.7364045
0.9471812
