0.71947247
0.14900927
0.0852667
0.0724992
0.136971
0.8764412
0.18749534
0.117921405
0.687747
0.68213516
0.68231213
0.71360767
0.09846179
0.041315444
0.0745131
0.106407315
0.17120503
0.38623682
0.8746739
0.543905
0.44615522
0.19112594
0.16716804
0.18566944
0.278242
0.29468253
0.17018083
0.12603894
0.119587466
0.62580436
0.69490004
0.8884374
0.90931565
0.33631504
0.14437382
0.1432698
0.17188987
0.28142428
0.7592746
0.5191565
0.3829705
0.27452502
0.33367637
0.52116776
0.74011916
0.8056212
0.54541916
0.4423778
0.664811
0.31923422
0.30563244
0.37208363
0.21859021
0.2078187
0.23308304
0.4188739
0.5854189
0.8519791
0.8835292
0.82886714
0.6085238
0.69474405
0.21568054
0.13880044
0.11888278
0.14915214
0.5574043
0.43103275
0.79902494
0.29570886
0.1572813
0.08887978
0.10437232
0.08389636
0.06523221
0.07859938
0.086239904
0.09575294
0.1427591
0.81648755
0.8841428
0.12931466
0.05913615
0.042358283
0.051713854
0.076348566
0.05176193
0.045947637
0.043532506
0.046041455
0.055384587
0.103678286
0.21196531
0.94175816
0.9427741
0.16334224
0.06612896
0.06930726
0.8328834
0.8551689
0.07587784
0.039766148
0.04697224
0.91748726
0.91511023
0.9628805
0.95776427
0.93282783
0.047737654
0.033564758
0.06869844
0.82743686
0.05671789
0.053905997
0.13097589
0.89578784
0.081003845
0.035943706
0.026402868
0.024203664
0.025407398
0.02875065
0.037563782
0.05878512
0.11043062
0.927176
0.93410057
0.22170685
0.076852694
0.07395379
0.72089624
0.06935862
0.047988288
0.09247243
0.11088043
0.08239408
0.075434744
0.6776058
0.70343614
0.74450725
0.8219391
0.11344208
0.08405506
0.09024869
0.07301874
0.07722697
0.12545054
0.1482729
0.91860014
0.84971195
0.9285178
0.090640545
0.036829807
0.025805412
0.029199092
0.02711671
0.024763254
0.026208606
0.06407606
0.13048033
0.9568827
0.9640171
0.06724446
0.030811692
0.02757079
0.042124733
0.033723846
0.026677
0.025146097
0.02800267
0.05073459
0.90455884
0.18277746
0.040942322
0.02586781
0.046748303
0.9334469
0.9227748
0.93318903
0.97332644
0.9731232
0.9598547
0.87231284
0.87534785
0.031458516
0.03592873
0.040074963
0.066705726
0.8880655
0.9316143
0.13543282
0.11098304
0.050728124
0.04436906
0.07009527
0.06241746
0.063976966
0.08407901
0.09522512
0.8177085
0.8834842
0.8838052
0.7939815
0.8451804
0.2166012
0.17605746
0.68780786
0.7314212
0.83209014
0.7545015
0.16189781
0.104806066
0.85173225
0.8909811
0.928139
0.9171928
0.20550148
0.11853109
0.76163834
0.12125846
0.06963639
0.06232329
0.08217421
0.11697325
0.10916175
0.11769022
0.7479187
0.69783443
0.16324873
0.106144466
0.10723375
0.15134121
0.24938352
0.34720737
0.3666531
0.6846839
0.65959877
0.66095495
0.73174167
0.19928755
0.15762958
0.13876788
0.1981891
0.65837103
0.46608555
0.58527833
0.24354647
0.27138394
0.33884695
0.22196747
0.6779572
0.7857233
0.67245567
0.57587457
0.27885413
0.19581601
0.3098177
0.4793883
0.33967286
0.2814956
0.30328554
0.54253364
0.6601596
0.49636516
0.28338405
0.5215391
0.64106894
0.6632915
0.5395704
0.20094155
0.1672724
0.24545647
0.76461583
0.72024417
0.75252205
0.86791223
0.78670853
0.8921739
0.87795746
0.7843563
0.1806652
0.118697114
0.108242564
0.11288901
0.13121854
0.23773381
0.29386014
0.51371515
0.5890099
0.6440338
0.6647843
0.83526546
