0.74174666
0.3815178
0.57452387
0.27298337
0.47698674
0.5940502
0.26594815
0.3925208
0.6053764
0.15116829
0.09207117
0.067487404
0.08772875
0.20060915
0.8862383
0.9462192
0.939323
0.8231577
0.7694728
0.71362025
0.67251825
0.09664928
0.099983215
0.15124162
0.86921763
0.9145142
0.23926559
0.19493923
0.09640362
0.11074253
0.09197998
0.88969535
0.93912065
0.9531475
0.097886786
0.036594305
0.040860653
0.05982196
0.13455631
0.881146
0.1351431
0.051787555
0.03734846
0.049680974
0.8129
0.8296241
0.923969
0.83049136
0.0860195
0.04125484
0.047806177
0.13519824
0.8549644
0.7269139
0.71522576
0.06362419
0.03214867
0.03254904
0.034944844
0.02898055
0.027791746
0.03646909
0.8430041
0.86220944
0.8981185
0.9087283
0.9460573
0.061255224
0.0373853
0.046695698
0.02706799
0.029484633
0.03989269
0.07566999
0.7750859
0.16495751
0.10060919
0.0651793
0.03774825
0.025323719
0.026184583
0.027177505
0.023659261
0.033244338
0.83641803
0.87324584
0.9685227
0.947166
0.9642759
0.91440254
0.94291294
0.0408927
0.020132607
0.019212388
0.022590907
0.020760085
0.022926478
0.04386806
0.094699465
0.18523727
0.8892152
0.94384104
0.9287879
0.10213787
0.066902906
0.07817734
0.07301926
0.0765713
0.06709439
0.78868395
0.66285753
0.6461808
0.9296409
0.94452274
0.78266263
0.832366
0.039088435
0.022785945
0.017471388
0.016423602
0.017950661
0.023647552
0.069163285
0.9424396
0.95517254
0.06740762
0.024287654
0.020254463
0.03777869
0.9507185
0.94017386
0.9142559
0.04528459
0.028425554
0.032422606
0.09031943
0.9123371
0.21031229
0.062451642
0.049456093
0.031278778
0.030180283
0.037083402
0.032917388
0.033699915
0.04019102
0.0563115
0.053336263
0.05220854
0.05686953
0.115973435
0.17926057
0.69167453
0.119367585
0.15996136
0.55505306
0.09746361
0.17763811
0.45757234
0.18199944
0.5676812
0.6757239
0.21526617
0.19892643
0.18472238
0.2307173
0.3173801
0.77620983
0.3870015
0.3205312
0.5565337
0.11312989
0.09311466
0.09451466
0.60697633
0.69326353
0.9073184
0.9314554
0.8955279
0.59497225
0.08262617
0.14563347
0.09394569
0.07556572
0.08249396
0.68837696
0.36884835
0.8923777
0.103351705
0.042706292
0.03590994
0.03484969
0.034427892
0.043480113
0.09443178
0.90655285
0.08670812
0.044031367
0.05031633
0.24709752
0.94185597
0.07186338
0.028694438
0.021656822
0.020511111
0.020635419
0.019539917
0.020853188
0.033355214
0.08479437
0.8991258
0.97446877
0.9751706
0.9721415
0.06342738
0.019151641
0.014540396
0.016753348
0.015373596
0.014323344
0.018312005
0.056414254
0.1678275
0.97734797
0.9752626
0.9722731
0.18682033
0.029301282
0.019406885
0.018553462
0.019348
0.020763377
0.022505995
0.027673047
0.04782848
0.9177641
0.82817394
0.053616777
0.02670034
0.025421161
0.025995558
0.02652919
0.028480878
0.039901294
0.093393035
0.132977
0.93027747
0.8084503
0.115310766
0.052976046
0.05057584
0.06900095
0.7212619
0.13961388
0.07905527
0.087275855
0.6864113
0.773376
0.87028044
0.7638658
0.092018105
0.05769065
0.03544735
0.02873801
0.06545533
0.7966593
0.337705
0.9048773
0.8744879
0.94354963
0.0886225
0.031127399
0.02280444
0.022751149
0.030657081
0.052298136
0.034964312
0.038979106
0.062033918
0.11076663
0.94603527
0.11293488
0.03780453
0.026931632
0.025090538
0.025223501
0.026072199
0.02655424
0.027053054
0.027566409
0.027566247
0.028031725
0.025843337
0.02623701
0.0321729
0.07824025
0.9700401
0.9782648
0.9792183
0.48846754
0.040456623
0.018378489
0.016712822
0.031328797
0.08677273
0.16739112
0.97153497
0.96071345
0.90755343
0.05137221
0.021550298
0.018391127
0.019781208
0.022970274
0.03260153
0.04827728
0.05611922
0.85184014
0.20975544
0.08487264
0.10110739
0.816175
0.779186
0.8174398
0.826346
0.74281377
0.7471895
0.10096355
0.054594368
0.055483468
0.8782564
0.9138248
0.92801994
0.86950654
0.08031017
0.040334236
0.053711656
0.0936323
0.07353658
0.0626067
0.06812371
0.06015711
0.06663753
0.13357277
0.90721047
0.8411447
0.9143606
0.8604439
0.3108148
0.6703343
0.09469696
0.11677724
0.078870386
0.092279606
0.1265885
0.7250813
0.7746443
0.20648083
0.22035606
0.23488152
0.22695225
0.65982544
0.53447187
0.55380094
0.31436485
0.34046617
0.45309103
0.3932839
0.50365895
0.87771255
0.9011286
0.863794
0.7256647
0.28589556
0.17387405
0.2302403
0.41326207
0.2989842
0.31482345
0.47194952
0.3811724
0.43983066
0.3105903
0.252285
0.5015759
0.8298345
0.8518714
0.20737243
0.12015568
0.16172975
0.2454525
0.80230635
0.7533572
0.76530087
0.85811037
0.77337396
0.8677787
0.7689128
0.8243757
0.5009307
0.10450967
0.08868721
0.115726605
0.13654077
0.55954945
0.6138128
0.8511537
0.7748398
0.882504
