0.8948785
0.7855978
0.77398306
0.82662463
0.74333143
0.80693865
0.8972724
0.86100775
0.25115478
0.18677425
0.14799316
0.16737664
0.22996633
0.17744137
0.14630926
0.4776002
0.19719741
0.17091781
0.25620654
0.22686538
0.40019038
0.36152118
0.28542522
0.47661737
0.6783431
0.6636312
0.5136446
0.7778474
0.6301221
0.67836475
0.17609064
0.13599193
0.15300211
0.81458336
0.8281571
0.12857099
0.09003754
0.089533746
0.70789856
0.88874114
0.9084974
0.7518399
0.64097774
0.11023339
0.12575355
0.102881156
0.70624673
0.70410764
0.8179208
0.15159406
0.18935356
0.41927564
0.8779991
0.82007724
0.86148643
0.5720896
0.15116224
0.14019553
0.2271592
0.35801739
0.28665748
0.5187451
0.54220444
0.17170262
0.1854601
0.3407376
0.3489914
0.3602579
0.22017364
0.61313504
0.21642831
0.19074275
0.15301527
0.6358425
0.7051374
0.6486846
0.66950554
0.87044823
0.869159
0.58108854
0.21847403
0.11072726
0.12227957
0.1144872
0.81808966
0.7760796
0.87405163
0.7982719
0.8854199
0.37759084
0.15498534
0.22908989
0.246422
0.82130814
0.68931264
0.10653545
0.0883284
0.08902342
0.09346842
0.08860592
0.07458256
0.06926007
0.061771158
0.6520196
0.61380595
0.56796795
0.6092746
0.7147277
0.8427619
0.38309428
0.5171053
0.7984749
0.046785034
0.03439988
0.053761218
0.025250327
0.02546962
0.04135743
0.94661725
0.9806917
0.98390955
0.972505
0.03282678
0.019747537
0.017109463
0.016467689
0.019912455
0.030296357
0.7406206
0.3535393
0.54619825
0.9397823
0.9390434
0.24850662
0.048680328
0.02725023
0.033154998
0.116413504
0.19743331
0.9140191
0.94201195
0.8995814
0.085916854
0.027165288
0.023172913
0.021816626
0.01712789
0.020571558
0.027124854
0.036519635
0.029871317
0.016237045
0.013793262
0.036188502
0.97201914
0.9805864
0.9819103
0.9596331
0.026193442
0.013198554
0.01177711
0.011800987
0.011671561
0.011140152
0.010783926
0.01422972
0.020741498
0.01982135
0.022549044
0.048913583
0.93644136
0.9567832
0.9586435
0.925766
0.84604514
0.091922306
0.076985344
0.049561217
0.03086239
0.030590054
0.035877585
0.059611272
0.053068303
0.085263744
0.1410528
0.19287637
0.1569436
0.17057963
0.2914938
0.42818102
0.30968103
0.23520659
0.4094443
0.18396395
0.21606538
0.28332135
0.26307395
0.20338733
0.17817725
0.15763324
0.1841122
0.11738072
0.11689585
0.6138333
0.26075828
0.15768759
0.1574917
0.7785388
0.072498284
0.06791659
0.16494349
0.8702706
0.87863934
0.07510572
0.047203284
0.027476022
0.020288251
0.0199543
0.022268152
0.021306382
0.02255256
0.87168044
0.73410255
0.97441894
0.9829296
0.95794964
0.8359952
0.8563979
0.02980466
0.022289572
0.026576165
0.033292938
0.029462803
0.0372124
0.06953014
0.07731723
0.055560436
0.046228025
0.062388208
0.7891293
0.83419716
0.77053386
0.77065295
0.83538485
0.0850482
0.06703153
0.06835738
0.8506558
0.88178885
0.95623827
0.95061576
0.06590179
0.046856493
0.06740552
0.039010305
0.033195086
0.033110775
0.057126857
0.9313866
0.95148903
0.92868537
0.931127
0.07354008
0.08013796
0.11593337
0.058950678
0.087773874
0.09007167
0.08583732
0.64762354
0.11674017
0.10128418
0.13027489
0.18246497
0.84468025
0.778109
0.88788104
0.08168145
0.044248447
0.03404956
0.025964698
0.03430768
0.85449374
0.04334412
0.020870315
0.035891417
0.95570076
0.9703499
0.9815684
0.95739084
0.95866144
0.03219746
0.019926168
0.017511377
0.017621659
0.020759543
0.04596769
0.07947305
0.11609135
0.92026013
0.097606644
0.054028682
0.04693114
0.06454017
0.8120956
0.90855014
0.85642487
0.804562
0.10607536
0.13772085
0.19788398
0.1807931
0.12874117
0.10688383
0.3449306
0.2163485
0.5873741
0.2475434
0.17002057
0.11617278
0.77496356
0.8152621
0.77091837
0.7327946
0.73392797
0.25421685
0.19533424
0.1908443
0.17253885
0.16210328
0.16950944
0.15761992
0.760333
0.74587566
0.8874262
0.89091295
0.6673385
0.10878812
0.080173574
0.10179512
0.08816787
0.9005972
0.96121424
0.9653478
0.93421364
0.088166066
0.07334083
0.06633786
0.096002266
0.7332774
0.8621071
0.65148914
0.12372915
0.08894237
0.17441326
0.10961475
0.071428746
0.10440551
0.18071897
0.12718816
0.10779665
0.08704148
0.08834075
0.6315765
0.11185451
0.11692918
0.63255537
0.67920893
0.6565689
0.115207136
0.09720424
0.15536387
0.8092958
0.72641885
0.8219117
0.9386506
0.9211959
0.6201482
0.09081948
0.070380524
0.112105034
0.7602242
0.699135
0.09328128
0.1104039
0.67622054
0.048542142
0.041117553
0.04107701
0.09913039
0.14290556
0.9372049
0.9535513
0.9214757
0.7093424
0.11595455
0.10781021
0.06476776
0.08263891
0.27149934
0.18242927
0.16810231
0.241798
0.1521429
0.079117164
0.07232211
0.066247806
0.095767245
0.8086431
0.90575594
0.917824
0.8558409
0.88435715
0.3573297
0.3468713
0.8150287
0.7123457
0.7195417
0.76713765
0.40180418
0.18034993
0.72615814
0.7437243
0.7748433
0.8972994
0.09731719
0.08110178
0.13943696
0.19096157
0.1360876
0.12595557
0.3314717
0.288305
0.22228964
0.6619842
0.81105775
0.3854103
0.19480297
0.1629533
0.80195606
0.6924176
0.62340075
0.55332375
0.12336374
0.17475393
0.3352143
0.8353274
0.8332486
0.37955543
0.4237941
0.5
0.27382636
0.25817642
0.19341771
0.22194435
0.17965794
0.26933247
0.46919507
0.2280081
0.16565572
0.21373017
0.3966148
0.361232
0.43545285
0.6502621
0.73386127
