0.8998793
0.68572986
0.2791153
0.20363529
0.15711626
0.25371367
0.42986155
0.57435304
0.8474733
0.8994122
0.8660795
0.36267206
0.26171285
0.506785
0.52100474
0.6174546
0.70233303
0.6667178
0.7093666
0.7525796
0.52537376
0.17646992
0.32184094
0.68724775
0.63239986
0.5429525
0.19636582
0.37643486
0.17390645
0.15218142
0.29161274
0.19793239
0.17777655
0.47253478
0.22649139
0.23764424
0.218465
0.17620525
0.14755462
0.11381386
0.13198851
0.2277544
0.47662288
0.45483395
0.37670895
0.37989065
0.3943925
0.25709814
0.23755726
0.22691105
0.2596034
0.31178603
0.5130777
0.21023086
0.18618232
0.2300104
0.2613598
0.3277228
0.5505196
0.19091587
0.22823808
0.18801488
0.16281877
0.30013454
0.27952942
0.15240307
0.15458767
0.11676268
0.19390178
0.2887578
0.19385417
0.101474546
0.59644717
0.57153475
0.63298887
0.7294301
0.8866276
0.84703827
0.89114416
0.8745394
0.16312774
0.12329497
0.104921505
0.10154842
0.3697761
0.56516194
0.12081253
0.2564053
0.23580363
0.5852056
0.4515835
0.15032394
0.14528115
0.18126424
0.16161464
0.17274797
0.25573772
0.72038174
0.2004877
0.14068964
0.10903238
0.096009515
0.66910434
0.2737808
0.17355941
0.12810795
0.09796304
0.09277088
0.68038505
0.38525385
0.14354616
0.13807347
0.57083946
0.6215548
0.78135675
0.66634256
0.65161514
0.68424094
0.8122317
0.70782405
0.12078815
0.08669724
0.10411853
0.7786478
0.3209501
0.0989243
0.07821271
0.08781367
0.74691343
0.8788081
0.096500754
0.06080494
0.060657956
0.080521755
0.112098455
0.8849466
0.8931791
0.23206276
0.26491648
0.70260847
0.26367545
0.85860157
0.84903824
0.8222805
0.7322751
0.22877572
0.76626736
0.2538426
0.18665068
0.7735357
0.81670827
0.091256216
0.08878997
0.06282638
0.06318958
0.09983602
0.85473305
0.11873719
0.06152579
0.051853787
0.048600692
0.05430214
0.051193267
0.05161236
0.056838505
0.067790724
0.064565144
0.07859711
0.08512405
0.08652366
0.08295547
0.08790931
0.68261003
0.088560395
0.07259902
0.076584384
0.12374089
0.8325755
0.09257683
0.069654085
0.07095974
0.06931467
0.08960992
0.12019077
0.6596584
0.69528687
0.8378961
0.71354485
0.11253527
0.1292541
0.06707475
0.035448175
0.03317245
0.044976108
0.058456834
0.92539054
0.9136915
0.90821844
0.8676388
0.8949349
0.07701207
0.052443787
0.040786386
0.04017192
0.058099024
0.057269126
0.088435754
0.69173
0.819458
0.6558567
0.15759152
0.11254112
0.102963746
0.1400855
0.15341794
0.14030918
0.20706502
0.6124486
0.6029482
0.5798556
0.1056688
0.11772998
0.30392677
0.7760964
0.7820366
0.75133413
0.71065813
0.6611815
0.6307348
0.14031993
0.10797562
0.1408322
0.7660437
0.7595216
0.8314779
0.21856534
0.19673064
0.24575096
0.21233673
0.12668815
0.10825343
0.25100458
0.47982016
0.34985724
0.46376863
0.28926387
0.28381974
0.38027596
0.38104376
0.42660284
0.40953103
0.3490926
0.40052885
0.43538323
0.47458956
0.5715133
0.65033865
0.53185326
0.374435
0.19154061
0.16013645
0.13961123
0.14692898
0.23052981
0.39887848
0.26077113
0.17420198
0.13146886
0.108305454
0.123288795
0.28340784
0.76437175
0.12253758
0.07632684
0.063698925
0.06126886
0.09145443
0.102782674
0.06519009
0.06329676
0.07622214
0.60008657
0.20111376
0.8466305
0.07358707
0.052674055
0.053152744
0.037585508
0.034328103
0.030535731
0.063053906
0.16934058
0.95781684
0.96010506
0.96364766
0.110198736
0.040779613
0.03555145
0.0315158
0.036247514
0.04558878
0.053011183
0.07256148
0.88265365
0.8669665
0.20978735
0.70097977
0.101611875
0.0917043
0.30018985
0.85199386
0.0840832
0.062036775
0.07236663
0.09284523
0.841694
0.8590952
0.7359442
0.7533105
0.88844866
0.8264885
0.9092385
0.88601273
0.79099613
0.8416681
0.10932437
0.08510775
0.08562893
0.11896033
0.1176901
0.10075841
0.077739716
0.59443706
0.62164956
0.6403828
0.4957721
0.44594327
0.418125
0.58099234
0.7718936
0.7562088
0.40268955
0.28584734
0.23049314
0.20848519
0.48611847
0.45556486
0.27933958
0.219521
0.16934222
0.14972119
0.40159988
0.6396407
0.4726421
0.6362372
0.32266715
0.26724705
0.22312838
0.20594218
0.21091235
0.2033315
0.19718733
0.3799021
0.74736536
0.5850292
0.37656072
0.45630017
0.32383603
0.34432614
0.65524584
0.17279212
0.12634616
0.1587364
0.16096605
0.100767784
0.081719704
0.17078404
0.7977073
0.9127949
0.90700364
0.65353876
0.11057461
0.11503671
0.14133734
0.778587
0.13502888
0.12868758
0.2736297
0.32016924
0.4541529
0.4729989
0.46646878
0.49917504
0.7265609
0.6702681
0.4290487
0.48372352
0.5220559
0.33074698
0.35962385
0.49680996
0.22476411
0.23785898
0.25213218
0.30578583
0.7140669
0.82355064
0.54103696
0.6929098
0.5181038
0.3842686
0.18491745
0.18453303
0.18593675
0.15034884
0.12003329
0.11027469
0.21182767
0.77687734
0.7222865
0.87888724
0.8447389
0.15617631
0.09176995
0.085800365
0.08721391
0.68554276
0.7630712
0.1798202
0.21116276
0.34065187
0.8252504
0.9260047
0.90754074
0.7787726
0.29882073
0.3752851
0.30584058
0.8946423
0.89149916
0.20201269
0.22128844
0.13353749
0.11868872
0.6067528
0.7123168
0.7061792
0.85580295
0.82424337
0.16386692
0.11405732
0.09742252
0.085017666
0.6794013
0.8263273
0.7621849
0.82495075
0.6452892
0.23733273
0.39910218
0.31815943
0.23702493
0.1439582
0.11328642
0.13307104
0.3027016
0.7108248
0.6829891
0.78438884
0.7325632
0.5752361
0.5363294
0.6119224
0.32651675
0.40296257
0.43016854
0.42189598
0.83799124
0.7449825
0.18172269
0.13953574
0.46806303
0.2050195
0.7134936
0.6281173
0.6782631
0.83295393
0.693868
0.24516064
0.48957747
0.22546686
0.45751962
0.8598859
0.84630316
0.21034381
0.20730062
0.21289214
0.2262341
0.780905
0.7744778
0.67669624
0.7281429
0.6016885
0.51068115
0.12587397
0.16183583
0.14984743
0.16300859
0.6610871
0.6649368
0.864919
0.86878777
0.6519076
0.2583718
0.12891243
0.091571294
0.110970795
0.8165747
0.75519615
0.1217807
0.14949329
0.10915067
0.08567835
0.07695358
0.090804
0.1298745
0.08033249
0.62240916
0.09463602
0.095566116
0.6691677
0.67145187
0.8781582
0.12622896
0.063470155
0.055421125
0.05270507
0.057556503
0.73486674
0.6899661
0.75299376
0.85680014
0.8022459
0.83026236
0.8954734
0.86023813
0.83345896
0.87715876
0.093706205
0.06391005
0.07006982
0.055079978
0.07724221
0.74356663
0.7022535
0.89762574
0.41014236
0.25504652
0.84081525
0.08691092
0.06576703
0.05667896
0.06053658
0.11811617
0.16263235
0.10846009
0.09880706
0.652452
0.5678928
0.11807535
0.39872122
0.38926163
0.2057416
0.2309643
0.14276852
0.09158752
0.15388541
0.33027703
0.5411433
0.34146136
0.24537818
0.2605508
0.31267303
0.26232207
0.2806399
0.2020086
0.2601484
0.30232748
0.26904744
0.21290371
0.24486284
0.55593014
0.7035889
0.65584064
0.8240198
0.74230385
0.5
0.4971478
0.60381037
0.5076709
0.5861636
0.61733705
0.3771611
0.34273693
0.33208326
0.36476472
0.34155437
0.37359685
0.42917937
0.536641
0.34876356
0.3343104
0.47921032
0.562684
0.5161353
0.54623675
0.30607745
0.1966582
0.20154515
0.13823888
0.14971764
0.1976716
0.25029188
0.46355197
0.53642225
0.36774904
0.38711974
0.79502106
0.7830276
0.6081524
0.26897553
0.3432931
0.185993
0.10893172
0.10496358
0.1933499
0.8389957
0.83444685
0.6276046
0.63268095
0.7127233
0.7381283
0.84698266
0.7938677
0.5898416
0.4635332
0.13120581
0.14496718
0.26419517
0.37779197
0.3202437
0.3699971
0.6892063
0.55599296
0.6274025
0.42758
0.3518035
0.29232606
0.23104437
0.26913798
0.2098797
0.26916248
0.34975755
0.30407205
0.27972117
0.37798816
0.43853587
0.5762455
0.43335205
0.42722237
0.27610618
0.23008467
0.31237623
0.3072957
0.5467713
0.698779
0.39555424
0.23171026
0.24353434
0.14626305
0.16594948
0.25582987
0.15313636
0.16629703
0.2603535
0.27228147
0.29935914
0.75726247
0.49704516
0.4957716
0.625216
0.25983885
0.20357212
0.34886217
0.2510297
0.33533365
0.26433975
0.2419974
0.23371544
0.55811495
0.36901966
0.6008281
0.64592254
0.64028883
0.3926129
0.54965675
0.67362845
0.33501983
0.24981858
0.31952807
0.52014244
0.56991994
0.7012655
0.63666356
0.76231396
0.69572496
0.54687405
0.5175371
0.61438596
0.8814776
