0.8770522
0.55454767
0.42164415
0.41288796
0.5129356
0.6860321
0.48415968
0.43040746
0.61497074
0.7990032
0.8559939
0.812133
0.44693336
0.42446977
0.5
0.5807196
0.4785777
0.34339607
0.35303453
0.6517592
0.2078161
0.17926197
0.49601117
0.53842175
0.2049828
0.18730514
0.187291
0.22111358
0.09681407
0.07152432
0.07419062
0.05718973
0.05412813
0.058667608
0.04458822
0.046050236
0.077819206
0.7903009
0.80978906
0.85129505
0.06108741
0.0672591
0.0739411
0.05380927
0.051314674
0.051531393
0.049439866
0.081780225
0.080655344
0.061655153
0.15749978
0.2310303
0.25321236
0.20150262
0.13071588
0.14957425
0.22295432
0.23938802
0.269219
0.133051
0.62580264
0.54221535
0.30870384
0.66376495
0.6431654
0.25012648
0.5711249
0.5405187
0.64649254
0.8500564
0.8441308
0.61350095
0.5636275
0.5
0.22361943
0.6514453
0.81552225
0.34991416
0.89441544
0.9078836
0.1774078
0.13274783
0.12191783
0.12061822
0.19197677
0.12549703
0.08166078
0.64227337
0.5142363
0.5431749
0.44289836
0.42706376
0.44146007
0.19348438
0.12040689
0.108197376
0.61726916
0.24334562
0.17924722
0.12976174
0.103774674
0.10427893
0.24084197
0.8673314
0.14266847
0.07356456
0.06656626
0.07444359
0.7334028
0.8392017
0.7426132
0.10111404
0.0741273
0.09768992
0.77015454
0.7419352
0.76777935
0.78739107
0.8462972
0.73645157
0.107457355
0.10924255
0.17109299
0.80982774
0.31149083
0.09626601
0.07408979
0.08125256
0.7923242
0.88996935
0.08627007
0.052026406
0.05104133
0.06741283
0.10903646
0.9021159
0.8968499
0.21482629
0.2501565
0.72772384
0.26886156
0.8680067
0.86655325
0.84142923
0.7518815
0.22307089
0.78428036
0.25765154
0.1759336
0.7924979
0.8347043
0.09267514
0.09878391
0.07295188
0.06690223
0.1104466
0.8730484
0.14789927
0.0826202
0.073586166
0.068046235
0.08980772
0.07694531
0.06366447
0.076583505
0.7542733
0.11048706
0.10745613
0.08075756
0.07420218
0.09559159
0.1237202
0.6359853
0.1000257
0.082355805
0.120823
0.4039473
0.5256287
0.23748788
0.19428146
0.42120194
0.41105792
0.21954852
0.21298704
0.2534135
0.30057728
0.5882033
0.31908616
0.3571949
0.59291446
0.24026474
0.19943725
0.20046914
0.22472689
0.2567906
0.37304232
0.41739663
0.28049502
0.4250848
0.7571683
0.6545562
0.17283143
0.09767349
0.081037246
0.08582039
0.08230527
0.081480555
0.09893098
0.81642413
0.7606103
0.1017081
0.07118129
0.0780754
0.10593809
0.09765173
0.08586676
0.13192044
0.6701609
0.71187323
0.6870595
0.10215153
0.13063435
0.22647087
0.84495634
0.8721438
0.8710571
0.8481265
0.79232234
0.7867771
0.11486623
0.07449927
0.095715374
0.8144938
0.79443985
0.8955632
0.09801426
0.07750511
0.09795694
0.097430065
0.07215167
0.079765
0.10500581
0.083428696
0.09638877
0.124453984
0.08758497
0.1869114
0.6513493
0.1769842
0.27575406
0.5409969
0.51415837
0.5282662
0.5798275
0.6336842
0.72233516
0.7337031
0.6943229
0.744268
0.6078025
0.114231504
0.09863699
0.102011174
0.14127572
0.82049704
0.68368673
0.10216405
0.05630037
0.053836174
0.07029341
0.12634496
0.90343034
0.09728339
0.043275457
0.032152615
0.032352984
0.045577105
0.0741746
0.046516746
0.04422552
0.055549905
0.6735302
0.18957631
0.9075622
0.06948922
0.034130227
0.038126048
0.028615138
0.033091653
0.022141475
0.039676797
0.13929752
0.9666714
0.96283364
0.9640907
0.1062848
0.034099717
0.028730253
0.028082602
0.035626043
0.05457149
0.067115024
0.08707393
0.8603036
0.85348934
0.21283023
0.7309981
0.09767993
0.07328547
0.16462123
0.84148574
0.07346957
0.04370696
0.047387615
0.06651911
0.82919043
0.8671324
0.82296985
0.8370647
0.89624286
0.8717318
0.90618765
0.87930447
0.8132212
0.86193496
0.10374923
0.07202242
0.069771186
0.08041185
0.078699164
0.064168595
0.056211147
0.7158128
0.7283752
0.7790059
0.1358983
0.10704577
0.09191056
0.42618608
0.78080046
0.5625191
0.3645185
0.43789154
0.24777323
0.22623
0.525336
0.4059236
0.27866918
0.23512748
0.22541794
0.27549225
0.42673928
0.7114624
0.5
0.6065357
0.2733457
0.20687042
0.3169245
0.31231868
0.23152035
0.23427053
0.2699393
0.55597955
0.91773295
0.8941088
0.19889797
0.1075068
0.08840118
0.08942964
0.13487777
0.0562825
0.03798283
0.056547802
0.06991421
0.034524508
0.029899953
0.07164373
0.9047404
0.963596
0.9570707
0.86951685
0.05734663
0.047731727
0.06425818
0.8881641
0.041886847
0.029108668
0.045566984
0.056959823
0.058786266
0.073731825
0.10664761
0.7760526
0.8863407
0.86399066
0.4231046
0.4162461
0.16766274
0.089732714
0.08037787
0.10768726
0.04903809
0.05074435
0.81857926
0.80390066
0.9543107
0.9515882
0.16412796
0.21543157
0.12137472
0.06890262
0.06285403
0.08852084
0.26265788
0.18180887
0.13280809
0.1246445
0.24667287
0.83257586
0.7811401
0.9013636
0.8728921
0.16310915
0.08183081
0.07072361
0.09074452
0.7185998
0.7930663
0.16743256
0.20188038
0.37212548
0.8619
0.93050593
0.9143768
0.80252695
0.24002494
0.30431086
0.26055914
0.87868494
0.8620893
0.17698401
0.19421545
0.11914609
0.09990092
0.64174575
0.8012407
0.7581913
0.88333046
0.84794515
0.12737471
0.08872174
0.07153879
0.09118828
0.76682055
0.8917041
0.8531617
0.8971258
0.73533094
0.16967337
0.30490777
0.2374392
0.18356849
0.1532657
0.12569481
0.12585351
0.64138687
0.75087065
0.7179757
0.83982
0.801175
0.63763124
0.59300506
0.71278715
0.3062851
0.37619513
0.39974883
0.39518797
0.85620457
0.7783596
0.17147852
0.14150612
0.5084329
0.20050848
0.7352466
0.6729924
0.7200764
0.8431212
0.72211826
0.26943174
0.5119851
0.20743483
0.47325358
0.85392654
0.84934855
0.21620236
0.22210416
0.2394396
0.27246734
0.8005286
0.79012966
0.68689376
0.7476504
0.6223548
0.5812528
0.6092307
0.27750868
0.2556967
0.28662583
0.70595646
0.7055187
0.90550625
0.9019605
0.75447243
0.2647002
0.11597597
0.09266444
0.11733449
0.85580486
0.8111253
0.11614685
0.121858485
0.068470016
0.056829784
0.05386089
0.06739916
0.10026742
0.06853536
0.05460611
0.05490854
0.06418274
0.742861
0.7163744
0.9164449
0.10078612
0.045771085
0.040220656
0.038183503
0.04471359
0.786319
0.7284907
0.78823537
0.9047266
0.8676527
0.9004719
0.9528228
0.9265399
0.8964088
0.9241907
0.05653822
0.029828226
0.027279356
0.02869287
0.04943103
0.8818235
0.8208526
0.9203875
0.16860352
0.0723017
0.097037315
0.053509876
0.0485505
0.052021716
0.05540693
0.093618914
0.13085121
0.07981139
0.07239907
0.67798024
0.6252516
0.10571804
0.2941258
0.3287556
0.16200265
0.1512657
0.12149434
0.099125385
0.12523495
0.17984903
0.46374112
0.2063309
0.24712685
0.55731493
0.13414761
0.13108957
0.113251835
0.66259134
0.16276433
0.08375407
0.06570457
0.08013923
0.18805403
0.21077803
0.8509487
0.8087142
0.894981
0.8797486
0.77866316
0.7591956
0.8057412
0.78630865
0.77962077
0.81128347
0.705579
0.20287073
0.2761389
0.2417247
0.74039215
0.12278172
0.1478278
0.25042912
0.61318636
0.58640856
0.23724358
0.35889003
0.34926102
0.6988717
0.20661667
0.16604948
0.16294923
0.16051206
0.19890867
0.23396449
0.25751835
0.4654862
0.29892084
0.3027193
0.37956953
0.7755609
0.75840354
0.5612114
0.46989575
0.5520278
0.46046013
0.43119532
0.39990985
0.47543538
0.76488906
0.8251911
0.6270143
0.6829459
0.8319719
0.8355158
0.91437304
0.24430054
0.0673214
0.027701572
0.02081653
0.017383676
0.021593722
0.031173786
0.018530952
0.040257502
0.97315097
0.9744232
0.97908396
0.9155556
0.044231184
0.019907651
0.015368061
0.018175947
0.02277524
0.029401556
0.047469344
0.05316375
0.08301546
0.3759713
0.7422873
0.17809948
0.10187612
0.072193824
0.04751603
0.03397834
0.041373316
0.0668561
0.85507196
0.9043418
0.8457896
0.8535074
0.076399975
0.04655938
0.05680065
0.7753718
0.06276521
0.05593139
0.024400165
0.02287183
0.05133738
0.9716693
0.97809005
0.9759376
0.9634039
0.056934804
0.028848384
0.022231717
0.02190043
0.026664082
0.024140883
0.024742179
0.041062858
0.9219374
0.8475565
0.8452444
0.87576586
0.07644488
0.049358394
0.074359596
0.092234515
0.0801897
0.06597987
0.115559414
0.73388064
0.44323188
0.8568501
0.7642972
0.87654066
0.8378755
0.7045256
0.65778995
0.70687616
0.90658313
