0.8824927
0.71851444
0.6540053
0.62530035
0.64398766
0.8137189
0.82041556
0.67802215
0.6364745
0.7703365
0.86559254
0.79343927
0.3141197
0.24778017
0.32092747
0.29204968
0.4008399
0.29477575
0.31070307
0.38967142
0.29894802
0.31215099
0.3022341
0.29358152
0.3497119
0.46348506
0.4761273
0.53206074
0.1983357
0.18106498
0.19546942
0.1562079
0.16366223
0.43464544
0.2891986
0.27061063
0.24111813
0.1947475
0.16748993
0.15632099
0.1875354
0.2881543
0.44665557
0.20401104
0.1385504
0.11480793
0.09346054
0.08433865
0.08474794
0.056958262
0.055481892
0.14065874
0.8529912
0.78647697
0.80344397
0.75601554
0.08217745
0.09427515
0.094517276
0.06872243
0.09310486
0.08913763
0.10807081
0.22774354
0.35048878
0.19478515
0.29688638
0.27028137
0.35821736
0.59636164
0.5451957
0.36211082
0.58129793
0.10497749
0.07440842
0.08990468
0.12369886
0.11381274
0.14419086
0.11286299
0.07396847
0.09982879
0.81635183
0.85695666
0.13026315
0.055003215
0.04331162
0.04636763
0.053886805
0.0606514
0.062294926
0.052335504
0.05791743
0.762962
0.7019154
0.112360865
0.2028784
0.8842472
0.86449087
0.82859755
0.7876984
0.13907643
0.23155873
0.899982
0.9232136
0.07671383
0.047747325
0.052999284
0.056759
0.06782493
0.041396715
0.039524525
0.041796494
0.050586287
0.07035481
0.054379307
0.051108997
0.065911196
0.08587375
0.046709176
0.043330036
0.04466774
0.06428911
0.889286
0.8984537
0.11781649
0.10857589
0.118386656
0.13497679
0.15805767
0.10576815
0.45900133
0.36670646
0.36442485
0.3736073
0.4424693
0.4278778
0.30763566
0.30332687
0.36036152
0.41397315
0.46624014
0.3260463
0.26437104
0.26993334
0.3529972
0.26641923
0.61083
0.5
0.22392805
0.31542954
0.13489647
0.08927761
0.07002326
0.06329406
0.1309757
0.4273461
0.8822891
0.7252497
0.706463
0.10453493
0.06932981
0.049289007
0.06268474
0.112252034
0.11802129
0.10353856
0.12309588
0.20065236
0.2504344
0.3009448
0.28322038
0.2122361
0.157078
0.14750785
0.20565476
0.34782195
0.54118943
0.30649075
0.33053133
0.3699083
0.3979512
0.42624575
0.34741488
0.38548964
0.41998973
0.45277175
0.35551175
0.32856113
0.3180575
0.20930669
0.13246116
0.105784275
0.103264295
0.09996503
0.09795683
0.08174193
0.11070076
0.14363582
0.20119518
0.73576045
0.06149197
0.04924365
0.06327313
0.042984575
0.06320722
0.07351355
0.81643426
0.87694395
0.8388106
0.08221922
0.05116784
0.048080705
0.059180494
0.06321057
0.061068922
0.061153464
0.03892034
0.03648436
0.03099586
0.034359403
0.063095376
0.8464898
0.9559248
0.9500608
0.9480463
0.038217735
0.020378113
0.019510753
0.036102008
0.03814105
0.8950156
0.91317934
0.85994977
0.9249263
0.0682725
0.04515591
0.06202479
0.049510993
0.02959501
0.032426253
0.06468362
0.82077914
0.85180545
0.89036256
0.8284158
0.07783903
0.07986995
0.056307297
0.077771045
0.085300215
0.074693725
0.7371556
0.77646077
0.22051023
0.28889838
0.2024004
0.08973775
0.086262345
0.09819157
0.11193145
0.082332626
0.089186504
0.2288151
0.80190253
0.16128737
0.077857785
0.045181453
0.04201943
0.06603886
0.82199234
0.8716689
0.83657295
0.0803223
0.07098337
0.09624809
0.13881314
0.4032219
0.15847573
0.1079628
0.06899673
0.056510296
0.0791312
0.882669
0.0773986
0.036151778
0.032771405
0.026741685
0.037928704
0.025501098
0.046478227
0.14234516
0.90836644
0.9242523
0.9461821
0.12859243
0.045943484
0.045678012
0.03779472
0.03982723
0.055109866
0.07281978
0.09937055
0.8391318
0.8451614
0.10828354
0.121478945
0.14048511
0.09706217
0.35628906
0.71917033
0.2504269
0.22065705
0.26893342
0.32884118
0.6425632
0.62976485
0.47246173
0.5
0.6273519
0.6196367
0.72831416
0.7037341
0.5679026
0.54221195
0.29679596
0.27780393
0.2780985
0.2537153
0.22417754
0.17962873
0.11912911
0.1754683
0.5287483
0.63042617
0.46205142
0.46240145
0.213375
0.2905222
0.40727898
0.3125187
0.15707447
0.105815075
0.10145213
0.097620405
0.13131377
0.15250736
0.11102544
0.55418044
0.10746057
0.11083397
0.7073609
0.8363349
0.20376012
0.3032414
0.1474274
0.62425643
0.6439432
0.6289848
0.6230198
0.13105933
0.15518135
0.3351573
0.88027245
0.88411987
0.1533987
0.11238016
0.5175838
0.21758851
0.7979851
0.10844864
0.086676136
0.14316079
0.13847445
0.110857524
0.11772734
0.18965504
0.37541208
0.59244245
0.5
0.2828111
0.34193024
0.18591842
0.36504206
0.5633234
0.5091674
0.6381841
0.4992767
0.49369425
0.27966326
0.28198797
0.32918036
0.4556844
0.6891645
0.6862103
0.5134566
0.17159596
0.1613938
0.091884024
0.08178528
0.12265544
0.05972935
0.045469105
0.7331844
0.7770798
0.9404385
0.9402886
0.16430686
0.26590997
0.1081897
0.0631948
0.07392791
0.09593744
0.14867772
0.16532293
0.14928952
0.17254004
0.24285455
0.5883482
0.5187029
0.7226483
0.6192201
0.2805353
0.18149114
0.18770157
0.28368706
0.3312558
0.57141113
0.4740529
0.5286223
0.6296755
0.5711542
0.6918587
0.6589813
0.5118183
0.5521594
0.71412164
0.6482963
0.79652673
0.7263809
0.43219948
0.35331178
0.31871063
0.31571242
0.38380048
0.71964747
0.7303825
0.89476913
0.8528754
0.37177455
0.6390716
0.0917422
0.087501094
0.10074756
0.14453664
0.10941205
0.13442521
0.08504044
0.11376139
0.18378885
0.11699163
0.076582156
0.056553695
0.051407535
0.053294964
0.07115789
0.21795356
0.22880064
0.91198224
0.88161135
0.79749906
0.77933794
0.8344943
0.12350629
0.1224824
0.12906505
0.13461055
0.92960197
0.9395917
0.106522895
0.022664187
0.015985068
0.027387997
0.95252645
0.9690656
0.98318017
0.98671466
0.97584754
0.9576592
0.030551631
0.025088122
0.03640656
0.16597067
0.9087416
0.041535843
0.02421291
0.02697823
0.046201367
0.924921
0.90977186
0.8452597
0.07420539
0.042561263
0.030950334
0.027504826
0.028626591
0.029933492
0.033197984
0.03886604
0.043433107
0.07525556
0.08421601
0.081413776
0.12835911
0.111990795
0.12340504
0.10805116
0.11771043
0.44608244
0.18328263
0.84665674
0.73865736
0.74812305
0.075346574
0.07257965
0.095171414
0.07345335
0.057604693
0.0568882
0.06234001
0.06750708
0.080179706
0.9206836
0.08221034
0.041611064
0.037724737
0.04009054
0.05343612
0.7936414
0.24262723
0.20844986
0.9412731
0.95153826
0.9373637
0.93744576
0.1878957
0.23105659
0.88568443
0.056640383
0.03714964
0.035820242
0.039448317
0.06682742
0.86635494
0.0793646
0.109514356
0.091781616
0.064422294
0.082946904
0.0658259
0.05180901
0.062244423
0.0704932
0.6993385
0.8963447
0.09935639
0.054423958
0.045683235
0.03977511
0.05084344
0.8574335
0.89202166
0.20477301
0.82446736
0.84097296
0.053811267
0.03325433
0.035787843
0.061482046
0.045975506
0.0401325
0.042552367
0.041905265
0.04665878
0.05253133
0.054437205
0.05625901
0.05273958
0.067709416
0.81342846
0.068288416
0.047918078
0.049428113
0.056757495
0.12014295
0.17461926
0.9410036
0.94884986
0.96228534
0.9557513
0.94055724
0.9393043
0.9200302
0.15120976
0.082094826
0.048728153
0.04369403
0.044039503
0.058908977
0.8682638
0.8406341
0.06418258
0.044027764
0.042695217
0.065604046
0.80359066
0.06742744
0.04627525
0.036261242
0.03973565
0.04767857
0.046944126
0.050782874
0.09257099
0.85792774
0.10678912
0.11630433
0.8794543
0.86625063
0.28357747
0.8332885
0.86748
0.07877376
0.06429242
0.07623916
0.1878159
0.2537203
0.8918746
0.6934
0.74941176
0.94604594
0.9645264
0.9542987
0.24828996
0.051493708
0.01749552
0.013867045
0.013321952
0.017716778
0.02622389
0.01787061
0.041176245
0.9712858
0.9709165
0.9768163
0.91040623
0.04016305
0.018073292
0.013150305
0.013996413
0.017176934
0.022247085
0.036707923
0.044893093
0.09444552
0.8009713
0.1606675
0.13631894
0.06222534
0.029247286
0.023874812
0.02147762
0.02616329
0.036528476
0.06829742
0.92849153
0.9234063
0.09302457
0.031331565
0.02325732
0.033917706
0.8000907
0.051181085
0.03931828
0.01787441
0.017452866
0.041715473
0.97144556
0.9774425
0.9743834
0.9646865
0.047094617
0.022102369
0.017104618
0.018000236
0.022302512
0.025195166
0.02797823
0.033316463
0.064065
0.8751557
0.8622931
0.07333631
0.04958224
0.036987033
0.04652916
0.05966502
0.048065744
0.04440002
0.044154935
0.06651591
0.09534856
0.18744276
0.2063725
0.9179123
0.9418255
0.92251796
0.82293004
0.78152686
0.9116731
