0.26151997
0.25701246
0.27269924
0.2893977
0.18661112
0.6238421
0.24210308
0.22302118
0.21020724
0.6804487
0.82363397
0.8117151
0.80704814
0.91268444
0.8974328
0.6429391
0.13080509
0.078680135
0.1133269
0.10054031
0.15157771
0.13693483
0.16894674
0.89879006
0.89024884
0.120829284
0.07688994
0.11398968
0.6948067
0.103041254
0.12549587
0.22691497
0.1967006
0.73796064
0.1048621
0.098682135
0.08833694
0.0741783
0.15957594
0.6447169
0.09175177
0.11296286
0.78565145
0.8735289
0.4094735
0.5691542
0.921379
0.07065284
0.025412701
0.018064259
0.018650038
0.025732858
0.038579613
0.9676935
0.9840882
0.9856036
0.9748434
0.034235016
0.021303123
0.020960746
0.022352926
0.02277484
0.04091929
0.81230396
0.35842216
0.5683349
0.92157835
0.8701824
0.89384085
0.14463654
0.10461484
0.63524127
0.2307812
0.780194
0.7539522
0.8101873
0.8586061
0.81945515
0.83747405
0.072020315
0.045267742
0.027513959
0.030238355
0.029905545
0.022933425
0.015244999
0.013639502
0.02205124
0.91762364
0.9825439
0.984228
0.9809653
0.026734713
0.012896455
0.010980349
0.01608519
0.032946955
0.03671897
0.045694992
0.088829435
0.13614698
0.9432062
0.84445584
0.9444903
0.9497733
0.9311394
0.118748195
0.06910965
0.23370816
0.94561964
0.963988
0.93194777
0.9327221
0.073426455
0.045365073
0.025690377
0.04245282
0.03974169
0.049388926
0.1384284
0.66244686
0.09283664
0.06459688
0.24226598
0.3426527
0.7800721
0.058564335
0.039207596
0.036433335
0.027625155
0.03738174
0.05240593
0.06854148
0.047737934
0.075937234
0.05123196
0.032507047
0.028267082
0.03847695
0.05154996
0.039819885
0.05618188
0.925206
0.0431205
0.031654503
0.0632625
0.9232934
0.92460203
0.0456826
0.02367023
0.01591716
0.011706402
0.010902229
0.01099364
0.009334555
0.013155349
0.9130258
0.6822821
0.9800433
0.98867434
0.9859212
0.9379418
0.9294391
0.02153972
0.014277356
0.014781337
0.023053586
0.015667621
0.019422768
0.03964532
0.038468998
0.02572161
0.025675843
0.041023638
0.905309
0.92291796
0.8647333
0.12854663
0.1406164
0.07962694
0.05392925
0.08114863
0.15509151
0.73129445
0.7911836
0.225339
0.11477529
0.17255324
0.5425689
0.23043145
0.16205403
0.19980496
0.2361335
0.5869269
0.77071124
0.7461183
0.75400645
0.67268085
0.70119995
0.77475345
0.22448981
0.17710723
0.15898415
0.5205759
0.5986046
0.8026585
0.51140106
0.18733792
0.35589185
0.58544344
0.7710905
0.90581745
0.091876686
0.04808523
0.032239314
0.022245392
0.041671347
0.90801376
0.030459752
0.016379477
0.03263321
0.9688849
0.9790908
0.9869075
0.9695209
0.9692588
0.028526926
0.016006526
0.012261703
0.012032867
0.015816165
0.03240019
0.07339885
0.11859472
