0.93505466
0.88125825
0.87617546
0.89315784
0.7930784
0.86339796
0.9485551
0.9372951
0.13097128
0.07701884
0.04509458
0.045189124
0.07375637
0.05843144
0.053065274
0.8233641
0.06270424
0.028468749
0.030081842
0.025627509
0.029351424
0.88109344
0.92652684
0.9449297
0.9842981
0.9829034
0.9548176
0.95515054
0.035890657
0.034996346
0.02457091
0.032477945
0.04496969
0.93148166
0.9340327
0.06310432
0.033831634
0.03839664
0.77056456
0.099619165
0.048276193
0.03855547
0.11306994
0.82673824
0.9503813
0.965291
0.94523585
0.60816497
0.12794103
0.08354759
0.08586255
0.13419871
0.575993
0.18115777
0.15813094
0.16486508
0.12923507
0.10836939
0.121736564
0.1384313
0.2577787
0.68807936
0.6552521
0.5726584
0.30574614
0.68070155
0.2637571
0.6385702
0.62185085
0.12535027
0.13024865
0.7545473
0.8652258
0.29166806
0.10506709
0.102933295
0.6564383
0.13047338
0.13442057
0.65641904
0.9210362
0.9195815
0.90387547
0.9379358
0.29529008
0.16953574
0.8499206
0.071690485
0.071684144
0.062129464
0.8297036
0.88447225
0.12147877
0.15462716
0.9278748
0.936488
0.09887646
0.06268594
0.049146183
0.057902165
0.045398537
0.05599391
0.1123776
0.7624431
0.82434684
0.8818627
0.7441242
0.59632194
0.081934825
0.06743593
0.062228475
0.059042566
0.061597623
0.8559462
0.9170185
0.17653742
0.20625028
0.11430662
0.8252441
0.06810237
0.022504725
0.015869698
0.01737376
0.030575592
0.9550888
0.9804273
0.9834511
0.9718469
0.03042014
0.019874398
0.022227898
0.043152798
0.09503593
0.91998196
0.25245595
0.24174212
0.36732623
0.94530624
0.9174435
0.9044366
0.076598845
0.04889593
0.060888343
0.08884713
0.17780532
0.83515084
0.89927125
0.19671121
0.14485358
0.31199792
0.7623127
0.07324502
0.07288083
0.10188572
0.060596235
0.04504434
0.046811692
0.059036575
0.10944366
0.89686584
0.8009887
0.8865294
0.20556438
0.13520893
0.70315576
0.091555744
0.069125816
0.08010949
0.7583011
0.08805028
0.07585875
0.06889424
0.079844065
0.7771378
0.107262105
0.14564013
0.15858911
0.1318114
0.8245508
0.8325316
0.83734405
0.9024225
0.1720213
0.11695892
0.07898376
0.072394766
0.73481953
0.08313555
0.070647076
0.076824404
0.1562257
0.61814773
0.11978911
0.19665061
0.80244786
0.22569223
0.6309339
0.152021
0.316979
0.80721986
0.77048934
0.80770254
0.80604035
0.076176696
0.051477056
0.044887524
0.04220218
0.051492404
0.07256514
0.09970302
0.0528835
0.04741102
0.10032772
0.16370784
0.08595713
0.088016726
0.16433355
0.90876764
0.8475329
0.07459633
0.046377923
0.030593827
0.022594927
0.023732848
0.027935402
0.024430443
0.028863996
0.8584626
0.65986055
0.96664274
0.97491974
0.90240926
0.84857863
0.8118932
0.84479165
0.041356336
0.034201037
0.04779865
0.08099238
0.05609055
0.08336692
0.18315916
0.17280039
0.12307643
0.09250612
0.074925184
0.8049155
0.8162546
0.26898044
0.45553562
0.51873094
0.33531457
0.22055946
0.2173528
0.29224852
0.3763313
0.91067576
