0.66258425
0.5882825
0.5620122
0.6141855
0.66414076
0.7129682
0.6514258
0.7136335
0.5932876
0.34546113
0.36725715
0.326148
0.2669032
0.33607396
0.39946774
0.1589414
0.14802393
0.17357855
0.22667363
0.20611596
0.28084183
0.42537045
0.24894452
0.23019011
0.32474285
0.15293482
0.14349778
0.21458149
0.45892453
0.61738765
0.72078496
0.3729649
0.40673867
0.2674901
0.55631906
0.17604303
0.19278611
0.15661502
0.082710005
0.06787974
0.08127223
0.09395058
0.10395134
0.12650996
0.15543605
0.16857256
0.70452905
0.09301036
0.08167321
0.08979873
0.6735476
0.21346277
0.23797166
0.25459528
0.78804827
0.10727283
0.07149529
0.09132796
0.19057669
0.7673086
0.078848325
0.052501366
0.049993884
0.06876283
0.6661581
0.7094715
0.7360596
0.8788622
0.10514998
0.06969902
0.0699223
0.098027326
0.73735934
0.07692196
0.049188048
0.042074356
0.044854816
0.06715946
0.05690285
0.035441816
0.02540957
0.023504285
0.023907177
0.023553817
0.02675192
0.057033904
0.1257973
0.9392925
0.9476944
0.15752794
0.047310904
0.032063678
0.029638128
0.04110733
0.04371918
0.0440075
0.06890658
0.068784095
0.15230896
0.74075055
0.58336806
0.20013088
0.12977567
0.09051764
0.08963385
0.12219431
0.12517327
0.12148289
0.108422935
0.14748867
0.17240256
0.18307383
0.18357764
0.74527484
0.68575275
0.6825457
0.7170872
0.770037
0.8110185
0.7987243
0.79393476
0.8018583
0.76072204
0.26966187
0.24708025
0.25237215
0.20621246
0.15694913
0.21403612
0.6274029
0.65303004
0.68625265
0.33151275
0.2343085
0.5412049
0.16714409
0.11519001
0.14030632
0.82889014
0.855584
0.7868884
0.64980596
0.123759426
0.13630116
0.24281289
0.6666515
0.41336936
0.4765797
0.86871237
0.24178934
0.065568455
0.031770594
0.018812465
0.016559582
0.018574603
0.026093248
0.022752486
0.043564036
0.93287396
0.9646559
0.9523933
0.9435993
0.932768
0.042868204
0.025422286
0.02446617
0.02292357
0.026926205
0.034245633
0.03725309
0.046125717
0.090289965
0.6988791
0.78591424
0.7458723
0.7225137
0.7163235
0.56643987
0.2490762
0.2514138
0.23937151
0.22977495
0.25225076
0.31393465
0.39650968
0.49584436
0.521405
0.5552731
0.2832094
0.24755973
0.22114591
0.1793994
0.2452797
0.32140163
0.7430214
0.77540475
0.7592234
0.76274526
0.7205371
0.6981843
0.6254615
0.086907126
0.061710037
0.065057375
0.07766099
0.7382963
0.789213
0.0844074
0.07350533
0.12269786
0.8141806
0.8567057
0.16076495
0.12714875
0.06147453
0.042343207
0.04350308
0.069185965
0.07774894
0.09741918
0.9331955
0.97097224
0.96605253
0.8618108
0.067919284
0.041559923
0.03568553
0.04670438
0.74224323
0.055138003
0.050481286
0.05700784
0.1210507
0.8710832
0.15321091
0.07228267
0.07797002
0.74522704
0.67181
0.08672044
0.0826534
0.08252822
0.13230315
0.7871102
0.710815
0.19634828
0.118583985
0.08956625
0.32953158
0.5311539
0.5214889
0.3212264
0.21203423
0.16038416
0.5248175
0.5
0.29985848
0.32080996
0.23527598
0.26388597
0.17677271
0.29617667
0.4097665
0.6554408
0.31268752
0.36880523
0.24695568
0.5615617
0.654155
0.6347686
0.78850025
0.71890676
0.47620696
0.5522193
0.51330113
0.12270752
0.12070405
0.20704256
0.35580325
0.8659118
0.87369776
0.27650756
0.13217227
0.10138719
0.16086914
0.19332497
0.82191545
0.12712392
0.1115684
0.8204413
0.7939407
0.8273458
0.8405032
0.8378086
0.818334
0.8049718
0.08510205
0.101786174
0.14162683
0.13277642
0.095420845
0.0865368
0.08729151
0.78657186
0.8592789
0.4684472
0.2439277
0.18640223
0.18352848
0.52141696
0.62558824
0.8678765
0.9055419
0.81115806
0.9347643
