0.88850737
0.90017736
0.8355658
0.8396506
0.90208125
0.8603459
0.25073302
0.21943967
0.15818745
0.20086685
0.36919525
0.22443727
0.13065237
0.6214439
0.60811913
0.6632571
0.7193753
0.5395377
0.2205226
0.22655255
0.34206006
0.6984815
0.8683993
0.8756935
0.7718344
0.7839439
0.49074888
0.5724463
0.3253375
0.28144997
0.27484852
0.8015302
0.78408843
0.31361228
0.22017951
0.19725308
0.52912265
0.66700774
0.40134516
0.18187247
0.2214208
0.2288994
0.24512877
0.860724
0.8431957
0.22638932
0.16239518
0.10942653
0.089903295
0.6431807
0.63243276
0.63886315
0.6030861
0.19803989
0.34150204
0.2126121
0.18697935
0.16450901
0.17794219
0.30217
0.24066462
0.24015814
0.13174893
0.10088165
0.6354632
0.12159762
0.09464386
0.16615403
0.60848093
0.3192912
0.14757335
0.178374
0.58215886
0.15927249
0.14065617
0.6640524
0.78759193
0.73361325
0.7017335
0.8738634
0.42579177
0.19256097
0.50271416
0.1201745
0.22023056
0.30443162
0.7505876
0.15462601
0.1771582
0.23656833
0.66135705
0.7674429
0.64561045
0.5348955
0.4900816
0.42730707
0.4452796
0.4715522
0.53358316
0.61537623
0.67524564
0.7278523
0.79549843
0.08226195
0.05583807
0.05343226
0.07146608
0.06907048
0.096777916
0.92780244
0.9404189
0.2777025
0.24781975
0.11767894
0.7869459
0.042598624
0.022462236
0.019752948
0.021329293
0.036152568
0.92304915
0.9764316
0.98192775
0.9704569
0.03456343
0.020754615
0.018288607
0.021902172
0.059175797
0.89803636
0.19766402
0.22153409
0.31408
0.93183076
0.9011022
0.922192
0.05731092
0.028038744
0.032512814
0.053544786
0.09454198
0.16231918
0.9243682
0.9294363
0.89344406
0.18627045
0.10403482
0.061923496
0.031044692
0.016215274
0.015174968
0.015121237
0.02709404
0.028999105
0.026669707
0.02499988
0.87779385
0.9649625
0.9774465
0.96345466
0.033443406
0.018049473
0.018582195
0.016286105
0.015818859
0.02000827
0.02638475
0.036921993
0.052751843
0.075308986
0.124434076
0.8704112
0.9094457
0.9085042
0.8433574
0.17838904
0.17410302
0.16517024
0.16576464
0.16897413
0.19294
0.18515384
0.37817913
0.22729956
0.20464325
0.27846217
0.4129522
0.71039367
0.67786837
0.5126076
0.44292414
0.5157276
0.46518248
0.62959176
0.6329398
0.2642373
0.1793491
0.23011042
0.21250325
0.28575978
0.45781246
0.6074101
0.5755944
0.09229264
0.07050214
0.09181391
0.09001766
0.051045515
0.046428807
0.052701138
0.028979046
0.038100947
0.10651897
0.914906
0.9113651
0.04985079
0.022981804
0.013316488
0.012706486
0.017414926
0.02009455
0.011704415
0.015856741
0.8854537
0.7026876
0.97758764
0.98290265
0.95318073
0.82276964
0.8686825
0.024575152
0.0184826
0.021148594
0.032653034
0.026997663
0.032364395
0.054618847
0.059363335
0.050015833
0.04884832
0.05409577
0.078615315
0.16691256
0.78311783
0.7749595
0.14110519
0.10169575
0.10306878
0.13841495
0.17684358
0.7812321
0.87231874
0.14649305
0.10073627
0.09426947
0.07273202
0.067501836
0.63338274
0.14449623
0.11616724
0.73564523
0.4970492
0.8529728
0.89514303
0.7806249
0.6605584
0.67804086
0.18785645
0.7903958
0.3512768
0.080371164
0.06633199
0.06487331
0.079785235
0.11440301
0.18276714
0.8016729
0.73484904
0.8059527
0.120465085
0.113398224
0.12753241
0.66645944
0.8381559
0.13340636
0.121858425
0.15694436
0.85495603
0.87358147
0.9225844
0.86747766
0.8458961
0.102952726
0.11873174
0.15579164
0.7566408
0.47486287
0.11491455
0.14195077
0.33048403
0.82037526
0.13939807
0.10569841
0.07617632
0.07898251
0.8094376
0.8936536
0.8317314
0.73568606
0.107261285
0.1346991
0.18699783
0.15814023
0.58774865
0.5645789
0.7719883
0.5924292
0.16260646
0.3089842
0.23746094
0.23449165
0.4034846
0.84085816
0.70908743
0.7857646
0.8864178
0.8883384
0.3234231
0.3554905
0.21812548
0.15560906
0.12702887
0.08952755
0.08792534
0.10424022
0.44929275
0.8380047
0.955662
0.9389933
