0.67881376
0.6651427
0.7083549
0.7693962
0.7631718
0.8298486
0.41791415
0.38528994
0.27346885
0.43694538
0.5830664
0.23449351
0.55302167
0.12248994
0.09153568
0.119432226
0.12939462
0.68900114
0.30855444
0.21499984
0.14359416
0.68415546
0.7616903
0.77564967
0.7626288
0.70558685
0.0985296
0.10431567
0.09790972
0.11381798
0.13707012
0.110291734
0.10038131
0.5598392
0.17264116
0.5939364
0.12834613
0.14386673
0.1237967
0.12076532
0.33253708
0.30698854
0.35642463
0.45339054
0.4219513
0.68168247
0.5642827
0.56043917
0.5
0.5
0.14292634
0.12383071
0.15123752
0.2231984
0.29718572
0.80438757
0.80466074
0.3162809
0.3959103
0.54714537
0.21357429
0.57413775
0.5688659
0.6139245
0.77825946
0.7935714
0.57109207
0.29664367
0.6774018
0.1462188
0.14800657
0.6027423
0.6462502
0.3877492
0.3912139
0.21868733
0.17411666
0.21274449
0.54935634
0.3442997
0.5257201
0.13370845
0.12297007
0.12907211
0.16051802
0.17589048
0.6959654
0.18112342
0.12891097
0.16728626
0.16628458
0.6283125
0.10595799
0.099052586
0.1941889
0.56306636
0.23750861
0.7884512
0.8157614
0.812063
0.7474478
0.65107
0.5
0.20296259
0.71194214
0.15179166
0.09523329
0.106211625
0.64057755
0.15489864
0.16378005
0.13542025
0.16535181
0.74031836
0.71022683
0.28884006
0.2386752
0.12971257
0.10841493
0.16621384
0.733613
0.41417128
0.12942266
0.13087194
0.70559394
0.052593455
0.038212277
0.041146707
0.035142954
0.036973845
0.85905373
0.9594347
0.96545583
0.9756033
0.9629232
0.12056339
0.039979495
0.034280952
0.046677575
0.078987226
0.715056
0.30734375
0.4315706
0.88246965
0.86474234
0.18727133
0.11822603
0.095361464
0.5980724
0.2013725
0.66291875
0.07914654
0.10563708
0.056954443
0.03331312
0.03501604
0.02847869
0.85883904
0.8663322
0.9495755
0.9687038
0.9594708
0.049721774
0.03272606
0.036434844
0.06557221
0.06584494
0.09009993
0.82552445
0.28050923
0.5256984
0.087944955
0.06032518
0.078732714
0.12135238
0.21707107
0.4039833
0.6800743
0.44221735
0.24140473
0.14721845
0.10904348
0.13545133
0.16281402
0.17228942
0.14774519
0.15740608
0.36238885
0.5436573
0.7565804
0.666646
0.76948994
0.6500984
0.4195345
0.22291464
0.16244805
0.11589856
0.092401624
0.09891702
0.1735639
0.30814603
0.30172563
0.90602136
0.8813067
0.21505097
0.09495374
0.05832498
0.049753267
0.09140424
0.6582278
0.09043001
0.14207742
0.23733051
0.8080976
0.90709716
0.11139039
0.09955114
0.0692757
0.048049428
0.04014608
0.037419755
0.054765213
0.78555256
0.7669901
0.96090364
0.9699
0.9560508
0.21764533
0.06308381
0.056224175
0.74892676
0.81308895
0.87868446
0.9221545
0.06336943
0.039595496
0.053178854
0.84556407
0.9179691
0.10722563
0.05076812
0.053920742
0.13927379
0.29244938
0.890087
0.14726487
0.08712335
0.66430646
0.120674185
0.23459841
0.23284581
0.91461486
0.9238551
0.19791506
0.07652581
0.05247521
0.07434875
0.2620328
0.6478506
0.6143395
0.5519486
0.17084892
0.21770842
0.4007355
0.2398742
0.11520466
0.07820236
0.056775127
0.084202595
0.11885346
0.8471556
0.69998014
0.08465136
0.04300953
0.03735889
0.06191534
0.0384263
0.031713206
0.03132541
0.7960855
0.8252436
0.83739287
0.9546021
0.94954467
0.88630676
0.8382713
0.8682125
0.06652366
0.07339728
0.038385447
0.03684901
0.038723588
0.048140325
0.11270973
0.7583188
0.80409354
0.85903066
0.8208601
0.65068316
0.11172556
0.08306448
0.111836575
0.17753364
0.34272668
0.79768753
0.7088826
0.5736641
0.4699386
0.50874966
0.59243935
0.6822249
0.65457225
0.7319569
0.86567867
0.25911173
0.17193955
0.096095555
0.04364928
0.044307616
0.096512645
0.16973214
0.92648405
0.8443208
0.8420808
0.856298
0.8515399
0.90952224
0.9009958
0.7911531
0.77142113
0.08736463
0.061034903
0.061074022
0.056381498
0.08587342
0.09613639
0.09845403
0.67618734
0.821732
0.8466646
0.62013
0.57581675
0.30996746
0.2984712
0.32492936
0.48368797
0.24031806
0.18718016
0.16162206
0.16523491
0.14237002
0.13177398
0.13239776
0.22232859
0.7245344
0.85935926
