0.9444709
0.9078682
0.78961736
0.8043284
0.87412107
0.8332205
0.26592934
0.20789185
0.16460153
0.2042512
0.45305222
0.19435343
0.16487597
0.22663575
0.20499669
0.23846212
0.43215737
0.26205936
0.20360704
0.206943
0.3122174
0.5038463
0.8394205
0.8377508
0.5491238
0.59793013
0.4574575
0.6967082
0.32539445
0.27423957
0.2840325
0.7375826
0.7102778
0.3883143
0.3095737
0.30281845
0.5358909
0.8192638
0.7819957
0.47769946
0.6328176
0.42753676
0.34099257
0.16196157
0.10856217
0.09793729
0.6710157
0.66945255
0.6657562
0.61149704
0.10046358
0.09278037
0.15992483
0.23477699
0.29830033
0.7496776
0.33913788
0.25149843
0.54450035
0.13092697
0.09345662
0.13336445
0.11697333
0.38645273
0.6425766
0.68915665
0.69036883
0.6508382
0.1044845
0.09614729
0.085887104
0.28012896
0.33469933
0.8566272
0.69445294
0.40692857
0.111294344
0.055095464
0.0629743
0.043442745
0.05723533
0.06608629
0.10952817
0.92688626
0.9207303
0.09335921
0.046934392
0.04862206
0.070672974
0.7714958
0.07431205
0.046623588
0.039676048
0.03810314
0.039756767
0.04108388
0.037746053
0.035399355
0.03412635
0.031606592
0.042669576
0.084844194
0.8957253
0.94492674
0.8801939
0.93754137
0.9413762
0.0648663
0.04037666
0.025691438
0.02924487
0.04798195
0.08837939
0.96984375
0.98096585
0.97960436
0.96624607
0.06466918
0.027041223
0.025857957
0.019371392
0.022423893
0.03235817
0.87391067
0.81272864
0.9444882
0.9436242
0.8814858
0.9136572
0.059546772
0.032977812
0.036587995
0.061362855
0.8439684
0.82229865
0.0911853
0.102752395
0.089159444
0.064924724
0.13893886
0.8423165
0.84879297
0.25040257
0.13661171
0.6972522
0.67006665
0.69700855
0.7727085
0.8516921
0.9113787
0.9147102
0.8818463
0.19337028
0.29288524
0.8363564
0.13055407
0.11011014
0.083365895
0.056081094
0.041927878
0.028156359
0.023586586
0.02287875
0.031456582
0.03628056
0.03183605
0.036628276
0.08080438
0.90052545
0.09898467
0.05072258
0.030868163
0.026079716
0.02834731
0.035671376
0.040594157
0.043328676
0.04526457
0.056843884
0.07608609
0.107106954
0.048927967
0.038515743
0.058995783
0.05479842
0.073322095
0.9145016
0.050425168
0.038075015
0.07838905
0.9155587
0.91340286
0.04627561
0.025956674
0.01862285
0.013721127
0.012077418
0.011771751
0.009968848
0.014121902
0.88592345
0.6651961
0.9774145
0.9865949
0.9811001
0.870096
0.8946701
0.02312488
0.01686156
0.018317182
0.029149381
0.022704145
0.027237447
0.0518428
0.052734338
0.036098655
0.031319022
0.0479314
0.85512084
0.8926489
0.8096743
0.11406398
0.12951097
0.08806405
0.0648782
0.0718901
0.12750167
0.80775815
0.8874597
0.09884417
0.05467755
0.059304673
0.062177487
0.055928882
0.05166048
0.050237793
0.74859107
0.8408331
0.8959955
0.88514763
0.88777167
0.8318595
0.84615225
0.8834486
0.7271822
0.13578139
0.22152455
0.09972983
0.087260835
0.11925364
0.075599976
0.07867894
0.7374656
0.8332578
0.77694154
0.8789845
0.07590332
0.04323662
0.03869725
0.034275368
0.06811877
0.9083926
0.030942928
0.017922396
0.038630035
0.9641481
0.97155285
0.9822728
0.95325977
0.96119696
0.031163776
0.018325387
0.015297064
0.015591117
0.02323031
0.051481575
0.098986
0.14017245
0.89835113
0.11293324
0.07490859
0.05363175
0.059225127
0.8429113
0.90660703
0.84726775
0.7547925
0.11561749
0.16204816
0.2248242
0.20198141
0.5761743
0.52498835
0.6967315
0.36513266
0.27041793
0.5109073
0.38426688
0.23942882
0.36414587
0.3867826
0.3640187
0.5299249
0.8626161
0.88469815
0.8115092
0.8524348
0.6046373
0.12369031
0.088500164
0.111874714
0.23891027
0.7496297
0.93805623
0.9377935
0.23095326
0.043887705
0.015514489
0.012964191
0.020605592
0.9320503
0.9786081
0.98371524
0.9738636
0.037579533
0.020893067
0.021489775
0.02993813
0.2650175
0.87280643
0.10914462
0.101853184
0.12696452
0.18220147
0.19559851
0.2877508
0.723478
0.8334064
0.34628704
0.24954271
0.14160141
0.13344422
0.20611936
0.15528241
0.5627978
0.4935748
0.6716173
0.6025537
0.45694375
0.37553662
0.5491179
0.6913261
0.6081355
0.6748793
0.8389573
0.89971673
0.8383795
