0.9566155
0.9197934
0.65544254
0.1563944
0.10913131
0.13690048
0.1834313
0.146516
0.1263445
0.18544038
0.14804892
0.13170823
0.15071459
0.123664826
0.114940286
0.11042639
0.17534004
0.29551038
0.8406412
0.43944055
0.31147704
0.795449
0.15186527
0.17188144
0.14489268
0.6303913
0.71445066
0.83938885
0.44153237
0.656899
0.10463089
0.12018386
0.7541659
0.87915474
0.1715795
0.06967537
0.066793196
0.07917996
0.111543894
0.19888033
0.95040834
0.93224937
0.11149123
0.087287664
0.8771809
0.8174839
0.84336054
0.91847944
0.10545071
0.11334446
0.9133548
0.9356956
0.069057696
0.040456217
0.04336653
0.042391744
0.05389656
0.039704487
0.06280004
0.10073175
0.78857154
0.27728054
0.931546
0.94913834
0.9375842
0.15384431
0.0833832
0.105212234
0.6844038
0.54503065
0.17542712
0.2231486
0.8523004
0.6628258
0.10930916
0.09485167
0.090325534
0.081065446
0.24186446
0.7821114
0.7118408
0.7472645
0.91331536
0.9174528
0.8281992
0.8839149
0.12480587
0.06852311
0.051052596
0.04764914
0.056692015
0.10291969
0.09033136
0.78680736
0.87781405
0.13056624
0.10161935
0.16240108
0.8664872
0.7973488
0.066972405
0.041045595
0.041224126
0.04649524
0.062301613
0.06936541
0.057521295
0.052201726
0.048184093
0.042062685
0.0541061
0.7221785
0.7492508
0.90778255
0.45991933
0.62059355
0.9257248
0.06112199
0.022056645
0.01610427
0.015188933
0.017111266
0.031521324
0.96565163
0.9835414
0.9852293
0.9756507
0.02824807
0.016984848
0.01676372
0.022124324
0.029225307
0.040530965
0.9011512
0.32585993
0.50080055
0.9453886
0.890259
0.93448436
0.0649885
0.03326523
0.032034133
0.05442514
0.9075402
0.8764227
0.9533794
0.93329066
0.8377732
0.058747992
0.03277247
0.03824157
0.86698717
0.9399466
0.9209559
0.9297634
0.08125925
0.10943385
0.1741071
0.811102
0.9605624
0.96679294
0.94402254
0.13429381
0.101430535
0.8317726
0.7309869
0.77235276
0.9424198
0.94026035
0.768387
0.8118826
0.042219605
0.027602538
0.02368285
0.040665857
0.034729723
0.04247966
0.046173323
0.04464255
0.11702307
0.9196823
0.061068717
0.055803917
0.06305952
0.039470658
0.027159428
0.032588318
0.033478
0.04725248
0.057081807
0.08006479
0.056728773
0.035274852
0.02819116
0.034779225
0.045174874
0.025376089
0.02578002
0.03510448
0.022939848
0.029430585
0.06940752
0.9173597
0.92348003
0.043277174
0.019716004
0.011774635
0.010556334
0.012319309
0.014127574
0.009507022
0.013863191
0.9136898
0.74889386
0.98292726
0.9896521
0.9880469
0.976182
0.8894843
0.01800506
0.012073328
0.012172544
0.017533114
0.016585998
0.019335302
0.028905232
0.03180285
0.029529758
0.031963203
0.037420467
0.05658572
0.13562647
0.8573705
0.8333889
0.1359079
0.07065732
0.053702556
0.05372614
0.086394444
0.13162121
0.923552
0.09169846
0.039229058
0.0386881
0.049396243
0.038866445
0.028569186
0.030778982
0.050372094
0.8790445
0.9585169
0.9567201
0.9579289
0.07160197
0.034836162
0.035431437
0.04707044
0.85805684
0.83439946
0.89153737
0.107742764
0.07396705
0.06642528
0.079598956
0.6948776
0.8771826
0.8198622
0.91389805
0.08159733
0.040829595
0.030662177
0.022319438
0.030574674
0.877351
0.039342098
0.029004121
0.08486693
0.97331786
0.9834585
0.98279965
0.9555992
0.9443313
0.045050103
0.022977863
0.017731825
0.017799204
0.024686275
0.045498922
0.07379272
0.101663016
0.9243836
0.081689
0.048896413
0.046093803
0.05620243
0.83635306
0.908764
0.8645577
0.79837453
0.094418935
0.12034282
0.18854752
0.17554648
0.16952524
0.19156118
0.78525484
0.1447146
0.114087686
0.41329458
0.7290021
0.58959377
0.104913294
0.071255095
0.09489582
0.20973451
0.88523954
0.90053225
0.68387675
0.12883678
0.120204896
0.09742667
0.6022026
0.12665251
0.34639767
0.8772173
0.95054
0.9421934
0.20949528
0.12809347
0.63417464
0.056031097
0.049709976
0.07737909
0.7236312
0.9099586
0.91660243
0.12575644
0.072868146
0.069532454
0.098708995
0.74617976
0.8114677
0.23281343
0.21158251
0.17604427
0.6599015
0.23533472
0.1702375
0.7001455
0.7294588
0.23372202
0.22925776
0.14315705
0.13767742
0.23907211
0.18287607
0.61994797
0.53209496
0.3143244
0.3328981
0.16196468
0.105125874
0.69673294
0.7294329
0.6646271
0.7640762
0.9043357
0.879767
0.14391384
0.066028126
0.050845403
0.060631286
0.7290599
0.74308383
0.7561893
0.72375625
0.07168269
0.053121764
0.06302862
0.07017328
0.7211374
0.7658078
0.93477136
0.9455158
0.89502543
0.1365126
0.09504885
0.14294532
0.22440815
0.19487576
0.20893152
0.15581192
0.1021513
0.7091358
0.08537967
0.07180425
0.11435337
0.089946486
0.089568116
0.7680722
0.89279175
0.9062259
0.8354802
0.8819929
0.80924565
0.8154116
0.8556879
0.78688544
0.7951221
0.814847
0.73674905
0.71246123
0.75999117
0.76241934
0.8513432
0.094623275
0.07828356
0.077117845
0.120577656
0.15627126
0.78197676
0.30541697
0.40456027
0.34992254
0.2024197
0.20054394
0.33458406
0.20710061
0.16911924
0.535658
0.51765484
0.5340544
0.8079223
