0.86844784
0.6298971
0.29049098
0.22231828
0.18593353
0.2287185
0.42561796
0.5634365
0.8376077
0.8808101
0.8439801
0.32234073
0.25179416
0.47886112
0.47757602
0.55781215
0.6842394
0.59399587
0.5942014
0.7279593
0.52259344
0.1389955
0.25975034
0.57633907
0.63327724
0.6085031
0.27578965
0.31545734
0.21178737
0.1838745
0.19644634
0.18290552
0.20718278
0.39118245
0.28391588
0.2386852
0.23171332
0.23533286
0.19984475
0.23348683
0.2888763
0.39765912
0.54871714
0.55246425
0.4836235
0.46419278
0.45927823
0.26085237
0.2271383
0.21876766
0.24056621
0.3021058
0.62633
0.23751986
0.18432303
0.20044264
0.2311241
0.32203007
0.69871175
0.24673152
0.18657778
0.13582101
0.11851782
0.170661
0.20552257
0.1257935
0.12716126
0.11880043
0.14362815
0.20348996
0.15283072
0.08661564
0.555918
0.5177937
0.6206857
0.7462037
0.87227434
0.82055706
0.88054335
0.86705905
0.13445714
0.083224736
0.08280701
0.0903804
0.1989019
0.5564425
0.1220871
0.22154553
0.2594783
0.61938286
0.57853633
0.1631861
0.113697745
0.11223565
0.09959786
0.11014461
0.17941788
0.7884535
0.17526644
0.101766795
0.083012715
0.08638101
0.7052447
0.30023268
0.1302733
0.08420187
0.0748224
0.078380436
0.7003572
0.28195682
0.116427
0.11863002
0.6527278
0.7121018
0.7913812
0.73503
0.72473305
0.71147954
0.77499986
0.6763504
0.1198254
0.0772395
0.08710733
0.7781534
0.28787443
0.10108787
0.070702314
0.13644691
0.7418153
0.8533316
0.09729091
0.057146337
0.0679703
0.11343102
0.19480543
0.87399405
0.8383661
0.29430774
0.34205619
0.74525905
0.44589016
0.802899
0.7676397
0.7825108
0.68533236
0.29389557
0.7433584
0.27678388
0.2100851
0.73444104
0.7780611
0.12179693
0.109401815
0.062129807
0.062675394
0.1164445
0.87132895
0.22611214
0.073707364
0.050616898
0.051811956
0.058857158
0.04732299
0.042260546
0.0487502
0.078817144
0.07344165
0.06678517
0.05916571
0.05966434
0.08079051
0.12968099
0.6843812
0.09038078
0.057617247
0.07226734
0.1445112
0.79779387
0.13234234
0.08095443
0.079302326
0.073811665
0.07277327
0.09075586
0.66544205
0.64982736
0.77766335
0.6315939
0.20695914
0.23618218
0.12898712
0.0941885
0.08885372
0.094944954
0.13473119
0.8442345
0.7277695
0.7342509
0.75197995
0.8122631
0.1816416
0.12217817
0.084406115
0.07623124
0.07940222
0.083870895
0.14059143
0.5940665
0.7224678
0.56233937
0.2113746
0.1505463
0.14468697
0.15983547
0.15905368
0.17192993
0.31407508
0.5261109
0.56013906
0.5560456
0.12707591
0.14710338
0.27644953
0.83657694
0.71697897
0.65609485
0.61153954
0.605448
0.58771074
0.22870347
0.1592831
0.20754057
0.77725995
0.73399854
0.7658991
0.35078964
0.24141088
0.2588226
0.26223162
0.16515666
0.17447513
0.27419552
0.40939808
0.3312134
0.4463137
0.37092137
0.3584885
0.49528566
0.5258706
0.5038363
0.44784886
0.26853824
0.28318128
0.31673288
0.391423
0.5565324
0.762815
0.6483092
0.32466117
0.15216242
0.0953633
0.08282116
0.08127716
0.11984432
0.20765167
0.146383
0.10328374
0.07234423
0.060993675
0.08184879
0.17623965
0.8512666
0.16299078
0.06787843
0.046162445
0.043822173
0.07609762
0.12939984
0.06406494
0.061932474
0.09114639
0.69231945
0.20618853
0.88192004
0.07369192
0.04200205
0.055746034
0.04185577
0.050755873
0.03409013
0.05203726
0.17233564
0.96762824
0.9495953
0.965919
0.105406016
0.027921962
0.022552554
0.021446325
0.022903299
0.028399998
0.039235827
0.071733415
0.9117398
0.8007094
0.25310373
0.7557796
0.10586899
0.06519583
0.12310586
0.8351389
0.105294466
0.044681165
0.038526576
0.078302056
0.8463594
0.8657682
0.83594894
0.84342676
0.8738119
0.8425576
0.88769054
0.87338835
0.79530764
0.82794315
0.09551447
0.050039947
0.048409022
0.08566807
0.0973839
0.09077112
0.086606726
0.4555231
0.5616515
0.6055726
0.43502006
0.40212566
0.41586572
0.5214889
0.68281907
0.69998723
0.419794
0.3687814
0.31145036
0.26207066
0.43555716
0.39384383
0.25927597
0.19914204
0.17026894
0.17312595
0.35605845
0.6689248
0.58038956
0.68170184
0.30826756
0.2559882
0.21928285
0.21449469
0.20140609
0.20040898
0.22393946
0.36107832
0.76672095
0.46604124
0.2844257
0.3152153
0.25290376
0.30244204
0.7743654
0.21190324
0.12953486
0.14587127
0.14902337
0.084661014
0.07179064
0.18557067
0.80854505
0.9268539
0.9168157
0.662575
0.072257236
0.0513882
0.083024256
0.7676335
0.24096888
0.15256217
0.16058356
0.25225914
0.5757998
0.5819373
0.5731308
0.5624343
0.68648994
0.6665307
0.40274465
0.4656902
0.5677471
0.33787724
0.34166718
0.6016384
0.28431803
0.24546292
0.25528696
0.3501591
0.59244287
0.7933764
0.56698203
0.61689943
0.58385533
0.458136
0.25960457
0.22511414
0.18120025
0.13987006
0.123243555
0.15249689
0.27574155
0.74890524
0.71347
0.8314219
0.8046839
0.19014001
0.10873433
0.10519846
0.12847161
0.6097202
0.7034608
0.19342093
0.21907745
0.3650041
0.82277334
0.8734355
0.86679435
0.78629565
0.27201518
0.23650256
0.236744
0.8153994
0.8157369
0.1912435
0.15151857
0.10540585
0.12892625
0.62716717
0.73936
0.70362747
0.80620056
0.78162813
0.1840009
0.11743208
0.10493791
0.12007213
0.70363265
0.792236
0.76119924
0.8183996
0.7303294
0.25402933
0.25678998
0.21156639
0.1880594
0.1218868
0.075441964
0.082466714
0.19786276
0.8023497
0.74970686
0.8520296
0.81567025
0.6582498
0.6367874
0.7591239
0.30986938
0.33799633
0.33227983
0.32187736
0.8660968
0.8183216
0.17635873
0.15265115
0.5644145
0.24906273
0.7777563
0.71542114
0.7435296
0.84019935
0.7679677
0.33058023
0.61999923
0.21938647
0.3546246
0.8290703
0.8276945
0.19162798
0.1874205
0.19633494
0.22142884
0.8143463
0.80686194
0.67120343
0.7667676
0.6385395
0.5808063
0.15023752
0.13374817
0.12221338
0.14051883
0.7507615
0.6970133
0.8367957
0.8443182
0.6865664
0.31786692
0.19473939
0.15002564
0.19105437
0.7928434
0.7531472
0.16234055
0.19181873
0.1360148
0.11787997
0.099830434
0.11202868
0.15457752
0.12294261
0.7447335
0.20640962
0.17667337
0.72167087
0.7388088
0.88639104
0.10853672
0.051044717
0.06367011
0.05524832
0.06339373
0.8268987
0.7735634
0.81767076
0.900875
0.86099154
0.87282896
0.90361315
0.87803525
0.8500886
0.8956705
0.120503046
0.11467004
0.11372773
0.077894494
0.08032465
0.8610924
0.78505164
0.8940997
0.53100455
0.33133367
0.841766
0.14213373
0.12509595
0.101095036
0.09429382
0.13767076
0.2489984
0.21430385
0.1985964
0.59832317
0.50053746
0.16179179
0.41560647
0.49904948
0.35443717
0.3261854
0.21938775
0.14015093
0.17041291
0.27035996
0.49571204
0.3981295
0.3024569
0.31915164
0.44650137
0.31874305
0.32537484
0.25918046
0.30223778
0.32448924
0.3827947
0.24145843
0.2637389
0.569563
0.7055854
0.5278034
0.7688276
0.71681046
0.5001094
0.47717887
0.5744341
0.4933156
0.5280446
0.61703306
0.34829453
0.30807862
0.31072053
0.3068668
0.3066081
0.42249814
0.35688278
0.4647286
0.3176611
0.30241382
0.49804443
0.49912247
0.4533597
0.46609166
0.28929204
0.18384418
0.22307415
0.1632047
0.18304963
0.23080903
0.30561706
0.4214522
0.46327737
0.3765938
0.35261333
0.70352733
0.68968403
0.48521104
0.25413954
0.34365305
0.21351054
0.15602925
0.1468303
0.21794389
0.84863573
0.8742308
0.6930689
0.70375144
0.785321
0.7177875
0.80959857
0.7654829
0.4781767
0.33748415
0.18748741
0.18219326
0.25620833
0.45549926
0.37611228
0.3663843
0.6649873
0.52216786
0.5537909
0.39079127
0.32104066
0.28001365
0.23799731
0.29321173
0.2258095
0.2910141
0.41756922
0.36774245
0.32240573
0.38606152
0.4029963
0.4944664
0.39336938
0.43199158
0.34113437
0.2722133
0.34396726
0.3293756
0.46218598
0.6222792
0.42871207
0.25430718
0.28616798
0.19251843
0.2030137
0.28129533
0.18088181
0.17878541
0.26270333
0.25848782
0.2784209
0.6716901
0.46243808
0.41103053
0.4840851
0.2744873
0.2372546
0.40110534
0.2682527
0.29366368
0.2427684
0.23327829
0.23601247
0.50232935
0.3959463
0.53714633
0.55541104
0.63514924
0.3342578
0.44243234
0.6380659
0.32718256
0.24850577
0.3024455
0.53151387
0.59400624
0.7636338
0.64548635
0.80975795
0.7870968
0.6305346
0.611328
0.6768094
0.9164083
