0.8711276
0.6589716
0.54561
0.4732283
0.46471417
0.5135592
0.6882326
0.65225214
0.68203646
0.82220685
0.8398673
0.76012
0.55523866
0.5307307
0.61987156
0.5539903
0.63871187
0.29538062
0.26413786
0.32993722
0.21452996
0.19045153
0.20433746
0.22714394
0.26202887
0.27532554
0.3132295
0.37714666
0.22669925
0.20326772
0.18420538
0.1741859
0.18377563
0.20948046
0.20644951
0.21801333
0.23693633
0.22398771
0.19396265
0.20335622
0.25668758
0.47744808
0.72399175
0.56536084
0.46332344
0.44190463
0.45961854
0.34548253
0.3199252
0.27161983
0.3369472
0.376621
0.6050922
0.42096204
0.36600536
0.30306625
0.3606151
0.3835036
0.4192443
0.22157592
0.27744016
0.2580754
0.28360268
0.35531273
0.59282315
0.30476978
0.4050737
0.40400752
0.56446135
0.7310868
0.74926436
0.37416312
0.24237795
0.18748513
0.20904268
0.4163771
0.6736467
0.61417776
0.77581555
0.7541123
0.3003881
0.23023467
0.20707579
0.2258716
0.29426366
0.22178368
0.54985154
0.21120712
0.18157986
0.21331531
0.59299463
0.15511402
0.11358741
0.10595236
0.08757495
0.09998992
0.16795896
0.80473965
0.1567419
0.09214681
0.077511676
0.07689575
0.72408235
0.27758375
0.120108224
0.07966036
0.06814041
0.06382145
0.7514904
0.8123625
0.71481323
0.6397695
0.64313006
0.7008363
0.814353
0.7313629
0.73912466
0.7339381
0.19046156
0.06783191
0.05555389
0.04704543
0.060150694
0.12314813
0.14220339
0.07815876
0.070200816
0.14104697
0.83965236
0.9159413
0.07689492
0.039260034
0.03888425
0.064564936
0.105715945
0.8920679
0.20751338
0.12384483
0.2002547
0.8357393
0.8750198
0.88193446
0.8743387
0.8732552
0.82244414
0.75720406
0.7896168
0.15675342
0.1072259
0.1567752
0.84734875
0.08063777
0.058366016
0.0410675
0.046720393
0.09557244
0.8817742
0.1570335
0.049846806
0.04135194
0.049671598
0.057227615
0.049967807
0.04074335
0.042038098
0.058417168
0.055525564
0.051598717
0.04574148
0.04556714
0.062218975
0.10340509
0.7071049
0.07138095
0.044947717
0.05528483
0.11487886
0.81310314
0.08948028
0.054391697
0.05893244
0.05794822
0.060633615
0.081376374
0.6863937
0.6461067
0.78070444
0.6399377
0.23536801
0.23971315
0.13512784
0.100664765
0.09748043
0.10473923
0.14940576
0.8353139
0.72168666
0.73002183
0.7449989
0.79834056
0.1917529
0.1192644
0.081390955
0.07154728
0.07780836
0.098446466
0.1357202
0.58028096
0.63885754
0.3522281
0.34747782
0.26360476
0.29834107
0.32715377
0.33316496
0.34756997
0.36907172
0.20677577
0.2063749
0.37302068
0.3989097
0.3163408
0.45717806
0.7758726
0.30016506
0.18926108
0.15054534
0.14762832
0.15551266
0.2377865
0.23502028
0.7222661
0.84167564
0.7420885
0.829363
0.23133802
0.16346198
0.19589825
0.18337548
0.12720916
0.7133539
0.28878364
0.16686718
0.68662417
0.8102661
0.71859056
0.73457134
0.81964046
0.20058689
0.2684285
0.7361574
0.11347075
0.10455225
0.10267007
0.11655638
0.21241869
0.87545323
0.1427272
0.12918496
0.14236805
0.08770849
0.06267717
0.072810024
0.1167437
0.8610256
0.18124293
0.07710007
0.045976896
0.03971764
0.051810283
0.11717704
0.8916954
0.09824287
0.04195358
0.032794967
0.03188068
0.04508815
0.09091353
0.053311046
0.04010814
0.038205985
0.045488693
0.080290206
0.9169229
0.060735185
0.037186254
0.044452086
0.040064964
0.047430083
0.03469502
0.059112888
0.17409788
0.9640794
0.9426937
0.96846336
0.11884052
0.028369745
0.02255193
0.019151874
0.018394388
0.020722149
0.026686149
0.0600238
0.9387315
0.9169604
0.059814606
0.028353782
0.023235591
0.02414087
0.06754198
0.90833056
0.08926098
0.03152653
0.024215648
0.04430732
0.88784534
0.9082407
0.89401567
0.89087373
0.9259829
0.8854821
0.9354063
0.91990066
0.8508655
0.89171666
0.059408687
0.032808714
0.027058229
0.03631496
0.039640408
0.03588518
0.041368507
0.11889823
0.8006566
0.8607425
0.10672718
0.06174738
0.057584427
0.19233795
0.8862602
0.9025015
0.14309913
0.070754476
0.052475333
0.039099876
0.052764248
0.084858544
0.048726056
0.036238324
0.04600249
0.07525733
0.8986319
0.9527614
0.88830113
0.21037693
0.045621578
0.029083626
0.029518278
0.04008765
0.05650527
0.7448459
0.68064755
0.17889096
0.20086694
0.25805956
0.20864362
0.87293875
0.19395244
0.28281415
0.2541318
0.10225521
0.05463899
0.059122354
0.09172803
0.045675028
0.04138964
0.10114962
0.927488
0.9653611
0.9441642
0.81950283
0.057139896
0.040774636
0.05712573
0.82770556
0.09916008
0.039939214
0.05285917
0.08341676
0.099933304
0.12218602
0.17067048
0.80742
0.88385457
0.87076366
0.6546962
0.6511639
0.1687388
0.08530229
0.09147661
0.16953686
0.080761276
0.07929418
0.8305754
0.7946288
0.93265593
0.92783284
0.14438076
0.1816177
0.09367128
0.07161361
0.072857335
0.09612478
0.1361208
0.124851495
0.12148436
0.16320737
0.6088907
0.5897406
0.4784331
0.83051497
0.79717106
0.29897514
0.16587788
0.18960471
0.24954177
0.27785724
0.35430625
0.3394293
0.3743055
0.5087709
0.47153404
0.7449412
0.7368533
0.6029391
0.6159774
0.7129864
0.64228594
0.7811687
0.78015745
0.27967855
0.2704704
0.10187458
0.06716294
0.081519276
0.16562095
0.15448542
0.19457167
0.16065885
0.096171215
0.07251107
0.7921438
0.7883435
0.81416965
0.9088821
0.116145715
0.12627944
0.11087235
0.11532983
0.11985094
0.09850324
0.07365232
0.044899534
0.035138596
0.06135406
0.21320066
0.84235513
0.74367154
0.86565435
0.87539846
0.11758414
0.064394854
0.11405516
0.11696724
0.16923697
0.18350294
0.13464506
0.1766529
0.16337588
0.05977029
0.04574741
0.03977671
0.050206713
0.09473771
0.11298305
0.8649198
0.9544508
0.95343053
0.07844501
0.024294298
0.017688109
0.021226918
0.0457865
0.06119289
0.0651764
0.08204775
0.9592017
0.94439954
0.9672349
0.9674685
0.06568133
0.034275167
0.02497396
0.024109095
0.019382138
0.019166574
0.022455309
0.047089417
0.904779
0.85734624
0.9052978
0.918534
0.11609448
0.11077505
0.0729694
0.05338324
0.09362849
0.87507546
0.7854007
0.18192755
0.23470308
0.85888267
0.07757248
0.040959083
0.0364144
0.04936088
0.03967635
0.03287184
0.033459403
0.035773754
0.04553509
0.07682092
0.93373406
0.089259714
0.033737384
0.026673747
0.024281334
0.040816452
0.9255937
0.8969606
0.8517437
0.9658688
0.9242826
0.9319864
0.96204644
0.93113434
0.8919014
0.9259548
0.049083557
0.03262855
0.030487237
0.029838346
0.054183498
0.89095426
0.06730878
0.0727305
0.056302857
0.03472912
0.045920424
0.04008326
0.036918316
0.03470108
0.038081072
0.069102794
0.9047805
0.12580991
0.09269527
0.7524599
0.7962969
0.05293216
0.07246624
0.08111019
0.04547564
0.04052111
0.0437176
0.042036533
0.044176005
0.038633224
0.038717724
0.060368784
0.08358234
0.086761534
0.10862813
0.12909108
0.14396268
0.15979259
0.1391933
0.11328363
0.1243663
0.6324648
0.6187375
0.68250364
0.82950276
0.8009969
0.8738601
0.8561344
0.7044046
0.3340547
0.32957238
0.31888518
0.7273571
0.76039094
0.64044774
0.22967358
0.20145233
0.24603511
0.26272538
0.19477324
0.22983296
0.6938943
0.25877747
0.22708358
0.3045892
0.4952527
0.6561834
0.7280845
0.26766735
0.14666684
0.1800115
0.14070271
0.16631058
0.20907307
0.2647831
0.29061902
0.2395061
0.2556021
0.35467258
0.60202926
0.72521967
0.38408306
0.32214016
0.71268547
0.2175136
0.13417865
0.13020656
0.34933084
0.43544227
0.37018144
0.1627008
0.79743296
0.8446709
0.816379
0.8881968
0.22028592
0.0666308
0.026468927
0.03209529
0.03335929
0.055013455
0.09015552
0.05105015
0.09227767
0.95866615
0.9244521
0.94336087
0.9003218
0.08491445
0.044287026
0.033315703
0.035042662
0.048331793
0.061836034
0.07612912
0.078885145
0.099239774
0.7361486
0.67687565
0.7393526
0.26397422
0.21226348
0.2780628
0.27364212
0.29547635
0.52001154
0.37192687
0.4277091
0.23573907
0.21970981
0.51511407
0.19530898
0.19371094
0.26085806
0.1661554
0.16834104
0.25353166
0.23817211
0.24217997
0.52202594
0.41370553
0.40397516
0.47177437
0.2597776
0.20607291
0.21902159
0.24379039
0.25146872
0.22206312
0.3846838
0.42358708
0.6102369
0.38359213
0.3734854
0.37747845
0.464175
0.3099344
0.5534507
0.4404781
0.27342483
0.22037527
0.26609063
0.32714573
0.437157
0.7653831
0.6505011
0.79310817
0.7502991
0.5953846
0.5828562
0.6464476
0.9117868
