0.8935551
0.7458204
0.1671586
0.090608686
0.094376616
0.14116287
0.14256278
0.20183477
0.17509952
0.13294534
0.104477055
0.10695456
0.1280562
0.108847186
0.055511985
0.037060592
0.037910726
0.068958096
0.12037404
0.9478887
0.9376744
0.9609849
0.9359472
0.14332137
0.058234166
0.023983596
0.02007102
0.022924801
0.031806443
0.0652498
0.14642419
0.9154807
0.89205134
0.1443473
0.09328392
0.042504143
0.041997112
0.10230806
0.22631694
0.96290416
0.9600111
0.96224904
0.2208619
0.09187929
0.03422753
0.031301357
0.043971915
0.074569725
0.7271415
0.70730585
0.7454766
0.75590354
0.8773183
0.8915626
0.83190674
0.8924555
0.88956964
0.80447865
0.08900946
0.05667394
0.07598473
0.072330646
0.038427856
0.034800477
0.0441208
0.06645529
0.92881435
0.92771953
0.9689307
0.9698925
0.11174055
0.05296759
0.022948414
0.018564828
0.026453817
0.042489875
0.04953324
0.07057431
0.8804799
0.85807765
0.8785845
0.90860415
0.8957625
0.8839261
0.881004
0.8787721
0.89958715
0.90251005
0.8918092
0.86610025
0.8610785
0.121635035
0.067888215
0.07019364
0.100929126
0.12022745
0.1137958
0.07419657
0.09495291
0.13612406
0.73698395
0.71526045
0.71801794
0.28285807
0.24150679
0.31638512
0.31394702
0.39898142
0.81197727
0.7796181
0.78028625
0.059898924
0.045485497
0.061590232
0.090985075
0.12984446
0.1380068
0.6977947
0.10946873
0.18904804
0.89359236
0.9160465
0.8298053
0.8251701
0.21800232
0.20274319
0.81631905
0.26226607
0.20565002
0.16631773
0.103574134
0.09434544
0.13661759
0.7246555
0.7113229
0.3184321
0.24220756
0.17169324
0.20739073
0.29586694
0.74921304
0.74919
0.76758724
0.7607923
0.7378259
0.69399464
0.3803183
0.28877196
0.22421153
0.15312335
0.18750139
0.21892859
0.2494259
0.30747637
0.7926381
0.7525051
0.7388463
0.7065469
0.6781147
0.68314064
0.66320384
0.12360634
0.097828634
0.05612585
0.035104908
0.03907199
0.07557355
0.8404332
0.88543355
0.9054637
0.929096
0.83022773
0.07069587
0.026620463
0.020818595
0.031692173
0.05625242
0.09125139
0.8444674
0.9014509
0.88615966
0.7755614
0.72594714
0.33934668
0.29806238
0.2216206
0.12345149
0.11807507
0.14435081
0.18374975
0.1844267
0.56718427
0.5711202
0.47388184
0.41217127
0.28021428
0.27472064
0.20282143
0.24081767
0.47239956
0.464383
0.23295604
0.23201671
0.45509443
0.22930029
0.22672111
0.48439482
0.2689606
0.29374075
0.3632135
0.4450516
0.73832333
0.34505787
0.2481598
0.17785424
0.1865302
0.21849537
0.2895945
0.3557571
0.8630789
0.2742705
0.16187677
0.116687335
0.08454756
0.08294457
0.13234846
0.15183237
0.8093794
0.2691863
0.0999577
0.094027996
0.6955764
0.09421555
0.05021391
0.052136175
0.06630322
0.13890631
0.20959207
0.8392689
0.10909725
0.04588289
0.039154075
0.054522127
0.087122686
0.056171134
0.04347078
0.040245496
0.04851364
0.107678235
0.14547199
0.8466997
0.69004524
0.10188339
0.100094415
0.8165263
0.82629037
0.074763544
0.05454909
0.063240536
0.13003176
0.87557375
0.83022135
0.8694078
0.10955927
0.043956745
0.041245475
0.059778076
0.8535596
0.111800544
0.08861249
0.1301124
0.89074415
0.07185026
0.033428915
0.026444895
0.02841618
0.09181814
0.960141
0.9629145
0.9690948
0.0670789
0.023492666
0.022897087
0.029001443
0.043831855
0.8947187
0.08551213
0.053644914
0.06603816
0.86923933
0.8857853
0.055291057
0.032362066
0.047224354
0.08057529
0.9368553
0.91805565
0.93982106
0.9092977
0.9336049
0.09304507
0.051340014
0.053022698
0.06687361
0.84371215
0.05424207
0.04168926
0.048760492
0.045630056
0.036682606
0.038599417
0.058044907
0.86605334
0.074065484
0.07273157
0.13201919
0.87410855
0.050676536
0.030665854
0.029439535
0.034254935
0.03666933
0.034892384
0.04340639
0.078205176
0.09125604
0.7827754
0.7425434
0.0823398
0.05992288
0.09472756
0.8332967
0.15208426
0.11022076
0.0980712
0.11379755
0.12639576
0.1508076
0.17547476
0.78486127
0.76569146
0.23449472
0.19487692
0.28283
0.35153782
0.87569684
0.838583
0.8331763
0.8789376
0.8718925
0.84709835
0.8279093
0.81063503
0.7515141
0.732029
0.34623992
0.29496172
0.28377697
0.34147108
0.811894
0.87333226
0.87386924
0.79197955
0.12236327
0.08684
0.043040752
0.057892554
0.09627093
0.18925357
0.90086645
0.87550205
0.871378
0.8463914
0.8370905
0.18030234
0.078969784
0.043457452
0.057748318
0.11391909
0.14009276
0.18942428
0.27079168
0.2617194
0.22596185
0.19868183
0.21638668
0.27898327
0.6965795
0.5841139
0.5833047
0.47041807
0.3745464
0.41803062
0.29938492
0.43902835
0.23932043
0.24536835
0.48370767
0.50592893
0.1962733
0.20852447
0.25341657
0.26879886
0.36024234
0.8807677
0.86481726
0.19488259
0.1382688
0.19075984
0.8734123
0.8520509
0.25548914
0.725375
0.7723836
0.07572746
0.07478433
0.12859987
0.13275403
0.075618446
0.047508847
0.039094254
0.04097913
0.07191731
0.0751556
0.88882995
0.79629105
0.079258844
0.05981337
0.087731756
0.9049084
0.17178093
0.046073053
0.051754996
0.9411209
0.9589192
0.96899194
0.92355573
0.9152303
0.041234966
0.0245425
0.022650043
0.022568688
0.02834793
0.02902235
0.030820498
0.034817062
0.037769686
0.044174474
0.076077074
0.8970516
0.12668324
0.08577598
0.06368009
0.04428026
0.05434158
0.6811858
0.18658108
0.75577354
0.85924923
0.121912286
0.13346973
0.11940159
0.7392202
0.8008383
0.15273982
0.10437592
0.10344054
0.13057601
0.13719776
0.2266575
0.28082994
0.15927051
0.62999517
0.5382955
0.11216499
0.12367375
0.11070014
0.16665538
0.77729684
0.18052508
0.29422837
0.6582967
0.17162712
0.25265315
0.32009202
0.7993502
0.0973785
0.12694454
0.06157676
0.05506892
0.06318245
0.067795664
0.7638472
0.7495276
0.8062844
0.9073625
0.93452996
0.45419014
0.3835749
0.93007904
0.92503613
0.9354567
0.116581105
0.04422179
0.05455986
0.04232339
0.077465795
0.844149
0.83684766
0.08214143
0.03119205
0.023997836
0.032148167
0.052039355
0.041915048
0.06906922
0.10485451
0.9420851
0.94225043
0.06614646
0.041328408
0.06454214
0.106069446
0.91625583
0.04816037
0.02368135
0.02961143
0.047865596
0.061977707
0.09426358
0.93823224
0.9293862
0.94854313
0.94024515
0.93513405
0.9417896
0.9046022
0.93412024
0.9425397
0.9395213
0.8865442
0.8991794
0.06780138
0.032890677
0.028948074
0.03219188
0.026003215
0.025579987
0.033218186
0.034347985
0.03415851
0.05355869
0.9251248
0.9300415
0.82269776
0.82323354
0.055747267
0.031012354
0.02926744
0.029362278
0.036013704
0.02923181
0.027851349
0.030567463
0.03075271
0.031398196
0.029424634
0.03983199
0.04383812
0.034095224
0.032850597
0.043512054
0.051539913
0.04173522
0.04381645
0.06307357
0.09046101
0.09378607
0.0859444
0.08851909
0.78888184
0.0841064
0.047834247
0.049658027
0.0812773
0.104952075
0.16261719
0.82477117
0.83607674
0.10722725
0.077335596
0.086011134
0.056102075
0.0701237
0.10275256
0.18785691
0.15957154
0.85288244
0.1075689
0.098169796
0.18852215
0.74555874
0.14430831
0.05693113
0.05082477
0.083217554
0.8748758
0.9164167
0.8833901
0.8708603
0.90733343
0.893965
0.9156067
0.9221023
0.91195303
0.89573044
0.88720727
0.91034144
0.9187702
0.902334
0.86179876
0.8783231
0.8450139
0.8335404
0.43714017
0.8213977
0.16416761
0.21330844
0.30032453
0.66286373
0.25486088
0.20437898
0.2357004
0.68274415
0.3127396
0.32442483
0.41654938
0.26548895
0.23125188
0.262812
0.1999041
0.1917455
0.22965598
0.4037713
0.7476057
0.88360274
0.89815307
0.7935421
0.7792193
0.3758559
0.2692077
0.15427355
0.1687203
0.27856296
0.542315
0.512585
0.2545331
0.24798329
0.5012348
0.48630276
0.33490846
0.3304577
0.4287247
0.31917524
0.3674685
0.36921874
0.6989531
0.895691
0.950918
