0.8823977
0.70821977
0.56935036
0.5333367
0.5732881
0.6368859
0.6834066
0.7340489
0.8742191
0.8986123
0.8878156
0.2878379
0.16867048
0.13317087
0.12531959
0.7358487
0.24974982
0.16955474
0.18845996
0.8832914
0.11589883
0.04387425
0.039806
0.04186516
0.045088727
0.050193265
0.06310639
0.09091742
0.053977042
0.054376036
0.08087561
0.87221164
0.056725983
0.04112034
0.043447845
0.06431001
0.86589175
0.8578465
0.048096914
0.02865694
0.026864922
0.04030356
0.10620287
0.16896287
0.9485311
0.93452036
0.8933789
0.89670545
0.06067853
0.031755485
0.034600213
0.0769778
0.8752217
0.086752936
0.07107174
0.78924316
0.87940043
0.06552234
0.044146243
0.033335358
0.05753276
0.78841084
0.098947965
0.16653118
0.90803
0.8652475
0.068327084
0.035809606
0.04166711
0.06381027
0.07924218
0.046743084
0.036718644
0.038564418
0.06585786
0.8008751
0.85308653
0.85304844
0.90433836
0.8932806
0.7736637
0.7629267
0.11705192
0.0697619
0.042345442
0.028060075
0.026783243
0.059623852
0.81938994
0.88102555
0.9144853
0.8527371
0.050221182
0.06061025
0.066550404
0.11066768
0.1512569
0.23304613
0.13940339
0.10089308
0.07139415
0.050553016
0.1077851
0.1608025
0.07801055
0.058947004
0.07020664
0.7421398
0.8156039
0.91990155
0.79738194
0.07867661
0.0408479
0.049419053
0.1665515
0.889609
0.071225844
0.038309384
0.054346945
0.033080142
0.03197702
0.032583416
0.039075464
0.06532293
0.06302439
0.04378702
0.046404116
0.08631253
0.91869545
0.94860256
0.061746996
0.031780474
0.030265758
0.047382064
0.09326103
0.90945673
0.29180038
0.14594813
0.19720514
0.9213317
0.91472906
0.9428349
0.9013176
0.9244635
0.8881076
0.8410465
0.8916542
0.15587702
0.09790107
0.16492863
0.8858584
0.072529614
0.042430267
0.03489516
0.040034402
0.08002878
0.90511507
0.12748796
0.036609676
0.028868673
0.030075355
0.03253667
0.030815141
0.028751269
0.028557245
0.030686522
0.03012728
0.032048125
0.051252544
0.86797297
0.85010153
0.081404515
0.03159891
0.025803747
0.04618861
0.92612326
0.9564597
0.9588133
0.07104736
0.026754005
0.0229679
0.023137163
0.027001359
0.034968253
0.06464075
0.84475696
0.8759472
0.16250134
0.16947666
0.8323316
0.7434417
0.11069161
0.087826036
0.10707157
0.6903993
0.17436288
0.102284454
0.121246755
0.21124224
0.8146401
0.20036462
0.10061543
0.072454184
0.068138905
0.063341886
0.04502088
0.058330014
0.08251743
0.8716822
0.78773224
0.09776662
0.049738966
0.06027488
0.85051465
0.86882454
0.9007548
0.92416483
0.08765515
0.05881941
0.15222228
0.7861763
0.06667452
0.0688033
0.122565724
0.09554283
0.0826428
0.09191142
0.11674602
0.15652306
0.7758839
0.64755636
0.43474257
0.5099043
0.50534433
0.7304072
0.5641388
0.48106128
0.7381182
0.7270594
0.26627174
0.22876093
0.3053722
0.24404941
0.30538914
0.70388347
0.64160377
0.23945707
0.28475106
0.27676198
0.31876954
0.3921123
0.69229573
0.7232101
0.7255967
0.7188436
0.4048577
0.33770937
0.17823836
0.1630472
0.17774166
0.27923027
0.21738654
0.21180819
0.30010942
0.5175737
0.34591797
0.2505147
0.3679822
0.18360192
0.21325636
0.3329564
0.37752548
0.2575354
0.21180089
0.22616863
0.46774322
0.5464587
0.73870444
0.38014096
0.24384151
0.1703984
0.14368564
0.16317
0.77674377
0.16863611
0.11292465
0.115776956
0.082658015
0.08461932
0.04002311
0.0415558
0.18952942
0.9101059
0.9190194
0.95395523
0.13702065
0.05524757
0.05278313
0.054161754
0.0592458
0.07806066
0.10648816
0.15779567
0.85492676
0.8039825
0.4099364
0.3969239
0.73691934
0.30425212
0.6232347
0.7417263
0.1836029
0.10864374
0.09360803
0.12101112
0.8309946
0.84911674
0.8008926
0.7946757
0.8380685
0.7808567
0.84988123
0.8197366
0.44749352
0.8130752
0.13814382
0.14632116
0.2504106
0.70980185
0.8517552
0.20042768
0.1334546
0.15221313
0.1500293
0.17805256
0.11311463
0.07782975
0.06474997
0.086275876
0.1345086
0.13813815
0.0873364
0.07369504
0.0780352
0.09119339
0.79771405
0.86496824
0.8330251
0.083907746
0.05699678
0.064431064
0.8134206
0.9134387
0.84722006
0.9238304
0.8786645
0.05085429
0.02902909
0.026686328
0.037818953
0.8843278
0.84807456
0.917255
0.9472535
0.93985385
0.052472293
0.042620733
0.03286775
0.06309156
0.8956339
0.7952956
0.7762666
0.80935377
0.88815737
0.07865125
0.044493333
0.08398995
0.89416623
0.94382083
0.9440399
0.10899424
0.042456683
0.04138062
0.066816114
0.863612
0.1464493
0.08295679
0.06316332
0.066867076
0.05637345
0.063316226
0.094983734
0.15280949
0.8758803
0.85086465
0.14047678
0.10846893
0.114340566
0.114017636
0.7673361
0.1507694
0.06451168
0.060413875
0.070316546
0.8072794
0.9307754
0.23049307
0.13194521
0.12860271
0.07965525
0.051760923
0.029401043
0.023407852
0.020509383
0.025675232
0.8977823
0.84865177
0.9099282
0.9798353
0.94882077
0.97424525
0.9459547
0.86883914
0.024552831
0.018981468
0.018206935
0.019785404
0.023594532
0.029083379
0.04958812
0.10195527
0.15496287
0.92347443
0.8673378
0.17699821
0.15533233
0.19190955
0.2861251
0.88071924
0.85960233
0.21761489
0.14439836
0.13152802
0.1603498
0.7041559
0.7957341
0.8105637
0.879846
0.8659557
0.1638741
0.089281484
0.09009009
0.107735984
0.804807
0.88208026
0.8583324
0.87949175
0.7797091
0.21036859
0.2124257
0.1801141
0.15766403
0.09399048
0.10117924
0.19119485
0.7415894
0.83114725
0.7331706
0.851295
0.48884252
0.31318
0.24416439
0.7251376
0.6751088
0.8484204
0.85126215
0.7422213
0.8590209
0.854756
0.12852617
0.105900936
0.114706054
0.66028553
0.29410493
0.14958605
0.123550154
0.21401513
0.17642324
0.10977258
0.75900775
0.6729912
0.81267196
0.89990234
0.90879965
0.14130011
0.13469502
0.17149334
0.8141854
0.8600548
0.86983186
0.19191414
0.19628982
0.13589273
0.11124376
0.095194735
0.09943982
0.098693095
0.1081352
0.24783655
0.25070482
0.5203007
0.8431732
0.7195278
0.787756
0.6988922
0.6586141
0.67819536
0.14318593
0.08739246
0.08735064
0.1529519
0.14742774
0.83928496
0.068741515
0.040272743
0.02788361
0.031009283
0.07756618
0.053210422
0.06201952
0.89898163
0.8822718
0.9547176
0.09183289
0.02939131
0.032171126
0.04114286
0.034145307
0.035880834
0.059440184
0.7705724
0.25867537
0.1598931
0.15546325
0.7647276
0.27799383
0.34920245
0.85123193
0.73591816
0.11668586
0.10781144
0.0556908
0.056744516
0.1275252
0.155754
0.9204238
0.32751578
0.15075086
0.2682899
0.8246407
0.8007942
0.8408813
0.07297613
0.064177275
0.10253557
0.08005654
0.07469792
0.8463387
0.8166566
0.83925575
0.094387524
0.11451504
0.07553296
0.05384608
0.05821568
0.75256896
0.703923
0.74604
0.20845033
0.1448772
0.14014968
0.71985793
0.09037518
0.090087555
0.09314584
0.080806166
0.10451739
0.13366044
0.0931192
0.077798784
0.09995908
0.2185351
0.84675545
0.7930929
0.88488865
0.9191638
0.2356406
0.18839653
0.23998353
0.3061013
0.36753154
0.86023825
0.7294628
0.72125065
0.71523154
0.076122314
0.05601118
0.061220136
0.106590584
0.87841773
0.12833357
0.07497212
0.06589441
0.12211461
0.13155058
0.90430284
0.7369054
0.7248854
0.7141973
0.7194846
0.76866496
0.060959287
0.059536517
0.078014344
0.086854614
0.08289246
0.8277572
0.88898647
0.90203327
0.15959913
0.12791148
0.18617801
0.13436909
0.5916401
0.57228744
0.65755665
0.5240616
0.48184595
0.3417773
0.3298418
0.41876075
0.67264724
0.8145081
0.7608842
0.43749505
0.16061772
0.2610133
0.2777691
0.3527838
0.6144728
0.4852927
0.50684476
0.7037326
0.62102735
0.77164835
0.2781397
0.18928933
0.13364913
0.09752124
0.120411105
0.07953723
0.093681775
0.11410378
0.0757476
0.08368631
0.109694265
0.85511965
0.20219383
0.11012505
0.12245216
0.16306
0.86152494
0.82525736
0.7949636
0.19761601
0.15824689
0.09671789
0.12610433
0.7658614
0.10184404
0.1899418
0.09833552
0.084791556
0.15619308
0.15449812
0.67139363
0.15686089
0.40603632
0.26680475
0.27434167
0.32547984
0.1789832
0.14833276
0.1770766
0.1853734
0.19009185
0.19250417
0.17640957
0.19302677
0.48296446
0.31079277
0.3172817
0.3749104
0.66862667
0.2739166
0.4100375
0.6371497
0.27648148
0.1854045
0.23126547
0.3569846
0.4105184
0.7303069
0.49554282
0.59500045
0.7147138
0.4512789
0.4078195
0.46579865
0.90978765
