0.88870394
0.6695608
0.5695565
0.5158662
0.4903566
0.5902359
0.70632213
0.5907585
0.38813895
0.66748506
0.7581928
0.5235319
0.42673784
0.40702093
0.24026674
0.3235617
0.6825048
0.2730845
0.22143884
0.2834162
0.14785151
0.13374601
0.14940825
0.21086402
0.6930896
0.72311336
0.3220101
0.29952773
0.13292567
0.08190163
0.049233966
0.03700364
0.03452788
0.033734336
0.028764032
0.029558426
0.048167445
0.8542411
0.84707594
0.8900563
0.05786061
0.040060155
0.06699596
0.04628453
0.033373203
0.034654573
0.054849304
0.08052485
0.090583436
0.09696794
0.16110554
0.16373523
0.19237104
0.103828885
0.07229386
0.0849871
0.11409982
0.1598179
0.8355476
0.14447
0.072837725
0.046644595
0.047770143
0.7448471
0.26379037
0.22699301
0.6783992
0.72908086
0.80700725
0.8951629
0.43125424
0.29251334
0.7692087
0.051402606
0.03067443
0.03609829
0.06369726
0.06963943
0.0906413
0.11057166
0.10121829
0.11526474
0.1393169
0.15445317
0.17360638
0.1627919
0.14591192
0.16136567
0.16519076
0.17057824
0.12744407
0.11523171
0.099767976
0.11561074
0.11239826
0.12744229
0.20510072
0.7792181
0.16529149
0.09806507
0.07835187
0.08037451
0.7228196
0.2699506
0.11881483
0.07456961
0.06510029
0.06884308
0.75620043
0.8470007
0.7527992
0.6828628
0.6814359
0.73766965
0.8773338
0.7802828
0.7973448
0.7866452
0.16881303
0.05194965
0.038438186
0.03437782
0.03978572
0.0838609
0.08987137
0.046812724
0.044580445
0.09742571
0.9032873
0.9536793
0.062607296
0.027826894
0.023730466
0.037600342
0.091907755
0.92277104
0.29089582
0.12368466
0.15605688
0.9171893
0.91422296
0.94795763
0.9142418
0.93344104
0.89148146
0.8364656
0.8725265
0.10681911
0.06760968
0.11411494
0.8477303
0.05966892
0.036227014
0.031905532
0.037391495
0.08039208
0.8838312
0.11998043
0.036816504
0.028760027
0.02896529
0.032383677
0.03151331
0.029178765
0.029888619
0.03409968
0.036061767
0.03411316
0.03436688
0.037802853
0.05627543
0.09463572
0.6084944
0.06956296
0.06494506
0.09174198
0.14562264
0.30632105
0.2878849
0.26190612
0.24795052
0.24084641
0.16740754
0.15998231
0.20470941
0.22783898
0.60147643
0.32960507
0.32486963
0.33972117
0.3171458
0.2736808
0.27908394
0.27604538
0.28414273
0.6294714
0.34980828
0.3429439
0.3614047
0.35525766
0.24264036
0.13359927
0.07562866
0.060492918
0.062225197
0.049821
0.05450489
0.08774293
0.85410315
0.7649918
0.07552683
0.03214051
0.025558433
0.027235927
0.026698144
0.030980978
0.045954403
0.0262981
0.021012554
0.019045824
0.019899607
0.041710563
0.9177454
0.9753214
0.93870884
0.9381284
0.04168205
0.017944809
0.01513598
0.022570683
0.030237788
0.91705364
0.9379509
0.90557474
0.9348801
0.06286802
0.03152629
0.031491324
0.03612885
0.02666149
0.026485605
0.046963852
0.042012636
0.0395156
0.05846001
0.062902726
0.105355866
0.85291046
0.12143588
0.086684756
0.07529896
0.066261105
0.05810279
0.07606131
0.117000744
0.8919941
0.89598924
0.80043143
0.06143072
0.0359916
0.024753824
0.019584455
0.019297842
0.024122331
0.046239376
0.037257936
0.023449428
0.020947823
0.023212899
0.04378933
0.9270188
0.96478057
0.9509123
0.048024237
0.021635106
0.021296687
0.0315695
0.08006839
0.074938156
0.0865964
0.81103516
0.065596536
0.036119577
0.055775482
0.070985794
0.10921699
0.87283576
0.10354194
0.0761253
0.068536244
0.08861257
0.16049507
0.76531196
0.23847851
0.21815728
0.15571493
0.114968084
0.07033457
0.06834587
0.069445506
0.0532743
0.05620799
0.07514233
0.09662647
0.09331099
0.061459772
0.061817978
0.092707634
0.0894344
0.86151886
0.9047804
0.080438145
0.05045242
0.052297983
0.09079575
0.89545184
0.9026176
0.31693563
0.35883534
0.8920079
0.79287004
0.9169723
0.9052067
0.8008329
0.8916601
0.7743405
0.8040614
0.29102293
0.19321659
0.7869501
0.059101634
0.036179554
0.04015686
0.12617408
0.8383694
0.7819802
0.09579628
0.07860653
0.11840095
0.89390165
0.89665574
0.80217427
0.09186594
0.088380516
0.08804496
0.100655586
0.09904756
0.08431609
0.07147507
0.085581645
0.11796294
0.14386019
0.2146485
0.20728949
0.4849524
0.10646309
0.061020806
0.046266314
0.04422303
0.05370829
0.7248551
0.13373958
0.15905803
0.9050865
0.9555848
0.14984074
0.1256802
0.04162248
0.05955912
0.06349423
0.031480193
0.02382369
0.02375567
0.027775485
0.021920802
0.02231324
0.060577877
0.96139336
0.9810992
0.9726222
0.88212514
0.047988057
0.03423932
0.051254407
0.86290026
0.07956148
0.025583196
0.025223553
0.03708414
0.054691043
0.07970501
0.105586134
0.14474739
0.2146162
0.87063074
0.62725854
0.18006194
0.20948732
0.6527346
0.22253393
0.29144883
0.50004494
0.1523145
0.15060669
0.25348812
0.85826164
0.9244386
0.3582108
0.45870474
0.18564853
0.21529232
0.05989191
0.03691186
0.02719182
0.02298578
0.021480031
0.023434088
0.044080686
0.96334535
0.912693
0.9679854
0.94962186
0.068077795
0.02261145
0.02108902
0.022929553
0.041380234
0.060501203
0.06885818
0.09353181
0.20768951
0.23114419
0.36953363
0.83844274
0.6690103
0.7174445
0.8196235
0.7583172
0.84413385
0.8341779
0.20787482
0.21740396
0.079657294
0.05768651
0.08863593
0.20914908
0.22001456
0.26971182
0.23518464
0.14974488
0.10487991
0.8298434
0.78275484
0.7961778
0.86122507
0.11818221
0.15421459
0.14892262
0.18235956
0.2038561
0.16021429
0.1268043
0.097028375
0.09058078
0.14066577
0.39821532
0.48690024
0.43642464
0.5594528
0.41869703
0.21919061
0.17152016
0.3322404
0.3862124
0.5263172
0.7091024
0.506502
0.72738427
0.6895777
0.349801
0.24586765
0.19331563
0.201134
0.4208834
0.38173398
0.3943159
0.49141052
0.43375957
0.2997549
0.2701529
0.30904472
0.55097497
0.7111905
0.71259725
0.5276817
0.49130154
0.491767
0.5276761
0.7346683
0.77536476
0.676503
0.76544964
0.6312049
0.6437973
0.06292118
0.060080804
0.052651197
0.05687837
0.12062539
0.13335882
0.35745767
0.9397702
0.115031175
0.121765174
0.056094754
0.049570855
0.10418848
0.91719514
0.88795304
0.05579359
0.047095835
0.027803097
0.02469133
0.02344556
0.025676837
0.040989302
0.030026644
0.028125908
0.03400682
0.061541047
0.8858177
0.85888606
0.95785844
0.084411874
0.032982666
0.024878006
0.02454879
0.05117452
0.91550857
0.88951993
0.43173397
0.9415886
0.9214696
0.9354758
0.9319943
0.31325
0.90911096
0.91900826
0.042574134
0.022251347
0.018219493
0.01920779
0.037958115
0.93258744
0.89734346
0.93839884
0.12181364
0.03292943
0.028947474
0.025933322
0.026061974
0.026683453
0.027212804
0.032834355
0.050076813
0.05281357
0.06969625
0.8366345
0.77856296
0.050325967
0.053422987
0.070608616
0.053940214
0.054317698
0.7698826
0.7627271
0.76963377
0.7933045
0.123264134
0.081149265
0.056723822
0.05210507
0.05165503
0.07547635
0.13574113
0.7349023
0.12802856
0.068280526
0.047823373
0.055175066
0.095801674
0.091452606
0.14077416
0.1672627
0.26225218
0.9268315
0.82928324
0.83113885
0.8600115
0.83133364
0.18657218
0.15458107
0.11336793
0.094476715
0.10174938
0.15025681
0.78872937
0.15393198
0.1297624
0.3623877
0.14307335
0.12463311
0.18038824
0.8255939
0.41806403
0.8621446
0.13287367
0.058306176
0.09800994
0.67952156
0.09120297
0.04927862
0.06138831
0.07954423
0.07624595
0.09900718
0.25603753
0.9353914
0.93051225
0.13755411
0.06598281
0.08488567
0.07234476
0.7747745
0.17739755
0.18281472
0.8633728
0.8788514
0.7846729
0.79690474
0.84743744
0.7858088
0.8859368
0.15118244
0.03523681
0.02191376
0.020058282
0.020568186
0.032252405
0.057531625
0.038274396
0.07410138
0.9702612
0.94673574
0.9654997
0.9313297
0.08409561
0.033475306
0.026067644
0.02633911
0.035903137
0.046722185
0.051023368
0.04756585
0.05335079
0.08102031
0.11744971
0.89461166
0.12317816
0.093252845
0.095864
0.09319946
0.742439
0.15911767
0.2192666
0.22237378
0.16435347
0.24428326
0.15658234
0.10968579
0.11904867
0.1625711
0.11475191
0.10702014
0.1558836
0.17251168
0.2624646
0.8086897
0.6936493
0.64547837
0.7276587
0.20523722
0.1382423
0.1497222
0.165225
0.20777914
0.17740431
0.1704917
0.1772743
0.5006324
0.32272673
0.32625616
0.34948093
0.46026856
0.5256216
0.373179
0.39697742
0.23155196
0.1808502
0.22637428
0.29001868
0.41439226
0.7270057
0.49108773
0.5905527
0.718441
0.5508866
0.449683
0.4926088
0.9090896
