0.8793999
0.69604146
0.6129264
0.6074459
0.6423925
0.8189709
0.82657087
0.6989715
0.6862104
0.80996144
0.75268716
0.5367776
0.42489916
0.3922521
0.20250393
0.24128354
0.35584855
0.4818322
0.29204977
0.4235302
0.4518913
0.2732102
0.31019098
0.34834284
0.3918538
0.5523566
0.39145628
0.35500845
0.26160878
0.1763401
0.144204
0.14321503
0.1486661
0.14575578
0.14682333
0.12268047
0.12451425
0.15380833
0.15146601
0.13948715
0.13647571
0.1753063
0.22490028
0.15141132
0.12528841
0.100830026
0.07895964
0.07249248
0.064067096
0.05255345
0.062805556
0.80682087
0.8708202
0.7736553
0.7384774
0.7638163
0.788413
0.16155009
0.13872895
0.05473469
0.09451492
0.104123436
0.13139187
0.19295715
0.24504685
0.11108839
0.09783222
0.08222991
0.12014216
0.24484664
0.23187609
0.13988923
0.7478337
0.065567285
0.04504951
0.053455506
0.09860545
0.10947897
0.13311853
0.118521646
0.06308539
0.07198301
0.084808126
0.10261656
0.75385517
0.11288057
0.11297356
0.72332895
0.08769376
0.06795783
0.04698161
0.042479545
0.049286265
0.7972749
0.7823966
0.8499343
0.8931788
0.90621024
0.8535106
0.045291025
0.041755818
0.056273468
0.06955675
0.12768391
0.7835108
0.090214245
0.07812348
0.67163104
0.16401598
0.3257207
0.76437837
0.71317774
0.76756835
0.82333493
0.12267826
0.06903428
0.07572616
0.09426001
0.10958293
0.083858214
0.053538494
0.04989024
0.084964916
0.89437205
0.89177364
0.10677786
0.057082098
0.055772822
0.062411617
0.066062026
0.05268215
0.06518699
0.10046422
0.70900464
0.15397389
0.15589993
0.13506915
0.07406633
0.07364032
0.06730957
0.05834105
0.057997204
0.039729815
0.03072182
0.028179837
0.03529774
0.097859904
0.94388354
0.910956
0.92063856
0.1448066
0.053693134
0.042610906
0.030184807
0.029706435
0.043527726
0.09966389
0.1161855
0.06582031
0.065445215
0.087611794
0.12303793
0.14991249
0.62488955
0.14865018
0.08774742
0.0846872
0.08228053
0.1031604
0.71028477
0.10105422
0.06058949
0.04711991
0.03243387
0.029722868
0.038367163
0.08033446
0.8931895
0.085947566
0.05288244
0.07703971
0.81986743
0.060750064
0.026695082
0.02245514
0.026286032
0.05612485
0.9454049
0.94928396
0.9783837
0.952574
0.9158503
0.9281911
0.05544613
0.027442977
0.024276288
0.024916915
0.048317354
0.8428722
0.1573818
0.04613076
0.040480807
0.037844073
0.046722982
0.081261426
0.7842469
0.08236713
0.089511536
0.19295575
0.14000978
0.07469243
0.053551633
0.046916664
0.043834794
0.041039035
0.045788698
0.07359775
0.039650887
0.029855007
0.027270459
0.03010603
0.06309155
0.9107305
0.96654654
0.9200311
0.9062501
0.050578635
0.023332981
0.023113212
0.039394453
0.04710572
0.8840389
0.89958155
0.8866127
0.9073354
0.12572265
0.09038514
0.09590461
0.10436477
0.062491197
0.053859945
0.13388744
0.095582165
0.07358154
0.15714279
0.107050374
0.19013165
0.82036066
0.67323947
0.67206323
0.13736576
0.0982903
0.09620911
0.11101048
0.13273683
0.91704285
0.93008244
0.8463213
0.055605464
0.02927971
0.027380582
0.02363409
0.02159822
0.031593535
0.09982998
0.08888115
0.051337983
0.038370147
0.05414733
0.89117587
0.89982307
0.9306536
0.8494648
0.8167022
0.049000047
0.049095932
0.05855437
0.16379435
0.123463616
0.123031735
0.705862
0.108868666
0.06290534
0.1394161
0.13265789
0.16926582
0.80246246
0.25396174
0.2333395
0.16664249
0.19270566
0.3392501
0.5679582
0.22063462
0.38388005
0.26771167
0.21078147
0.2560763
0.33319634
0.4079635
0.8084152
0.77074724
0.7804117
0.35396478
0.31155673
0.20597634
0.15314937
0.18304157
0.15626378
0.22557409
0.2851508
0.18800026
0.1919365
0.18543844
0.29088387
0.46593496
0.4364169
0.27953884
0.34178412
0.4720414
0.41609213
0.7525474
0.72905546
0.57642055
0.43977007
0.19157189
0.14603473
0.15097412
0.22704172
0.21264537
0.30828643
0.49863496
0.49379978
0.4417653
0.40315738
0.31409588
0.41765004
0.2707832
0.37007704
0.8312704
0.8827142
0.8489145
0.63646555
0.2191895
0.14503236
0.19473352
0.6928649
0.16509521
0.12132857
0.11638304
0.10405061
0.33207873
0.87294567
0.7289214
0.87994313
0.7532584
0.078992896
0.03566127
0.035933685
0.0432417
0.041924894
0.05025919
0.121283375
0.92658323
0.95095
0.1484842
0.123788275
0.058284853
0.08007519
0.084242634
0.041570056
0.03125485
0.031335242
0.032493483
0.026456878
0.028211998
0.07038018
0.8982455
0.97627455
0.97135204
0.87571365
0.052471854
0.036533825
0.052995984
0.8740098
0.06379634
0.022571046
0.019290416
0.021595461
0.03269803
0.052979965
0.0802698
0.13092399
0.20732692
0.91454816
0.11369781
0.074652664
0.07559551
0.08069862
0.82568824
0.11230667
0.04311818
0.035206567
0.052252308
0.108962595
0.94699943
0.9665816
0.14158635
0.0753745
0.031522352
0.027557949
0.016314069
0.013945844
0.013293845
0.013360415
0.014037541
0.015092546
0.036611177
0.97973675
0.98680407
0.98799974
0.9797482
0.03473292
0.016116375
0.014229227
0.014229734
0.015123625
0.016186774
0.017503684
0.019599486
0.024809608
0.029309163
0.03128618
0.028416108
0.027353859
0.033749513
0.058577668
0.11938219
0.9415422
0.92624456
0.098141454
0.03901468
0.033426024
0.047793876
0.80683154
0.85856575
0.8709566
0.9216318
0.9167265
0.26729658
0.8000167
0.06875603
0.05166651
0.05243879
0.082177676
0.08633262
0.090085804
0.078869276
0.0807968
0.082087584
0.06368711
0.04786947
0.041804288
0.040511556
0.048221562
0.06999763
0.13704552
0.1644827
0.927081
0.9129409
0.82284075
0.8054952
0.91158843
0.13918494
0.15157719
0.15099782
0.17124468
0.92408
0.9407924
0.13894317
0.03192019
0.022339819
0.039712425
0.935032
0.9429987
0.96770805
0.9698954
0.94698924
0.88409686
0.05555897
0.032426786
0.03872867
0.16734086
0.88668877
0.06586252
0.035308328
0.035390943
0.06640694
0.93087626
0.93208236
0.9136908
0.09268008
0.03140462
0.024812527
0.023402037
0.023230752
0.023591878
0.025821885
0.031961035
0.042380027
0.05870492
0.062164016
0.06637842
0.080729224
0.07778495
0.08235598
0.07571986
0.10457919
0.73473287
0.23211005
0.86456144
0.7261363
0.75811654
0.057235938
0.03625686
0.025239041
0.021125033
0.021599537
0.025470462
0.034344975
0.049180176
0.9328137
0.95232856
0.90520996
0.88704705
0.83924276
0.054050162
0.024465386
0.018983344
0.02196274
0.04957489
0.07061657
0.057036456
0.09656418
0.88551563
0.8509647
0.20488155
0.15686189
0.08679275
0.080493204
0.0934195
0.074843295
0.09213847
0.85307467
0.8070984
0.9114852
0.88800174
0.23273745
0.29591957
0.1107284
0.079008825
0.082084455
0.12123803
0.2689063
0.5300915
0.17552388
0.13859911
0.09660587
0.07713922
0.10749421
0.09657123
0.19527076
0.88159156
0.06958681
0.03660432
0.033988878
0.050041657
0.8773095
0.9085218
0.049316056
0.02383964
0.019761564
0.01825656
0.018069316
0.016692583
0.015990656
0.015784383
0.014860675
0.014355416
0.01558358
0.020622227
0.023783892
0.064151615
0.11274924
0.14455421
0.9820113
0.98220235
0.98345655
0.9759662
0.96499425
0.09698335
0.044666767
0.026237732
0.022847915
0.029540969
0.065105796
0.88801235
0.061647777
0.042468168
0.08433557
0.87659085
0.05171691
0.030011315
0.029163463
0.03505969
0.050206397
0.037690587
0.034497883
0.03565995
0.038427167
0.041093625
0.04667174
0.049628478
0.06052463
0.049427703
0.049854867
0.059830423
0.09311984
0.11505463
0.78850144
0.7810736
0.8993691
0.1111772
0.060501322
0.06481568
0.7192217
0.88216114
0.899684
0.75495774
0.77907765
0.8738209
0.8468041
0.1719924
0.1535607
0.046932623
0.025660278
0.022863917
0.02153583
0.024715267
0.040775035
0.029209606
0.052955516
0.96453077
0.9285371
0.9636789
0.9104975
0.060341466
0.025031246
0.020917498
0.022292353
0.025183747
0.030597448
0.03655075
0.04039383
0.079602204
0.14412478
0.13544771
0.19047208
0.102549635
0.078825176
0.06329376
0.04612674
0.043568317
0.056828815
0.09201209
0.9237496
0.90551144
0.10097589
0.036328323
0.029795084
0.04632539
0.88234615
0.052410793
0.040157147
0.021500304
0.021798728
0.07195229
0.97480893
0.97814083
0.97610086
0.97228706
0.048124462
0.018636005
0.016072005
0.016584681
0.018009435
0.017114505
0.018166667
0.025357436
0.10223817
0.91995686
0.9150432
0.07450042
0.04978411
0.031355727
0.053731035
0.07791449
0.044401415
0.040736746
0.059771203
0.10525359
0.8679124
0.92146134
0.84359694
0.9238851
0.929714
0.8425681
0.86481166
0.93813866
0.91110814
