0.85837096
0.67105097
0.5428763
0.29731825
0.33149934
0.45143145
0.4242103
0.57181513
0.6275789
0.7662731
0.3686859
0.21366431
0.1591725
0.1549691
0.1841009
0.6517555
0.8429459
0.84515244
0.43936396
0.8268685
0.2645172
0.124555066
0.12248419
0.1424783
0.15119322
0.17936762
0.2488138
0.9289967
0.83971035
0.88216174
0.79036915
0.074011214
0.050794385
0.039831225
0.051998623
0.09429207
0.07079262
0.06748201
0.088160984
0.6863647
0.6756674
0.66900736
0.22534882
0.15370893
0.12553528
0.12790947
0.16315688
0.3597904
0.37637097
0.40493703
0.52088374
0.5054703
0.6918798
0.59300494
0.46787977
0.38389957
0.33111873
0.40249172
0.5385275
0.36227658
0.32527655
0.30115983
0.28932816
0.33998343
0.37382537
0.26949185
0.3178651
0.4411344
0.5216566
0.6999401
0.7054944
0.34432676
0.27245563
0.23128012
0.24001029
0.3331696
0.64782387
0.6564064
0.73546845
0.71355885
0.48244634
0.4520549
0.44280005
0.48842794
0.4752373
0.4746912
0.58721423
0.49799058
0.53643763
0.7049305
0.6579837
0.44802025
0.2735345
0.27629018
0.30125314
0.40151474
0.4552111
0.71755946
0.69282174
0.34492072
0.28062463
0.26193935
0.5307198
0.34058464
0.22974646
0.1742201
0.153107
0.1320239
0.17162336
0.22381799
0.12279192
0.08618694
0.09156096
0.10824961
0.13591766
0.1294228
0.15590423
0.1796011
0.27018028
0.802115
0.08040627
0.047299284
0.06606471
0.10515736
0.10788891
0.09355556
0.7963746
0.788152
0.7802011
0.830415
0.79584324
0.7106628
0.17591517
0.19979486
0.24466746
0.82061744
0.79924256
0.14901274
0.15739751
0.21643971
0.7479359
0.8084735
0.23168914
0.16466594
0.115009725
0.094147965
0.116805814
0.25961474
0.7621862
0.84936285
0.28516805
0.085811965
0.041164704
0.03619576
0.040191185
0.081396826
0.23228768
0.91469383
0.7651419
0.756879
0.09056717
0.055177342
0.039487373
0.03800777
0.05875631
0.09216392
0.14929712
0.8466656
0.68999696
0.21737863
0.26452416
0.27714533
0.6117847
0.11575502
0.101412386
0.6471578
0.16999257
0.18829271
0.1707883
0.2540035
0.77570033
0.7862866
0.09839998
0.052400265
0.05469786
0.06469596
0.11991106
0.8675877
0.8272921
0.9109569
0.8747154
0.8359112
0.8503971
0.12762623
0.09593306
0.08195973
0.06292516
0.091944784
0.8374965
0.8661265
0.7946016
0.098400034
0.066826195
0.07104197
0.11729321
0.65142083
0.14958094
0.16168238
0.77123624
0.37654135
0.28739467
0.21744142
0.67784756
0.6809008
0.6856695
0.656711
0.6441267
0.6581569
0.16169523
0.11839809
0.12907307
0.18274409
0.27141014
0.32286724
0.27880883
0.21859595
0.21662246
0.27961108
0.5620553
0.3663433
0.31061992
0.35607368
0.6173125
0.47143322
0.50373614
0.4910955
0.4703708
0.73237187
0.7312114
0.5357027
0.5540711
0.69381183
0.705048
0.4015286
0.39547077
0.3656352
0.33083645
0.56571
0.55148363
0.5231472
0.5001145
0.4499801
0.45294997
0.46092272
0.47862685
0.49731812
0.5152697
0.5108421
0.4330542
0.2757072
0.24012549
0.18142633
0.19840047
0.27083695
0.40004513
0.31008938
0.22354604
0.21146534
0.2608093
0.43077746
0.5121728
0.6788519
0.68395257
0.47363776
0.31931382
0.45108718
0.4643481
0.514029
0.4345402
0.36397004
0.41130176
0.5188697
0.5108141
0.7428664
0.7629151
0.6149565
0.73102576
0.7014421
0.4791032
0.24039163
0.2610401
0.62139094
0.3800679
0.4380068
0.45463124
0.418979
0.36696106
0.31840298
0.26553807
0.22384511
0.19124153
0.1740034
0.21580642
0.35986453
0.537779
0.8487223
0.7560384
0.8199493
0.11734073
0.10827938
0.11377229
0.05911334
0.05676799
0.08811355
0.7598657
0.8938666
0.9057492
0.83963907
0.8388112
0.8659448
0.8267149
0.8991467
0.9162408
0.9161892
0.88495624
0.7253422
0.12582663
0.059461087
0.050634384
0.06094064
0.7735261
0.7871022
0.8773641
0.22694057
0.30151343
0.3271965
0.7746333
0.78710175
0.8312624
0.89578384
0.8635289
0.75883937
0.14286259
0.10483213
0.087136455
0.8090179
0.86812025
0.8827118
0.7530429
0.075367935
0.051375315
0.12806563
0.25199094
0.75995463
0.8140202
0.6673521
0.5476346
0.61274
0.61019593
0.63393277
0.6181444
0.70700854
0.7768716
0.84991133
0.842944
0.14586405
0.089391194
0.1246242
0.67810875
0.8073405
0.17779472
0.1173006
0.19330315
0.7751
0.7306179
0.12760487
0.124109946
0.1788556
0.23342651
0.2680556
0.2143816
0.13248613
0.12268738
0.14090416
0.21050276
0.18216784
0.17141567
0.17884226
0.74579
0.67169344
0.65448564
0.63839513
0.6512863
0.77142584
0.7701982
0.64309144
0.65456086
0.18371867
0.12552716
0.11777642
0.13193554
0.08527408
0.09085901
0.7585901
0.78757554
0.90616983
0.8940899
0.17164958
0.30078432
0.14726901
0.11490721
0.1173332
0.14342748
0.18189354
0.21103953
0.62833077
0.75781375
0.63563883
0.7955333
0.6991011
0.84660906
0.851175
0.75297344
0.31295282
0.30203784
0.40163523
0.23678648
0.32264724
0.32454216
0.37933433
0.79236895
0.7241644
0.83535725
0.8041651
0.6487701
0.6538532
0.7586014
0.7046342
0.75795376
0.5582528
0.45196936
0.35227364
0.25091287
0.227297
0.25360444
0.62597775
0.5625746
0.688033
0.66933817
0.51820594
0.3432943
0.3845178
0.52336365
0.5238221
0.5774608
0.5405415
0.56722426
0.45765248
0.4214419
0.6396495
0.49323782
0.29957038
0.23718616
0.24098697
0.40578297
0.6056114
0.7935612
0.756317
0.84768623
0.85949427
0.8417934
0.7199632
0.8302147
0.86279136
0.8781955
0.88489324
0.87938166
0.8467295
0.75462264
0.36527568
0.28360364
0.23484907
0.25480247
0.5402546
0.5624645
0.85795546
0.8577519
0.8121483
0.67551666
0.48194066
0.5163328
0.5724184
0.70223296
0.66298693
0.46242982
0.42541963
0.4210158
0.4563166
0.5543192
0.53042597
0.46135962
0.55965245
0.60964644
0.6779416
0.22886352
0.19374631
0.20169505
0.23572658
0.71879125
0.46146414
0.8116825
0.8375465
0.72405136
0.7466933
0.53308
0.44278032
0.4675163
0.5785676
0.31267583
0.32467276
0.43162134
0.2390949
0.29620573
0.40485927
0.40541077
0.2043996
0.19645159
0.20419015
0.2111006
0.18844375
0.22933498
0.74588597
0.84813243
0.72807866
0.6543705
0.63305306
0.15637693
0.15814182
0.16183652
0.34161744
0.34065184
0.45692378
0.6751722
0.62998194
0.7187037
0.68947095
0.69341356
0.7478506
0.6329276
0.64689934
0.7769381
0.82201934
0.76070464
0.83620745
0.8621073
0.8650129
0.82637405
0.6918858
0.6914757
0.42002606
0.4001481
0.3659587
0.42693606
0.575794
0.72550637
0.58399594
0.4725571
0.4003942
0.21309674
0.18759693
0.35861155
0.4512181
0.29756227
0.34095764
0.40332124
0.64346206
0.29945394
0.2263392
0.26453656
0.38682255
0.44003543
0.47684819
0.48165622
0.37505513
0.344784
0.348772
0.4070374
0.45030752
0.29548767
0.29132923
0.38911265
0.5280228
0.64869297
0.5371444
0.5749825
0.5502572
0.49167058
0.5554202
0.5882743
0.40065348
0.3952822
0.4061085
0.33210534
0.3332078
0.5296994
0.5994461
0.6744681
0.53239423
0.5714106
0.75755364
0.7192427
0.08613553
0.08947216
0.1258559
0.11232257
0.14890708
0.08601061
0.05793048
0.051377434
0.05219981
0.06929514
0.83852917
0.16406667
0.16486432
0.12698944
0.83860123
0.8353
0.9501888
0.9607148
0.9560907
0.070375726
0.053663485
0.023824198
0.020070283
0.022181498
0.07472549
0.9332966
0.94468915
0.84875715
0.83725965
0.89757043
0.8525019
0.910479
0.88746196
0.6016961
0.101540826
0.15382904
0.78128064
0.085675
0.08819547
0.056831993
0.059372358
0.10428438
0.13639179
0.20580351
0.8270635
0.111936174
0.06506434
0.055946104
0.10400189
0.1035602
0.15025291
0.72851205
0.07519119
0.10525838
0.19609918
0.2241774
0.24240714
0.1779356
0.15592021
0.14826746
0.12850009
0.10832903
0.12702872
0.17135204
0.87692624
0.72236645
0.7709705
0.7857938
0.08262255
0.17013606
0.0555141
0.033149563
0.031427067
0.04287035
0.08015515
0.13845271
0.956059
0.9198181
0.9335569
0.9382735
0.9234864
0.27748415
0.19970904
0.823782
0.0647909
0.037396744
0.038045734
0.06932506
0.84697694
0.09298356
0.062195968
0.07309399
0.09990199
0.07319039
0.15778781
0.2474886
0.2167813
0.15405269
0.16517311
0.258263
0.22917886
0.27307123
0.24748203
0.8880395
0.9121404
0.9151412
0.8602601
0.9067038
0.8598791
