0.9359834
0.86333597
0.92426616
0.89728665
0.9260737
0.94290435
0.94066674
0.9421183
0.92063725
0.81894624
0.85446966
0.8647367
0.83436334
0.81526
0.38510394
0.53167254
0.90327036
0.25717112
0.09584729
0.10409614
0.098919034
0.08923257
0.17400372
0.9157746
0.9617215
0.9427515
0.81939405
0.9023064
0.07141887
0.039470658
0.043270353
0.058375135
0.0881963
0.8878412
0.95075995
0.94780296
0.8236233
0.88054806
0.10717572
0.09570658
0.13724118
0.16950335
0.14977832
0.86940753
0.7730155
0.7851125
0.8352471
0.7467085
0.12189377
0.09108865
0.22035559
0.8435423
0.30136907
0.18927069
0.32056257
0.9396137
0.9566405
0.95455205
0.9372454
0.2550191
0.08125055
0.08349008
0.77225775
0.89591587
0.7799672
0.7362121
0.784806
0.67018723
0.110634014
0.14328752
0.1987816
0.9302897
0.9216086
0.80000234
0.08975593
0.079105206
0.09933852
0.8125368
0.11674586
0.11437707
0.12454822
0.7775763
0.073705316
0.041829076
0.034231134
0.030827848
0.030023163
0.035481393
0.03139328
0.027006969
0.024793658
0.050690006
0.9534544
0.95558757
0.98350036
0.961202
0.98001945
0.9730219
0.9209284
0.9263525
0.027399804
0.017851897
0.016017443
0.016855136
0.015793461
0.016318493
0.022454059
0.020133179
0.02404228
0.056153014
0.9305925
0.8721876
0.9378044
0.94789016
0.12730616
0.057185307
0.033548042
0.026533265
0.02634282
0.06707984
0.9445771
0.9561709
0.96740806
0.9590957
0.9159871
0.78792846
0.76828265
0.8059568
0.0542625
0.029250847
0.040503256
0.0381506
0.047056362
0.07710555
0.8081217
0.74265313
0.9463583
0.9663675
0.9599264
0.91485685
0.70887184
0.06633066
0.04523867
0.032198012
0.04062051
0.073011346
0.0833438
0.12318499
0.3005049
0.9254461
