0.84593606
0.83949405
0.42368925
0.6509911
0.43428585
0.5400427
0.34064755
0.4253996
0.21038964
0.1988641
0.22245522
0.27050942
0.79031694
0.8107089
0.35409975
0.23713014
0.52693665
0.35278857
0.36416173
0.5071694
0.20834617
0.15659213
0.15241635
0.22110252
0.33064717
0.5349614
0.8521174
0.49163496
0.43243054
0.75964105
0.57172847
0.51057136
0.5162793
0.5279819
0.08633074
0.054141317
0.24328646
0.33599088
0.9231377
0.9355334
0.9236739
0.14949466
0.044993214
0.07045833
0.05385254
0.07974555
0.09590525
0.73221654
0.70299965
0.8699438
0.76133126
0.18350622
0.09608682
0.062192764
0.055857353
0.04741843
0.050934505
0.04719652
0.04521558
0.049038135
0.07302211
0.16849245
0.9338013
0.07521893
0.03469404
0.027351439
0.02455591
0.022197248
0.02326508
0.035530712
0.055128112
0.7985603
0.31891418
0.9171149
0.94418424
0.93370146
0.87744725
0.03551104
0.017985031
0.017424686
0.030248564
0.018481115
0.01625898
0.029896198
0.957016
0.9243697
0.9711835
0.9630621
0.9618205
0.05536711
0.022820124
0.019492393
0.019144427
0.021659208
0.027758125
0.06645015
0.92619437
0.80980825
0.78721213
0.045350146
0.02742225
0.031110525
0.039592903
0.031405106
0.030312067
0.05766484
0.1188679
0.15434036
0.92554605
0.8104872
0.09380135
0.04364827
0.029176697
0.028900309
0.053133804
0.08178322
0.09616387
0.08212171
0.13750263
0.85211825
0.24180548
0.2803128
0.698946
0.13203275
0.09993151
0.08069329
0.11656514
0.18572253
0.3226273
0.8118014
0.28229332
0.3178366
0.56435055
0.1698376
0.110469766
0.63741505
0.68514055
0.23544581
0.15396127
0.21723725
0.7112599
0.8932146
0.9468391
0.17063816
0.08964694
0.044000093
0.031981215
0.029375665
0.032005116
0.032858558
0.034043327
0.05451356
0.08431488
0.9165082
0.09732702
0.03856124
0.0542296
0.8572507
0.80699164
0.87541825
0.9501506
0.9645719
0.94552416
0.87016356
0.8106143
0.04438394
0.046984036
0.06186481
0.8727938
0.86091983
0.13603936
0.10542464
0.13987526
0.08561921
0.057764146
0.07111185
0.09246803
0.12487821
0.14325769
0.16625497
0.77917445
0.9007644
0.8856606
0.34814256
0.44276184
0.35335162
0.64321655
0.83350986
0.8399189
0.64706475
0.55927634
0.15476851
0.11761055
0.7116129
0.82819843
0.8635617
0.6141468
0.22519967
0.17649697
0.71272284
0.26785424
0.1627207
0.19698986
0.21446094
0.49993733
0.20519114
0.25003004
0.34521523
0.5019426
0.42368245
0.6452385
0.43070143
0.45206305
0.5001079
0.5410729
0.7796932
0.24190506
0.2511509
0.69627595
0.2688071
0.09668068
0.08535466
0.07183567
0.13575393
0.83734936
0.87419343
0.30431974
0.6837201
0.56307113
0.7112764
0.6117017
0.17907096
0.83259743
0.89559054
0.93608326
0.2831492
0.11528524
0.05937675
0.12752523
0.1271388
0.68387055
0.28537074
0.28746465
0.85488844
