0.7945482
0.6296639
0.6802155
0.78165406
0.7721667
0.74334264
0.7254973
0.62918854
0.28000993
0.3191143
0.3401983
0.305762
0.2154517
0.36099324
0.2356029
0.21241473
0.24292101
0.40341827
0.36389077
0.37565738
0.5209
0.53661215
0.4352586
0.47073334
0.41273162
0.5481166
0.5437108
0.54229754
0.5322884
0.7669418
0.7326779
0.5286667
0.23258051
0.15126766
0.12631603
0.1457286
0.2446475
0.2912528
0.389054
0.827112
0.44990566
0.21114914
0.19564548
0.23800111
0.2619608
0.34153426
0.33945566
0.2712388
0.50258994
0.22344145
0.2766826
0.29379275
0.84665346
0.3834816
0.1443427
0.08572429
0.08229976
0.1392195
0.085559666
0.064411186
0.058211513
0.04864852
0.039687462
0.03812881
0.048882015
0.74693406
0.060960334
0.05189515
0.0803192
0.12164672
0.9204554
0.9558123
0.9661582
0.9697983
0.9645422
0.8796246
0.9492633
0.9191448
0.87625444
0.03900305
0.020993767
0.01798525
0.017818343
0.017039927
0.016843563
0.018785758
0.02562599
0.06284542
0.89668256
0.885147
0.18011531
0.14639394
0.835721
0.842979
0.87983674
0.89408207
0.8569535
0.17657712
0.1950853
0.8786331
0.90888
0.9005097
0.92907953
0.9160022
0.8637087
0.15060334
0.07827381
0.061411284
0.05140172
0.05225339
0.05849138
0.07550618
0.09835813
0.10732579
0.14276744
0.66088176
0.0976391
0.10267978
0.13482383
0.1990807
0.7682016
0.75363296
0.6956081
0.2216657
0.2778865
0.24394152
0.32130307
0.30614313
0.40059134
0.7380318
0.7613534
0.73834985
0.7585088
0.8379641
0.82906777
0.7137808
0.7550539
0.23825197
0.1516134
0.1285893
0.13986507
0.81302726
0.84011304
0.16779445
0.13832577
0.18698637
0.25330102
0.79087627
0.857595
0.11193252
0.115092784
0.17126197
0.26516426
0.92238355
0.9297768
0.93587875
0.34678876
0.2106378
0.14180182
0.78266907
0.762869
0.7564643
0.80111897
0.14753397
0.113050655
0.11305683
0.78456545
0.88525116
0.8318267
0.32584113
0.2468965
0.123322695
0.105704136
0.71219456
0.6055279
0.17553155
0.16933936
0.16131583
0.18982725
0.8143396
0.8667478
0.8780276
0.86478055
0.87679076
0.8501572
0.7538519
0.75206614
0.27694133
0.27087355
0.35050023
0.45961845
0.49904883
0.79970014
0.58880305
0.6088853
0.7648163
0.16634338
0.13846946
0.13177848
0.6845432
0.768544
0.7415037
0.81269205
0.7201971
0.18977131
0.1935889
0.17698617
0.71038467
0.81274366
0.84436166
0.43007246
0.31641468
0.21032456
0.12847218
0.1187296
0.5475151
0.6094515
0.76826936
0.65642786
0.20948343
0.2125345
0.09486221
0.08280481
0.17503528
0.9073322
0.9219286
0.8226796
0.90503615
0.07262674
0.034242373
0.043996576
0.09469918
0.04976138
0.04669132
0.07901774
0.06261728
0.10010572
0.85304123
0.8753625
0.9471827
0.94020504
0.8473834
0.21117203
0.14762808
0.75810695
0.07370466
0.087969854
0.07046723
0.05879444
0.10675018
0.12425875
0.12094232
0.7925619
0.8028439
0.15708622
0.18442549
0.19864483
0.21848747
0.40762615
0.8940198
0.89711076
0.8618535
0.73301923
0.69798696
0.8166348
0.85821736
0.82357275
0.68492424
0.77415836
0.6603402
0.6719894
0.09820594
0.109464616
0.13750611
0.09646036
0.068407655
0.069686696
0.11017793
0.89374304
0.43238047
0.27284265
0.8768144
0.13912348
0.04349236
0.038140167
0.07743473
0.16086306
0.9260633
0.90390176
0.8809345
0.89999723
0.14773908
0.08408313
0.06801578
0.07975126
0.12188115
0.76485324
0.16550563
0.20337224
0.7881094
0.17043404
0.1706976
0.2950004
0.8632647
0.15516408
0.10791705
0.1015609
0.0747924
0.06118156
0.053207073
0.105792016
0.24573956
0.67814034
0.46380758
0.4026647
0.15013301
0.104624644
0.08058968
0.09608757
0.15712148
0.83121955
0.7480693
0.7271242
0.7518928
0.11183187
0.07376338
0.06736517
0.064094834
0.08200936
0.06939573
0.044598278
0.031104678
0.026017414
0.025281291
0.03521134
0.07764224
0.9374795
0.9684927
0.9035388
0.96292436
0.9722124
0.95613956
0.854391
0.8931989
0.7976998
0.03668314
0.022532739
0.021135533
0.03936074
0.048855327
0.05908932
0.07647565
0.11191097
0.1595647
0.757027
0.11989271
0.068166204
0.07877973
0.2623913
0.28000602
0.22607344
0.6348559
0.3638302
0.3827284
0.27698758
0.19802429
0.19833566
0.6699738
0.18061449
0.1441528
0.16009869
0.7124877
0.21081652
0.183303
0.22188483
0.69725955
0.77259773
0.7350121
0.83848256
0.8949778
0.880476
0.8778378
0.85718256
0.8526321
0.8383781
0.8302336
0.8723671
0.89742976
0.9075715
0.8884784
0.7726862
0.8755047
0.8522169
0.84533286
0.8725024
0.86227375
0.87055814
0.8300906
0.7907002
0.14522801
0.10076925
0.13172711
0.76758575
0.18139991
0.14181031
0.14331053
0.16140549
0.31459644
0.44097736
0.8799604
0.8071531
0.71977043
0.6914067
0.19569527
0.13230246
0.19651148
0.7224016
0.87177193
0.89723116
0.84561056
0.86294144
0.8320017
0.7221743
0.53499854
0.59314865
0.58619493
0.19478133
0.2465741
0.35381496
0.8106481
0.74083614
0.6704211
0.45369825
0.19666775
0.14882277
0.20532864
0.6952701
0.8021348
0.81420964
0.8609844
0.8392513
0.7688664
0.27475366
0.19430564
0.1688215
0.19638161
0.7042233
0.7854359
0.86282676
0.8380606
0.25887263
0.19945034
0.27398407
0.37409008
0.76189566
0.8473456
0.83874315
0.7322878
0.7649596
0.6602671
0.62044144
0.13568881
0.12963067
0.21342772
0.8450004
0.92403185
0.91791993
0.8435182
0.18040834
0.10826627
0.1270976
0.5876854
0.620999
0.18515979
0.16793925
0.17899138
0.093744986
0.081615694
0.7670559
0.86493194
0.86331505
0.93287504
0.9473946
0.0763907
0.03175535
0.031042341
0.061319806
0.040097516
0.0367105
0.09944029
0.08356213
0.09417322
0.055547275
0.06300761
0.8590597
0.08273356
0.04885139
0.057852946
0.92599916
0.88500357
0.92086554
0.93106437
0.9489844
0.93939
0.04894438
0.033585705
0.054427925
0.81784666
0.06409011
0.05333697
0.052542273
0.06311046
0.09386482
0.8493091
0.076927185
0.06723167
0.06787892
0.06393361
0.07688354
0.12926948
0.87631345
0.88478094
0.87890375
0.85359806
0.83784693
0.14534801
0.1098999
0.114333324
0.13499144
0.117935136
0.63372123
0.5443977
0.5515298
0.6709266
0.8530309
0.8616069
0.31108677
0.25920737
0.14735854
0.12908503
0.1354888
0.15919736
0.27536303
0.37743568
0.70418054
0.8714661
0.8851789
0.87650365
0.19785973
0.12333276
0.10642802
0.152054
0.16756271
0.12424963
0.13927475
0.8453601
0.089566395
0.10533558
0.046120726
0.037401732
0.03660553
0.06261842
0.041609682
0.039320715
0.06879013
0.04734412
0.045930874
0.07419129
0.040968552
0.03335464
0.036903072
0.0759571
0.19851531
0.9684212
0.94962925
0.9331691
0.11781515
0.028239956
0.0213967
0.01882831
0.018883402
0.021215882
0.023654372
0.031867422
0.084993005
0.909897
0.8373036
0.91684896
0.9082245
0.8146097
0.10513517
0.055229668
0.058076527
0.7721041
0.06059956
0.032450013
0.033090927
0.11448833
0.19994605
0.9183048
0.0652849
0.023247106
0.017120024
0.018455414
0.03984679
0.07855042
0.9594787
0.9712922
0.95263344
0.080872
0.024010327
0.023073705
0.02062161
0.027587624
0.06662026
0.9025425
0.1605366
0.076232836
0.032913525
0.041503433
0.10612811
0.9012602
0.8964095
0.07090326
0.035906546
0.03491114
0.039084494
0.042366523
0.04394153
0.048160505
0.05794864
0.07911559
0.09301114
0.12852564
0.86001575
0.6980446
0.25532818
0.20507663
0.77717805
0.1962188
0.151959
0.18471584
0.2497817
0.22658883
0.13987629
0.15352607
0.21063803
0.13867494
0.12812777
0.16903374
0.20654073
0.29086372
0.2757175
0.22738627
0.21597731
0.17625326
0.20932892
0.8430971
0.88944966
0.8952757
0.82972413
0.6261492
0.42708236
0.39239338
0.3730143
0.23257713
0.24981833
0.29975736
0.39412472
0.865093
0.88647926
0.8540033
0.21008638
0.10529004
0.09640477
0.16155829
0.84194857
0.90365756
0.78194886
0.89859885
0.898041
0.78453565
0.8834272
0.8747599
0.78378135
0.8391086
0.7753685
0.1833092
0.11673812
0.11730433
0.23857674
0.7869201
0.8108867
0.57235163
0.3225408
0.2748182
0.24834505
0.25120085
0.2930827
0.4170223
0.54526126
0.6217119
0.748116
0.7188542
0.51887065
0.59485394
0.62165976
0.7187794
0.43092474
0.32431158
0.32344645
0.34085357
0.62505794
0.11363519
0.08999217
0.065510556
0.059703104
0.06734467
0.09949017
0.04729316
0.030169006
0.027051406
0.029629821
0.03204856
0.053120032
0.90038055
0.97392184
0.9744951
0.13300449
0.08525079
0.07924218
0.03763919
0.03002161
0.036670484
0.051471982
0.06092768
0.072079614
0.08434653
0.11504176
0.3530511
0.9289466
0.9281073
0.9234923
0.31694168
0.13759409
0.13782498
0.1684161
0.87880576
0.11889344
0.071059495
0.047604427
0.052662306
0.09556711
0.86150503
0.846744
0.86846524
0.3793363
0.31845772
0.21035005
0.09687863
0.12499969
0.88054633
0.8304803
0.8977688
0.83563125
0.87880534
0.8731861
0.8129415
0.75552166
0.77971256
0.8811041
0.8914657
0.8581787
0.8807918
0.85305
0.8540767
0.8378227
0.11702574
0.095910355
0.12729858
0.16544424
0.20287244
0.73086894
0.13283683
0.09684146
0.10821048
0.32344782
0.35199723
0.38339955
0.20309053
0.2510801
0.20087536
0.26354265
0.22319931
0.17557435
0.17489854
0.22006468
0.40179828
0.6602488
0.85081697
0.8564714
0.7461442
0.86501014
0.87113774
0.85167027
0.13559522
0.07023224
0.07799085
0.21394236
0.23388131
0.19282024
0.8126331
0.9339182
0.9545501
0.91655046
0.79318595
0.1710596
0.13630956
0.12521973
0.121314615
0.120750025
0.16088836
0.65279734
0.75225925
0.5330146
0.52580583
0.6846758
0.600484
0.64823806
0.8327364
0.86274654
0.6807274
0.29771146
0.37999544
0.32854208
0.16297641
0.10956167
0.17928194
0.19081247
0.88177687
0.7358483
0.9011556
0.8880459
0.7622487
0.7600351
0.82251954
0.825078
0.09019438
0.07370938
0.10991842
0.14506593
0.1618088
0.20317839
0.27319333
0.22986507
0.39707354
0.4688279
0.46219566
0.3818652
0.8707178
0.9110233
