0.7617679
0.13936989
0.18668729
0.22074619
0.9114457
0.92918366
0.8151707
0.8640022
0.7265158
0.068304345
0.052329656
0.12473105
0.26892743
0.35513642
0.5813576
0.5959512
0.9373673
0.895579
0.78432363
0.18622197
0.13588235
0.14040945
0.18563889
0.19649775
0.86859894
0.740685
0.12318552
0.056181606
0.032034807
0.030804485
0.037308216
0.908033
0.96928746
0.9762176
0.96509624
0.057311706
0.026477123
0.044922926
0.043716937
0.1278116
0.868601
0.76412207
0.74556994
0.795008
0.13365033
0.122751564
0.1794844
0.8921578
0.9181454
0.7930969
0.112890154
0.09974094
0.15702234
0.88308775
0.8877313
0.69616336
0.7140867
0.04966064
0.031185418
0.029629832
0.031223482
0.02437798
0.023306973
0.032862384
0.039931748
0.91717666
0.86480796
0.97058105
0.969369
0.057248395
0.021527357
0.018902177
0.025092786
0.055946443
0.06837095
0.05017591
0.0674293
0.7744896
0.7379926
0.09557112
0.069706626
0.05039261
0.038842555
0.027252207
0.027205596
0.022951756
0.021944085
0.04280207
0.9203739
0.9361452
0.9719491
0.98102367
0.9795211
0.95915234
0.89484763
0.026119582
0.016282737
0.020255797
0.022929473
0.023679277
0.025738848
0.03021411
0.04514432
0.07438148
0.8273851
0.7909078
0.92975557
0.92051256
0.12690301
0.06857949
0.044483528
0.04101614
0.06956196
0.7921342
0.067095704
0.045862336
0.04407526
0.10893507
0.12613595
0.072929956
0.077283
0.04916787
0.052176084
0.07032907
0.8511262
0.79468197
0.054942135
0.03796251
0.048140395
0.17152913
0.8257796
0.8886191
0.8838806
0.107272014
0.10495622
0.8523617
0.0439204
0.024920722
0.02081128
0.022446295
0.03799859
0.185371
0.96600014
0.971369
0.9659453
0.16168554
0.02712986
0.01838421
0.017430583
0.019072069
0.033420186
0.89597183
0.07438233
0.047130603
0.82319385
0.9083651
0.96570855
0.93908495
0.90224767
0.04295933
0.029019328
0.030812558
0.055033367
0.8972938
0.91583526
0.04801112
0.025963055
0.02796992
0.059890103
0.13053015
0.92093277
0.15493745
0.10964776
0.09869821
0.095783375
0.11627631
0.7514982
0.06853737
0.040792543
0.04200662
0.08206048
0.16436747
0.90213114
0.9270431
0.93884206
0.93200046
0.88258487
0.6616119
0.52310807
0.47464454
0.09162506
0.09749375
0.16012448
0.6366645
0.77943856
0.6451092
0.51401335
0.09749921
0.12501982
0.13713779
0.62502825
0.15296403
0.14960615
0.1412083
0.14345072
0.14521077
0.17892414
0.26122773
0.9387622
0.9274231
0.09189857
0.022440068
0.014851964
0.013410194
0.01329121
0.0135796955
0.013681072
0.015413622
0.028773118
0.073919095
0.9687367
0.97657096
0.9760844
0.13054341
0.017641332
0.010889234
0.009474116
0.009745496
0.012769109
0.023888918
0.030522063
0.9698396
0.97359663
0.9832523
0.9740251
0.9579583
0.042612456
0.022979094
0.020676265
0.020493066
0.020017285
0.018712725
0.020764792
0.02751116
0.03626762
0.034383804
0.034490537
0.031179769
0.029114781
0.033264693
0.036325492
0.04437584
0.06075771
0.13939567
0.79258597
0.9044299
0.8002782
0.09459217
0.06551834
0.06936846
0.10705783
0.204449
0.24311905
0.2239714
0.12724748
0.1094126
0.09978853
0.80860287
0.84708744
0.8096418
0.8882244
0.0684094
0.038807165
0.05810353
0.069835864
0.09365139
0.13997436
0.16804308
0.8960428
0.48451763
0.72699773
0.7216965
0.7712807
0.84445155
0.7833498
0.80706066
0.7144044
0.67695475
0.3323546
0.8324648
0.1371611
0.12408224
0.09838389
0.09999309
0.11076126
0.12898204
0.12706666
0.6143665
0.59576845
0.6124657
0.7618585
0.41687185
0.38565597
0.24699162
0.21694076
0.20434988
0.4424939
0.6310611
0.6804892
0.81572425
0.4409114
0.33543426
0.26095247
0.32298103
0.6509267
0.84721106
