0.91411257
0.8302683
0.8211319
0.85931176
0.84164447
0.7959533
0.7951386
0.17057745
0.0915673
0.08025343
0.10457211
0.8083755
0.9032774
0.8854273
0.9045532
0.1356593
0.12009372
0.10675376
0.123016894
0.68482906
0.7413924
0.7028636
0.65934855
0.40095466
0.25910285
0.31367013
0.2726556
0.16088127
0.18578155
0.18705724
0.1476037
0.1476384
0.13135569
0.7203099
0.7423817
0.79506755
0.8380205
0.3833609
0.3853867
0.37894014
0.7591581
0.6550852
0.7701086
0.71974796
0.7429758
0.20983018
0.1860353
0.17799354
0.18332875
0.20743842
0.4834634
0.64028394
0.7207222
0.77234983
0.80008185
0.8079009
0.8100143
0.7960849
0.7902522
0.7855536
0.8249195
0.387138
0.34218884
0.23168576
0.25220492
0.21985637
0.13980703
0.12356838
0.085485086
0.08629895
0.100008726
0.10169925
0.104478434
0.13094743
0.1967478
0.9371249
0.16410199
0.12421832
0.06793516
0.028031265
0.03014669
0.89180136
0.9189827
0.9389762
0.9295868
0.9359601
0.03982905
0.025882203
0.035619125
0.05780097
0.09297494
0.80909836
0.08312205
0.088322416
0.09978194
0.10762636
0.091734245
0.08708134
0.10241525
0.8370128
0.2933512
0.3498002
0.8200712
0.87046576
0.851436
0.72751945
0.67888
0.6681922
0.7500448
0.23628615
0.12759702
0.09627113
0.07510749
0.07766883
0.08197979
0.09570582
0.7952103
0.77415043
0.8970371
0.9221331
0.8888938
0.86079013
0.20533468
0.14796655
0.07099367
0.0770849
0.09356222
0.13843243
0.17379497
0.7840094
0.42860386
0.21929884
0.2753325
0.31491715
0.6996225
0.7077847
0.7584709
0.77942
0.35855612
0.30400473
0.27374056
0.29399085
0.7480144
0.68924975
0.6346861
0.31939256
0.22749357
0.23163603
0.746539
0.39870468
0.30763942
0.140134
0.10891271
0.109603114
0.13890734
0.20398557
0.28794762
0.8487044
0.82112557
0.8233775
0.86193985
0.85918975
0.23737845
0.18763168
0.15971388
0.20535941
0.8715043
0.9022264
0.15710512
0.087591365
0.110885054
0.13193417
0.15883087
0.8987818
0.9323037
0.94268554
0.93280923
0.23751473
0.15411422
0.120536044
0.10493075
0.12226348
0.71792966
0.6841
0.8418073
0.32471913
0.15006156
0.150224
0.22096299
0.8060176
0.720519
0.28454906
0.24775432
0.12278521
0.07108035
0.063015245
0.16767998
0.30361685
0.917582
0.32114798
0.1535448
0.21112025
0.7431858
0.14565322
0.16924554
0.23505162
0.83549976
0.8386326
0.85832256
0.83754325
0.82092994
0.21329525
0.12373696
0.0769442
0.076611586
0.09049656
0.15382367
0.828017
0.754492
0.19726475
0.15079784
0.122848816
0.13397364
0.105601355
0.1577286
0.23876534
0.23998657
0.3414075
0.36027852
0.2458152
0.17484792
0.088543214
0.05831966
0.07536732
0.07909353
0.06814538
0.079759955
0.09297107
0.10127204
0.077068694
0.0729543
0.16512924
0.2060639
0.92902994
0.913548
0.9072776
0.87695897
0.81265473
0.8597778
0.1281593
0.082094155
0.06504153
0.08414625
0.10868337
0.13035506
0.09312012
0.10355072
0.37200224
0.30886358
0.19808805
0.58058256
0.21192871
0.4691868
0.48580268
0.42021912
0.3575246
0.30131772
0.48971975
0.45614597
0.40801933
0.40372568
0.44706553
0.44671047
0.4395829
0.45300367
0.45517382
0.24376675
0.20250194
0.27103156
0.3205729
0.4466894
0.29051712
0.3123372
0.40237206
0.30152142
0.23514424
0.2356926
0.39699236
0.4442994
0.66232115
0.41131023
0.49002647
0.3305159
0.28551644
0.3677536
0.7466329
0.76702607
0.22167157
0.09838818
0.06197325
0.056494907
0.057474557
0.059320483
0.042629864
0.035604823
0.03290415
0.038330715
0.07676475
0.90966
0.89158493
0.897348
0.8870554
0.8957897
0.9350759
0.9524955
0.94834197
0.9131567
0.8297849
0.79774576
0.050311707
0.06744858
0.073622525
0.114107616
0.11381129
0.3483837
0.78159976
0.18377969
0.19412263
0.08439523
0.052500684
0.05541097
0.13020054
0.9149803
0.9426126
0.9067044
0.9239651
0.87981653
0.8565461
0.85749143
0.8511977
0.8280263
0.105511
0.047331676
0.0574465
0.11386876
0.20166427
0.2967668
0.7596466
0.7424769
0.34879145
0.16730624
0.118987285
0.12245839
0.13237892
0.17791258
0.26535937
0.32913256
0.915018
0.92752475
