0.8324366
0.8047589
0.89006793
0.86328024
0.6684722
0.58544505
0.1989958
0.18088026
0.47461793
0.43904215
0.11907046
0.09908916
0.13158146
0.22824153
0.8720577
0.86074364
0.8592167
0.8659094
0.7827041
0.70782036
0.80130535
0.06996613
0.051999994
0.083551794
0.16320111
0.8060129
0.8114673
0.27583876
0.29934654
0.72403735
0.78122026
0.8360155
0.86173177
0.85562366
0.814314
0.6959373
0.6365233
0.65778726
0.7169252
0.75943226
0.5331415
0.3414123
0.32132176
0.6703597
0.60036266
0.566733
0.39492968
0.29051772
0.3460067
0.30370274
0.21373744
0.22544396
0.47347057
0.27539846
0.31436083
0.31566206
0.35316053
0.43577415
0.5320591
0.6120117
0.6033693
0.4899117
0.66496605
0.37152353
0.3383248
0.32496464
0.32541928
0.24502471
0.25617945
0.19572546
0.22942145
0.7080892
0.28123978
0.5359101
0.53341526
0.5626542
0.50908446
0.63746053
0.6888398
0.7294762
0.77615947
0.81478614
0.7991337
0.24350277
0.1645765
0.11504187
0.086022034
0.083043896
0.84913844
0.83454454
0.85087603
0.84007823
0.8169611
0.79314333
0.76074684
0.7736299
0.08931435
0.057656277
0.069153115
0.09112138
0.10394617
0.12855639
0.7953906
0.13193247
0.12278947
0.14105725
0.2569315
0.7054636
0.6380901
0.59007144
0.28351405
0.25544712
0.22259256
0.22273026
0.23608655
0.21249683
0.1910728
0.09527835
0.099288635
0.12135369
0.15499657
0.20662183
0.24498187
0.7195491
0.72000074
0.5536035
0.54260886
0.14804196
0.19850624
0.57346797
0.65242493
0.7960839
0.32167557
0.281061
0.1389625
0.12841082
0.6189136
0.6197652
0.627117
0.6453582
0.10785842
0.077706784
0.10393795
0.15659542
0.84064096
0.8722341
0.11098922
0.049265288
0.059688814
0.074435994
0.076393604
0.054334622
0.072667964
0.8672837
0.8535784
0.90985835
0.19269393
0.100477844
0.0900326
0.08265106
0.0496161
0.06249067
0.09545449
0.12579575
0.14207089
0.15972441
0.87651485
0.08795947
0.061619375
0.06302432
0.09582925
0.70190597
0.76274616
0.8126389
0.8787345
0.9000298
0.9090827
0.89022994
0.81387943
0.87775075
0.8539905
0.8503279
0.81954414
0.87516224
0.14975291
0.090750374
0.09521633
0.104841374
0.13240664
0.14761508
0.15365686
0.15498525
0.85104924
0.09494286
0.10772656
0.13470906
0.70388806
0.71866816
0.652772
0.6650645
0.17528014
0.19289665
0.33796173
0.80920523
0.17615244
0.14547063
0.12268867
0.14793096
0.69950134
0.32054186
0.15768176
0.14866787
0.6377943
0.68098867
0.29689106
0.16782792
0.25894433
0.39479476
0.78078115
0.63759714
0.60992706
0.1317661
0.12234615
0.12829097
0.29613158
0.31042096
0.3398223
0.8581258
0.840996
0.40630752
0.21702166
0.15040359
0.10562811
0.094266854
0.10466152
0.21538262
0.41797867
0.75943464
0.85724807
0.86111397
0.7678378
0.26283047
0.17181157
0.14965221
0.20714523
0.30753386
0.822446
0.877054
0.8642911
0.3618806
0.30346033
0.24176557
0.31094918
0.36884418
0.68190527
0.76615566
0.7507116
0.8258001
0.7591076
0.6081162
0.63203114
0.79955995
0.84665495
0.8181048
0.35505658
0.3860113
0.30484214
0.36270502
0.7936216
0.6854114
0.7653491
0.6335021
0.5418824
0.5760461
0.7939633
0.8353512
0.73948026
0.8221977
0.78961605
0.40639216
0.2534534
0.23807314
0.27411336
0.64408803
0.5561376
0.42844993
0.53566736
0.5079246
0.30662352
0.25446805
0.32730812
0.20854765
0.26018226
0.39476216
0.37432334
0.38811004
0.38978451
0.75586563
0.64874494
0.24627006
0.28407955
0.25100994
0.2790446
0.86739504
0.89263797
0.90896183
0.8956064
0.8319819
0.63275
0.6032987
0.746507
0.36938936
0.23544253
0.2761133
0.3758863
0.63100976
0.69082457
0.360706
0.41240358
0.29755092
0.25183207
0.2462443
0.2934746
0.6306231
0.5729618
0.5544836
0.5619265
0.60531014
0.71632344
0.7056759
0.60219043
0.5312848
0.53123933
0.29093575
0.22016627
0.28860494
0.24756263
0.36122367
0.28166088
0.3645562
0.35850295
0.42813206
0.55542225
0.28075674
0.13755788
0.11844361
0.27806035
0.65341526
0.8338588
0.72736263
0.81804127
0.67673403
0.7317467
0.5190751
0.19607396
0.17044637
0.13173199
0.14412299
0.16912815
0.24312289
0.24925868
0.31372842
0.47173452
0.568112
0.23037818
0.22727743
0.32508352
0.732211
0.89119357
0.9560971
