0.9381378
0.91792154
0.15735674
0.10785569
0.121200904
0.18038288
0.8099356
0.8738828
0.7728137
0.76923305
0.7833721
0.9065919
0.18163143
0.10031692
0.086011715
0.09664574
0.87180847
0.0732816
0.03350206
0.025828548
0.02728724
0.029659001
0.06318581
0.9105215
0.07125084
0.043261137
0.042546038
0.8889853
0.9508787
0.9745345
0.9751702
0.9742458
0.96996194
0.96906215
0.9623802
0.89008003
0.89101845
0.9280013
0.040728863
0.023479138
0.019880978
0.019190209
0.01964791
0.021229751
0.023689492
0.027832719
0.057064574
0.92022395
0.911954
0.07857593
0.06661155
0.09143188
0.15073812
0.8984916
0.88888514
0.90765744
0.13288182
0.061252546
0.054023277
0.104186624
0.86370456
0.9131354
0.9190673
0.8523624
0.63436866
0.5570438
0.15988071
0.14135213
0.14892726
0.17407663
0.2008976
0.1300598
0.09983486
0.11809684
0.11809769
0.07913536
0.09555221
0.16424058
0.88717026
0.9380517
0.9509978
0.9313926
0.857734
0.7947632
0.66110873
0.05140168
0.06201394
0.095167145
0.14086094
0.21439698
0.82703876
0.8634832
0.90662134
0.8738238
0.7643083
0.72433954
0.7613857
0.66601634
0.104421765
0.1004755
0.10228428
0.103680395
0.11617026
0.73142236
0.07799063
0.052138742
0.048273318
0.045440238
0.055272326
0.099098004
0.9189307
0.9309933
0.87843424
0.95145386
0.9445483
0.8654368
0.9163678
0.8174147
0.8325475
0.07252834
0.06527442
0.08631626
0.10641459
0.09757344
0.10346005
0.85381836
0.09472649
0.090022564
0.13101862
0.17624204
0.17503078
0.8672082
0.7818783
0.29333997
0.5416873
0.0827291
0.0916842
0.17873132
0.83879435
0.22773445
0.18411489
0.18834318
0.065274805
0.048012003
0.09561844
0.80269754
0.88585496
0.8211028
0.7897789
0.74862146
0.076947376
0.056045715
0.05244383
0.09260141
0.15162052
0.15001822
0.15443201
0.10188433
0.08295199
0.66017413
0.29624316
0.8386238
0.10806532
0.054697838
0.03897341
0.041105263
0.06295332
0.12384355
0.9177843
0.8276484
0.94079024
0.94585913
0.07669856
0.029849311
0.024037143
0.028496267
0.08047351
0.9197424
0.06988022
0.024661455
0.017680297
0.015596446
0.01561519
0.0183009
0.021060903
0.022136537
0.04190309
0.9506399
0.94094694
0.9584654
0.93621844
0.9618076
0.88943136
0.89118814
0.039301652
0.026437165
0.02606396
0.030371519
0.07505272
0.93369603
0.8752461
0.05229055
0.025037326
0.021127801
0.022332432
0.033883303
0.062020127
0.04472612
0.05008518
0.08574966
0.81799257
0.8546056
0.9124683
0.1508191
0.1355393
0.097962625
0.09289109
0.6222114
0.20281851
0.2508465
0.8362522
0.8442058
0.76000166
0.8627676
0.9025684
0.87247896
0.758819
0.8738847
0.8965898
0.90303856
0.8741667
0.78619045
0.84317464
0.81537664
0.14617494
0.0878988
0.08761282
0.08505816
0.08664144
0.16516559
0.35253218
0.8216319
0.6746079
0.18273558
0.15872982
0.090734996
0.09900133
0.1869552
0.6900518
0.13643456
0.1725937
0.22070368
0.88302326
0.13136847
0.06615911
0.06127767
0.05841832
0.050676923
0.051754903
0.103877455
0.93512
0.94403136
0.9433339
0.9337537
0.9072271
0.108159885
0.04741859
0.043338954
0.07726722
0.08713659
0.07735655
0.077061586
0.085141405
0.112509124
0.18299776
0.89632875
0.87448174
0.22330503
0.123051
0.07402563
0.10233536
0.14676747
0.08686444
0.08095959
0.09400724
0.1284909
0.18511471
0.32840106
0.8892596
0.18171923
0.17462547
0.30220136
0.72197866
0.8200795
0.7484501
0.8177383
0.66932636
0.16368653
0.12948309
0.67143255
0.41072127
0.38825315
0.7651559
0.65074337
0.68712705
0.8416978
0.84903085
0.6082866
0.19662075
0.21774456
0.62831074
0.37954473
0.45486045
0.8785235
0.87854284
0.8078683
0.5839076
0.21610786
0.16062164
0.16930796
0.7060261
0.4392786
0.49717066
0.3576464
0.37911642
0.2621211
0.18156147
0.15006423
0.2186682
0.17633647
0.14871553
0.13120793
0.22201839
0.88578343
0.9391827
0.95357263
0.93493855
0.91871405
0.10782504
0.0479503
0.086721435
0.8720483
0.92754
0.94115365
0.9327627
0.9245917
0.8785767
0.7798188
0.8764794
0.86945075
0.20810758
0.18910602
0.08908758
0.08847781
0.76274544
0.7706899
0.9118073
0.91013354
0.13858993
0.08417156
0.08869618
0.14077815
0.8546659
0.33114028
0.14815491
0.1324037
0.22016709
0.9100881
0.9330023
0.88068634
0.92144674
0.848272
0.5414989
0.08513061
0.07654965
0.09993221
0.24922673
0.86350924
0.8172341
0.45353246
0.22092052
0.1966559
0.18704592
0.54130375
0.5894361
0.7451185
0.5126664
0.56844723
0.28519404
0.25807765
0.32551345
0.46172827
0.47316232
0.46304837
0.5172758
0.85908264
0.8705197
