0.75118667
0.61376727
0.5448514
0.56143624
0.65569717
0.85765916
0.90342945
0.82223475
0.85243195
0.6318592
0.1586733
0.06519528
0.044966377
0.09128463
0.6812306
0.9342474
0.9426278
0.19272968
0.05009129
0.023060596
0.019626211
0.027171513
0.93969434
0.9753956
0.9769381
0.960816
0.057448145
0.018911073
0.017736116
0.032590237
0.11604607
0.8804279
0.06985965
0.05656547
0.062058773
0.21878427
0.2837808
0.24092568
0.6654249
0.77478945
0.3470601
0.59063053
0.15326783
0.15009667
0.18104151
0.14405464
0.2199094
0.17940074
0.2530943
0.2384514
0.16672085
0.16092436
0.24799035
0.80231696
0.71558803
0.76927453
0.8818807
0.8627206
0.6605863
0.6230525
0.089292854
0.09332329
0.12033639
0.13587572
0.14645962
0.45290053
0.47565773
0.6734146
0.39019498
0.33706582
0.4462893
0.5578815
0.85484093
0.87498903
0.81255513
0.24963646
0.1719079
0.15143655
0.16588016
0.17430365
0.16883919
0.14990042
0.17759508
0.221107
0.13257237
0.09727111
0.11216671
0.095301315
0.12357437
0.68424565
0.8843874
0.90813917
0.49988282
0.8905396
0.91767603
0.18875523
0.057685405
0.03967091
0.041675527
0.06730069
0.047948655
0.026177654
0.021983908
0.021804957
0.031665318
0.6851934
0.9254651
0.90894276
0.9765346
0.97841156
0.9323225
0.91961104
0.93385893
0.037562486
0.020820366
0.01769031
0.017259894
0.02120464
0.02905658
0.0576375
0.073334284
0.07599406
0.09784759
0.8599792
0.79778135
0.18541834
0.7430836
0.7523997
0.772447
0.8631715
0.08372863
0.054960664
0.05339034
0.082184434
0.121787235
0.8550456
0.8843074
0.8536145
0.7204223
0.69827044
0.84342813
0.43312463
0.29287976
0.25290778
0.7954555
0.61360496
0.5996922
0.49489224
0.108444594
0.1375207
0.23476143
0.8996863
0.9207406
0.17020237
0.075087786
0.05758192
0.05010412
0.046221424
0.041820187
0.03823053
0.0432352
0.082542576
0.89864457
0.15001056
0.12480512
0.89548576
0.8163846
0.77296555
0.77883124
0.061583374
0.02729365
0.032247324
0.060546055
0.114368185
0.94142586
0.93892515
0.85476124
0.22302067
0.054917037
0.053745784
0.06630585
0.09288377
0.12295998
0.6939293
0.6886237
0.09390492
0.11385917
0.066829264
0.12948206
0.16918832
0.09578498
0.07339453
0.14602561
0.18194659
0.22996694
0.91284794
0.9151347
0.733995
0.14049888
0.15705042
0.73134595
0.86861044
0.9172481
0.87071145
0.84400314
0.86381894
0.72338575
0.67716485
0.6495998
0.65925115
0.56813985
0.13110183
0.38091695
0.69868946
0.9177934
0.9306953
0.28374332
0.12040999
0.05496367
0.071099125
0.05878134
0.06958426
0.086899295
0.12349062
0.1327743
0.21826799
0.4813892
0.42340636
0.4425507
0.21750136
0.20025535
0.19351618
0.8329704
0.1918452
0.19465087
0.12751463
0.12331114
0.22854656
0.8913249
0.7786935
0.055438124
0.03944101
0.079378225
0.08982464
0.040110525
0.03146635
0.03332143
0.052947275
0.8556131
0.9406569
0.973839
0.9691827
0.8739414
0.92813176
0.033866894
0.01733529
0.012698449
0.012079444
0.012251755
0.021564659
0.9526499
0.9271435
0.97230184
0.9637472
0.9485418
0.043914925
0.02056722
0.015446946
0.016001089
0.021283211
0.06375597
0.9398827
0.9209275
0.7896748
0.7265975
0.059407104
0.031149385
0.030857481
0.04393986
0.061262134
0.06993028
0.102141626
0.18493387
0.92993253
0.8742522
0.71665543
0.13230048
0.08782907
0.07004337
0.071871944
0.1591203
0.69502336
0.21813796
0.12389936
0.16491948
0.638278
0.68312496
0.7975288
0.13652015
0.08618876
0.105686165
0.0822419
0.11670543
0.10479286
0.78466845
0.22238055
0.18467276
0.21263959
0.7200626
0.7494328
0.8500406
0.7688304
0.89463866
0.11590022
0.06112268
0.084688544
0.8056874
0.9180678
0.95387083
0.120683126
0.046749346
0.028981475
0.026535962
0.032621015
0.027384488
0.025640912
0.02719118
0.038319707
0.063060015
0.91754764
0.080592014
0.042027324
0.058653485
0.89327395
0.84471816
0.8802513
0.96611893
0.95617944
0.95153534
0.116537735
0.04363871
0.041032616
0.8706675
0.84413624
0.9337736
0.90943587
0.11362835
0.06419823
0.083221115
0.052776035
0.03973293
0.040537614
0.047921583
0.058320794
0.07581069
0.083467506
0.84882736
0.898083
0.9014081
0.22048014
0.31110018
0.2784128
0.76156896
0.2882105
0.18370284
0.16864696
0.70880693
0.12554193
0.10745021
0.796135
0.8634037
0.886096
0.78202814
0.17899714
0.105698355
0.7568711
0.29744247
0.21756735
0.2576508
0.822859
0.25230348
0.18715537
0.17232051
0.67205095
0.12191933
0.10305435
0.19934334
0.1934474
0.37348697
0.40780395
0.85825723
0.7821719
0.60223824
0.27920374
0.2737921
0.3180106
0.28395662
0.3956811
0.5553801
0.53547937
0.36207244
0.36921778
0.25593942
0.25577277
0.54422855
0.6476022
0.32594115
0.21318229
0.51073307
0.64183897
0.75833845
0.36050493
0.19702047
0.31536517
0.2625978
0.3535117
0.34213322
0.4654005
0.34693903
0.54640794
0.5616917
0.7385601
0.4829288
0.43441194
0.8174472
0.88543636
0.9002889
0.8596011
0.66372037
0.71964973
0.5999836
0.6161457
0.7592497
0.7348566
0.7490459
0.8291417
0.7299394
0.86019146
0.8030762
0.890818
0.7438367
0.8261221
